	C1	C2	C3	C4	C5	Confidence	True Cluster	Predicted Cluster
DLBCL10780	0.2903399	0.24981928	0.26699087	0.17959403	0.013255931	0.2903399	1.0	0
DLBCL11456	0.33996502	0.2387338	0.08576896	0.29981267	0.03571956	0.33996502	1.0	0
DLBCL_RICOVER_1081	0.07936401	0.015099473	0.35001418	0.25171384	0.30380848	0.35001418	4.0	2
DLBCL11466	0.24848548	0.3527838	0.025793267	0.18976143	0.18317603	0.3527838	1.0	1
DLBCL10921	0.24621427	0.19634701	0.034238357	0.15552063	0.36767972	0.36767972	4.0	4
DLBCL10838	0.04246063	0.2711936	0.1039497	0.21263798	0.3697581	0.3697581	4.0	4
DLBCL11204	0.22214597	0.37094817	0.0971472	0.22148944	0.088269226	0.37094817	1.0	1
DLBCL_C_D_1117_NULLPAIR	0.2174849	0.3729037	0.03723137	0.33795947	0.034420565	0.3729037	1.0	1
DLBCL10971	0.37464958	0.23630501	0.020412657	0.20165727	0.16697547	0.37464958	0.0	0
DLBCL_RICOVER_496	0.11595226	0.37841392	0.19636099	0.24022461	0.069048226	0.37841392	1.0	1
DLBCL_RICOVER_120	0.2466224	0.031097293	0.032628883	0.30905315	0.38059828	0.38059828	4.0	4
DLBCL10890	0.38681448	0.07736043	0.023014149	0.19692792	0.31588304	0.38681448	4.0	0
DLBCL11518	0.3917232	0.32308155	0.09592913	0.11175219	0.07751395	0.3917232	2.0	0
DLBCL_LS4593	0.16596344	0.099139936	0.39465693	0.31999996	0.020239713	0.39465693	2.0	2
DLBCL10867	0.05417618	0.39976195	0.16849983	0.15552522	0.22203681	0.39976195	4.0	1
DLBCL10955	0.1515368	0.064273976	0.07268348	0.31009057	0.40141517	0.40141517	3.0	4
DLBCL11467	0.26077598	0.22144544	0.03321524	0.4018899	0.08267345	0.4018899	3.0	3
DLBCL10503	0.1811399	0.40279981	0.16242008	0.20794904	0.045691155	0.40279981	1.0	1
DLBCL10954	0.091987215	0.40343708	0.35635176	0.09576649	0.052457456	0.40343708	1.0	1
DLBCL_RICOVER_780	0.039862957	0.40794408	0.26255435	0.25558764	0.034050982	0.40794408	1.0	1
DLBCL11478	0.344609	0.031269416	0.40877932	0.20198862	0.01335365	0.40877932	0.0	2
DLBCL10510	0.4099544	0.37011936	0.049341094	0.10973237	0.060852777	0.4099544	1.0	0
DLBCL10856	0.061592866	0.09649022	0.21749221	0.20983042	0.4145943	0.4145943	2.0	4
DLBCL10968	0.4152829	0.0105905505	0.03256378	0.3578495	0.18371326	0.4152829	0.0	0
DLBCL_C_D_1140_NULLPAIR	0.17632316	0.05179286	0.4157202	0.16405717	0.19210663	0.4157202	4.0	2
DLBCL11202	0.11882365	0.21696952	0.41970965	0.19644612	0.04805106	0.41970965	0.0	2
DLBCL_RICOVER_506	0.014814044	0.30805033	0.2072078	0.04564182	0.42428598	0.42428598	4.0	4
DLBCL10874	0.031138783	0.14633612	0.09449614	0.29902855	0.42900044	0.42900044	1.0	4
DLBCL10873	0.2366381	0.21391244	0.07820323	0.42908448	0.042161763	0.42908448	1.0	3
DLBCL10902	0.016438184	0.257942	0.12675864	0.1671631	0.43169808	0.43169808	4.0	4
DLBCL_C_D_1118_NULLPAIR	0.4351964	0.37316138	0.074282795	0.0998436	0.01751584	0.4351964	1.0	0
DLBCL11516	0.18221633	0.43873447	0.07521413	0.235599	0.06823605	0.43873447	1.0	1
DLBCL10936	0.43933597	0.060765788	0.039863728	0.18793896	0.27209556	0.43933597	2.0	0
DLBCL_RICOVER_1045	0.44066262	0.027507115	0.08018736	0.37331364	0.07832927	0.44066262	3.0	0
DLBCL10565	0.31491905	0.031092282	0.44145507	0.18108639	0.03144718	0.44145507	3.0	2
DLBCL10846	0.4418048	0.34777552	0.018906377	0.11420566	0.07730766	0.4418048	1.0	0
DLBCL_LS762	0.02353088	0.285802	0.083396375	0.1640509	0.44321984	0.44321984	2.0	4
DLBCL_LS4619	0.024598088	0.0704654	0.44631076	0.2342027	0.22442305	0.44631076	4.0	2
DLBCL10548	0.4507623	0.12417989	0.025985165	0.28148183	0.11759079	0.4507623	0.0	0
DLBCL_RICOVER_1150	0.26619545	0.20815217	0.031108933	0.4514767	0.043066744	0.4514767	0.0	3
DLBCL_RICOVER_258	0.18755864	0.025448084	0.21292578	0.45258388	0.12148361	0.45258388	2.0	3
DLBCL_LS2328	0.45364264	0.108300075	0.33496505	0.09208364	0.011008609	0.45364264	2.0	0
DLBCL11664	0.24458471	0.1923769	0.4562939	0.08698308	0.019761404	0.4562939	1.0	2
DLBCL_LS4054	0.050868273	0.14204134	0.044734847	0.303375	0.45898053	0.45898053	1.0	4
DLBCL11678	0.085714795	0.039197896	0.46324098	0.38679886	0.025047475	0.46324098	3.0	2
DLBCL11433	0.30700415	0.018709622	0.14054108	0.4642386	0.069506526	0.4642386	3.0	3
DLBCL10934	0.06997223	0.28219223	0.03431276	0.14782853	0.46569425	0.46569425	1.0	4
DFCIDL004_DT	0.3856562	0.014009199	0.027071953	0.106327474	0.46693516	0.46693516	4.0	4
DLBCL11507	0.10345025	0.30211392	0.47130126	0.10278567	0.020348888	0.47130126	1.0	2
DLBCL_LS3820	0.09140269	0.03227094	0.47281843	0.16055426	0.24295367	0.47281843	2.0	2
DLBCL11673	0.046961877	0.39926466	0.47835907	0.058384396	0.017029973	0.47835907	1.0	2
DLBCL10535	0.039236337	0.053947095	0.3972201	0.03049754	0.47909892	0.47909892	4.0	4
DLBCL10488	0.4824434	0.17970239	0.24583608	0.08213978	0.009878361	0.4824434	0.0	0
DLBCL11436	0.081572674	0.48365274	0.032100707	0.3297925	0.07288136	0.48365274	1.0	1
DLBCL10989	0.017298708	0.48427823	0.06787055	0.14728709	0.2832654	0.48427823	1.0	1
DLBCL10969	0.29859987	0.04555971	0.10691405	0.063557036	0.48536932	0.48536932	0.0	4
DLBCL11683	0.10150092	0.01682586	0.48617184	0.35909513	0.036406275	0.48617184	2.0	2
DLBCL_C_D_1149_NULLPAIR	0.16371997	0.48710722	0.028989712	0.24831434	0.07186878	0.48710722	1.0	1
DLBCL10869	0.48788655	0.04123932	0.058901187	0.23018958	0.18178338	0.48788655	0.0	0
DLBCL10512	0.02806498	0.090606436	0.4889402	0.27670768	0.1156807	0.4889402	2.0	2
DLBCL_LS1921	0.05098169	0.30317685	0.13586254	0.48930213	0.020676801	0.48930213	1.0	3
DLBCL10491	0.04321098	0.18185954	0.26680833	0.48997557	0.018145582	0.48997557	3.0	3
DLBCL10962	0.046758164	0.37939328	0.49287045	0.043122817	0.037855297	0.49287045	1.0	2
DLBCL11439	0.49315396	0.020677904	0.30902275	0.16135067	0.015794722	0.49315396	2.0	0
DLBCL11488	0.30790555	0.012155058	0.02796252	0.1546747	0.49730217	0.49730217	0.0	4
DLBCL11431	0.03799565	0.04128276	0.28534004	0.49937114	0.1360104	0.49937114	4.0	3
DLBCL10995	0.026557408	0.07346189	0.50020045	0.31980646	0.07997378	0.50020045	2.0	2
DLBCL10536	0.039554186	0.05493188	0.3769028	0.5003244	0.028286712	0.5003244	2.0	3
DLBCL_RICOVER_866	0.038893025	0.024414252	0.4133491	0.5020159	0.021327715	0.5020159	2.0	3
DLBCL_RICOVER_1283	0.04700681	0.021190325	0.5049908	0.399942	0.026870014	0.5049908	2.0	2
DLBCL_LS2245	0.08854133	0.2530464	0.50564724	0.11556115	0.037203893	0.50564724	1.0	2
DLBC_FF_A7CX_TP_NB	0.1502476	0.030635083	0.16363692	0.50752324	0.14795715	0.50752324	4.0	3
DLBCL10980	0.013678708	0.3016486	0.06300535	0.10972215	0.5119452	0.5119452	4.0	4
DLBCL_LS1668	0.04372825	0.13308802	0.24268879	0.5150609	0.06543402	0.5150609	1.0	3
DLBCL_RICOVER_1269	0.020441465	0.12411499	0.18313742	0.15279718	0.51950896	0.51950896	2.0	4
DLBCL11472	0.5199855	0.013172675	0.056672025	0.2847189	0.12545091	0.5199855	0.0	0
DLBCL10454	0.064154744	0.52258426	0.03199907	0.030266946	0.350995	0.52258426	4.0	1
DLBCL_C_D_1105_NULLPAIR	0.5229429	0.31089887	0.05796907	0.08713172	0.021057468	0.5229429	1.0	0
DLBCL10450	0.5230955	0.05493635	0.05479341	0.29087737	0.076297365	0.5230955	0.0	0
DLBCL11501	0.5242421	0.28025255	0.08488326	0.06974725	0.04087484	0.5242421	0.0	0
DLBCL10487	0.17121059	0.5258362	0.13528337	0.14927268	0.018397165	0.5258362	1.0	1
DLBCL10517	0.012080252	0.24351382	0.52589643	0.1660559	0.052453574	0.52589643	1.0	2
DLBCL11430	0.5267154	0.016207244	0.11058734	0.32296523	0.023524769	0.5267154	0.0	0
DLBCL11242	0.09371654	0.03390726	0.046683546	0.53154874	0.29414392	0.53154874	4.0	3
DLBCL_DFCI_DLBCL_GOE07	0.067772925	0.5325399	0.06499878	0.26180947	0.07287891	0.5325399	1.0	1
DLBCL10876	0.016834527	0.039661683	0.13626342	0.27351144	0.53372896	0.53372896	4.0	4
DLBCL11576	0.04202042	0.16152804	0.22045444	0.5343048	0.041692287	0.5343048	3.0	3
DLBCL_RICOVER_1106	0.027841099	0.10889754	0.05633592	0.53507626	0.27184922	0.53507626	4.0	3
DLBCL_RICOVER_1278	0.09887628	0.04423047	0.044322252	0.5392239	0.2733471	0.5392239	4.0	3
DLBCL11483	0.54018986	0.21807204	0.020509725	0.19327053	0.027957844	0.54018986	1.0	0
DLBCL10833	0.34027404	0.022512097	0.019508526	0.07676772	0.5409376	0.5409376	4.0	4
DLBCL11657	0.14855397	0.074578874	0.20694305	0.5424862	0.027437937	0.5424862	3.0	3
DLBCL10879	0.0588138	0.026926652	0.28682768	0.5434955	0.08393642	0.5434955	2.0	3
DLBCL_RICOVER_467	0.013399552	0.5449845	0.054702807	0.017231679	0.36968142	0.5449845	1.0	1
DLBCL_RICOVER_320	0.5455571	0.050262485	0.1373743	0.23782104	0.028985104	0.5455571	2.0	0
DLBCL_RICOVER_1287	0.15367596	0.17735061	0.052895993	0.0702918	0.5457856	0.5457856	4.0	4
DLBCL_RICOVER_473	0.5468061	0.2895443	0.032539375	0.07387945	0.05723075	0.5468061	0.0	0
DLBCL10907	0.26673573	0.098879285	0.021777716	0.061022658	0.5515846	0.5515846	1.0	4
DLBCL10904	0.061401255	0.13291782	0.06491796	0.18906339	0.5516996	0.5516996	4.0	4
DLBCL10851	0.05619594	0.55201364	0.03052652	0.06379339	0.2974705	0.55201364	1.0	1
DLBCL_LS2367	0.24257742	0.05383005	0.11047347	0.55294865	0.04017038	0.55294865	0.0	3
DLBCL10453	0.041317455	0.22661611	0.053557053	0.5549493	0.1235601	0.5549493	1.0	3
DLBCL_C_D_1148_NULLPAIR	0.23455422	0.015819151	0.15990663	0.5649242	0.024795841	0.5649242	0.0	3
DLBCL11513	0.0426674	0.029624421	0.10049494	0.2556143	0.57159895	0.57159895	4.0	4
DLBCL11574	0.0817176	0.053818803	0.20407382	0.57626206	0.08412771	0.57626206	2.0	3
DLBCL_RICOVER_478	0.15628125	0.19344318	0.043492652	0.027544111	0.5792388	0.5792388	1.0	4
DLBCL_BWH_DLBCL64	0.24056834	0.09183367	0.06713658	0.58330053	0.017160896	0.58330053	3.0	3
DLBCL10956	0.5841581	0.27179763	0.019335283	0.058377232	0.066331714	0.5841581	1.0	0
DLBCL11441	0.17119114	0.015692772	0.029549792	0.5872766	0.19628969	0.5872766	2.0	3
DLBCL10509	0.19320266	0.5894131	0.043169778	0.12926504	0.044949412	0.5894131	0.0	1
DLBCL10916	0.0682405	0.11263892	0.030814653	0.1944077	0.59389824	0.59389824	4.0	4
DLBCL10891	0.063174374	0.015137695	0.065168776	0.59489495	0.26162425	0.59489495	4.0	3
DLBCL10541	0.23566097	0.59602106	0.01679869	0.097565755	0.053953517	0.59602106	1.0	1
DLBCL10532	0.16515307	0.012408973	0.06833339	0.59764385	0.1564607	0.59764385	4.0	3
DLBCL_RICOVER_1204	0.017766338	0.05296292	0.5994829	0.23324496	0.09654292	0.5994829	4.0	2
DLBCL10460	0.029117143	0.31197006	0.5996203	0.026476186	0.032816324	0.5996203	1.0	2
DLBCL_LS155	0.080860525	0.019098006	0.23735693	0.6013155	0.06136904	0.6013155	2.0	3
DLBCL_C_D_1126_NULLPAIR	0.20424087	0.60343903	0.023832845	0.11045626	0.05803099	0.60343903	1.0	1
DLBC_FF_8046_TP_NB	0.02986971	0.045393888	0.1735508	0.6056457	0.14553986	0.6056457	2.0	3
DLBCL10472	0.04750068	0.029836021	0.6061258	0.29577225	0.020765288	0.6061258	2.0	2
DLBCL_C_D_1112_NULLPAIR	0.01909455	0.06693359	0.61103845	0.20033087	0.10260255	0.61103845	2.0	2
DLBCL11449	0.054716643	0.6119639	0.037543934	0.027673718	0.26810178	0.6119639	1.0	1
DLBCL10885	0.16571759	0.6123265	0.016981522	0.08968572	0.11528868	0.6123265	1.0	1
DLBCL10894	0.6157223	0.18215314	0.02535891	0.13939014	0.03737555	0.6157223	0.0	0
DLBCL_C_D_PAIR13	0.617372	0.2168953	0.018666914	0.040452547	0.10661324	0.617372	4.0	0
DLBCL11590	0.21283264	0.0193751	0.119253404	0.62110776	0.027431093	0.62110776	2.0	3
DLBCL_RICOVER_850	0.061007556	0.050874036	0.043752283	0.22137097	0.62299514	0.62299514	4.0	4
DLBCL11679	0.22323704	0.6240546	0.034862578	0.071763836	0.046081964	0.6240546	1.0	1
DLBCL11435	0.6259091	0.01022764	0.042998888	0.2655381	0.055326294	0.6259091	0.0	0
DLBCL11536	0.08147713	0.1468018	0.041778784	0.6280729	0.10186937	0.6280729	3.0	3
DLBCL11581	0.15696111	0.022428125	0.0929811	0.62876904	0.098860644	0.62876904	4.0	3
DLBCL_LS3499	0.27791095	0.02641044	0.038086377	0.629244	0.028348196	0.629244	3.0	3
DLBCL_MC_F064AB	0.1175465	0.011570681	0.16950925	0.6295794	0.071794175	0.6295794	2.0	3
DLBCL_RICOVER_787	0.17943749	0.6372952	0.04740697	0.11921066	0.016649697	0.6372952	1.0	1
DLBCL_LS951	0.64084154	0.024016218	0.030242039	0.24252859	0.062371626	0.64084154	0.0	0
DLBCL_LS1395	0.03232925	0.2545747	0.64118356	0.04866246	0.023250045	0.64118356	2.0	2
DLBCL_RICOVER_338	0.2562063	0.030050736	0.042925633	0.64145446	0.029362848	0.64145446	0.0	3
DLBCL_RICOVER_1018	0.17591156	0.10537239	0.03017454	0.64342296	0.045118567	0.64342296	3.0	3
DLBCL10906	0.04226141	0.64428616	0.015984172	0.043969736	0.25349855	0.64428616	1.0	1
DLBCL10909	0.6446339	0.012668339	0.027345505	0.18714981	0.12820244	0.6446339	4.0	0
DLBCL_RICOVER_151	0.095213585	0.15999463	0.03815663	0.6484161	0.05821907	0.6484161	3.0	3
DLBCL_RICOVER_440	0.048767503	0.65386724	0.25972974	0.015344653	0.022290867	0.65386724	2.0	1
DLBCL_RICOVER_956	0.034239892	0.043630335	0.033222906	0.23293911	0.6559678	0.6559678	4.0	4
DLBCL_MC_F218_RAP	0.22457463	0.029857848	0.06607221	0.65714014	0.022355184	0.65714014	3.0	3
DLBCL11525	0.657592	0.0154008875	0.23804514	0.076218344	0.012743636	0.657592	2.0	0
DLBCL10464	0.23592785	0.017997993	0.6580233	0.077525474	0.010525382	0.6580233	2.0	2
DLBCL10877	0.09542425	0.65873885	0.09542463	0.0415143	0.108898	0.65873885	0.0	1
DLBCL11491	0.17724542	0.015199046	0.09872781	0.6590931	0.04973463	0.6590931	3.0	3
DLBCL_LS1683	0.043455195	0.65912765	0.09395059	0.05218366	0.15128292	0.65912765	1.0	1
DLBCL_RICOVER_950	0.045471128	0.017516393	0.22900559	0.6602605	0.047746398	0.6602605	3.0	3
DLBCL_RICOVER_720	0.020055883	0.17639005	0.08976833	0.052673947	0.6611118	0.6611118	4.0	4
DLBCL_MC_F606_DMJ	0.06892579	0.21695372	0.661249	0.035654876	0.017216645	0.661249	2.0	2
DLBCL10863	0.12989213	0.012135399	0.0429732	0.66325784	0.15174143	0.66325784	3.0	3
DLBCL11528	0.046997894	0.047512483	0.21916519	0.6644218	0.021902628	0.6644218	2.0	3
DLBCL10985	0.0586927	0.17100206	0.03864508	0.668263	0.063397154	0.668263	1.0	3
DLBCL11448	0.059742555	0.049216162	0.11403155	0.67067283	0.1063369	0.67067283	3.0	3
DLBCL10961	0.03983408	0.083566956	0.030057065	0.17481539	0.6717265	0.6717265	4.0	4
DLBCL11194	0.04259795	0.016709847	0.028855735	0.23933405	0.6725024	0.6725024	4.0	4
DLBCL11469	0.016437087	0.060042534	0.67291474	0.049553934	0.20105168	0.67291474	2.0	2
DLBCL_C_D_1144_NULLPAIR	0.027650371	0.028820345	0.030478833	0.23710811	0.67594236	0.67594236	4.0	4
DLBCL11429	0.6775913	0.024373451	0.020356879	0.22987229	0.047806073	0.6775913	0.0	0
DLBCL10919	0.22823629	0.021149838	0.04324777	0.6775932	0.029772952	0.6775932	3.0	3
DLBCL11471	0.6801182	0.15292692	0.031576566	0.07154765	0.063830644	0.6801182	3.0	0
DLBCL11480	0.13538371	0.06591708	0.055198103	0.062338196	0.6811629	0.6811629	0.0	4
DLBCL10451	0.23554787	0.022292169	0.68270326	0.05014324	0.009313491	0.68270326	0.0	2
DLBCL10461	0.02074937	0.6860714	0.050142445	0.06255864	0.18047817	0.6860714	1.0	1
DLBCL_C_D_1153_NULLPAIR	0.051299077	0.038301	0.02862796	0.68818915	0.19358282	0.68818915	3.0	3
DLBCL10552	0.18262595	0.023799675	0.0848424	0.6891217	0.019610263	0.6891217	3.0	3
DLBCL10514	0.051301736	0.042481355	0.6917502	0.20365368	0.010812977	0.6917502	2.0	2
DLBCL10981	0.06364966	0.69218975	0.07640299	0.11904629	0.04871128	0.69218975	1.0	1
DLBCL_RICOVER_1046	0.011904266	0.69394064	0.16713865	0.067957625	0.059058826	0.69394064	1.0	1
DLBCL11675	0.05612385	0.010300317	0.69540834	0.10910529	0.1290622	0.69540834	2.0	2
DLBCL_C_D_1109_NULLPAIR	0.21755464	0.016501095	0.02899237	0.7006039	0.036347967	0.7006039	3.0	3
DLBCL10986	0.70514613	0.024063174	0.038037162	0.21658805	0.016165452	0.70514613	0.0	0
DLBCL_RICOVER_216	0.030662982	0.020696502	0.16885506	0.07355199	0.7062335	0.7062335	2.0	4
DLBCL_RICOVER_111	0.10045171	0.03744907	0.70633656	0.053910393	0.10185227	0.70633656	4.0	2
DLBCL10871	0.08638785	0.12801176	0.033261277	0.042267915	0.7100712	0.7100712	1.0	4
DLBCL_RICOVER_401	0.06096616	0.17546524	0.71551883	0.036777064	0.0112726865	0.71551883	1.0	2
DLBCL10523	0.102793	0.016628781	0.71557415	0.15416548	0.010838615	0.71557415	2.0	2
DLBCL11651	0.037208173	0.017659703	0.7171364	0.071074076	0.15692165	0.7171364	2.0	2
DLBCL_RICOVER_1032	0.037177183	0.19745477	0.014068041	0.03361455	0.71768546	0.71768546	4.0	4
DLBCL_MC_F739_AMA3	0.014915114	0.71919227	0.2005933	0.03779806	0.027501274	0.71919227	1.0	1
DLBCL10999	0.027046174	0.026253652	0.077090874	0.7208971	0.14871223	0.7208971	4.0	3
DLBCL_RICOVER_1165	0.05405913	0.053587407	0.14407444	0.7233848	0.0248942	0.7233848	1.0	3
DLBCL11519	0.72355634	0.035588246	0.03409944	0.19539438	0.011361587	0.72355634	0.0	0
DLBCL_LS2590	0.0365833	0.016611474	0.054943524	0.7238669	0.16799484	0.7238669	3.0	3
DLBCL11473	0.7242249	0.0531621	0.043406345	0.120638326	0.0585683	0.7242249	0.0	0
DLBCL10908	0.038195595	0.023579897	0.17757517	0.03631961	0.7243297	0.7243297	4.0	4
DLBCL_LS3200	0.051774506	0.16559231	0.013702467	0.042130064	0.7268006	0.7268006	4.0	4
DLBCL10898	0.04824279	0.15656906	0.017913649	0.048932575	0.72834194	0.72834194	4.0	4
DLBCL10964	0.037730925	0.059134148	0.02009669	0.15380612	0.72923213	0.72923213	4.0	4
DLBCL10984	0.025722187	0.16019718	0.026318343	0.05809918	0.72966313	0.72966313	4.0	4
DLBCL10888	0.050772328	0.011274425	0.044184383	0.16250156	0.7312673	0.7312673	4.0	4
DLBCL11432	0.7316727	0.0075425142	0.06242099	0.15981144	0.03855238	0.7316727	0.0	0
DLBCL_RICOVER_910	0.14642128	0.04154209	0.045995306	0.73327094	0.032770384	0.73327094	0.0	3
DLBCL_RICOVER_617	0.062388252	0.03654042	0.14632237	0.734588	0.020160949	0.734588	3.0	3
DLBCL10521	0.036804646	0.19984397	0.011534935	0.016365366	0.7354511	0.7354511	4.0	4
DLBCL_RICOVER_522	0.0857054	0.022357019	0.13068616	0.73598814	0.025263295	0.73598814	2.0	3
DLBC_FF_8062_TP_NB	0.054325387	0.014732894	0.069149636	0.73738545	0.12440663	0.73738545	3.0	3
DLBCL10915	0.058566228	0.05960667	0.04228591	0.7428351	0.09670611	0.7428351	4.0	3
DFCIDL008_DT	0.04506466	0.11837849	0.064655945	0.027798455	0.7441025	0.7441025	4.0	4
DLBCL_RICOVER_1329	0.06832629	0.13387936	0.020133544	0.03292581	0.744735	0.744735	4.0	4
DLBCL10564	0.03817506	0.057862595	0.1165279	0.747501	0.039933432	0.747501	3.0	3
DLBCL11541	0.028834213	0.037508126	0.7478228	0.17118011	0.014654702	0.7478228	2.0	2
DLBCL_RICOVER_274	0.059166484	0.07998748	0.038194593	0.7482596	0.07439184	0.7482596	3.0	3
DLBCL_RICOVER_711	0.13983965	0.049148384	0.034965213	0.74928784	0.0267589	0.74928784	3.0	3
DLBCL10466	0.016995378	0.11210015	0.7495438	0.08593997	0.035420712	0.7495438	2.0	2
DLBCL10544	0.036611117	0.014661538	0.041349176	0.7506008	0.15677735	0.7506008	3.0	3
DLBCL_RICOVER_134	0.031079596	0.120506644	0.023696605	0.0738752	0.750842	0.750842	4.0	4
DLBCL10901	0.017787565	0.0976841	0.042688746	0.089307554	0.752532	0.752532	4.0	4
DLBCL11535	0.10120625	0.031304218	0.02711537	0.7536257	0.08674848	0.7536257	3.0	3
DLBCL_C_D_1103_NULLPAIR	0.04338513	0.030737814	0.1514831	0.75547135	0.018922625	0.75547135	3.0	3
DLBCL11474	0.14248282	0.019600429	0.05950563	0.75603735	0.022373784	0.75603735	0.0	3
DLBCL_C_D_1106_NULLPAIR	0.14314733	0.7565474	0.015915927	0.03419871	0.05019063	0.7565474	1.0	1
DLBCL11681	0.13154681	0.01758394	0.7597058	0.052545108	0.038618386	0.7597058	0.0	2
DFCIDL009_DT	0.02173409	0.17091924	0.7603703	0.033646736	0.013329625	0.7603703	2.0	2
DLBCL_LS3204	0.09765202	0.7625314	0.04616209	0.08019807	0.013456413	0.7625314	1.0	1
DLBCL_RICOVER_335	0.053335875	0.76289636	0.025528632	0.13223788	0.02600123	0.76289636	1.0	1
DLBCL10837	0.042794436	0.05456111	0.023668883	0.11607628	0.7628993	0.7628993	4.0	4
DLBCL10899	0.14239748	0.036917	0.009215078	0.04744159	0.76402885	0.76402885	4.0	4
DFCIDL010_DT	0.7651237	0.017285949	0.060475897	0.14806397	0.009050487	0.7651237	0.0	0
DLBCL10918	0.7652671	0.010988802	0.0146502955	0.060153134	0.1489407	0.7652671	0.0	0
DLBCL_MC_F815_BAT	0.021844892	0.039129738	0.7663834	0.1486902	0.023951758	0.7663834	2.0	2
DLBCL_MC_F500_ECU	0.034174874	0.7750906	0.1470502	0.025813904	0.017870452	0.7750906	1.0	1
DLBCL10883	0.1392291	0.011844221	0.028665578	0.042370938	0.77789015	0.77789015	4.0	4
DLBCL10835	0.013427238	0.084403284	0.029200576	0.09502448	0.77794445	0.77794445	4.0	4
DLBCL10553	0.039240137	0.02154794	0.1326231	0.77888566	0.027703159	0.77888566	3.0	3
DLBCL10987	0.77919316	0.031595018	0.030471448	0.02717651	0.13156389	0.77919316	4.0	0
DLBCL11527	0.114914514	0.016523656	0.044694584	0.7794553	0.04441197	0.7794553	3.0	3
DLBCL11661	0.024207074	0.7806713	0.107638806	0.06825018	0.019232646	0.7806713	1.0	1
DLBCL11510	0.033382718	0.039080787	0.7808184	0.10507146	0.04164664	0.7808184	4.0	2
DLBCL_DFCI_DLBCL_GOE05	0.0075558005	0.13285203	0.047161736	0.031572316	0.7808581	0.7808581	1.0	4
DLBCL_RICOVER_978	0.782298	0.032768954	0.086336546	0.081760004	0.016836492	0.782298	2.0	0
DLBCL_LS2154	0.07214003	0.015091298	0.09269199	0.78275263	0.03732403	0.78275263	0.0	3
DLBCL11437	0.043567386	0.010990688	0.08141441	0.78326505	0.080762476	0.78326505	3.0	3
DLBCL10959	0.78394073	0.05263826	0.012597108	0.12317888	0.027645044	0.78394073	0.0	0
DLBCL10889	0.020133365	0.017663073	0.03545631	0.142644	0.7841033	0.7841033	4.0	4
DLBCL10974	0.0708619	0.045338355	0.051083565	0.78537124	0.047344934	0.78537124	3.0	3
DLBC_FF_8043_TP_NB	0.04372845	0.7865451	0.039937485	0.10956411	0.020224877	0.7865451	1.0	1
DLBCL11481	0.7875975	0.013194758	0.023017192	0.15914178	0.017048776	0.7875975	0.0	0
DLBCL11526	0.08129388	0.016649893	0.7882248	0.105033755	0.008797684	0.7882248	2.0	2
DLBCL_RICOVER_1210	0.018706013	0.78854364	0.114360504	0.058868174	0.019521657	0.78854364	1.0	1
DLBCL10947	0.036484428	0.78967553	0.11007885	0.017346889	0.046414275	0.78967553	1.0	1
DLBCL_RICOVER_985	0.037499	0.01706901	0.11931992	0.79119873	0.034913324	0.79119873	3.0	3
DLBCL11495	0.034624483	0.011865225	0.022296775	0.139176	0.79203755	0.79203755	4.0	4
DLBCL_C_D_1113_NULLPAIR	0.059344802	0.024248723	0.793011	0.114863	0.008532475	0.793011	2.0	2
DLBCL11208	0.077438645	0.04372645	0.0345727	0.79325	0.051012214	0.79325	1.0	3
DLBCL11534	0.024366872	0.023210818	0.05064359	0.10809647	0.7936823	0.7936823	2.0	4
DLBCL10501	0.012827087	0.12552083	0.7948702	0.045316882	0.021465018	0.7948702	2.0	2
DLBCL_MAYO_DLBCL_3653	0.7967089	0.008713785	0.036958653	0.06779484	0.08982384	0.7967089	0.0	0
DLBCL10868	0.06748715	0.020828178	0.024855558	0.7997234	0.087105736	0.7997234	3.0	3
DLBCL10967	0.015119687	0.017957805	0.11408773	0.053073324	0.7997615	0.7997615	4.0	4
DLBCL_RICOVER_408	0.021665959	0.8029251	0.09309349	0.04181484	0.04050058	0.8029251	2.0	1
DLBCL10858	0.033989	0.012013486	0.021472234	0.12910433	0.80342096	0.80342096	3.0	4
DLBCL_RICOVER_1190	0.097247146	0.03507928	0.031305935	0.03190939	0.80445826	0.80445826	4.0	4
DLBCL10854	0.07474856	0.036241677	0.01716113	0.06611727	0.80573136	0.80573136	4.0	4
DLBCL10490	0.8070573	0.025332354	0.018405657	0.052149665	0.097055025	0.8070573	0.0	0
DLBCL11476	0.05791212	0.053902283	0.012800273	0.06700589	0.8083794	0.8083794	4.0	4
DLBCL11446	0.053775914	0.03180275	0.050558385	0.81047803	0.0533849	0.81047803	1.0	3
DLBCL11454	0.81065047	0.02807677	0.014029383	0.13133511	0.015908288	0.81065047	0.0	0
DLBCL10887	0.013875918	0.018313514	0.08786684	0.06800472	0.811939	0.811939	4.0	4
DLBCL_LS4592	0.011519157	0.018965026	0.813007	0.07689879	0.07961005	0.813007	2.0	2
DLBCL11591	0.013490764	0.81433743	0.1272072	0.027039133	0.017925443	0.81433743	1.0	1
DLBCL11468	0.036197774	0.034066148	0.08711002	0.81455153	0.028074527	0.81455153	2.0	3
DLBCL11464	0.09185308	0.015341764	0.02525799	0.81526726	0.05227992	0.81526726	3.0	3
DLBCL11669	0.03483585	0.023448769	0.81729805	0.11642595	0.007991372	0.81729805	2.0	2
DLBCL_C_D_1129_NULLPAIR	0.81925344	0.011742862	0.034816124	0.05253081	0.081656754	0.81925344	0.0	0
DLBCL10930	0.10169109	0.018750016	0.029095018	0.028625604	0.82183826	0.82183826	4.0	4
DLBCL11672	0.07741477	0.017463943	0.8235643	0.041657917	0.039899092	0.8235643	2.0	2
DLBCL_RICOVER_299	0.0127291875	0.824803	0.11462374	0.025002528	0.02284155	0.824803	1.0	1
DLBCL10859	0.018451279	0.82723534	0.061885674	0.027385814	0.065041885	0.82723534	1.0	1
DLBCL10782	0.07492322	0.02700962	0.0501989	0.8274179	0.02045034	0.8274179	3.0	3
DLBCL_LS1304	0.017002668	0.03400249	0.09818207	0.023099324	0.82771343	0.82771343	2.0	4
DLBCL_RICOVER_575	0.05112504	0.023536894	0.08011605	0.8282365	0.016985489	0.8282365	3.0	3
DLBCL10950	0.8283123	0.040636104	0.022272233	0.082587436	0.026191939	0.8283123	0.0	0
DLBCL10993	0.8285558	0.006825568	0.02427901	0.08610349	0.054236095	0.8285558	0.0	0
DLBCL_MC_F210_GWC	0.046507053	0.02339304	0.03175329	0.828715	0.0696316	0.828715	1.0	3
DLBCL10970	0.02826858	0.044401474	0.069295496	0.82915837	0.028876109	0.82915837	3.0	3
DLBCL11002	0.07883208	0.02174331	0.052948613	0.8298364	0.016639573	0.8298364	3.0	3
DLBCL_RICOVER_1289	0.029858667	0.010312063	0.025715461	0.10248176	0.8316321	0.8316321	4.0	4
DLBCL11455	0.057532407	0.013825075	0.06538271	0.83204293	0.031216877	0.83204293	3.0	3
DLBCL11533	0.8320757	0.05715969	0.032867376	0.061808567	0.016088676	0.8320757	1.0	0
DLBCL_LS3809	0.83365643	0.011751603	0.029194172	0.06891573	0.056482065	0.83365643	0.0	0
DLBCL10456	0.0303022	0.020550665	0.063121855	0.8349543	0.05107094	0.8349543	3.0	3
DLBCL10527	0.026212493	0.019307321	0.05301418	0.835227	0.06623896	0.835227	3.0	3
DLBCL10844	0.8357833	0.01731337	0.012927216	0.035647362	0.09832874	0.8357833	0.0	0
DLBCL10857	0.83614486	0.026988927	0.0103029255	0.034217082	0.09234619	0.83614486	4.0	0
DLBCL11458	0.03645057	0.06095917	0.8371096	0.055318084	0.010162553	0.8371096	2.0	2
DLBCL10865	0.03809249	0.076574914	0.014939815	0.030299013	0.8400938	0.8400938	4.0	4
DLBCL_RICOVER_1061	0.0683851	0.012489165	0.057989635	0.84109974	0.02003635	0.84109974	3.0	3
DLBCL10910	0.053105693	0.026178915	0.84134847	0.06261098	0.01675593	0.84134847	2.0	2
DLBCL10539	0.05071854	0.0267155	0.034300666	0.8424556	0.045809694	0.8424556	3.0	3
DLBCL11671	0.842751	0.009978326	0.059380397	0.07707699	0.010813293	0.842751	0.0	0
DLBCL_C_D_1152_NULLPAIR	0.013945825	0.8427658	0.090145215	0.022382766	0.03076039	0.8427658	1.0	1
DLBCL_MC_F496DMP	0.8430551	0.022340717	0.06847899	0.05740301	0.008722159	0.8430551	1.0	0
DLBCL_LS2208	0.011823186	0.03771453	0.036986936	0.0692066	0.84426874	0.84426874	4.0	4
DLBCL_C_D_1115_NULLPAIR	0.059189264	0.025422618	0.030389285	0.84571004	0.039288804	0.84571004	3.0	3
DLBCL_LS2599	0.025192738	0.028396957	0.8483615	0.09041527	0.0076335245	0.8483615	2.0	2
DLBCL10878	0.05704964	0.013182686	0.0260342	0.055141002	0.84859246	0.84859246	4.0	4
DLBCL_RICOVER_829	0.84896225	0.019656686	0.01616013	0.063168935	0.052052002	0.84896225	0.0	0
DLBCL10457	0.02062578	0.852549	0.062129367	0.02639161	0.03830423	0.852549	4.0	1
DLBCL10860	0.021702792	0.01179434	0.07707569	0.035618067	0.8538091	0.8538091	4.0	4
DLBCL_RICOVER_945	0.8569904	0.035423025	0.010122588	0.07370046	0.02376356	0.8569904	0.0	0
DLBCL11504	0.8595362	0.019944414	0.0124248685	0.07439463	0.033699907	0.8595362	3.0	0
DLBCL10494	0.017532196	0.8604761	0.049145505	0.054279216	0.018567005	0.8604761	1.0	1
DLBCL10973	0.052022155	0.020499665	0.034301195	0.86114204	0.032034967	0.86114204	3.0	3
DLBCL10852	0.028143644	0.015066183	0.025046842	0.06880929	0.86293405	0.86293405	4.0	4
DLBCL11538	0.040451236	0.011048457	0.05444625	0.8644062	0.029647805	0.8644062	3.0	3
DLBCL_C_D_1138_NULLPAIR	0.026030874	0.86511743	0.04509114	0.03369718	0.030063398	0.86511743	1.0	1
DLBCL11462	0.8669142	0.013584449	0.05602303	0.05110004	0.012378241	0.8669142	0.0	0
DLBCL10463	0.021578558	0.009706133	0.027994921	0.07023254	0.87048787	0.87048787	4.0	4
DLBCL10965	0.045546524	0.012116217	0.03765461	0.87075144	0.033931207	0.87075144	3.0	3
DLBCL_MC_F307_JPS	0.87164193	0.009721968	0.049581982	0.05978233	0.009271763	0.87164193	0.0	0
DLBC_FF_A7CQ_TP_NB	0.042676628	0.015096087	0.011897047	0.05863655	0.8716937	0.8716937	4.0	4
DLBCL11565	0.027552629	0.8734939	0.020497555	0.03551853	0.042937353	0.8734939	1.0	1
DLBCL10932	0.054950003	0.011734206	0.034216575	0.8740425	0.025056724	0.8740425	3.0	3
DLBC_FF_A7CR_TP_NB	0.03828874	0.0076302914	0.021867879	0.058048036	0.87416506	0.87416506	4.0	4
DLBCL11595	0.012951874	0.07313348	0.022351103	0.015917925	0.87564564	0.87564564	4.0	4
DLBCL_C_D_1139_NULLPAIR	0.04892666	0.023389801	0.02811402	0.87607074	0.02349879	0.87607074	3.0	3
DLBCL10978	0.03109586	0.014810127	0.039682403	0.87627196	0.03813965	0.87627196	3.0	3
DLBCL11655	0.051105432	0.010792678	0.026064102	0.87629575	0.035742044	0.87629575	3.0	3
DLBCL10931	0.8779021	0.0050994074	0.026463132	0.062566034	0.027969336	0.8779021	0.0	0
DLBCL_C_D_1157_NULLPAIR	0.048316676	0.014282295	0.87903	0.045600493	0.012770529	0.87903	2.0	2
DLBCL10939	0.033337697	0.013484216	0.032672357	0.87941813	0.041087605	0.87941813	3.0	3
DLBCL11447	0.040962208	0.013115084	0.028819915	0.8797008	0.03740204	0.8797008	3.0	3
DLBCL10927	0.053357236	0.01210813	0.03423331	0.8798055	0.020495841	0.8798055	3.0	3
DLBCL11539	0.88003075	0.008442663	0.022307144	0.0805847	0.008634743	0.88003075	0.0	0
DLBCL_RICOVER_1192	0.05652906	0.013582766	0.019716607	0.030113434	0.8800581	0.8800581	4.0	4
DLBCL_RICOVER_583	0.012530347	0.07845585	0.014198237	0.014128681	0.8806869	0.8806869	1.0	4
DLBCL11658	0.03089251	0.011459335	0.03878475	0.8808154	0.038048014	0.8808154	3.0	3
DLBCL10843	0.88142264	0.011572195	0.010310966	0.07799749	0.01869671	0.88142264	0.0	0
DLBCL10866	0.030653581	0.010633477	0.017410992	0.059415683	0.88188624	0.88188624	4.0	4
DLBCL11558	0.027554633	0.021378793	0.881897	0.06249726	0.0066723595	0.881897	2.0	2
DLBCL11663	0.037620187	0.014550747	0.043283317	0.8838258	0.020719977	0.8838258	0.0	3
DLBCL11512	0.8841644	0.025939712	0.019262401	0.06095915	0.009674367	0.8841644	0.0	0
DLBCL10994	0.8842989	0.021947721	0.008113378	0.031920027	0.053719927	0.8842989	0.0	0
DLBCL11676	0.8845851	0.0099312095	0.03266635	0.065503106	0.007314274	0.8845851	0.0	0
DLBCL10547	0.03858406	0.016095016	0.032778606	0.8855497	0.026992569	0.8855497	3.0	3
DLBCL11477	0.88614964	0.008822984	0.012585853	0.073263034	0.01917847	0.88614964	0.0	0
DLBCL11479	0.8868693	0.024869034	0.015962915	0.050615482	0.021683276	0.8868693	1.0	0
DLBCL_C_D_1159_NULLPAIR	0.04847953	0.011795283	0.03293344	0.88736504	0.0194267	0.88736504	3.0	3
DLBCL10549	0.025026746	0.033891533	0.8881546	0.04189696	0.011030138	0.8881546	2.0	2
DLBCL10513	0.037432052	0.021725476	0.033566605	0.8882168	0.019059077	0.8882168	3.0	3
DLBCL_C_D_1131_NULLPAIR	0.023191962	0.8883899	0.056618374	0.01071121	0.021088574	0.8883899	1.0	1
DLBCL10469	0.03724527	0.01122119	0.035769586	0.8887269	0.027037056	0.8887269	3.0	3
DLBCL11196	0.034293126	0.011088846	0.030649696	0.8896307	0.034337644	0.8896307	3.0	3
DLBCL11500	0.030701477	0.012410549	0.016489128	0.050298396	0.8901005	0.8901005	4.0	4
DLBCL_LS2325	0.013737464	0.045829732	0.8906947	0.036286283	0.013451851	0.8906947	2.0	2
DLBCL11670	0.009859582	0.015520037	0.8925073	0.054582313	0.027530756	0.8925073	2.0	2
DLBCL_MC_F139_LJF	0.0406673	0.014097427	0.030323384	0.89290816	0.02200375	0.89290816	3.0	3
DLBCL_C_D_1151_NULLPAIR	0.037776154	0.016375614	0.032631394	0.89472944	0.01848739	0.89472944	3.0	3
DLBCL11542	0.018526157	0.034359377	0.89527225	0.044603646	0.007238569	0.89527225	2.0	2
DLBCL10497	0.03573582	0.01072785	0.033973224	0.89562094	0.023942139	0.89562094	3.0	3
DLBCL_RICOVER_361	0.026231382	0.01213127	0.03380923	0.8958148	0.032013312	0.8958148	3.0	3
DLBCL_RICOVER_1235	0.008037988	0.897828	0.06224955	0.018274149	0.0136103295	0.897828	1.0	1
DLBCL10486	0.8987293	0.015228678	0.012185501	0.038084913	0.035771597	0.8987293	0.0	0
DLBCL10483	0.016572898	0.89909947	0.047686305	0.020333286	0.016308045	0.89909947	1.0	1
DLBCL11573	0.01822951	0.023559805	0.89922655	0.04749931	0.011484855	0.89922655	2.0	2
DLBCL_LS2357	0.030984549	0.01183337	0.028409269	0.89982194	0.028950872	0.89982194	3.0	3
DLBCL11459	0.035707947	0.011253111	0.030893587	0.90027094	0.021874398	0.90027094	3.0	3
DLBCL_RICOVER_1263	0.021714654	0.032152034	0.9003049	0.035405695	0.010422696	0.9003049	2.0	2
DLBCL10566	0.009351388	0.021305285	0.014475989	0.05381281	0.9010545	0.9010545	4.0	4
DLBCL11346	0.017411752	0.9011057	0.015806591	0.019705337	0.04597063	0.9011057	1.0	1
DLBCL11564	0.035677023	0.012452807	0.027080402	0.90121865	0.023571126	0.90121865	3.0	3
DLBCL_RICOVER_701	0.03654213	0.01498786	0.027620107	0.9015344	0.019315496	0.9015344	3.0	3
DLBCL11001	0.022856707	0.009101714	0.025419075	0.040196132	0.90242636	0.90242636	4.0	4
DLBCL11515	0.011340664	0.016824057	0.9029308	0.053948395	0.014956094	0.9029308	2.0	2
DLBCL11486	0.90308744	0.006414269	0.016070435	0.032726865	0.04170099	0.90308744	0.0	0
DLBCL_C_D_1156_NULLPAIR	0.90549254	0.010654463	0.019946365	0.057513587	0.0063930517	0.90549254	0.0	0
DLBCL11457	0.90576637	0.006059107	0.014639923	0.045259707	0.028274894	0.90576637	0.0	0
DLBCL11460	0.032788966	0.01235061	0.027987912	0.9074265	0.019446036	0.9074265	3.0	3
DLBCL10935	0.9078951	0.031731926	0.008576003	0.022471229	0.029325744	0.9078951	0.0	0
DLBCL11523	0.01250905	0.015084471	0.023029415	0.041334487	0.90804255	0.90804255	0.0	4
DLBCL_RICOVER_826	0.9094533	0.011988576	0.009291053	0.049400914	0.019866204	0.9094533	0.0	0
DLBCL11496	0.9109752	0.0067563206	0.010824763	0.055094223	0.016349459	0.9109752	0.0	0
DLBCL10555	0.036961503	0.021019565	0.9114348	0.024706759	0.005877361	0.9114348	2.0	2
DLBCL11470	0.9133038	0.0046264823	0.015689112	0.050814364	0.01556624	0.9133038	0.0	0
DLBCL_RICOVER_533	0.036498167	0.9134345	0.022304546	0.01801946	0.009743305	0.9134345	1.0	1
DLBCL_MC_F502_RFK	0.0080453055	0.9134672	0.056871124	0.008081263	0.013535091	0.9134672	1.0	1
DLBCL_LS2089	0.023341212	0.9159054	0.0095573785	0.009447429	0.041748594	0.9159054	1.0	1
DLBCL10900	0.027748358	0.009519574	0.008737563	0.037774175	0.9162203	0.9162203	4.0	4
DLBCL10498	0.015827063	0.015569424	0.91669637	0.046444602	0.0054625566	0.91669637	2.0	2
DLBCL10849	0.02032602	0.91720194	0.009627498	0.009529993	0.04331458	0.91720194	1.0	1
DLBCL_LS146	0.007944445	0.9174387	0.044744704	0.012025943	0.017846221	0.9174387	1.0	1
DLBCL_MC_F362_MJB1	0.010141065	0.037956174	0.91900367	0.01791674	0.014982346	0.91900367	2.0	2
DLBCL10452	0.006925865	0.92499125	0.023369413	0.020477572	0.024235915	0.92499125	1.0	1
DLBCL10482	0.9252348	0.015444344	0.011241898	0.015814567	0.032264415	0.9252348	0.0	0
DLBCL10875	0.9272535	0.006987018	0.013559534	0.043737862	0.008462124	0.9272535	0.0	0
DLBCL_MAYO_DLBCL_5613	0.9275749	0.0054780957	0.01742646	0.034929376	0.0145912105	0.9275749	0.0	0
DLBCL10492	0.92902946	0.008675055	0.006024359	0.034718193	0.021552907	0.92902946	0.0	0
DLBCL11461	0.9294938	0.0061594998	0.016462665	0.042446386	0.00543764	0.9294938	0.0	0
DLBCL10554	0.02824447	0.013055056	0.9296479	0.022841135	0.0062114093	0.9296479	2.0	2
DLBCL10914	0.9301227	0.015867606	0.029821532	0.016754786	0.0074333902	0.9301227	0.0	0
DLBCL11003	0.010795423	0.9303857	0.023782155	0.009392535	0.025644178	0.9303857	1.0	1
DLBCL11206	0.010417422	0.026182914	0.009188073	0.023640709	0.9305709	0.9305709	4.0	4
DLBCL_RICOVER_1060	0.009903479	0.022485286	0.008733133	0.028152592	0.9307255	0.9307255	1.0	4
DLBC_FF_8042_TP_NB	0.009773628	0.014942766	0.016761906	0.02761791	0.9309038	0.9309038	4.0	4
DLBCL11680	0.02460186	0.008743091	0.9315916	0.029306473	0.0057570315	0.9315916	2.0	2
DLBCL11511	0.93188304	0.006184388	0.02382204	0.03256662	0.005543927	0.93188304	0.0	0
DLBCL10983	0.0140238	0.932727	0.017482964	0.012404892	0.023361353	0.932727	1.0	1
DLBCL11004	0.0068645636	0.017083514	0.009591655	0.033238597	0.9332217	0.9332217	4.0	4
DLBCL11353	0.005830581	0.01579914	0.014044415	0.030412454	0.9339134	0.9339134	4.0	4
DLBCL10519	0.013228208	0.9339719	0.021718808	0.022063043	0.009018033	0.9339719	1.0	1
DLBCL10467	0.013202812	0.008706714	0.013308839	0.030519636	0.934262	0.934262	4.0	4
DFCIDL003_DT	0.01668558	0.9344001	0.033861753	0.006833685	0.008218923	0.9344001	1.0	1
DLBCL10485	0.008988764	0.035111524	0.009999638	0.010883218	0.9350169	0.9350169	4.0	4
DLBCL11484	0.009103184	0.935333	0.02085494	0.00824567	0.026463203	0.935333	1.0	1
DLBCL10893	0.0057925587	0.01575067	0.011946064	0.031146336	0.93536437	0.93536437	4.0	4
DLBCL10529	0.00676791	0.02350332	0.0099229785	0.024113322	0.9356925	0.9356925	4.0	4
DLBCL10928	0.936051	0.010477129	0.014822697	0.027033761	0.011615424	0.936051	0.0	0
DLBCL11667	0.020213753	0.010160225	0.93739134	0.026257455	0.005977228	0.93739134	2.0	2
DLBCL10870	0.0061933286	0.010458006	0.017343728	0.025050042	0.9409549	0.9409549	4.0	4
DLBCL_C_D_1128_NULLPAIR	0.9425456	0.007371457	0.006408936	0.03209884	0.011575146	0.9425456	0.0	0
DLBCL11566	0.0104712965	0.015162138	0.9426291	0.026083358	0.005654107	0.9426291	2.0	2
DLBCL10781	0.008513708	0.009422461	0.01578053	0.023238383	0.9430449	0.9430449	4.0	4
DLBCL11509	0.94337696	0.0060225604	0.010437793	0.034144003	0.0060187057	0.94337696	0.0	0
DLBCL10459	0.006971473	0.013076689	0.9450405	0.025785448	0.009125872	0.9450405	2.0	2
DLBCL_RICOVER_469	0.012260768	0.00868488	0.94541234	0.028767709	0.0048743263	0.94541234	2.0	2
DLBCL_RICOVER_678	0.01673358	0.946875	0.007841018	0.013625871	0.014924554	0.946875	1.0	1
DLBCL10853	0.009693403	0.0100094685	0.0101311095	0.022436453	0.9477296	0.9477296	4.0	4
DLBCL_MC_F729_MAN	0.009276108	0.9492793	0.007795394	0.012369955	0.021279233	0.9492793	1.0	1
DLBCL10881	0.012755013	0.0062086517	0.010321797	0.021296158	0.94941837	0.94941837	4.0	4
DLBCL10502	0.010054897	0.9495489	0.026461229	0.0062393304	0.007695633	0.9495489	1.0	1
DLBCL_LS3245	0.00654143	0.9496916	0.027542574	0.00825414	0.00797027	0.9496916	1.0	1
DLBCL10977	0.022012781	0.006718574	0.00941928	0.011699782	0.9501496	0.9501496	4.0	4
DLBCL10465	0.006853502	0.011670371	0.9501933	0.025229435	0.0060534086	0.9501933	2.0	2
DLBCL11440	0.0064580077	0.0075419084	0.013434867	0.021723766	0.9508414	0.9508414	4.0	4
DLBCL10848	0.008541243	0.0060371226	0.013439298	0.020696865	0.9512855	0.9512855	4.0	4
DLBCL10925	0.012470228	0.012774841	0.007994739	0.015041387	0.9517188	0.9517188	4.0	4
DLBCL11659	0.95229477	0.0035230324	0.016800728	0.017952979	0.00942851	0.95229477	0.0	0
DLBCL_LS843	0.006426726	0.00878581	0.95292944	0.024336638	0.0075213783	0.95292944	2.0	2
DLBCL_C_D_1114_NULLPAIR	0.9529468	0.0059444206	0.00488742	0.025494574	0.0107268095	0.9529468	0.0	0
DLBCL_MC_F349_BJJ	0.01218363	0.0067313076	0.9529895	0.022529619	0.0055659167	0.9529895	2.0	2
DLBCL11520	0.95375985	0.0032540404	0.00839095	0.020471955	0.014123177	0.95375985	0.0	0
DLBCL10845	0.005134129	0.95433736	0.012649185	0.012684141	0.015195205	0.95433736	1.0	1
DLBCL11666	0.012996894	0.013690339	0.9550277	0.013532603	0.0047524744	0.9550277	2.0	2
DLBCL_RICOVER_173	0.005575549	0.008889785	0.0075973184	0.022705134	0.9552322	0.9552322	4.0	4
DLBCL11569	0.009258301	0.01774322	0.95533454	0.012785624	0.0048783147	0.95533454	2.0	2
DLBCL10480	0.01546727	0.9553894	0.008537755	0.010179612	0.010425993	0.9553894	1.0	1
DLBCL11195	0.0038146742	0.013212509	0.010493255	0.017060468	0.9554191	0.9554191	4.0	4
DLBCL_RICOVER_314	0.0061950963	0.012886152	0.955651	0.015300118	0.009967631	0.955651	4.0	2
DLBCL_LS4616	0.006651418	0.013828395	0.95640886	0.017125284	0.0059860735	0.95640886	2.0	2
DLBCL_MC_F089_HCZ	0.0041207643	0.9568164	0.021198574	0.0072457655	0.010618535	0.9568164	1.0	1
DLBCL_C_D_1133_NULLPAIR	0.008217201	0.015539056	0.9571564	0.01345974	0.005627591	0.9571564	2.0	2
DLBCL11187	0.0108328145	0.0060580657	0.007871753	0.018067166	0.9571702	0.9571702	4.0	4
DLBCL10897	0.9583564	0.007368367	0.004634686	0.02083632	0.00880426	0.9583564	0.0	0
DLBCL10895	0.0062115015	0.010394577	0.014049168	0.010953224	0.95839155	0.95839155	4.0	4
DLBCL11428	0.011176222	0.011972732	0.9585568	0.011724187	0.0065700784	0.9585568	2.0	2
DLBCL10988	0.007387916	0.9589508	0.010304517	0.011645276	0.011711449	0.9589508	1.0	1
DLBCL10836	0.008962863	0.005797486	0.008718523	0.017246552	0.9592746	0.9592746	4.0	4
DLBCL11434	0.9595629	0.0068969824	0.014437427	0.015332406	0.0037702876	0.9595629	0.0	0
DLBCL_RICOVER_744	0.013730412	0.00803627	0.9596034	0.010499619	0.008130264	0.9596034	2.0	2
DLBC_FF_A7CW_TP_NB	0.0048264954	0.008204297	0.009758132	0.017105246	0.96010584	0.96010584	4.0	4
DLBCL_RICOVER_577	0.007978991	0.008514649	0.9611233	0.01663241	0.0057506836	0.9611233	2.0	2
DLBCL11656	0.008209123	0.0058263117	0.9621599	0.015451313	0.008353387	0.9621599	2.0	2
DLBCL11498	0.01318253	0.9623189	0.007975817	0.0076278853	0.00889485	0.9623189	1.0	1
DLBCL10534	0.008019173	0.005608444	0.0063626682	0.01762724	0.9623825	0.9623825	4.0	4
DLBCL_RICOVER_288	0.016067758	0.962591	0.0073523363	0.007790828	0.006198093	0.962591	1.0	1
DLBCL11000	0.004596907	0.009295507	0.006938104	0.016082047	0.96308744	0.96308744	4.0	4
DLBCL_C_D_1141_NULLPAIR	0.005388675	0.009546759	0.96424204	0.013092887	0.0077296365	0.96424204	2.0	2
DLBCL_RICOVER_449	0.006792022	0.005911858	0.0061273538	0.016364755	0.964804	0.964804	4.0	4
DLBCL_RICOVER_1219	0.004249415	0.0077292765	0.0077133356	0.014857692	0.9654503	0.9654503	4.0	4
DLBCL_C_D_1166_NULLPAIR	0.004877765	0.016261037	0.0042593013	0.00903721	0.96556467	0.96556467	4.0	4
DLBCL_MAYO_DLBCL_234	0.9657648	0.0030320869	0.007285232	0.018862199	0.0050556352	0.9657648	2.0	0
DLBCL_LS297	0.007840366	0.0066690464	0.9659776	0.01580494	0.0037080536	0.9659776	2.0	2
DLBCL11450	0.0044347486	0.009695019	0.0057875155	0.013575409	0.9665073	0.9665073	4.0	4
DLBCL_RICOVER_1299	0.005803414	0.0072471197	0.005478709	0.014828997	0.9666418	0.9666418	4.0	4
DLBCL10530	0.0042463616	0.011953812	0.006628212	0.010138007	0.9670336	0.9670336	4.0	4
DLBCL_RICOVER_451	0.96706843	0.0062918505	0.011861725	0.009110628	0.0056673437	0.96706843	0.0	0
DLBCL_MC_F927_JHS	0.010688174	0.006770018	0.0046847533	0.01048327	0.9673738	0.9673738	4.0	4
DLBCL10972	0.9674001	0.0067079733	0.006797521	0.011374155	0.007720256	0.9674001	0.0	0
DLBCL10922	0.009964642	0.9680834	0.0068650856	0.00750887	0.007578042	0.9680834	1.0	1
DLBCL_C_D_1135_NULLPAIR	0.008716673	0.9682601	0.0077179144	0.008724085	0.006581207	0.9682601	1.0	1
DLBCL10917	0.008077861	0.9684217	0.0067976797	0.006393494	0.01030926	0.9684217	1.0	1
DLBCL10522	0.006465813	0.0076973923	0.9685345	0.010821589	0.006480676	0.9685345	2.0	2
DLBCL_RICOVER_1248	0.0056361402	0.010408403	0.0037838875	0.011503346	0.9686682	0.9686682	4.0	4
DLBCL_RICOVER_948	0.0042751855	0.968707	0.012946258	0.005325666	0.008745838	0.968707	1.0	1
DLBCL10884	0.96892816	0.004482858	0.0048241043	0.016989551	0.0047753393	0.96892816	0.0	0
DLBCL_C_D_1119_NULLPAIR	0.008624841	0.9692849	0.010426246	0.006248991	0.0054150275	0.9692849	1.0	1
DLBCL_MC_F132_MLM	0.970001	0.0041716127	0.0035945075	0.017037885	0.005195011	0.970001	0.0	0
DLBCL10924	0.005513477	0.006954212	0.0038778936	0.01344581	0.9702086	0.9702086	4.0	4
DLBCL10957	0.9711204	0.005263554	0.007610944	0.011885934	0.0041191387	0.9711204	0.0	0
DLBCL_LS3749	0.005858607	0.97115076	0.008638537	0.009687308	0.004664762	0.97115076	1.0	1
DLBCL10542	0.97120404	0.0028926746	0.0070307762	0.0089239925	0.009948521	0.97120404	0.0	0
DLBCL10518	0.005939213	0.0055204425	0.9712651	0.013877575	0.003397705	0.9712651	2.0	2
DLBCL10975	0.9720109	0.0028774284	0.0036245266	0.015319104	0.0061680013	0.9720109	0.0	0
DLBCL_LS1098	0.0063811806	0.0056136874	0.97246945	0.012569538	0.0029661492	0.97246945	2.0	2
DLBCL_RICOVER_221	0.0038975463	0.006035111	0.005443565	0.0119139515	0.97270983	0.97270983	4.0	4
DLBCL_RICOVER_712	0.004464996	0.0074837953	0.00448599	0.010774	0.9727912	0.9727912	4.0	4
DLBCL11652	0.9727916	0.0043179495	0.009395757	0.008520617	0.004974078	0.9727916	0.0	0
DLBCL_C_D_1163_NULLPAIR	0.0052334657	0.0051629087	0.004771254	0.0120058	0.9728266	0.9728266	4.0	4
DLBCL_RICOVER_685	0.0034607018	0.006930183	0.0060220417	0.010576658	0.9730104	0.9730104	4.0	4
DLBCL10997	0.9732137	0.003333873	0.0047154967	0.013974264	0.0047626905	0.9732137	0.0	0
DLBCL11443	0.97344244	0.00232702	0.0053195897	0.013595434	0.005315535	0.97344244	0.0	0
DLBCL11203	0.00550596	0.9738503	0.0058693886	0.007873913	0.0069004055	0.9738503	1.0	1
DLBCL10963	0.0041397875	0.0067899534	0.0050716167	0.0100869015	0.97391176	0.97391176	4.0	4
DLBCL11205	0.97399634	0.003402639	0.010279375	0.00834569	0.003975938	0.97399634	0.0	0
DLBCL_C_D_1108_NULLPAIR	0.006133751	0.97446644	0.004562201	0.005360347	0.009477265	0.97446644	1.0	1
DLBCL_RICOVER_267	0.0045447396	0.005680432	0.97470057	0.009689802	0.005384469	0.97470057	2.0	2
DLBCL_RICOVER_773	0.00368478	0.005894179	0.0073765577	0.007364687	0.9756798	0.9756798	4.0	4
DLBCL11685	0.0033595052	0.00558944	0.97638196	0.0086720325	0.005997051	0.97638196	2.0	2
DLBCL10550	0.0036820075	0.008993088	0.0039364137	0.006011407	0.97737706	0.97737706	4.0	4
DLBCL_LS1757	0.97785187	0.0035566515	0.0065183635	0.008901268	0.003171876	0.97785187	0.0	0
DLBCL10992	0.0037337153	0.004638412	0.00493605	0.008673338	0.97801846	0.97801846	4.0	4
DLBCL_DFCI_DLBCL_GOE16	0.0037391186	0.004449421	0.980273	0.008097149	0.0034413142	0.980273	2.0	2
DLBCL_LS378	0.98123014	0.0024511353	0.005482863	0.008439675	0.0023961626	0.98123014	0.0	0
DLBCL_RICOVER_417	0.0031874715	0.0042551137	0.0035376248	0.006914357	0.98210543	0.98210543	4.0	4
DLBCL10458	0.9835575	0.0022248074	0.00286886	0.0088592	0.0024896008	0.9835575	0.0	0
DLBCL10462	0.98390776	0.0017004387	0.0030721198	0.0068062223	0.004513454	0.98390776	0.0	0
DLBCL_RICOVER_1293	0.003302557	0.0040518567	0.0028635461	0.0057238224	0.9840582	0.9840582	4.0	4
DLBCL11677	0.9841776	0.001625911	0.0033983034	0.0074274587	0.0033707079	0.9841776	0.0	0
DLBCL10471	0.0026580542	0.004575743	0.0026833874	0.0058565633	0.9842262	0.9842262	4.0	4
DLBCL_C_D_1125_NULLPAIR	0.0027782365	0.004093204	0.003218751	0.0054517114	0.9844581	0.9844581	4.0	4
DLBCL11537	0.9857068	0.0012676435	0.0029700561	0.0061809393	0.0038745513	0.9857068	0.0	0
DLBCL10847	0.0026718338	0.0036306833	0.0024316462	0.00531485	0.985951	0.985951	4.0	4
DLBCL10495	0.98608273	0.002050994	0.0019569432	0.0064033587	0.003505984	0.98608273	0.0	0
DLBCL10525	0.98678744	0.0012505745	0.0037891057	0.0050506634	0.0031222315	0.98678744	0.0	0
DLBCL10880	0.0030552042	0.0030921584	0.0029646885	0.004083702	0.98680425	0.98680425	4.0	4
DLBCL10951	0.0024334171	0.003528104	0.0020015026	0.004596325	0.98744065	0.98744065	4.0	4
DLBCL_MC_F519_ALT	0.0023761813	0.004655924	0.00186316	0.003535259	0.98756945	0.98756945	4.0	4
DLBCL10862	0.0019682567	0.0028925312	0.0025697574	0.0044271336	0.9881423	0.9881423	4.0	4
DLBCL10842	0.0024365957	0.0026147396	0.002238625	0.0040727872	0.98863727	0.98863727	4.0	4
DLBCL_RICOVER_174	0.0025467498	0.98887306	0.0040451987	0.002566053	0.0019689163	0.98887306	1.0	1
DLBCL10515	0.98955095	0.0014484536	0.0022151796	0.0049632406	0.0018221533	0.98955095	0.0	0
DLBCL11191	0.9896526	0.0014042506	0.0018857616	0.005179457	0.0018779287	0.9896526	0.0	0
DLBCL10966	0.9899023	0.0012442826	0.0025203815	0.004682281	0.0016507099	0.9899023	0.0	0
DLBCL11662	0.989933	0.0015114652	0.0015817786	0.004360459	0.00261328	0.989933	0.0	0
DLBCL10834	0.0026408262	0.9905858	0.0025385555	0.0015262404	0.0027085769	0.9905858	1.0	1
DLBCL10912	0.99065155	0.001477672	0.0020940336	0.0042163515	0.0015603701	0.99065155	0.0	0
DLBCL_C_D_1123_NULLPAIR	0.9908157	0.0014023003	0.0019344022	0.0043194103	0.0015282017	0.9908157	0.0	0
DLBCL10484	0.001637508	0.9910275	0.0035328115	0.0016450511	0.0021571466	0.9910275	1.0	1
DLBCL10850	0.0023083014	0.99145114	0.0027041025	0.001466415	0.0020700404	0.99145114	1.0	1
DLBCL10913	0.9916046	0.0009341231	0.0019186371	0.004025861	0.0015167496	0.9916046	0.0	0
DLBCL10990	0.0017074932	0.0024989839	0.0016686355	0.002500337	0.99162453	0.99162453	4.0	4
DLBCL10911	0.0014422461	0.99186873	0.0025451146	0.0018344327	0.002309479	0.99186873	1.0	1
DLBCL_MC_F262_WLC	0.9919807	0.001021457	0.0013408308	0.0038449909	0.0018120556	0.9919807	0.0	0
DLBCL10996	0.9923516	0.0008280679	0.0018936803	0.0029972796	0.0019293925	0.9923516	0.0	0
DLBCL_RICOVER_977	0.99276876	0.0008547726	0.0013030544	0.0033980433	0.0016753426	0.99276876	0.0	0
DLBCL10864	0.0015798307	0.0016942468	0.0014646236	0.0023269444	0.99293435	0.99293435	4.0	4
DLBCL10896	0.993122	0.00090739544	0.0013050659	0.0031069804	0.001558565	0.993122	0.0	0
DLBCL10903	0.0017065284	0.9934192	0.0020382071	0.001010699	0.0018253982	0.9934192	1.0	1
DLBCL_C_D_1130_NULLPAIR	0.9941703	0.000768359	0.0014424904	0.0025146282	0.0011042303	0.9941703	0.0	0
DLBCL_RICOVER_839	0.001391573	0.99426174	0.0017035739	0.0012018981	0.0014412149	0.99426174	1.0	1
DLBCL10945	0.9946881	0.00064327446	0.0009944916	0.0022011525	0.001472964	0.9946881	0.0	0
DLBCL_C_D_1136_NULLPAIR	0.0010691024	0.9947208	0.001925578	0.0011195584	0.0011649476	0.9947208	1.0	1
DLBCL_RICOVER_253	0.001291673	0.9947453	0.0015160979	0.0009979422	0.0014489986	0.9947453	1.0	1
DLBCL_LS1065	0.00079449604	0.99589753	0.0012134295	0.0008798499	0.0012146678	0.99589753	1.0	1
DLBCL11188	0.0006138468	0.99647814	0.0011864401	0.0007838159	0.0009377791	0.99647814	1.0	1
DLBCL11482	0.99766284	0.00031797073	0.00042275214	0.0011037396	0.0004927076	0.99766284	0.0	0
DLBCL_MAYO_DLBCL_7359	0.0002800066	0.99849284	0.0005284507	0.0002853601	0.00041336517	0.99849284	1.0	1
