	C1	C2	C3	C4	C5	Confidence	True Cluster	Predicted Cluster
DLBCL10936	0.2679745744568286	0.16649740684060957	0.1610583113505265	0.19121391836529666	0.21325578898673855	0.2679745744568286	2.0	0
DLBCL_MC_F500_ECU	0.25817250864490965	0.15104941123907525	0.13328493677544054	0.2831847623328465	0.17430838100772802	0.2831847623328465	1.0	3
DLBCL_RICOVER_1329	0.2980052042686389	0.1504520157707131	0.11735548369653113	0.26907202577700107	0.1651152704871158	0.2980052042686389	4.0	0
DLBCL_LS3809	0.22732140233468512	0.09941462147976564	0.1410489511231095	0.23354555226326473	0.29866947279917516	0.29866947279917516	0.0	4
DLBCL_DFCI_DLBCL_GOE05	0.31436653494061867	0.12499826451194254	0.09370740615095123	0.243316117144344	0.22361167725214356	0.31436653494061867	1.0	0
DLBCL_RICOVER_467	0.24481721039783713	0.3143995960620405	0.06542831196359541	0.21742593499779939	0.15792894657872755	0.3143995960620405	1.0	1
DLBCL11681	0.26200206531898873	0.0370931999492326	0.12906131939429766	0.31448758819450273	0.25735582714297817	0.31448758819450273	0.0	3
DLBCL10859	0.27412353747047896	0.1970097656055339	0.13733635627412238	0.32462708747633806	0.06690325317352644	0.32462708747633806	1.0	3
DLBCL11458	0.21987826298565985	0.32833590170078625	0.0736790884892245	0.24115099647452068	0.13695575034980864	0.32833590170078625	2.0	1
DLBCL10957	0.2947758573059155	0.05072931894595738	0.2449182572189395	0.33018866122541385	0.0793879053037738	0.33018866122541385	0.0	3
DLBCL10833	0.3333493352417557	0.03952522968480531	0.30130530948102857	0.12280033193919992	0.20301979365321043	0.3333493352417557	4.0	0
DLBCL_C_D_1157_NULLPAIR	0.26988281662149477	0.09988363823215499	0.3349226144546088	0.20595710612481605	0.08935382456692534	0.3349226144546088	2.0	2
DLBCL10781	0.2634186245929191	0.0663315073377099	0.07631291128330799	0.3363504273012359	0.25758652948482724	0.3363504273012359	4.0	3
DLBCL_C_D_1108_NULLPAIR	0.09321636389576483	0.2289609745208722	0.08494332939601142	0.3387230411778752	0.25415629100947645	0.3387230411778752	1.0	3
DLBCL_RICOVER_174	0.2997382704692648	0.34695683790458587	0.1457550423024666	0.1722389264219319	0.03531092290175083	0.34695683790458587	1.0	1
DLBCL_RICOVER_787	0.34776808911975454	0.1145105391230022	0.08798942905275217	0.2897932669464806	0.15993867575801032	0.34776808911975454	1.0	0
DLBCL_RICOVER_299	0.0984394745972804	0.28484883738848754	0.16600320240783764	0.3518755675270471	0.09883291807934738	0.3518755675270471	1.0	3
DLBCL_RICOVER_956	0.3611437387391337	0.11415349282134021	0.04281436026999951	0.2704983954874567	0.21139001268206986	0.3611437387391337	4.0	0
DLBCL_RICOVER_253	0.1968123724181262	0.3645719245003643	0.08371340355411218	0.26739141126101307	0.08751088826638422	0.3645719245003643	1.0	1
DLBCL_MC_F815_BAT	0.364674645415001	0.05710733684035017	0.11253552100413239	0.30051384120742414	0.16516865553309223	0.364674645415001	2.0	0
DLBCL10510	0.3665270375565693	0.21326621024837708	0.10517587628770374	0.22452575992847784	0.09050511597887197	0.3665270375565693	1.0	0
DLBCL11195	0.08195626367598073	0.04006392624801373	0.2842139912944275	0.3673030856872124	0.22646273309436554	0.3673030856872124	4.0	3
DLBCL_LS2089	0.18875171269271915	0.3710131653113273	0.05356855435758422	0.29184747485341284	0.09481909278495655	0.3710131653113273	1.0	1
DLBCL_MAYO_DLBCL_7359	0.22437961387270378	0.27615558436174087	0.050013204680830044	0.37197274580935746	0.07747885127536787	0.37197274580935746	1.0	3
DLBCL10480	0.13930295783679716	0.11212036669535581	0.04906288985876284	0.37466604689387994	0.3248477387152041	0.37466604689387994	1.0	3
DLBCL10961	0.23180722063047438	0.1687881489780582	0.06502490766143112	0.3754353315405044	0.15894439118953196	0.3754353315405044	4.0	3
DLBCL_RICOVER_440	0.18026598576250338	0.09741992974841017	0.19064496853256546	0.3756401524384274	0.15602896351809362	0.3756401524384274	2.0	3
DLBCL10890	0.3764085422338291	0.05610781576611432	0.10440520772105365	0.25621620828321645	0.20686222599578646	0.3764085422338291	4.0	0
DLBCL_RICOVER_1278	0.17306210228229127	0.146494801896456	0.198106985713411	0.3794674621868509	0.10286864792099072	0.3794674621868509	4.0	3
DLBCL_MC_F502_RFK	0.1375683848921401	0.2248197557597922	0.17593289648378627	0.38562733746637984	0.0760516253979016	0.38562733746637984	1.0	3
DLBCL_RICOVER_1248	0.2195514872248992	0.038866171976996974	0.058298033564405265	0.387853688431101	0.2954306188025974	0.387853688431101	4.0	3
DLBCL11670	0.2627076245210787	0.04610813623301423	0.388438233180648	0.2696481452961579	0.03309786076910126	0.388438233180648	2.0	2
DLBCL10459	0.07870917202148685	0.06596680848511978	0.32060964417085774	0.3905023310604354	0.14421204426210016	0.3905023310604354	2.0	3
DLBCL11679	0.39469164767595255	0.1801866466415797	0.06571290910166505	0.3190698556401192	0.04033894094068346	0.39469164767595255	1.0	0
DLBCL_RICOVER_1106	0.1933845428408632	0.048174928819012454	0.11029319887124432	0.39631909628253476	0.2518282331863452	0.39631909628253476	4.0	3
DLBCL10530	0.2592078273643443	0.17249190411378496	0.06602909591161071	0.39646396070971734	0.10580721190054267	0.39646396070971734	4.0	3
DLBCL11666	0.3965038852579563	0.029727527969692597	0.23810741449983316	0.20809628473710132	0.1275648875354165	0.3965038852579563	2.0	0
DLBC_FF_A7CX_TP_NB	0.3971491477581788	0.21656671617254886	0.057727272623404755	0.22775160003831266	0.10080526340755508	0.3971491477581788	4.0	0
DLBCL_RICOVER_1032	0.22540163135174462	0.1407276898609164	0.11066009148643982	0.3979852663332502	0.12522532096764882	0.3979852663332502	4.0	3
DLBCL_RICOVER_1289	0.13129125838100816	0.050011665948537606	0.06731993321651804	0.35302329398591636	0.3983538484680199	0.3983538484680199	4.0	4
DLBCL10969	0.39917680077012224	0.07095434950388955	0.0750829004932099	0.29908987767345996	0.15569607155931836	0.39917680077012224	0.0	0
DLBCL_LS3749	0.17432095829675026	0.2747398074831599	0.05734556939232984	0.40029172143116587	0.0933019433965942	0.40029172143116587	1.0	3
DLBCL10522	0.25670021158016987	0.026485933932833616	0.2689709564997556	0.40118168637198154	0.0466612116152594	0.40118168637198154	2.0	3
DLBCL10851	0.23182772247988498	0.07601957723021412	0.04430244888061948	0.4012755587568799	0.24657469265240145	0.4012755587568799	1.0	3
DLBCL10492	0.3297917921460656	0.029436071676459147	0.06731534010549291	0.40224954028583004	0.17120725578615234	0.40224954028583004	0.0	3
DLBCL_RICOVER_1210	0.4050803320988282	0.06860372272535302	0.1826521712579719	0.1757689613490996	0.16789481256874716	0.4050803320988282	1.0	0
DLBCL10549	0.059039001683266354	0.13188116839812858	0.40570109376884333	0.3463232301646269	0.057055505985134654	0.40570109376884333	1.0	2
DLBCL11469	0.2721272374833812	0.1723787261423814	0.040907430871693004	0.4109500045299887	0.10363660097255557	0.4109500045299887	2.0	3
DLBCL10955	0.11618671077498355	0.10338564560977986	0.11180142235625509	0.41187472825045024	0.2567514930085312	0.41187472825045024	3.0	3
DLBCL10876	0.36026039414159905	0.03814905166554972	0.07248940018854404	0.41218373114099155	0.11691742286331568	0.41218373114099155	4.0	3
DLBCL10992	0.18529345599454036	0.026147761372319042	0.052049424021889	0.41302533333292096	0.3234840252783306	0.41302533333292096	4.0	3
DLBCL10885	0.3448446973087996	0.07667415795385277	0.022283296822179038	0.4130515128290453	0.1431463350861233	0.4130515128290453	1.0	3
DLBCL_RICOVER_1046	0.06672927925726249	0.039563108540498056	0.41407580025605456	0.2899626580338805	0.18966915391230432	0.41407580025605456	1.0	2
DLBCL_RICOVER_173	0.3241783580884277	0.03932202670574074	0.12335335049965095	0.41952609420832176	0.09362017049785878	0.41952609420832176	4.0	3
DLBCL_C_D_1117_NULLPAIR	0.26010218567733967	0.19346939972489205	0.06213105384185186	0.42056277970222605	0.06373458105369027	0.42056277970222605	1.0	3
DLBCL11669	0.19536777514709114	0.030006510659637227	0.3185342869458746	0.42170663241425377	0.034384794833143356	0.42170663241425377	2.0	3
DLBCL11573	0.14320657705048923	0.10200782969295677	0.23923333241075181	0.42298853990841495	0.09256372093738736	0.42298853990841495	2.0	3
DLBCL10566	0.4233775750908222	0.06706591121481897	0.07280965297732492	0.22032465819652403	0.21642220252050995	0.4233775750908222	4.0	0
DLBCL11565	0.11112453395218257	0.2142704193881231	0.05537250860523264	0.19576642846883782	0.423466109585624	0.423466109585624	1.0	4
DLBCL10916	0.2957031537165904	0.117585257016613	0.07659304553147604	0.42382675630981814	0.08629178742550239	0.42382675630981814	4.0	3
DLBCL_RICOVER_744	0.42394653741650745	0.029627015290285268	0.142224518924058	0.3583276254137574	0.04587430295539184	0.42394653741650745	2.0	0
DLBCL10883	0.4246625978591698	0.06010397040010579	0.07235996953470553	0.3175480124828792	0.1253254497231397	0.4246625978591698	4.0	0
DLBCL10853	0.344628760405697	0.03152720965343242	0.0684820584708841	0.42471791758736577	0.13064405388262057	0.42471791758736577	4.0	3
DLBCL_LS2154	0.12658728019945206	0.050565139867828755	0.4248028728558873	0.3221183696014144	0.0759263374754176	0.4248028728558873	0.0	2
DLBCL10903	0.3646796020637553	0.08512296425681543	0.05050452958559472	0.42491922961191186	0.07477367448192257	0.42491922961191186	1.0	3
DLBCL10461	0.42854379904285606	0.1930458169258966	0.04301955293671903	0.2532804102555448	0.08211042083898347	0.42854379904285606	1.0	0
DLBCL_RICOVER_1299	0.22342881586477958	0.02454907831847753	0.03641453575973807	0.4285886065985695	0.2870189634584352	0.4285886065985695	4.0	3
DLBCL11500	0.2636345603082393	0.07097949029790403	0.07949289773418532	0.429056856153363	0.1568361955063085	0.429056856153363	4.0	3
DLBCL_RICOVER_111	0.14469173430824808	0.06465725822346813	0.4313251361981561	0.22102487923939648	0.13830099203073132	0.4313251361981561	4.0	2
DLBCL11479	0.43480507244367483	0.037248960279045486	0.20309585607110897	0.1293193879854305	0.1955307232207401	0.43480507244367483	1.0	0
DLBCL10907	0.23810567276669653	0.10308638470771207	0.0419840382686021	0.435192703802861	0.18163120045412834	0.435192703802861	1.0	3
DLBCL_LS4592	0.18129203281259	0.04980415541239436	0.13169876556313137	0.4353573249923183	0.20184772121956593	0.4353573249923183	2.0	3
DLBCL_RICOVER_826	0.4365342661135653	0.03260411398329477	0.03293992073877739	0.37786288287307235	0.12005881629129034	0.4365342661135653	0.0	0
DLBCL11526	0.3379476475497102	0.07865967891363629	0.0426951539308183	0.4370838200875738	0.10361369951826145	0.4370838200875738	2.0	3
DLBCL10899	0.34506932902214543	0.07336438353431571	0.055504597260792904	0.44076409842031994	0.085297591762426	0.44076409842031994	4.0	3
DLBCL11433	0.07466819397348416	0.023060133840220653	0.20605083161617888	0.25540416215615686	0.4408166784139596	0.4408166784139596	3.0	4
DLBCL10881	0.44221951474949406	0.05324285073670617	0.03957848738042655	0.3528790344616492	0.11208011267172405	0.44221951474949406	4.0	0
DLBCL10951	0.05535285296419686	0.04826466743061886	0.44270468321500905	0.29856651913733895	0.15511127725283635	0.44270468321500905	4.0	2
DLBCL_RICOVER_1263	0.29623051898190517	0.0716208505963081	0.12229786288561892	0.44344331261104686	0.06640745492512093	0.44344331261104686	2.0	3
DLBCL10930	0.1566137487425736	0.04515511621282553	0.1420058323167906	0.44350174564870787	0.2127235570791024	0.44350174564870787	4.0	3
DLBCL11520	0.44463571442281047	0.03277372626638788	0.062407093476795995	0.3928140786867174	0.0673693871472882	0.44463571442281047	0.0	0
DLBCL_RICOVER_1081	0.3026967840188911	0.08839516323031556	0.09378883540666413	0.4459438654352302	0.0691753519088989	0.4459438654352302	4.0	3
DLBCL10928	0.44941382788162604	0.08813372544758794	0.04258312000992367	0.3831535002120261	0.03671582644883632	0.44941382788162604	0.0	0
DLBCL_LS2367	0.4501521738814837	0.04975046772175248	0.038233133398264285	0.39753695098294034	0.0643272740155592	0.4501521738814837	0.0	0
DLBCL11435	0.3796016129934751	0.04526784702898613	0.03099975642972836	0.4508360314486072	0.09329475209920324	0.4508360314486072	0.0	3
DLBCL10947	0.45161924077051335	0.06876179712649635	0.03335650350876968	0.37950259167256895	0.06675986692165155	0.45161924077051335	1.0	0
DLBCL_LS1395	0.4527330932581675	0.05144953714131437	0.06349684657968734	0.38338440284460523	0.048936120176225596	0.4527330932581675	2.0	0
DLBCL_LS1683	0.19612763945143172	0.08941428967107046	0.15327747275569326	0.4535472289225247	0.1076333691992799	0.4535472289225247	1.0	3
DLBCL10990	0.17878568641817585	0.056392539286212656	0.19099396128584728	0.4539095043015453	0.11991830870821882	0.4539095043015453	4.0	3
DLBCL_RICOVER_1287	0.4541234607174533	0.06704817936969132	0.04475387853386021	0.22298191159458963	0.21109256978440546	0.4541234607174533	4.0	0
DLBCL_RICOVER_120	0.1781653298962805	0.08750899947071515	0.06284388814207852	0.454454960025443	0.2170268224654829	0.454454960025443	4.0	3
DLBCL_RICOVER_839	0.23128865857315478	0.10431797393778897	0.15031686154758417	0.4549485367047966	0.05912796923667543	0.4549485367047966	1.0	3
DLBCL10870	0.13245710266103974	0.05721547591114119	0.07821470635244748	0.45599722779760854	0.276115487277763	0.45599722779760854	4.0	3
DLBCL10843	0.37891442437881034	0.03818327822569608	0.024803895116081002	0.4564237056683459	0.1016746966110666	0.4564237056683459	0.0	3
DLBCL_RICOVER_267	0.09027440367589283	0.03830124126870419	0.3703897402088268	0.45756991207694	0.0434647027696362	0.45756991207694	2.0	3
DLBCL10457	0.45843203707404007	0.05831370123247897	0.028621616011142298	0.4026966435967163	0.05193600208562218	0.45843203707404007	4.0	0
DLBCL10554	0.45925629680894	0.03314599561195924	0.1918185448819247	0.23094962832089225	0.08482953437628375	0.45925629680894	2.0	0
DLBCL11496	0.4598169006540379	0.0648998022272899	0.10752293595375674	0.32690101581674486	0.04085934534817063	0.4598169006540379	0.0	0
DLBCL10922	0.2902204533507185	0.04315682374007888	0.10912117996040577	0.46041101268398554	0.09709053026481128	0.46041101268398554	1.0	3
DLBCL10858	0.20369600736952226	0.06592739718677418	0.030128541996225566	0.46043580560277686	0.23981224784470115	0.46043580560277686	3.0	3
DLBCL11353	0.09628596085347726	0.04126845923735118	0.10996105970095471	0.2920368804731288	0.46044763973508807	0.46044763973508807	4.0	4
DLBCL11004	0.24994728644276784	0.058847436847260896	0.05365131980002779	0.46251578968411017	0.17503816722583337	0.46251578968411017	4.0	3
DLBCL_C_D_1138_NULLPAIR	0.29687932169309933	0.05588658571913923	0.11402972366536891	0.46292282387787653	0.0702815450445159	0.46292282387787653	1.0	3
DLBCL11677	0.39355673280165204	0.02478685857541154	0.03890777807477555	0.46452194882236114	0.07822668172579972	0.46452194882236114	0.0	3
DLBCL_DFCI_DLBCL_GOE07	0.35663819089064197	0.0483968529610422	0.042086183088198205	0.4649000001205346	0.08797877293958296	0.4649000001205346	1.0	3
DLBCL_C_D_1130_NULLPAIR	0.46575405312915225	0.029223496162708865	0.10928720398571651	0.28672065809050207	0.10901458863192028	0.46575405312915225	0.0	0
DLBCL10880	0.465953345142242	0.10332526620165984	0.06575730710848053	0.20651961168098976	0.15844446986662772	0.465953345142242	4.0	0
DLBCL_MC_F927_JHS	0.46617810839915386	0.03687603174210635	0.07183109795265125	0.34984806702734556	0.07526669487874309	0.46617810839915386	4.0	0
DLBCL_C_D_1114_NULLPAIR	0.4122934840667815	0.04532858994079415	0.0389937383474744	0.4667376888426958	0.03664649880225417	0.4667376888426958	0.0	3
DLBCL11541	0.38132764693400883	0.02518480551606855	0.0804879813256466	0.4672267054234858	0.04577286080079017	0.4672267054234858	2.0	3
DLBCL_MC_F139_LJF	0.46833326728641145	0.022929773112942645	0.04194751353644586	0.41504096737556895	0.05174847868863106	0.46833326728641145	3.0	0
DLBCL10780	0.2811088456096579	0.09721278652319272	0.07850316894104177	0.46844632787495943	0.07472887105114824	0.46844632787495943	1.0	3
DLBCL11498	0.27384937331862497	0.13071105579682418	0.04208251313569593	0.46845212181857293	0.084904935930282	0.46845212181857293	1.0	3
DLBCL10467	0.2786027350122812	0.02004337942625875	0.05763770173948751	0.46920401796621153	0.174512165855761	0.46920401796621153	4.0	3
DLBCL_MC_F362_MJB1	0.05720608605415183	0.07024633291777124	0.21822183973316236	0.4694071342797713	0.18491860701514334	0.4694071342797713	2.0	3
DLBCL10486	0.15742774856244268	0.056947155905181075	0.46977864261902097	0.22782643735965658	0.08802001555369879	0.46977864261902097	0.0	2
DLBCL11188	0.1545910907680717	0.1528537841418508	0.11878050342151185	0.47000156364199625	0.10377305802656933	0.47000156364199625	1.0	3
DLBCL_RICOVER_678	0.47083412454318607	0.08784664181501071	0.03114363915765888	0.3599593008361859	0.05021629364795847	0.47083412454318607	1.0	0
DLBCL_RICOVER_533	0.3529349667627355	0.08576526187155631	0.03538345993450956	0.4734683798351135	0.052447931596085226	0.4734683798351135	1.0	3
DLBCL11683	0.4748496194765345	0.04469208881418842	0.09599058241374311	0.27935924425080866	0.10510846504472528	0.4748496194765345	2.0	0
DLBCL_C_D_1128_NULLPAIR	0.2841122412473914	0.03659436306165836	0.052065699556959284	0.47517823377965707	0.1520494623543339	0.47517823377965707	0.0	3
DLBCL_LS1304	0.47893551006072854	0.034517636174627137	0.04860847893529414	0.3870865400888764	0.050851834740473806	0.47893551006072854	2.0	0
DLBCL10860	0.0354533652304155	0.03842281183470571	0.07146121952893113	0.48043472447572105	0.37422787893022663	0.48043472447572105	4.0	3
DLBCL_RICOVER_1045	0.4809268317419113	0.06685400681918899	0.046458658419574604	0.34371127482848507	0.062049228190840036	0.4809268317419113	3.0	0
DLBCL_RICOVER_221	0.08328872139216889	0.03091480230671125	0.12598245693311205	0.48162588327373473	0.2781881360942731	0.48162588327373473	4.0	3
DLBCL11512	0.4819802045872493	0.054408149365215	0.05566389443483359	0.33464272120729305	0.07330503040540906	0.4819802045872493	0.0	0
DLBCL10959	0.36035084913317267	0.04942667911374638	0.043479910688953675	0.4822583272963702	0.06448423376775708	0.4822583272963702	0.0	3
DLBCL11595	0.4825260306710569	0.06828131739658487	0.12768937177374012	0.17415866808945377	0.14734461206916433	0.4825260306710569	4.0	0
DLBCL11203	0.31696383462411915	0.09088991978860494	0.041478137607683666	0.48276525590494396	0.06790285207464822	0.48276525590494396	1.0	3
DLBCL_LS2328	0.10634760935722835	0.058310580685892975	0.3116668156733872	0.48490865694664914	0.03876633733684237	0.48490865694664914	2.0	3
DLBCL_RICOVER_1192	0.1318655907634956	0.1133786353188663	0.046142209064903905	0.4853721225834029	0.22324144226933132	0.4853721225834029	4.0	3
DLBCL_RICOVER_577	0.11009494362848811	0.03343506949990379	0.26565077356441513	0.4858208123243595	0.10499840098283351	0.4858208123243595	2.0	3
DLBCL10966	0.4861947097648524	0.035775158030330045	0.02687438878322803	0.39018460702032465	0.060971136401264836	0.4861947097648524	0.0	0
DLBCL11667	0.2898279751052192	0.04795480097390174	0.10509104251268422	0.4868157529854003	0.07031042842279459	0.4868157529854003	2.0	3
DLBCL10494	0.27102376211873375	0.05443790968037427	0.14603790326676264	0.48681575360061613	0.04168467133351321	0.48681575360061613	1.0	3
DLBCL10472	0.17325662531684916	0.02793525139732382	0.16752393239684024	0.48710173813256485	0.14418245275642183	0.48710173813256485	2.0	3
DLBCL11675	0.09400529437364481	0.02964542829395196	0.2524581573741166	0.4883653365267594	0.13552578343152719	0.4883653365267594	2.0	3
DLBCL10867	0.15705843350027324	0.16104955651864356	0.08868532369591452	0.4886878131989401	0.10451887308622862	0.4886878131989401	4.0	3
DLBCL10463	0.04293857260522586	0.027001441828378162	0.10202750456203534	0.33920320282258576	0.48882927818177485	0.48882927818177485	4.0	4
DLBCL10989	0.11042742083996296	0.13038365720748862	0.1358553469143627	0.48946494029901766	0.1338686347391681	0.48946494029901766	1.0	3
DLBCL10509	0.10133601902401179	0.04861766578113019	0.22625686903043324	0.48987850459171317	0.13391094157271166	0.48987850459171317	0.0	3
DLBCL10902	0.2669710853817654	0.046290105062809894	0.072169640180254	0.49003460905120355	0.12453456032396718	0.49003460905120355	4.0	3
DLBCL10897	0.49021492312552667	0.02224416489391186	0.09305629504052639	0.31456501069332604	0.07991960624670902	0.49021492312552667	0.0	0
DLBCL10889	0.12785644222385217	0.029036892016825456	0.032702838146808744	0.31990819973701046	0.4904956278755031	0.4904956278755031	4.0	4
DLBCL10934	0.49085042465160067	0.04379230181898074	0.03646070135659084	0.3237687448315045	0.10512782734132327	0.49085042465160067	1.0	0
DLBCL10527	0.08889277633476636	0.029585514977549528	0.23878687044148406	0.49235483541736513	0.15038000282883485	0.49235483541736513	3.0	3
DLBCL10945	0.4926455937857528	0.06751924668322706	0.06509627970531295	0.2528556837320393	0.12188319609366781	0.4926455937857528	0.0	0
DLBCL11428	0.18873546071467853	0.0890206500630393	0.1788462535873818	0.49318176915795947	0.05021586647694085	0.49318176915795947	2.0	3
DLBCL_LS146	0.49615313373212094	0.07724146824287662	0.058686344794377274	0.2976016461669515	0.07031740706367365	0.49615313373212094	1.0	0
DLBCL10462	0.3762609075918198	0.03219980338285689	0.06673876905243321	0.4966011306210158	0.02819938935187424	0.4966011306210158	0.0	3
DLBCL10967	0.10716318830016902	0.035304365479094595	0.08940548631087605	0.49726535617575174	0.27086160373410856	0.49726535617575174	4.0	3
DLBCL11516	0.3323218008730918	0.07051844115756414	0.036835617661841465	0.49802346278794424	0.06230067751955835	0.49802346278794424	1.0	3
DLBCL10887	0.14201845134640853	0.06854643358749724	0.20010827559267033	0.49843487068973324	0.09089196878369066	0.49843487068973324	4.0	3
DLBCL10878	0.2907788704800423	0.031040018774229457	0.05581374948977456	0.49869520207244084	0.12367215918351286	0.49869520207244084	4.0	3
DLBCL11672	0.30651103247083417	0.015910011734238186	0.13266437767429506	0.5004814729237577	0.04443310519687494	0.5004814729237577	2.0	3
DLBCL11432	0.5005200265132066	0.04565404723684754	0.03494837080960595	0.3473209654614769	0.07155658997886302	0.5005200265132066	0.0	0
DLBCL10917	0.3377065672624601	0.07824005355994593	0.033571160546000525	0.5022849963709063	0.04819722226068706	0.5022849963709063	1.0	3
DLBCL10488	0.5023057335490139	0.03607487210512614	0.06881390743103641	0.36358723355457734	0.029218253360246176	0.5023057335490139	0.0	0
DLBCL10517	0.5041603626549124	0.056068756496839144	0.09138940121119452	0.29611648973992194	0.05226498989713194	0.5041603626549124	1.0	0
DLBCL10454	0.36293345416693845	0.04664909492492882	0.022641922137327027	0.5046018693346765	0.06317365943612926	0.5046018693346765	4.0	3
DLBCL10877	0.20696842628545611	0.09918401681014202	0.13132488800925804	0.5057189757979109	0.05680369309723292	0.5057189757979109	0.0	3
DLBCL_C_D_1106_NULLPAIR	0.3219594077619313	0.05953712315472442	0.03919721215008018	0.5070242205309043	0.07228203640235967	0.5070242205309043	1.0	3
DLBCL10995	0.301846539055497	0.06530321178233776	0.04043377698599488	0.5078956420340716	0.08452083014209888	0.5078956420340716	2.0	3
DLBCL11437	0.21441030404683162	0.052559040437329306	0.18852806275354939	0.5087389794123887	0.03576361334990095	0.5087389794123887	3.0	3
DLBCL_MC_F089_HCZ	0.5093627800499857	0.04255592767122343	0.06736327652065505	0.3093963094762144	0.07132170628192142	0.5093627800499857	1.0	0
DLBCL10962	0.30953208307340335	0.05882170303078312	0.07047306262222176	0.5095951196299041	0.051578031643687725	0.5095951196299041	1.0	3
DLBCL_C_D_1115_NULLPAIR	0.5107443916786618	0.07791479897698103	0.037794368163409434	0.32605320572716545	0.04749323545378229	0.5107443916786618	3.0	0
DLBCL10997	0.5125716529296637	0.043023396440162474	0.10671159272907146	0.23378802862961176	0.10390532927149067	0.5125716529296637	0.0	0
DLBCL11591	0.18949251508355724	0.13318152239681222	0.07854271869764692	0.5156236766608971	0.08315956716108654	0.5156236766608971	1.0	3
DLBCL_C_D_1129_NULLPAIR	0.2461848779952799	0.09527925357860914	0.07922156542717304	0.5186604639180037	0.0606538390809341	0.5186604639180037	0.0	3
DLBCL11346	0.2830024318906014	0.09636078998415605	0.0416489482583032	0.5196346805983081	0.059353149268631236	0.5196346805983081	1.0	3
DLBCL11569	0.048013080242080466	0.04260656287270976	0.16892222877459756	0.2204815959085564	0.5199765322020559	0.5199765322020559	2.0	4
DLBCL10895	0.11711945859743203	0.03181362359425801	0.075525557681647	0.5200102363629054	0.2555311237637576	0.5200102363629054	4.0	3
DLBC_FF_8042_TP_NB	0.16071311762915125	0.07693189926248219	0.0860105623712474	0.5207196442588494	0.15562477647826975	0.5207196442588494	4.0	3
DLBCL11455	0.333661076300873	0.051649734954984226	0.040314938388444355	0.5225027305944342	0.05187151976126425	0.5225027305944342	2.0	3
DLBCL11685	0.11653422257893652	0.036400846979421975	0.28690880149958825	0.5225987352577489	0.037557393684304385	0.5225987352577489	2.0	3
DLBCL11446	0.23199583986432257	0.03588249961118024	0.07202895706969846	0.5230355771728814	0.13705712628191735	0.5230355771728814	1.0	3
DLBCL10935	0.24448116358221558	0.05691618364029683	0.06206848960066267	0.5232538104499381	0.1132803527268868	0.5232538104499381	0.0	3
DLBCL10891	0.0465633924712761	0.07722820035466599	0.10984783939392369	0.5266257411961954	0.23973482658393883	0.5266257411961954	4.0	3
DLBCL_C_D_1141_NULLPAIR	0.15510850627648617	0.046879068857322216	0.20638715476627262	0.5309094016305227	0.06071586846939621	0.5309094016305227	2.0	3
DLBCL10987	0.25050634055593063	0.09333046042311433	0.06703772980403189	0.5309424421322925	0.05818302708463065	0.5309424421322925	4.0	3
DLBCL10503	0.3376423333397259	0.05831317409620656	0.04083968403168385	0.5316998087391092	0.03150499979327451	0.5316998087391092	1.0	3
DLBCL10532	0.08172592397291176	0.07136881237966272	0.05920172287507706	0.5340216226795584	0.25368191809279	0.5340216226795584	4.0	3
DLBCL10450	0.28676103199865627	0.0542028412599494	0.06814540990358606	0.5345021605546869	0.05638855628312133	0.5345021605546869	0.0	3
DLBCL11483	0.08119951130641725	0.10767033141940756	0.1317079432078272	0.5346852028927688	0.14473701117357923	0.5346852028927688	1.0	3
DLBCL10924	0.10219583189057144	0.04088893230918685	0.060313672852991745	0.2613796658767463	0.5352218970705036	0.5352218970705036	4.0	4
DLBCL11000	0.0982818649643354	0.03254520109487194	0.08392553016510688	0.5363081510171828	0.24893925275850304	0.5363081510171828	4.0	3
DLBCL_RICOVER_408	0.09098726090278929	0.06519922124032214	0.11931994602668348	0.5376914076138267	0.18680216421637838	0.5376914076138267	2.0	3
DLBCL10483	0.16462909081332652	0.09667565290447246	0.13228895238902727	0.5377262480385626	0.06868005585461116	0.5377262480385626	1.0	3
DLBCL10857	0.5380221267488028	0.045154723324056345	0.03920930571848286	0.3187245953806758	0.05888924882798218	0.5380221267488028	4.0	0
DLBCL10484	0.22897442748493843	0.137481678821976	0.057130869797115236	0.5384440672244242	0.037968956671546164	0.5384440672244242	1.0	3
DLBCL11202	0.5416869834473127	0.07877924690079191	0.049926600674716985	0.2637729187116738	0.06583425026550463	0.5416869834473127	0.0	0
DLBCL10871	0.5448549452702979	0.0381728452800573	0.03854397757157857	0.3292581358154434	0.049170096062622806	0.5448549452702979	1.0	0
DLBCL_C_D_1123_NULLPAIR	0.2088849977895608	0.029123563572044278	0.18748328126188887	0.5454067797897298	0.029101377586776216	0.5454067797897298	0.0	3
DLBCL11507	0.1507696757568017	0.1261902229671859	0.09949221518301753	0.545418925737222	0.07812896035577294	0.545418925737222	1.0	3
DLBCL10453	0.22896800012598267	0.06735261368739293	0.05854849522119806	0.5463438315615595	0.0987870594038668	0.5463438315615595	1.0	3
DLBCL_C_D_1144_NULLPAIR	0.13893338308472913	0.06128968410362032	0.16502972701340113	0.5471252365944521	0.08762196920379736	0.5471252365944521	4.0	3
DLBCL_DFCI_DLBCL_GOE16	0.14505631379859923	0.020937943808006662	0.2624544806972488	0.548075432312871	0.02347582938327428	0.548075432312871	2.0	3
DLBCL11538	0.25871880411186265	0.023274355232109453	0.1308106065777498	0.5483921966071457	0.03880403747113249	0.5483921966071457	4.0	3
DLBCL10869	0.3044223555927065	0.0403775751241907	0.030385976351695813	0.5521391915208869	0.07267490141052013	0.5521391915208869	0.0	3
DLBCL10864	0.12826930640843212	0.08681256408636195	0.07560655710416553	0.5538732495631667	0.15543832283787365	0.5538732495631667	4.0	3
DLBCL_LS3200	0.11408677935272413	0.09292297645960144	0.07405408604890415	0.5556148151036666	0.16332134303510365	0.5556148151036666	4.0	3
DLBCL11534	0.22452251357540082	0.05238711183425149	0.10125660209933032	0.5562595728094045	0.06557419968161289	0.5562595728094045	2.0	3
DLBCL10490	0.2340459152051633	0.037325428900748386	0.06363175640870473	0.5564306442388113	0.10856625524657236	0.5564306442388113	0.0	3
DLBCL_RICOVER_1190	0.12644889530858475	0.08123384692702562	0.05171148913629932	0.18303103718080427	0.5575747314472861	0.5575747314472861	4.0	4
DLBCL_C_D_1149_NULLPAIR	0.08324713329915061	0.06735530865730786	0.12541465576587835	0.5587011741079295	0.1652817281697337	0.5587011741079295	1.0	3
DLBCL_C_D_1119_NULLPAIR	0.2915764415958264	0.04564223683573643	0.043232382080141116	0.5588714869564125	0.060677452531883544	0.5588714869564125	1.0	3
DLBCL11491	0.17413934151802526	0.04861737529892846	0.07750898472472136	0.5591846925249848	0.14054960593334007	0.5591846925249848	3.0	3
DLBCL10552	0.5597845170519126	0.057683528203327054	0.04341405441393351	0.3149422597779808	0.024175640552846017	0.5597845170519126	3.0	0
DLBCL_LS2599	0.21439917585944165	0.04348295243267408	0.12291108928120417	0.5612263877581187	0.05798039466856135	0.5612263877581187	2.0	3
DLBCL10564	0.24601441703444013	0.037717553971777465	0.09768946025954343	0.5624408107232044	0.05613775801103456	0.5624408107232044	3.0	3
DLBCL10535	0.18582756189395125	0.02946967587916495	0.10567656238446414	0.563164447627793	0.11586175221462656	0.563164447627793	4.0	3
DLBCL11462	0.565511566941947	0.05234974463848476	0.06134539790846729	0.1825830112396857	0.13821027927141513	0.565511566941947	0.0	0
DLBCL11440	0.14725211373880756	0.031618375243693174	0.03908230743142603	0.5659106298441651	0.21613657374190814	0.5659106298441651	4.0	3
DLBCL10954	0.12024881330417402	0.043820810395037935	0.2008719605304401	0.5659429707463449	0.069115445024003	0.5659429707463449	1.0	3
DLBCL11656	0.5669397183358738	0.05660277925774477	0.0660563166673381	0.2510490627867826	0.05935212295226089	0.5669397183358738	2.0	0
DLBCL11457	0.5676291432090493	0.018628519897998012	0.11005993561692966	0.23846373949569774	0.06521866178032525	0.5676291432090493	0.0	0
DLBCL_C_D_1126_NULLPAIR	0.24705664558216106	0.03473678435769939	0.1040611884532175	0.5676797195043741	0.04646566210254796	0.5676797195043741	1.0	3
DLBCL_RICOVER_945	0.5686189617619729	0.03583698882211501	0.07027568327753309	0.2920683565012611	0.03320000963711794	0.5686189617619729	0.0	0
DLBCL11449	0.21138701594240852	0.052337445937780516	0.07032311113152585	0.5710021899567629	0.0949502370315222	0.5710021899567629	1.0	3
DLBCL10495	0.5710025583717971	0.047352651767229234	0.0294396750256142	0.3128381083019155	0.03936700653344393	0.5710025583717971	0.0	0
DLBCL11441	0.17773424681288466	0.044527872211889294	0.0463627575993611	0.5711686041628928	0.1602065192129722	0.5711686041628928	2.0	3
DLBCL10999	0.1248223157758894	0.024817183063177834	0.11966239534863288	0.5713075637091616	0.15939054210313824	0.5713075637091616	4.0	3
DLBCL10518	0.12229825622040448	0.03181422870716441	0.22353622843886123	0.5715574048686987	0.05079388176487119	0.5715574048686987	2.0	3
DLBCL10836	0.10439818038092367	0.04687044779873686	0.0835999962015155	0.5717654643816527	0.1933659112371713	0.5717654643816527	4.0	3
DLBCL11003	0.1342665167358353	0.030752019936041215	0.22598755936941378	0.5719212123335112	0.03707269162519833	0.5719212123335112	1.0	3
DLBCL_RICOVER_274	0.3021417503988176	0.04967646184507341	0.04081893943231669	0.5721119677312719	0.035250880592520455	0.5721119677312719	3.0	3
DLBCL_C_D_1133_NULLPAIR	0.1025525552987559	0.03774608332183046	0.21358922657948562	0.5733193370686307	0.07279279773129738	0.5733193370686307	2.0	3
DLBCL10782	0.2984837687407655	0.045310790292276644	0.037022541455982355	0.5743071617666923	0.044875737744283196	0.5743071617666923	3.0	3
DLBCL10977	0.10161606366995325	0.03153388140409988	0.06887798868989638	0.5766107586910878	0.22136130754496267	0.5766107586910878	4.0	3
DLBCL_RICOVER_780	0.17006606314393036	0.06590528502554156	0.13539650482042892	0.5772189732929109	0.051413173717188114	0.5772189732929109	1.0	3
DLBCL11481	0.19232823183095313	0.021808928515986994	0.1655996950043405	0.5778898840603397	0.042373260588379674	0.5778898840603397	0.0	3
DLBCL10888	0.11486055980705648	0.02386174343479246	0.07814713875343503	0.5793044528389678	0.20382610516574826	0.5793044528389678	4.0	3
DLBCL_LS1098	0.06346602541256893	0.03217288890909959	0.14713577131209304	0.5800383527337954	0.17718696163244305	0.5800383527337954	2.0	3
DLBC_FF_A7CR_TP_NB	0.11479827758333179	0.02497599401875889	0.035597413081185296	0.5812595776041186	0.24336873771260542	0.5812595776041186	4.0	3
DLBCL11651	0.11949128269038235	0.032095434366609936	0.22295107046827442	0.5844164246606707	0.04104578781406266	0.5844164246606707	2.0	3
DLBCL11539	0.585296638867704	0.01946087377873198	0.024137743079528224	0.33825876482334066	0.03284597945069515	0.585296638867704	0.0	0
DLBCL11454	0.5855183958626995	0.05285826413338489	0.025963248938967447	0.2823300833821094	0.053330007682838715	0.5855183958626995	0.0	0
DFCIDL009_DT	0.06385319764957369	0.1395481253027241	0.1465072200174121	0.5867716321573746	0.06331982487291551	0.5867716321573746	2.0	3
DLBCL_RICOVER_478	0.5892884273533592	0.02334076283423339	0.08590451187961565	0.22076846011381127	0.08069783781898052	0.5892884273533592	1.0	0
DLBCL11205	0.24413825713867182	0.04937081278901687	0.0660113867425867	0.5897847807199083	0.05069476260981634	0.5897847807199083	0.0	3
DLBCL_LS2245	0.26237862986568083	0.039248769598869276	0.06809768875845278	0.5901752469141057	0.04009966486289147	0.5901752469141057	1.0	3
DLBCL10847	0.2022585370344705	0.09746034939319448	0.04841906906483943	0.5902269355989748	0.06163510890852085	0.5902269355989748	4.0	3
DLBCL_MC_F496DMP	0.2802395390500188	0.04168136387488141	0.06376412934516203	0.5904617298502329	0.023853237879704867	0.5904617298502329	1.0	3
DLBCL_C_D_1113_NULLPAIR	0.5928141765759695	0.05090823918083909	0.03462360337845266	0.2735826959583474	0.04807128490639142	0.5928141765759695	2.0	0
DLBCL10868	0.17753805215902105	0.029585663718572245	0.030239682093922214	0.5940524792017639	0.16858412282672067	0.5940524792017639	3.0	3
DLBCL11430	0.18931512351937532	0.04900431966143844	0.08106014671662845	0.5948015272971745	0.08581888280538323	0.5948015272971745	0.0	3
DLBCL11450	0.10271769600541442	0.02921751193993038	0.058207715009210105	0.5953467439204293	0.21451033312501583	0.5953467439204293	4.0	3
DLBCL10451	0.5957368609895847	0.027008559732168647	0.16975882159049374	0.1764856574289696	0.031010100258783275	0.5957368609895847	0.0	0
DLBC_FF_8043_TP_NB	0.23882114615423777	0.06426957008051139	0.03151397219228038	0.5958918502017543	0.06950346137121624	0.5958918502017543	1.0	3
DLBCL11477	0.5960895331675404	0.020981414100813823	0.04941470048476885	0.3103427588556741	0.023171593391202838	0.5960895331675404	0.0	0
DLBCL10914	0.20011424337656136	0.05363006964093357	0.07080747294271919	0.5961708342923739	0.07927737974741193	0.5961708342923739	0.0	3
DLBCL10984	0.1595974373261863	0.06837901149442828	0.05076201472236158	0.597064370858578	0.12419716559844589	0.597064370858578	4.0	3
DLBCL_RICOVER_617	0.24900301021841714	0.02523201233056102	0.10658667621633165	0.5974090973855921	0.021769203849098064	0.5974090973855921	3.0	3
DLBCL10971	0.23589855648967775	0.03215858758877882	0.04511744538498838	0.5977678700433937	0.0890575404931613	0.5977678700433937	0.0	3
DLBCL_MC_F064AB	0.5978442741298636	0.03588593683365613	0.07126645943633926	0.2584841712824195	0.03651915831772143	0.5978442741298636	2.0	0
DLBCL10911	0.2376997666932946	0.06976228083624399	0.03351208478682534	0.5979323109547767	0.061093556728859424	0.5979323109547767	1.0	3
DLBCL_C_D_1112_NULLPAIR	0.22343425488544272	0.06803179713621689	0.045890911080320694	0.5986694659365421	0.06397357096147743	0.5986694659365421	2.0	3
DLBCL10874	0.25335589008353837	0.04495823788047363	0.045688615044802434	0.5998958371068553	0.0561014198843303	0.5998958371068553	1.0	3
DLBCL11470	0.2576707321026216	0.026542353016469806	0.07919072667450701	0.5999418684657092	0.036654319740692436	0.5999418684657092	0.0	3
DLBCL10893	0.13032444056830433	0.0557421848554115	0.0907374300600262	0.6005689929753393	0.12262695154091867	0.6005689929753393	4.0	3
DLBCL_C_D_1125_NULLPAIR	0.07097606151484613	0.06646462004391457	0.05105928775624872	0.20975159897103263	0.601748431713958	0.601748431713958	4.0	4
DLBCL10918	0.194913623195433	0.029654377747540626	0.06705938259804904	0.6026781988147603	0.10569441764421707	0.6026781988147603	0.0	3
DLBCL11659	0.6032076594836072	0.037895425357020424	0.02985906783433075	0.2948082275965223	0.034229619728519275	0.6032076594836072	3.0	0
DLBCL11566	0.13928868954536167	0.06189295621046479	0.11807517243289872	0.6038940225666793	0.07684915924459557	0.6038940225666793	2.0	3
DLBCL11478	0.6045651802142538	0.06108981413390183	0.022386711623262372	0.2716947479357091	0.04026354609287301	0.6045651802142538	0.0	0
DLBCL10555	0.1312903438199933	0.052693751747049856	0.1314090564850567	0.6056928085346581	0.07891403941324196	0.6056928085346581	2.0	3
DLBCL11439	0.28472219004356597	0.03170357423126584	0.0302069179672015	0.6067791042763202	0.04658821348164652	0.6067791042763202	2.0	3
DLBCL10846	0.17527802199511733	0.08361695233644822	0.0697748631616573	0.607123179468416	0.06420698303836116	0.607123179468416	1.0	3
DLBCL_RICOVER_685	0.11681033822840026	0.04063615024620462	0.06876358196112742	0.6109356603331011	0.16285426923116664	0.6109356603331011	4.0	3
DLBCL_LS3245	0.6126848176762308	0.07637169665721652	0.031952047502449406	0.2456380245691004	0.033353413595002844	0.6126848176762308	1.0	0
DLBCL_RICOVER_496	0.15111522804012445	0.0313521413450585	0.06193660794522964	0.6143896219295102	0.1412064007400772	0.6143896219295102	1.0	3
DLBCL11468	0.19828337515101654	0.051631305492334884	0.08153527920002275	0.6145868759906573	0.05396316416596852	0.6145868759906573	2.0	3
DLBCL11518	0.22426332513392774	0.0422937461019273	0.06650744226059171	0.6152676268370786	0.051667859666474664	0.6152676268370786	2.0	3
DLBC_FF_A7CW_TP_NB	0.14322391253067485	0.068899366719545	0.07129778053196999	0.6154481203956491	0.101130819822161	0.6154481203956491	4.0	3
DLBCL10981	0.14107961358452567	0.07868771351777411	0.0648419932684214	0.61640628514321	0.09898439448606872	0.61640628514321	1.0	3
DLBCL10927	0.25249667514136487	0.05115515478932257	0.043998928408258246	0.6169426958850734	0.035406545775980944	0.6169426958850734	3.0	3
DLBCL10471	0.18462833037613544	0.055710688821149996	0.034370142772854856	0.6176318300588619	0.10765900797099778	0.6176318300588619	4.0	3
DLBCL_RICOVER_338	0.23684601162514138	0.02421318073347172	0.0905453102811731	0.6206552381584878	0.027740259201726045	0.6206552381584878	0.0	3
DLBCL_MAYO_DLBCL_234	0.2220113574199113	0.04257453229587054	0.05779370401148036	0.6222141229093381	0.05540628336339981	0.6222141229093381	2.0	3
DLBCL10904	0.18129092359067703	0.04421092681937691	0.06014683305806344	0.62222077970303	0.0921305368288526	0.62222077970303	4.0	3
DLBCL10525	0.6238755503210092	0.053189581841083376	0.03718496880137128	0.232602321443668	0.05314757759286821	0.6238755503210092	0.0	0
DLBCL10919	0.22112165688648922	0.024384416914142785	0.06325464269684405	0.6252712240363922	0.06596805946613177	0.6252712240363922	3.0	3
DLBCL10565	0.23305462220251177	0.05135356815912343	0.037950300872858805	0.6258363673405559	0.0518051414249501	0.6258363673405559	3.0	3
DLBCL11501	0.2578312118867267	0.03074031607746401	0.031403052463620566	0.6270263122185732	0.05299910735361556	0.6270263122185732	0.0	3
DLBCL11652	0.6282292088973943	0.08204875630645174	0.06691970975202743	0.1959440584380096	0.026858266606117006	0.6282292088973943	0.0	0
DLBCL10849	0.13996610478025634	0.0759777833182914	0.07454736045470753	0.6301199283480722	0.0793888230986726	0.6301199283480722	1.0	3
DLBCL11537	0.6316878938031644	0.02704853163809966	0.1277553938950384	0.13024184736279515	0.08326633330090248	0.6316878938031644	0.0	0
DLBCL11431	0.24450216458347476	0.04106268504919216	0.027520398108949504	0.632203926216341	0.05471082604204264	0.632203926216341	4.0	3
DLBCL10512	0.17929239553619747	0.04254515887145885	0.0773683041530209	0.6336939636358964	0.06710017780342634	0.6336939636358964	2.0	3
DLBCL10983	0.063315005936468	0.0711271388642305	0.06331727011630243	0.6357427250789126	0.16649786000408656	0.6357427250789126	1.0	3
DLBCL11482	0.2386451119249198	0.0383242354753204	0.05235132588986773	0.6360738941152475	0.03460543259464458	0.6360738941152475	0.0	3
DLBCL_RICOVER_948	0.08955496072051371	0.1078867227283217	0.13608487775965641	0.6361686394119797	0.030304799379528572	0.6361686394119797	1.0	3
DLBCL11001	0.212370017080737	0.03322932907706909	0.03480579322503059	0.6374384860965767	0.08215637452058658	0.6374384860965767	4.0	3
DLBCL10553	0.12748940897962185	0.02690640617280849	0.08712246237930048	0.6380785046957997	0.12040321777246944	0.6380785046957997	3.0	3
DLBCL_MAYO_DLBCL_5613	0.21883682534869756	0.030158222079717727	0.034875162875224776	0.6391920786296175	0.07693771106674253	0.6391920786296175	0.0	3
DLBCL10502	0.06593814189901148	0.09985387976126381	0.10058412012502714	0.6417462813275576	0.09187757688713996	0.6417462813275576	1.0	3
DLBCL_RICOVER_506	0.048197009546481324	0.14886621347992757	0.07667045683655711	0.08350139521342607	0.6427649249236079	0.6427649249236079	4.0	4
DLBCL11523	0.1955539640165418	0.02548329772892771	0.03676981877445684	0.6428741308081183	0.09931878867195543	0.6428741308081183	0.0	3
DLBCL_RICOVER_1150	0.16764321124360937	0.02908068574822873	0.04727420444703838	0.6441355595941894	0.11186633896693417	0.6441355595941894	0.0	3
DLBCL11513	0.19531573868116256	0.030886707254162565	0.05613614638500772	0.6464675225313442	0.07119388514832291	0.6464675225313442	4.0	3
DLBCL_LS951	0.6476972219000467	0.04221590099125728	0.024635426258355922	0.2567671347951055	0.028684316055234613	0.6476972219000467	0.0	0
DLBCL10464	0.6483557454760079	0.02890885336160271	0.13381217329593548	0.10428252682922473	0.08464070103722911	0.6483557454760079	2.0	0
DLBCL_C_D_PAIR13	0.6495662524139328	0.059442310172446264	0.02217380444155124	0.20733539625266145	0.06148223671940815	0.6495662524139328	4.0	0
DLBCL10487	0.16996452285688182	0.06545583217365107	0.07196573032958556	0.6495857164128708	0.04302819822701073	0.6495857164128708	1.0	3
DLBCL10988	0.11826239561640992	0.13222076358076065	0.043614748054581265	0.6502139790717258	0.05568811367652228	0.6502139790717258	1.0	3
DLBCL11488	0.20644785731467746	0.03478488507533599	0.02618151463458084	0.6508543336184656	0.08173140935694014	0.6508543336184656	0.0	3
DLBCL_LS4054	0.1320001970686582	0.052803187334798954	0.06900558424650166	0.6517312760285062	0.09445975532153489	0.6517312760285062	1.0	3
DLBCL_RICOVER_451	0.22305858070050766	0.03610068459722793	0.047096787058187164	0.6519110976325065	0.04183285001157075	0.6519110976325065	0.0	3
DLBCL_MC_F210_GWC	0.1493057481529128	0.04406023447888295	0.04945932063163135	0.6544309775800357	0.10274371915653725	0.6544309775800357	1.0	3
DLBCL_MC_F519_ALT	0.17387888191925469	0.056019250645982545	0.04927657264182756	0.6551344907362037	0.06569080405673154	0.6551344907362037	4.0	3
DLBCL_LS4593	0.1481733789812965	0.030368233781162674	0.1032984265376238	0.6552310819978584	0.06292887870205863	0.6552310819978584	2.0	3
DLBCL11495	0.14150200800912932	0.030412680194084208	0.059397284753915904	0.6560846641480886	0.11260336289478182	0.6560846641480886	4.0	3
DLBCL_LS843	0.09227485893569627	0.03884923905465423	0.16039233576222423	0.6576691715652297	0.050814394682195584	0.6576691715652297	2.0	3
DLBCL11461	0.21685353820456774	0.039562627252792575	0.03490575927765821	0.658565229404845	0.05011284586013648	0.658565229404845	0.0	3
DLBCL10970	0.12804232242298028	0.03258199373671005	0.06360999697015	0.6588433548129772	0.11692233205718246	0.6588433548129772	3.0	3
DLBCL11533	0.18400597141816136	0.052764251450140826	0.0491918133935643	0.6604460024434257	0.0535919612947079	0.6604460024434257	1.0	3
DLBCL11536	0.1231787048219676	0.04320556984849399	0.06380551030378064	0.6607097750654638	0.10910043996029392	0.6607097750654638	3.0	3
DLBCL_RICOVER_712	0.17073270730219517	0.04605313486812458	0.059109691890132855	0.66109806609475	0.06300639984479739	0.66109806609475	4.0	3
DLBCL10501	0.10134989012784755	0.052640441536402974	0.12044967009928464	0.6631420100011601	0.06241798823530477	0.6631420100011601	2.0	3
DLBCL_RICOVER_1235	0.14533306684032746	0.061033545247568925	0.07309993150688658	0.6635785226766127	0.05695493372860433	0.6635785226766127	1.0	3
DLBCL11680	0.14109499972572762	0.028813318107428033	0.14237208327976847	0.665207415254208	0.022512183632867864	0.665207415254208	2.0	3
DLBCL11480	0.13827311506429138	0.035202143825260455	0.06320363835729495	0.6658329078543216	0.09748819489883158	0.6658329078543216	0.0	3
DLBCL11671	0.1673893803578797	0.04889387668445073	0.05216836329799192	0.6665998609521484	0.06494851870752927	0.6665998609521484	0.0	3
DLBCL_RICOVER_401	0.10523100963734718	0.03935317635506785	0.1401194937001098	0.6670841194539622	0.04821220085351297	0.6670841194539622	1.0	3
DLBCL_RICOVER_258	0.14448366034244944	0.03194028593509543	0.11086545360723907	0.6682021013494305	0.044508498765785554	0.6682021013494305	2.0	3
DLBCL11658	0.19503320879854866	0.04556390584507759	0.043597156120037193	0.6697253636767294	0.046080365559607074	0.6697253636767294	3.0	3
DLBCL_MC_F307_JPS	0.19967540894939864	0.03547885221358415	0.058593452628569825	0.6698459376378161	0.03640634857063128	0.6698459376378161	0.0	3
DLBCL_C_D_1131_NULLPAIR	0.09117692281865519	0.060592226401830256	0.0658748986614609	0.6728342870103264	0.10952166510772726	0.6728342870103264	1.0	3
DLBCL_LS2325	0.176020148138367	0.035205674374858276	0.07677483455122147	0.672847100328039	0.039152242607514355	0.672847100328039	2.0	3
DLBCL_RICOVER_417	0.11620276036559936	0.03736480659400141	0.06754613893150752	0.6728516316503796	0.10603466245851206	0.6728516316503796	4.0	3
DLBCL10873	0.15535859994040616	0.061526917574562474	0.05127045208720041	0.6757353098741758	0.05610872052365516	0.6757353098741758	1.0	3
DLBCL_C_D_1156_NULLPAIR	0.17625810012734355	0.04981819705980901	0.05404444423377097	0.6765503590347635	0.04332889954431298	0.6765503590347635	0.0	3
DLBCL_MAYO_DLBCL_3653	0.6766113959038268	0.10161028743109699	0.03301689043561539	0.15681772033919902	0.03194370589026181	0.6766113959038268	0.0	0
DLBCL_MC_F606_DMJ	0.07575411981834204	0.03618002596899396	0.682056490607854	0.18616474438065295	0.01984461922415705	0.682056490607854	2.0	2
DLBCL11204	0.1728393268506522	0.05114389892532476	0.060067810801614	0.6836114122179208	0.032337551204488266	0.6836114122179208	1.0	3
DLBCL_LS1921	0.17284032960752202	0.05019915490733416	0.06242654658492068	0.6836116576691782	0.030922311231044886	0.6836116576691782	1.0	3
DLBCL11590	0.16744894911537408	0.03252523509415371	0.07256556659642814	0.684030584539985	0.04342966465405914	0.684030584539985	2.0	3
DLBCL11187	0.11454747936991559	0.049619430658470604	0.02826485744946567	0.6842152264391397	0.12335300608300852	0.6842152264391397	4.0	3
DLBCL11467	0.10704466156352165	0.018889721371753387	0.07010602330335283	0.6842769280587947	0.1196826657025774	0.6842769280587947	3.0	3
DLBCL10973	0.12964822912668283	0.02348131993602365	0.05704702301859749	0.6850585509971534	0.10476487692154265	0.6850585509971534	3.0	3
DLBCL11484	0.17180944740033088	0.057517561990706706	0.036123305426338057	0.685428650928832	0.04912103425379239	0.685428650928832	1.0	3
DLBCL10921	0.1283557142883715	0.044188861836886445	0.08174782863960477	0.6856395099118117	0.06006808532332563	0.6856395099118117	4.0	3
DLBCL10498	0.15355834182953668	0.020822342200468004	0.09766359089855242	0.6868223171355314	0.04113340793591145	0.6868223171355314	2.0	3
DLBCL_RICOVER_288	0.6873264891804199	0.04300297238528926	0.020199913930332714	0.21766551251613725	0.03180511198782083	0.6873264891804199	1.0	0
DLBCL10548	0.1803348915735755	0.04218764979901842	0.030462019202143493	0.6879800661038404	0.05903537332142224	0.6879800661038404	0.0	3
DLBCL10456	0.12786748415814095	0.05689290527484956	0.08147823294945437	0.6894654393144428	0.04429593830311231	0.6894654393144428	3.0	3
DLBCL11581	0.11065168471454988	0.02415246589207232	0.10940534826153811	0.689601525525099	0.06618897560674072	0.689601525525099	4.0	3
DLBCL10550	0.1015645913175441	0.0395991827887339	0.06259405178866957	0.6906055677084905	0.10563660639656197	0.6906055677084905	4.0	3
DLBCL_MC_F218_RAP	0.195183539368341	0.02886305012145418	0.03049532663080427	0.6918675645570449	0.05359051932235563	0.6918675645570449	3.0	3
DLBCL_LS762	0.6919472846169709	0.05368453468806217	0.0906497888206669	0.12139941144141461	0.04231898043288547	0.6919472846169709	2.0	0
DLBCL10845	0.1438372603778515	0.07064414489366998	0.03189469108734527	0.6930403887732505	0.060583514867882764	0.6930403887732505	1.0	3
DLBCL11528	0.10112145025507316	0.04849538974588105	0.06698491650556486	0.6933468137905272	0.09005142970295375	0.6933468137905272	2.0	3
DLBCL_RICOVER_950	0.13274838395651614	0.0570796304506766	0.07848649464674505	0.6942459673960344	0.037439523550027894	0.6942459673960344	3.0	3
DLBCL_C_D_1135_NULLPAIR	0.6943123968895545	0.04589358523084126	0.03290917633631435	0.2020767177492945	0.024808123793995333	0.6943123968895545	1.0	0
DFCIDL008_DT	0.04429526115868809	0.06232437709029657	0.07216731867124758	0.12640958729143287	0.6948034557883349	0.6948034557883349	4.0	4
DLBCL_RICOVER_151	0.15130281815134425	0.05689255478322183	0.05944187029094166	0.695278200672442	0.03708455610205027	0.695278200672442	3.0	3
DLBCL10910	0.1735259387933317	0.05013747128960275	0.047486302627836825	0.6961934514985136	0.03265683579071507	0.6961934514985136	2.0	3
DLBCL10466	0.0865500917272958	0.06789004837900092	0.0712397011074257	0.6962532372964846	0.07806692148979304	0.6962532372964846	2.0	3
DLBCL_RICOVER_1293	0.1470559144170804	0.04083332118574935	0.04932025719189861	0.06632285565325188	0.6964676515520197	0.6964676515520197	4.0	4
DLBCL_LS378	0.19410334594101591	0.03615515918547906	0.033037798503067164	0.698504575290504	0.03819912107993397	0.698504575290504	0.0	3
DLBCL_RICOVER_720	0.0849805571213572	0.03516841819277596	0.04455961534060817	0.13677234965217142	0.6985190596930873	0.6985190596930873	4.0	4
DLBCL_LS1757	0.19913843038861265	0.03653877259088043	0.03546679319227391	0.7001977449001557	0.028658258928077267	0.7001977449001557	0.0	3
DLBCL_RICOVER_1219	0.04217814166822763	0.04607795952991015	0.08500110813601311	0.7006018240735281	0.126140966592321	0.7006018240735281	4.0	3
DFCIDL010_DT	0.15617495925031208	0.029293692521110082	0.03976778746242071	0.701401275449705	0.07336228531645217	0.701401275449705	0.0	3
DLBCL_C_D_1140_NULLPAIR	0.14202211458169187	0.022957822183195236	0.0410761736669833	0.7017494005875485	0.09219448898058107	0.7017494005875485	4.0	3
DLBCL10835	0.15825446680426689	0.04225916373290595	0.03955070088807942	0.7027205562715764	0.057215112303171355	0.7027205562715764	4.0	3
DLBCL11476	0.7028889196401176	0.035772531794522194	0.02718176199936893	0.15656186636576883	0.07759492020022249	0.7028889196401176	4.0	0
DLBCL11242	0.08358090521569995	0.03392400980129426	0.05522997643323351	0.12399952506202375	0.7032655834877485	0.7032655834877485	4.0	4
DLBCL_MC_F132_MLM	0.7049793435366174	0.023980621660630447	0.04196287006139547	0.20245588877317727	0.026621275968179408	0.7049793435366174	0.0	0
DLBCL10950	0.17407310888332175	0.030480914371520763	0.044875049563856115	0.7051812924484333	0.04538963473286802	0.7051812924484333	0.0	3
DLBCL11558	0.0708767433952237	0.02516493441616483	0.16022081680630598	0.7064328015743717	0.037304703807933784	0.7064328015743717	2.0	3
DLBCL11472	0.17154603954399605	0.04806698905657504	0.04131200156892374	0.7070352250109754	0.03203974481952975	0.7070352250109754	0.0	3
DLBCL11676	0.1632876198176453	0.02479204437749196	0.07095225236966582	0.7075129011006716	0.0334551823345254	0.7075129011006716	0.0	3
DLBCL10854	0.06893289430687968	0.028059884919420672	0.12498309251688382	0.7078070677645762	0.07021706049223966	0.7078070677645762	4.0	3
DLBCL_RICOVER_583	0.13704518939471794	0.05462720113349861	0.0470227390071153	0.708211864835247	0.053093005629421125	0.708211864835247	1.0	3
DLBCL_C_D_1118_NULLPAIR	0.14078043239238514	0.06627888448159105	0.03737658072288148	0.7091045220000829	0.04645958040305943	0.7091045220000829	1.0	3
DLBCL10993	0.12693293883864648	0.017249686128263286	0.056910525666353365	0.7113297540460343	0.08757709532070267	0.7113297540460343	0.0	3
DLBCL10900	0.07185492338659082	0.02434060905647086	0.03292681188628687	0.7113672218788293	0.15951043379182223	0.7113672218788293	4.0	3
DLBCL10834	0.12427598576799806	0.7118667747247464	0.06788444932744842	0.06233345834055896	0.03363933183924826	0.7118667747247464	1.0	1
DLBCL_C_D_1166_NULLPAIR	0.07587399769057408	0.035750387400234195	0.039408907285413075	0.13648402043931407	0.7124826871844646	0.7124826871844646	4.0	4
DLBCL10485	0.08553197783060193	0.027181441767582814	0.08893233625589095	0.7147335165736306	0.08362072757229368	0.7147335165736306	4.0	3
DLBCL10452	0.17154585358294802	0.03826617321121227	0.04691310088472738	0.7148461935056692	0.028428678815443136	0.7148461935056692	1.0	3
DLBCL11542	0.078416949501039	0.054025085110109464	0.7158504919760545	0.1223550025361244	0.02935247087667261	0.7158504919760545	2.0	2
DLBCL11662	0.09830138181889025	0.02529721760882253	0.04358265078709186	0.7161518163383842	0.11666693344681106	0.7161518163383842	0.0	3
DLBCL10852	0.10346733601090334	0.07041370635625799	0.03279605891069061	0.7164579685967604	0.07686493012538777	0.7164579685967604	4.0	3
DLBCL10884	0.15607562660783625	0.0424673637492377	0.04368094185007844	0.7175164961963441	0.04025957159650349	0.7175164961963441	0.0	3
DLBCL_MC_F262_WLC	0.1363801347205068	0.034025054647215315	0.048462056638843745	0.7179005872466105	0.06323216674682357	0.7179005872466105	0.0	3
DLBCL10838	0.1215981155780723	0.026716831786694258	0.0459253945697974	0.7196998418105701	0.0860598162548659	0.7196998418105701	4.0	3
DLBCL_C_D_1163_NULLPAIR	0.09467758788458262	0.0315664287913387	0.041614566296700524	0.7200333295753993	0.11210808745197877	0.7200333295753993	4.0	3
DLBCL11535	0.08491510222728244	0.02985882559728925	0.03493966071737085	0.720352143133649	0.12993426832440838	0.720352143133649	3.0	3
DLBCL10909	0.1022648318540729	0.021834591432129125	0.114479804070122	0.7204728108456848	0.040947961797991136	0.7204728108456848	4.0	3
DLBCL11504	0.14096442625674965	0.030319630973664274	0.05426830736848785	0.722708906411876	0.051738728989222216	0.722708906411876	4.0	3
DLBCL10964	0.07162748526952187	0.0229933856441793	0.03815733485150843	0.7232194020019511	0.14400239223283928	0.7232194020019511	4.0	3
DLBCL10894	0.18052741412415296	0.03327946954577333	0.03958954204337755	0.7232747218889124	0.023328852397783744	0.7232747218889124	1.0	3
DLBCL10908	0.7242146754153556	0.04537685489674218	0.0609586560212251	0.12025533730059061	0.049194476366086516	0.7242146754153556	4.0	0
DLBCL11657	0.13645917749953926	0.061081464477870995	0.04068176170951413	0.7254536246131073	0.0363239716999684	0.7254536246131073	3.0	3
DLBCL_RICOVER_910	0.16508064596997618	0.0321869851912102	0.03235700428225425	0.7261773165298956	0.04419804802666373	0.7261773165298956	0.0	3
DLBCL_RICOVER_711	0.15558758267781145	0.0386569875192636	0.030281599173836844	0.7294993953081238	0.045974435320964284	0.7294993953081238	3.0	3
DLBCL_RICOVER_473	0.1447976883607125	0.035756398776912716	0.04146241635520581	0.7307888568187575	0.04719463968841147	0.7307888568187575	0.0	3
DLBCL_RICOVER_1018	0.15041554879844288	0.04043612782838115	0.0320105313623551	0.7322466483572052	0.04489114365361566	0.7322466483572052	3.0	3
DLBCL_LS4616	0.11003623391124252	0.048769102408051886	0.08332407331974954	0.7339325258735488	0.02393806448740723	0.7339325258735488	2.0	3
DLBCL_RICOVER_216	0.1406267627472525	0.030940413945696427	0.05222343704341368	0.7354825296072975	0.040726856656339815	0.7354825296072975	2.0	3
DLBCL10482	0.735661193514087	0.02351570583403445	0.031041632993182588	0.13629907963328372	0.07348238802541224	0.735661193514087	0.0	0
DLBCL_MC_F349_BJJ	0.09975434400501419	0.031441175165283886	0.09221897775985997	0.7378061013978907	0.03877940167195125	0.7378061013978907	2.0	3
DLBCL11448	0.12367807151312331	0.024858225681097336	0.049206816257402836	0.7387100745642625	0.06354681198411403	0.7387100745642625	3.0	3
DLBCL11471	0.13271069413781766	0.030580346673359213	0.04821471607575883	0.7417400569789723	0.046754186134092005	0.7417400569789723	3.0	3
DLBCL10865	0.10081093972712613	0.03747266284840902	0.05508687109426287	0.7424783937307473	0.06415113259945467	0.7424783937307473	4.0	3
DLBCL_LS4619	0.12181717728772755	0.04125799908759137	0.04330988563096238	0.7426788962900694	0.0509360417036492	0.7426788962900694	4.0	3
DLBCL10972	0.12242704465238731	0.0336073403103447	0.033927842095610714	0.7465751741505408	0.06346259879111651	0.7465751741505408	0.0	3
DLBCL10458	0.7476729884783472	0.034374212348985286	0.027343157345444936	0.15949903592194475	0.031110605905277856	0.7476729884783472	0.0	0
DLBCL_C_D_1109_NULLPAIR	0.15237184179865432	0.03659733653134117	0.03584965800171843	0.7479304223137234	0.027250741354562628	0.7479304223137234	3.0	3
DLBCL_C_D_1148_NULLPAIR	0.13657894585435856	0.026157461914698553	0.049996065439673096	0.750013327399971	0.03725419939129879	0.750013327399971	0.0	3
DLBCL_C_D_1152_NULLPAIR	0.7505047055759044	0.0773851742086672	0.021025123171876912	0.11861273815689916	0.032472258886652276	0.7505047055759044	1.0	0
DLBCL10848	0.09111259476736286	0.02093159575507901	0.04844276370485061	0.7517070368118708	0.08780600896083676	0.7517070368118708	4.0	3
DLBCL_RICOVER_522	0.13910281951709924	0.029527634973663112	0.05303639810204139	0.7522959274061185	0.026037220001077756	0.7522959274061185	2.0	3
DLBCL_LS155	0.13511186701997768	0.02806275102136266	0.04303421788553675	0.7524183577312592	0.04137280634186373	0.7524183577312592	2.0	3
DLBCL10460	0.12436248919825998	0.04082771415261552	0.052083031541663265	0.7532533154338126	0.029473449673648688	0.7532533154338126	1.0	3
DLBCL_RICOVER_314	0.07362801002631955	0.03074178665886577	0.0913490246624796	0.7543486581817674	0.04993252047056767	0.7543486581817674	4.0	3
DLBCL_MC_F729_MAN	0.7567412422608719	0.03553087486634176	0.021986582998779317	0.14558777229721448	0.04015352757679258	0.7567412422608719	1.0	0
DLBCL_RICOVER_977	0.14702178088963622	0.027645984163654384	0.027768678163757287	0.757895261036882	0.039668295746070115	0.757895261036882	0.0	3
DLBCL11664	0.09992512668409992	0.039474367919311526	0.043517707994026746	0.7579327865015052	0.05915001090105657	0.7579327865015052	1.0	3
DLBCL10985	0.1299819775404706	0.03227101788071875	0.044064484055841575	0.7588287316970926	0.03485378882587645	0.7588287316970926	1.0	3
DLBCL10906	0.10429475013085764	0.0511814058378454	0.04710376001466485	0.7593380795723293	0.0380820044443027	0.7593380795723293	1.0	3
DFCIDL004_DT	0.12235618566183344	0.029015708000464074	0.04261594088465015	0.7619599511656275	0.0440522142874248	0.7619599511656275	4.0	3
DLBCL_RICOVER_866	0.09092362082688168	0.024132757876336716	0.08792563728171304	0.76208816118519	0.034929822829878554	0.76208816118519	2.0	3
DLBCL_RICOVER_829	0.13162224758226843	0.026797301584837573	0.02804245458549927	0.7668953653412827	0.04664263090611202	0.7668953653412827	0.0	3
DLBCL11447	0.11419657126256005	0.021767211179901255	0.04519064827234545	0.7685398417716283	0.05030572751356499	0.7685398417716283	3.0	3
DLBCL_C_D_1103_NULLPAIR	0.07561190885770876	0.03644693374269495	0.07204591195220392	0.7690549925210303	0.04684025292636207	0.7690549925210303	3.0	3
DLBCL_MC_F739_AMA3	0.10186906225291878	0.04156785570145109	0.055926966476748094	0.7715638101542345	0.02907230541464761	0.7715638101542345	1.0	3
DLBCL11673	0.11573477369291532	0.03689710414369571	0.03338728791968476	0.7732846484394621	0.040696185804242085	0.7732846484394621	1.0	3
DLBCL10513	0.09587327830208105	0.026174967063474452	0.06984845458566805	0.7740462174861618	0.03405708256261466	0.7740462174861618	3.0	3
DLBCL11002	0.05208743423468711	0.04399864515173653	0.08055264600583703	0.7741591358606323	0.04920213874710702	0.7741591358606323	3.0	3
DLBCL11464	0.12559523082136018	0.027885314791304096	0.030696902863106897	0.7744091709917564	0.04141338053247238	0.7744091709917564	3.0	3
DLBCL10996	0.7768573823275727	0.04676731081430451	0.02617701587190519	0.12479670809445001	0.02540158289176751	0.7768573823275727	0.0	0
DLBCL11460	0.05087605932202334	0.02639107700544706	0.10406061501201146	0.7783177301471953	0.04035451851332276	0.7783177301471953	3.0	3
DLBC_FF_A7CQ_TP_NB	0.05934044111717107	0.032972876576784486	0.03884538743620313	0.7790419874274557	0.08979930744238564	0.7790419874274557	4.0	3
DLBCL_RICOVER_449	0.11756782515364801	0.03128422003241711	0.038697325475336206	0.7805607739209096	0.03188985541768906	0.7805607739209096	4.0	3
DLBCL10536	0.11008066672679238	0.021155121642714454	0.06031753809072573	0.7811666505042465	0.027280023035520965	0.7811666505042465	2.0	3
DLBCL_RICOVER_1269	0.08720713667400193	0.03802530547207007	0.04739014407161782	0.78131046747692	0.046066946305390204	0.78131046747692	2.0	3
DLBCL_RICOVER_1165	0.09967020251452807	0.025098705983676306	0.02843057434292348	0.7816639115720903	0.06513660558678183	0.7816639115720903	1.0	3
DLBCL10515	0.7820401216683022	0.02530286824288737	0.023240074388186628	0.13828315197657395	0.031133783724049895	0.7820401216683022	0.0	0
DLBCL10968	0.13953921722919108	0.020703820989208865	0.028742733046762965	0.7821816359080921	0.028832592826745017	0.7821816359080921	0.0	3
DLBCL_RICOVER_320	0.07286456170491519	0.03926706326697445	0.06059355316043696	0.7886415475262192	0.038633274341454214	0.7886415475262192	2.0	3
DLBCL11194	0.09217157886384965	0.02759347903618655	0.04954514810457133	0.7891589219433521	0.04153087205204037	0.7891589219433521	4.0	3
DLBCL11443	0.7894712694644982	0.012628370862948152	0.027889553634442777	0.1350602852462841	0.03495052079182671	0.7894712694644982	0.0	0
DLBCL10514	0.08793431735617423	0.026530204900885587	0.06115424787870599	0.7897261617044963	0.03465506815973794	0.7897261617044963	2.0	3
DLBCL_RICOVER_1204	0.07394475245385623	0.029146840255168085	0.0596279324573199	0.7933320243679207	0.04394845046573509	0.7933320243679207	3.0	3
DLBCL11436	0.07327804774511378	0.027271547129529575	0.08393708196029512	0.7964209838298216	0.019092339335239936	0.7964209838298216	1.0	3
DLBCL11510	0.798111497294883	0.022210114016207646	0.014979119946172903	0.13825857353214382	0.026440695210592637	0.798111497294883	4.0	0
DLBCL10963	0.09657333164213877	0.028605041165128815	0.04509543351105006	0.7982664148244893	0.03145977885719307	0.7982664148244893	4.0	3
DLBCL11466	0.06387379379814218	0.029178887103590078	0.08123999446601163	0.7985676341635287	0.02713969046872742	0.7985676341635287	1.0	3
DLBCL_RICOVER_134	0.02396070503189892	0.04916374279854701	0.030272316732535907	0.09707140745080636	0.7995318279862118	0.7995318279862118	4.0	4
DLBCL10898	0.10492564953218264	0.02516112329038009	0.03044485974039739	0.8004674945302139	0.03900087290682598	0.8004674945302139	4.0	3
DLBCL_C_D_1136_NULLPAIR	0.05941981287100298	0.03893885524046182	0.04280385805731611	0.8009746339791951	0.05786283985202395	0.8009746339791951	1.0	3
DLBCL10901	0.09377320834864557	0.03069103867154947	0.02776804875536398	0.8016975025387899	0.046070201685651055	0.8016975025387899	4.0	3
DFCIDL003_DT	0.07026976087934758	0.04587219109859106	0.051054144611551326	0.8023486002616214	0.030455303148888765	0.8023486002616214	1.0	3
DLBCL_C_D_1151_NULLPAIR	0.08848351897403654	0.028464668508889072	0.047074153274392	0.8041733009447836	0.03180435829789886	0.8041733009447836	3.0	3
DLBCL10534	0.03232597452684932	0.056127763328843124	0.020340066356195237	0.08535936617661627	0.805846829611496	0.805846829611496	4.0	4
DLBCL10965	0.10374688146731645	0.02723608065214242	0.03018228477627144	0.8065978121041385	0.03223694100013119	0.8065978121041385	3.0	3
DLBCL_C_D_1159_NULLPAIR	0.09906853806943225	0.021907636550730813	0.046236135187363435	0.8067154245354511	0.02607226565702237	0.8067154245354511	3.0	3
DLBCL11576	0.08542100749420727	0.027186639603740723	0.046050438500892854	0.806941590404998	0.03440032399616112	0.806941590404998	3.0	3
DLBCL10875	0.11147369893835278	0.018570252308681555	0.03925499827645857	0.8070267543705945	0.023674296105912603	0.8070267543705945	0.0	3
DLBCL10994	0.11354850693850378	0.023636412839081335	0.026809056962160654	0.8072036583632902	0.02880236489696402	0.8072036583632902	0.0	3
DLBCL10913	0.10051548003273146	0.02797407697209764	0.032096344410453656	0.8072613644937182	0.03215273409099903	0.8072613644937182	0.0	3
DLBCL_RICOVER_335	0.08923726106989016	0.04015091943303198	0.036556192283440515	0.8073675450247768	0.026688082188860488	0.8073675450247768	1.0	3
DLBCL_RICOVER_985	0.06951778251179995	0.02009695825507435	0.06856126572182605	0.8089966282001955	0.03282736531110412	0.8089966282001955	3.0	3
DLBCL10547	0.07814214498724491	0.023753090829075466	0.035572583051775034	0.810856042772096	0.05167613835980859	0.810856042772096	3.0	3
DLBCL_RICOVER_1060	0.09384738820554105	0.022616360901814903	0.033936313938066176	0.8112642091613861	0.03833572779319175	0.8112642091613861	1.0	3
DLBCL10978	0.08225451960680444	0.026224346305390566	0.03702031021045797	0.8138707586266418	0.04063006525070525	0.8138707586266418	3.0	3
DLBCL_RICOVER_978	0.08659543380553363	0.020952539117521488	0.03680308180849371	0.8145136224600076	0.04113532280844364	0.8145136224600076	2.0	3
DLBCL11191	0.0998323704349316	0.02069961100109122	0.03649509089419735	0.8162211979627687	0.026751729707011094	0.8162211979627687	0.0	3
DLBCL11661	0.0876231509512929	0.030477661062341472	0.030049423806213456	0.8170678638173147	0.034781900362837556	0.8170678638173147	1.0	3
DLBCL_LS1668	0.08343177580879028	0.024754018988135236	0.03738558965540881	0.8185334551807144	0.035895160366951284	0.8185334551807144	1.0	3
DLBCL_LS3204	0.07394231338623068	0.02165253623674012	0.060603811601197925	0.8191371900192498	0.024664148756581513	0.8191371900192498	1.0	3
DLBCL11474	0.0930530814938779	0.022245057161088717	0.03332755587967015	0.8206625327285358	0.030711772736827427	0.8206625327285358	0.0	3
DLBCL10491	0.04603745668100227	0.026790877348033683	0.06778523098335935	0.8210112167204714	0.03837521826713327	0.8210112167204714	3.0	3
DLBC_FF_8046_TP_NB	0.08362002167441873	0.02263797335718664	0.04314598745358313	0.8212424522857187	0.029353565229092736	0.8212424522857187	2.0	3
DLBCL10521	0.08321448968666938	0.03224794076582602	0.026447618296382706	0.8231643662732436	0.03492558497787826	0.8231643662732436	4.0	3
DLBCL_C_D_1153_NULLPAIR	0.0672425215484466	0.018204752869657493	0.042401062000089286	0.8252505492292591	0.0469011143525475	0.8252505492292591	3.0	3
DLBCL11527	0.060089883706542675	0.021156470818707286	0.05456771873953568	0.8258865788486351	0.03829934788657917	0.8258865788486351	3.0	3
DLBCL10932	0.08821295567385021	0.03039057357100071	0.036166711202202925	0.8262178297682081	0.019011929784738	0.8262178297682081	3.0	3
DLBCL_LS3499	0.08605130529489241	0.025506355055841597	0.03169906547606348	0.8295789386304432	0.02716433554275929	0.8295789386304432	3.0	3
DLBCL10850	0.07686370332874497	0.027477577246941467	0.04124854814175686	0.829723970793236	0.024686200489320662	0.829723970793236	1.0	3
DLBCL11525	0.05769483471262243	0.02023404583388485	0.05568280044005465	0.8298338457943857	0.036554473219052364	0.8298338457943857	2.0	3
DLBCL10837	0.05487863548320761	0.02288810184638175	0.046142685188351545	0.8320275800616388	0.04406299742042028	0.8320275800616388	4.0	3
DLBCL_RICOVER_773	0.07889052890437502	0.023992243803386597	0.02783143583735045	0.8329089434520902	0.036376848002797765	0.8329089434520902	4.0	3
DLBCL10842	0.04313377564995107	0.021033249366514923	0.0477853177837267	0.8364145091114279	0.05163314808837943	0.8364145091114279	4.0	3
DLBCL10939	0.0922019047419695	0.01796843408349229	0.02837459437969705	0.8366647773101108	0.02479028948473034	0.8366647773101108	3.0	3
DLBCL_LS1065	0.05553305468236235	0.0221930654179733	0.05226247042039594	0.8370062971736241	0.033005112305644305	0.8370062971736241	1.0	3
DLBCL10915	0.08457737000206514	0.024026122556277642	0.023081213692178103	0.837268343857357	0.03104694989212204	0.837268343857357	4.0	3
DLBCL11429	0.08409336562890708	0.01913795771786201	0.023927808899440857	0.8375011999407057	0.035339667813084265	0.8375011999407057	0.0	3
DLBCL11486	0.838442678249734	0.013786276919729659	0.036613458736356394	0.0963336316664399	0.014823954427740057	0.838442678249734	0.0	0
DLBCL11515	0.08086445995886249	0.01808591612815356	0.04072605336664601	0.8408542828961061	0.01946928765023186	0.8408542828961061	2.0	3
DLBCL_LS3820	0.059769545827788914	0.022793219626301837	0.045490463503873216	0.8412070220730468	0.030739748968989324	0.8412070220730468	2.0	3
DLBC_FF_8062_TP_NB	0.08423335166142568	0.018022914556373976	0.03111206081192472	0.8415093843639635	0.025122288606312142	0.8415093843639635	3.0	3
DLBCL10986	0.0602021119964409	0.024033092818205513	0.03812359378632212	0.8444874330394602	0.03315376835957131	0.8444874330394602	0.0	3
DLBCL11206	0.06514035466256655	0.02689478563171363	0.024402820000568266	0.8450120417593077	0.03854999794584393	0.8450120417593077	4.0	3
DLBCL11663	0.8459388838066789	0.021930952854779865	0.020930034223788998	0.09571908720368426	0.015481041911067946	0.8459388838066789	0.0	0
DLBCL_LS297	0.05508767169066322	0.019966445538888936	0.035521686557638134	0.846069785851805	0.04335441036100469	0.846069785851805	2.0	3
DLBCL10862	0.07481251248015007	0.018773346924886296	0.025496804740911327	0.8480466896530933	0.03287064620095903	0.8480466896530933	4.0	3
DLBCL_RICOVER_850	0.0468110607972245	0.030580326504954066	0.03478375788261898	0.8481396277236523	0.039685227091550146	0.8481396277236523	4.0	3
DLBCL_C_D_1105_NULLPAIR	0.06982147902393913	0.025126202214570136	0.02785084369169177	0.8515422165782729	0.025659258491526095	0.8515422165782729	1.0	3
DLBCL10519	0.04196662714736138	0.026555237978551593	0.0586211453788512	0.851637607256222	0.02121938223901384	0.851637607256222	1.0	3
DLBCL10541	0.06376547611440206	0.026895288946198557	0.031264790144397675	0.8542308299565681	0.023843614838433655	0.8542308299565681	1.0	3
DLBCL10465	0.059778061859887315	0.020408608733258917	0.03973105141914573	0.8542396979549096	0.02584258003279851	0.8542396979549096	2.0	3
DLBCL11678	0.0645603581211495	0.01636503167451655	0.038538324389886594	0.8560837643612476	0.02445252145319986	0.8560837643612476	3.0	3
DLBCL10856	0.06549602699650718	0.02011384174692825	0.036718216650895225	0.8565152244876593	0.021156690118010062	0.8565152244876593	2.0	3
DLBCL10497	0.05811717225477946	0.016881726046017294	0.04519203892364033	0.8569324401853401	0.02287662259022283	0.8569324401853401	3.0	3
DLBCL11655	0.0661303525997049	0.016377252367192674	0.03322145182519031	0.8593354206969743	0.02493552251093773	0.8593354206969743	3.0	3
DLBCL10896	0.06327751763148907	0.019861771984357242	0.026296088888960283	0.8611537309153479	0.029410890579845608	0.8611537309153479	0.0	3
DLBCL11196	0.06926890076317994	0.01683084940521439	0.026387613529870034	0.8613209473628775	0.026191688938858145	0.8613209473628775	3.0	3
DLBCL11473	0.06324508386910448	0.020200083476047993	0.03839100361008232	0.8613397632815871	0.016824065763178103	0.8613397632815871	0.0	3
DLBCL_LS2590	0.0389695678591535	0.014802305504164337	0.031100169189805515	0.8673963749864546	0.04773158246042203	0.8673963749864546	3.0	3
DLBCL10863	0.05575086917331523	0.01587472798817936	0.029365029568534946	0.8682048139509857	0.030804559318984803	0.8682048139509857	3.0	3
DLBCL10931	0.8685384257115665	0.010727017316327622	0.024258234767121623	0.08097340782807172	0.015502914376912575	0.8685384257115665	0.0	0
DLBCL10974	0.04619019213132829	0.016921923136080395	0.03825242717901605	0.871445149680981	0.027190307872594282	0.871445149680981	3.0	3
DLBCL10866	0.055168736364540935	0.015170989157800827	0.027345326658771752	0.8715337378980138	0.030781209920872687	0.8715337378980138	4.0	3
DLBCL11509	0.05032743767385017	0.014823984464351212	0.031890723921925865	0.875091138862037	0.027866715077835735	0.875091138862037	0.0	3
DLBCL_LS2357	0.04227346875022269	0.021464161418340656	0.034730710276406	0.8760635122764301	0.0254681472786006	0.8760635122764301	3.0	3
DLBCL_LS2208	0.030749677479229305	0.01701725954145415	0.04950509693669545	0.8772731748207504	0.025454791221870717	0.8772731748207504	4.0	3
DLBCL10975	0.8775693043008878	0.015462524894157307	0.01013611353790665	0.07221854573680259	0.02461351153024573	0.8775693043008878	0.0	0
DLBCL10925	0.05444036329139789	0.018462242361109927	0.027995373675221685	0.8790163105904216	0.020085710081848916	0.8790163105904216	4.0	3
DLBCL11456	0.05051502895207452	0.01725339709980018	0.028667787321100386	0.8793383858243717	0.024225400802653146	0.8793383858243717	1.0	3
DLBCL10539	0.05227174072392666	0.019256715430253476	0.02661556404011248	0.8793541956796218	0.022501784126085625	0.8793541956796218	3.0	3
DLBCL_C_D_1139_NULLPAIR	0.053203076953304	0.01861145967347648	0.03235833214207185	0.8793833037220153	0.016443827509132328	0.8793833037220153	3.0	3
DLBCL_BWH_DLBCL64	0.05345677417030017	0.018497143178028166	0.03165290215885407	0.8797713751787989	0.016621805314018665	0.8797713751787989	1.0	3
DLBCL10980	0.05222833908057877	0.019364608167647894	0.027746842677298694	0.8804881030115272	0.020172107062947364	0.8804881030115272	4.0	3
DLBCL10469	0.04916772845361487	0.017551278259615995	0.031162459900080874	0.8816066120080142	0.020511921378674084	0.8816066120080142	3.0	3
DLBCL11519	0.05064974327136118	0.016553198863241782	0.034076086922508284	0.882739646130401	0.01598132481248778	0.882739646130401	0.0	3
DLBCL11208	0.03338223690347953	0.01842032288249183	0.03570079491132245	0.8837240657082529	0.02877257959445324	0.8837240657082529	1.0	3
DLBCL11511	0.04950189302851278	0.014259757084305321	0.02778918056022195	0.8869472465228088	0.021501922804151245	0.8869472465228088	0.0	3
DLBCL10523	0.035010704341897	0.014529109944027709	0.04318759145119964	0.8873042361661558	0.019968358096719853	0.8873042361661558	2.0	3
DLBCL_RICOVER_701	0.038958765211690276	0.01784320738701213	0.033630816285364094	0.8877607640739005	0.021806447042032974	0.8877607640739005	3.0	3
DLBCL11434	0.8887486641061288	0.013829777482824974	0.017752336820110227	0.06399983725202917	0.01566938433890674	0.8887486641061288	0.0	0
DLBCL_RICOVER_1061	0.04993515481562517	0.01283598377321943	0.029660154883871255	0.889409578609135	0.018159127918149057	0.889409578609135	3.0	3
DLBCL10879	0.040053939142820454	0.014753450466842656	0.0336030136051913	0.890277282144937	0.021312314640208614	0.890277282144937	2.0	3
DLBCL_RICOVER_575	0.04406560926196743	0.015405065077735864	0.027786155647953996	0.89075609880503	0.021987071207312706	0.89075609880503	3.0	3
DLBCL11564	0.045756783204230225	0.018181636191176288	0.02674520379199893	0.8910373294255934	0.018279047387001084	0.8910373294255934	3.0	3
DLBCL_RICOVER_469	0.04265800774790658	0.012763745571660825	0.035566608058865475	0.8910809073435392	0.017930731278028005	0.8910809073435392	2.0	3
DLBCL_RICOVER_361	0.03743908186286269	0.015595801502887266	0.025297720644926008	0.8947165339090882	0.02695086208023576	0.8947165339090882	3.0	3
DLBCL10544	0.04145090582179906	0.013877605839301872	0.029070029330578444	0.8953898089309803	0.02021165007734036	0.8953898089309803	3.0	3
DLBCL10542	0.895757242477702	0.007767899305873938	0.014385492624006457	0.062404746951834886	0.01968461864058262	0.895757242477702	0.0	0
DLBCL11459	0.039010499088078125	0.014825256584176315	0.027804501022362305	0.899182774515514	0.0191769687898693	0.899182774515514	3.0	3
DLBCL_RICOVER_1283	0.04260040881664185	0.014206473415408098	0.025172026571362756	0.8991859422021171	0.01883514899447019	0.8991859422021171	2.0	3
DLBCL10956	0.9217515553130063	0.01334706891308117	0.008083108100092126	0.04536899472598304	0.011449272947837347	0.9217515553130063	1.0	0
DLBCL10912	0.9357478483817392	0.010184753694395091	0.010309477400641935	0.03237279506040626	0.011385125462817563	0.9357478483817392	0.0	0
DLBCL10844	0.9563125174394627	0.005950022230078276	0.005915744683916501	0.022072218815870476	0.009749496830672062	0.9563125174394627	0.0	0
DLBCL11574	0.957215543094124	0.005543953166592709	0.008450358785041011	0.022730670398578862	0.00605947455566341	0.957215543094124	2.0	0
DLBCL10529	0.00928655353598019	0.011733450493959251	0.0063183259563855355	0.014342904487664542	0.9583187655260105	0.9583187655260105	4.0	4
