	C1	C2	C3	C4	C5	Confidence	True Cluster	Predicted Cluster
DLBCL_MC_F496DMP	0.39128125701187155	0.054560109244506785	0.04772310889793427	0.4408842906102359	0.06555123423545156	0.4408842906102359	1.0	3
DLBCL_LS3809	0.44473380103592025	0.04214822816582042	0.07183331581604088	0.3593970948130181	0.08188756016920028	0.44473380103592025	0.0	0
DLBCL_RICOVER_1329	0.31961520973383944	0.03347268091501453	0.06379599489840058	0.45229894023298267	0.13081717421976277	0.45229894023298267	4.0	3
DLBCL11515	0.236515081245835	0.056358507725202636	0.12882854538246433	0.455567758072912	0.12273010757358611	0.455567758072912	2.0	3
DLBCL_LS2325	0.35902625875951044	0.06259004923163006	0.06833507842450018	0.4632907365387848	0.046757877045574284	0.4632907365387848	2.0	3
DLBCL_RICOVER_1287	0.374304340126121	0.0503771825001162	0.05056024860799768	0.46827968853953905	0.05647854022622601	0.46827968853953905	4.0	3
DLBC_FF_8043_TP_NB	0.3193322393847647	0.06392750471579985	0.06399280044839024	0.4708479676130692	0.08189948783797611	0.4708479676130692	1.0	3
DLBCL_RICOVER_1278	0.3267696450644084	0.04651905195351228	0.07181234066535139	0.481293840551585	0.07360512176514292	0.481293840551585	4.0	3
DLBCL_RICOVER_173	0.2765910733592368	0.04300906746613574	0.07705277602561808	0.4900010094175024	0.11334607373150697	0.4900010094175024	4.0	3
DLBCL_LS4054	0.28699418017143025	0.045622409616390004	0.06517501720703223	0.4959705240296644	0.10623786897548304	0.4959705240296644	1.0	3
DLBCL_RICOVER_449	0.2627283190661553	0.0724758900089449	0.07648631945778532	0.4962592373413593	0.09205023412575519	0.4962592373413593	4.0	3
DLBCL11657	0.3491064245694733	0.04818831589125985	0.04040327728389002	0.49628310759522004	0.06601887466015688	0.49628310759522004	3.0	3
DLBC_FF_8062_TP_NB	0.3435450808788442	0.03932731984985935	0.056275236402163975	0.4987709151524963	0.06208144771663617	0.4987709151524963	3.0	3
DLBCL_MC_F089_HCZ	0.33642873014227853	0.057350653589927594	0.04833309379056859	0.5079896575657941	0.04989786491143132	0.5079896575657941	1.0	3
DLBCL11458	0.2550639339389145	0.05087588875192762	0.0833595197253896	0.508478870539343	0.10222178704442518	0.508478870539343	2.0	3
DLBCL11002	0.29688943968089226	0.048242747061572125	0.07230093055120984	0.5092132750301985	0.07335360767612735	0.5092132750301985	3.0	3
DLBCL10883	0.3234051389807689	0.04807870192183465	0.04678128188018511	0.5158850962611218	0.0658497809560895	0.5158850962611218	4.0	3
DLBCL10999	0.34191794656689867	0.03902446734207374	0.04742539144166217	0.5165977207632476	0.055034473886117784	0.5165977207632476	4.0	3
DLBCL10961	0.31120576592955024	0.05368588007062829	0.051787045534491184	0.5192638300239741	0.06405747844135619	0.5192638300239741	4.0	3
DLBCL11539	0.30603620689320876	0.04217428691574243	0.07240529938539829	0.5211201073128393	0.05826409949281117	0.5211201073128393	0.0	3
DLBCL11496	0.29739669781790373	0.03914438315698248	0.06744995554094195	0.5221986564556386	0.07381030702853325	0.5221986564556386	0.0	3
DLBCL11483	0.29691437463405385	0.04717354832301861	0.05260736243535136	0.5260452490517162	0.07725946555586005	0.5260452490517162	1.0	3
DLBCL10928	0.29599222214076343	0.04614827375922816	0.043991705040864894	0.5290038130887772	0.08486398597036625	0.5290038130887772	0.0	3
DLBCL11486	0.25390484371003275	0.043536822210245484	0.09496859555541523	0.5292997266877069	0.07829001183659974	0.5292997266877069	0.0	3
DLBCL11519	0.24419282361222086	0.05459676850727661	0.08823072966879501	0.5299534701956886	0.08302620801601891	0.5299534701956886	0.0	3
DLBCL11679	0.2707062186683496	0.05593047023663921	0.06621302251498194	0.5309568858115591	0.07619340276847013	0.5309568858115591	1.0	3
DLBCL10887	0.26383435273152034	0.055329768350655624	0.058689845327048115	0.5323026428223346	0.08984339076844132	0.5323026428223346	4.0	3
DLBCL_RICOVER_1210	0.2731300504842403	0.0559060028337542	0.05318105636613638	0.5332145022614009	0.08456838805446819	0.5332145022614009	1.0	3
DLBCL11656	0.27303419650698874	0.04314251078833463	0.0664411338853237	0.5336341206347638	0.08374803818458913	0.5336341206347638	2.0	3
DLBCL10874	0.30032568098227025	0.041345090856167034	0.04088714462619842	0.5357113158039682	0.08173076773139591	0.5357113158039682	1.0	3
DLBCL10495	0.2818950697061088	0.040255451751107396	0.050883552504602705	0.5370816986726776	0.08988422736550347	0.5370816986726776	0.0	3
DLBCL_C_D_1126_NULLPAIR	0.2561919077679591	0.05158244617985746	0.05535729968216901	0.5375773130658258	0.09929103330418869	0.5375773130658258	1.0	3
DLBCL11449	0.25847245535518587	0.052235578364780696	0.0899687419850059	0.538184937219249	0.06113828707577848	0.538184937219249	1.0	3
DLBC_FF_A7CQ_TP_NB	0.27803463511808607	0.03613492280469992	0.07404849614704787	0.5427732129044339	0.06900873302573214	0.5427732129044339	4.0	3
DLBCL10954	0.2695419952028125	0.039310714306387655	0.06865646004949132	0.5429267354421429	0.07956409499916567	0.5429267354421429	1.0	3
DLBCL_RICOVER_533	0.21777035106855752	0.06163753254969071	0.0787280155271468	0.5434327325743081	0.0984313682802968	0.5434327325743081	1.0	3
DLBCL10849	0.29149263861280655	0.04587230065370491	0.06403916304427006	0.5440199040373158	0.054575993651902695	0.5440199040373158	1.0	3
DLBC_FF_A7CX_TP_NB	0.24637955174779264	0.06921796393148578	0.07748769520924455	0.5454583316982353	0.06145645741324169	0.5454583316982353	4.0	3
DLBCL10541	0.22954761935184237	0.0748638574316408	0.06153327364675576	0.5511348596700831	0.0829203898996779	0.5511348596700831	1.0	3
DLBCL10996	0.26670936349677504	0.04516421855824461	0.05416063283397644	0.5526012603399415	0.08136452477106243	0.5526012603399415	0.0	3
DLBCL_RICOVER_826	0.2885722882472609	0.052068173151130534	0.03580287557232535	0.5533175883220929	0.07023907470719029	0.5533175883220929	0.0	3
DLBCL_RICOVER_744	0.26427241023143383	0.04347991509988838	0.06492087737679979	0.5533795454746061	0.07394725181727183	0.5533795454746061	2.0	3
DLBCL_MC_F606_DMJ	0.24782176042192652	0.045814179304516436	0.063604570984226	0.5537204667926857	0.08903902249664539	0.5537204667926857	2.0	3
DLBCL10548	0.21303494425623856	0.04949201945429818	0.07266165966367696	0.5555616071533089	0.10924976947247732	0.5555616071533089	0.0	3
DLBCL10458	0.2832779155139702	0.043174476213915555	0.03916020191042258	0.5568421214416831	0.07754528492000863	0.5568421214416831	0.0	3
DLBCL11566	0.24004504716574904	0.0515394866712891	0.0712222762726287	0.5578798703063245	0.07931331958400868	0.5578798703063245	2.0	3
DLBCL11471	0.28731731216391854	0.04819885863435416	0.05747822501726842	0.5579353563412425	0.049070247843216494	0.5579353563412425	3.0	3
DLBCL_DFCI_DLBCL_GOE07	0.22948181302563367	0.061483998673055866	0.06162800125624703	0.5599344793159567	0.0874717077291067	0.5599344793159567	1.0	3
DLBCL10553	0.27885414292500915	0.039096729825717755	0.057847145360428974	0.5599884839509263	0.06421349793791786	0.5599884839509263	3.0	3
DLBCL10878	0.2802584145316584	0.04691594304070637	0.04845626169292435	0.5635330292465753	0.06083635148813551	0.5635330292465753	4.0	3
DLBCL_C_D_1131_NULLPAIR	0.208116789676728	0.05408173278018347	0.09378500194558355	0.5700869019002127	0.07392957369729221	0.5700869019002127	1.0	3
DLBCL11507	0.20788673504411648	0.06272601072527845	0.08748928536653744	0.5713774629403958	0.07052050592367178	0.5713774629403958	1.0	3
DLBCL10492	0.2721336171519605	0.047029923239075684	0.055135083921014266	0.5714339946437125	0.05426738104423712	0.5714339946437125	0.0	3
DLBCL10992	0.24731044132173471	0.03215941072464816	0.051089235381716065	0.5722642119299367	0.09717670064196443	0.5722642119299367	4.0	3
DLBCL11466	0.2586535715738686	0.04310479591787584	0.04757708329909908	0.5737723826763518	0.07689216653280467	0.5737723826763518	1.0	3
DLBCL10837	0.23864935563064094	0.04318471430015033	0.06483113645556994	0.5754631020005571	0.07787169161308168	0.5754631020005571	4.0	3
DLBCL_RICOVER_1190	0.2725490849479639	0.05298837666554762	0.0509658334316917	0.5757682926171049	0.04772841233769176	0.5757682926171049	4.0	3
DLBCL11484	0.2355698486883334	0.04075334193654874	0.055586337215001114	0.5772695104525729	0.0908209617075439	0.5772695104525729	1.0	3
DLBCL11353	0.2257016173242076	0.05219587945321619	0.07019315602284312	0.5774332152483316	0.07447613195140154	0.5774332152483316	4.0	3
DLBCL_C_D_1129_NULLPAIR	0.23353218564167258	0.03671572572156537	0.07652280655088696	0.5781194755308285	0.07510980655504658	0.5781194755308285	0.0	3
DLBCL_C_D_1118_NULLPAIR	0.2627194378409705	0.04306373029609306	0.05641128075193904	0.5784648042548798	0.05934074685611753	0.5784648042548798	1.0	3
DLBCL11450	0.2588820791893836	0.051068756531811796	0.05273930805547914	0.5792251429493676	0.058084713273957915	0.5792251429493676	4.0	3
DLBCL11527	0.21755625873183884	0.052266127287625815	0.05828752171397932	0.57993821314557	0.09195187912098601	0.57993821314557	3.0	3
DLBCL_RICOVER_617	0.2592473150862347	0.04881598524154918	0.06393100597517012	0.5807943838857272	0.04721130981131871	0.5807943838857272	3.0	3
DLBCL_C_D_1140_NULLPAIR	0.16897348715726418	0.05262996689072855	0.08677016053126044	0.5810586821798958	0.11056770324085118	0.5810586821798958	4.0	3
DLBCL_MAYO_DLBCL_5613	0.2642764299520341	0.03629545634719683	0.04586953663189213	0.5820116616902604	0.07154691537861656	0.5820116616902604	0.0	3
DLBCL10484	0.22415236287780674	0.05582931516956776	0.06693388418009179	0.5820880513687733	0.07099638640376045	0.5820880513687733	1.0	3
DLBCL_C_D_1135_NULLPAIR	0.2544396944109078	0.04873468193457241	0.06153935887246466	0.5845378397606718	0.05074842502138331	0.5845378397606718	1.0	3
DLBCL_MC_F815_BAT	0.25525465639837086	0.05636113042263605	0.06152663722615409	0.5850165994636894	0.04184097648914953	0.5850165994636894	2.0	3
DLBCL11591	0.233570618267642	0.05061759449797193	0.05029427477555716	0.585051334865135	0.08046617759369395	0.585051334865135	1.0	3
DLBCL10536	0.24249876936627868	0.04231390699808176	0.056334219281935174	0.5851660451052293	0.07368705924847516	0.5851660451052293	2.0	3
DLBCL10925	0.24714743986390542	0.04946113097470239	0.04569173236172308	0.5876571985036964	0.07004249829597285	0.5876571985036964	4.0	3
DLBCL11195	0.22080375631469285	0.03968487894910251	0.07011444104121169	0.5877982815367494	0.08159864215824357	0.5877982815367494	4.0	3
DLBCL10881	0.22494258017926338	0.04465136204508052	0.05752972978130711	0.5881738049727488	0.08470252302160006	0.5881738049727488	4.0	3
DLBCL11001	0.26913906515828184	0.03938448129001185	0.0527723447591778	0.5883541563370875	0.05034995245544089	0.5883541563370875	4.0	3
DLBCL11661	0.19152455796331413	0.05502335289063286	0.09672164650287546	0.5885899126469331	0.06814052999624452	0.5885899126469331	1.0	3
DLBCL11454	0.25091158652132656	0.04240427662061104	0.05148572509581145	0.5895134273691245	0.06568498439312641	0.5895134273691245	0.0	3
DLBCL11671	0.2209120663957221	0.029894740882291656	0.06986695646595127	0.5901025339636542	0.08922370229238084	0.5901025339636542	0.0	3
DLBCL10930	0.21553497586270887	0.07337859602074974	0.061101844207003174	0.5910567329508031	0.05892785095873508	0.5910567329508031	4.0	3
DLBCL_C_D_1156_NULLPAIR	0.23478182415511356	0.0370027466529457	0.05868869327686237	0.5922762288662792	0.07725050704879917	0.5922762288662792	0.0	3
DLBCL10509	0.2400065187525551	0.04403282391848269	0.08186131509548959	0.5926066817120433	0.041492660521429275	0.5926066817120433	0.0	3
DLBCL11511	0.1748025579737706	0.040576146560953784	0.0845214364661101	0.5930343859658583	0.10706547303330718	0.5930343859658583	0.0	3
DLBCL10964	0.23917455528052425	0.040113068661476015	0.04277319155731461	0.5939584752202218	0.08398070928046324	0.5939584752202218	4.0	3
DLBCL_LS762	0.22871713516977274	0.038866940815066926	0.08997334782056664	0.5943311566370773	0.04811141955751643	0.5943311566370773	2.0	3
DLBCL_RICOVER_945	0.22873532421218498	0.05342690678362865	0.058417985595877193	0.5956381259985615	0.06378165740974766	0.5956381259985615	0.0	3
DLBCL11663	0.24028644055400944	0.05067974552269321	0.06015009264545326	0.5960192867164485	0.052864434561395515	0.5960192867164485	0.0	3
DLBCL10844	0.2453257185338083	0.03547429231584842	0.07763743797099487	0.5966781185353699	0.04488443264397858	0.5966781185353699	0.0	3
DLBCL11662	0.2534988672450579	0.04422764660199549	0.061508858193866076	0.5968745312988372	0.04389009666024347	0.5968745312988372	0.0	3
DLBCL_LS1757	0.22527268731499817	0.04022949641236777	0.050476022132701595	0.5969594091692422	0.08706238497069033	0.5969594091692422	0.0	3
DLBCL10904	0.22948811704561517	0.04693100662762525	0.06249737089624542	0.5974308247039112	0.06365268072660302	0.5974308247039112	4.0	3
DLBCL_MC_F729_MAN	0.23634962705881815	0.03994635195683883	0.06027212463360536	0.5980402291727777	0.06539166717795995	0.5980402291727777	1.0	3
DLBCL_RICOVER_1165	0.23114924335804513	0.045869584642202185	0.06137268554623331	0.5988589119169381	0.06274957453658128	0.5988589119169381	1.0	3
DLBCL10900	0.22698519288920257	0.03831698898735119	0.05693687448698015	0.5993395504890007	0.07842139314746545	0.5993395504890007	4.0	3
DLBCL11510	0.21468665272329868	0.07888327533892729	0.05479884221221913	0.5994373526541098	0.052193877071445106	0.5994373526541098	4.0	3
DLBCL_LS3204	0.23080657567721705	0.041206992498154245	0.061894874635465655	0.599929109882357	0.06616244730680605	0.599929109882357	1.0	3
DLBCL10453	0.20038051363114387	0.0439996025764174	0.10839903458003892	0.600002061536538	0.047218787675861844	0.600002061536538	1.0	3
DLBCL_RICOVER_1263	0.22954963324697977	0.05426478875476582	0.060041041066869485	0.6000189916402179	0.056125545291167034	0.6000189916402179	2.0	3
DLBCL10972	0.232791735193335	0.04258192695224434	0.048825394364138165	0.6004463626058361	0.07535458088444631	0.6004463626058361	0.0	3
DLBCL11443	0.24493819577755768	0.03678038222909159	0.04625710969937866	0.6006573950002879	0.0713669172936841	0.6006573950002879	0.0	3
DLBCL10833	0.2178402532756771	0.039982248595825345	0.05686092065976651	0.6008078328459892	0.08450874462274192	0.6008078328459892	4.0	3
DLBCL_RICOVER_1299	0.22390037410882102	0.054720580983409886	0.049612880192526514	0.601914152234508	0.06985201248073467	0.601914152234508	4.0	3
DLBCL11675	0.21527733520168488	0.04413673183131677	0.05881012930496134	0.60314535669889	0.07863044696314701	0.60314535669889	2.0	3
DLBCL10994	0.2563568698778897	0.04850103936909108	0.049664057637865085	0.6041962527251195	0.04128178039003472	0.6041962527251195	0.0	3
DLBCL10918	0.23615406916871948	0.041672210186273706	0.06192763886845788	0.6055859270941953	0.054660154682353565	0.6055859270941953	0.0	3
DLBCL_RICOVER_111	0.23831268735992148	0.04154191625962405	0.04272798564521135	0.6065707816296161	0.07084662910562702	0.6065707816296161	4.0	3
DLBCL_RICOVER_253	0.22207869010384979	0.045851902992653765	0.06284648737998491	0.6076179679244335	0.06160495159907805	0.6076179679244335	1.0	3
DLBCL_MC_F132_MLM	0.209151176574437	0.03715444474258708	0.06731247251013127	0.6083921977947105	0.07798970837813413	0.6083921977947105	0.0	3
DLBCL_RICOVER_151	0.24074072901304958	0.05224743862735785	0.04739404508867826	0.6086758123169516	0.05094197495396274	0.6086758123169516	3.0	3
DLBCL_C_D_1166_NULLPAIR	0.217867934339895	0.0441812093321939	0.061425289949701076	0.6088983960032132	0.06762717037499687	0.6088983960032132	4.0	3
DLBCL10867	0.2078518089611875	0.04929301063680345	0.07169356307932537	0.6095767866039966	0.06158483071868708	0.6095767866039966	4.0	3
DLBCL_LS951	0.1633924220644016	0.03840463820802143	0.07456167591971459	0.6100951529871428	0.11354611082071955	0.6100951529871428	0.0	3
DLBCL11440	0.21546115817906403	0.0462274784656143	0.05888917376293111	0.6102591058537874	0.06916308373860319	0.6102591058537874	4.0	3
DLBCL_RICOVER_467	0.2139406838657052	0.06269818458706049	0.06601652776130518	0.6106933549717108	0.04665124881421836	0.6106933549717108	1.0	3
DLBCL_RICOVER_1060	0.23404064850796438	0.036209720551011404	0.048184964615492605	0.6107145246266781	0.07085014169885348	0.6107145246266781	1.0	3
DLBCL_C_D_1163_NULLPAIR	0.18088901088994822	0.039828002639629594	0.06339160973702568	0.6111033745100564	0.10478800222334017	0.6111033745100564	4.0	3
DLBCL_C_D_1105_NULLPAIR	0.2140483945631552	0.04594928077659469	0.049982806008077814	0.6115556339315255	0.07846388472064683	0.6115556339315255	1.0	3
DLBCL10947	0.20162939454041157	0.047728637990261696	0.06264637830322403	0.6124950451154748	0.07550054405062794	0.6124950451154748	1.0	3
DLBCL11480	0.20617437671484198	0.06569184213214133	0.07307552411746625	0.6134645908789894	0.04159366615656103	0.6134645908789894	0.0	3
DLBCL11573	0.2286745403435029	0.038734016483560084	0.04984728076594056	0.6134856974247235	0.06925846498227296	0.6134856974247235	2.0	3
DLBCL10922	0.22883288441115135	0.027123341487461303	0.04587167738166478	0.6141784092172928	0.08399368750242979	0.6141784092172928	1.0	3
DLBC_FF_8046_TP_NB	0.21698836515538794	0.037564991830599116	0.055719662078252775	0.6141848670779799	0.07554211385778034	0.6141848670779799	2.0	3
DLBCL11651	0.21932367047353804	0.04542379367440297	0.05854246421161181	0.6142754251763043	0.06243464646414283	0.6142754251763043	2.0	3
DLBCL_RICOVER_577	0.2387329738191029	0.034686056154270756	0.04269478266951589	0.6153778026589075	0.06850838469820288	0.6153778026589075	2.0	3
DLBCL10842	0.20238759616830082	0.037739267597678115	0.06610828719816064	0.6154689903809861	0.07829585865487433	0.6154689903809861	4.0	3
DLBCL10981	0.23137900751240492	0.037836448041788165	0.05608394591876192	0.6155259097099465	0.05917468881709847	0.6155259097099465	1.0	3
DLBCL_RICOVER_712	0.20330288692263174	0.04663163272038773	0.05786141256853508	0.6162891592880563	0.07591490850038908	0.6162891592880563	4.0	3
DLBCL10936	0.22635992584157621	0.03801878192857214	0.0420469815974304	0.6168004883169257	0.0767738223154956	0.6168004883169257	2.0	3
DFCIDL004_DT	0.20988234757518767	0.04572167524378639	0.045617532082412676	0.6168107266985328	0.08196771840008048	0.6168107266985328	4.0	3
DLBCL10539	0.21222772943032703	0.03899994972541714	0.0634585488085931	0.6174735011378139	0.06784027089784887	0.6174735011378139	3.0	3
DLBCL11676	0.23771228832910335	0.043554008901260995	0.05436664336299807	0.6183045247933373	0.046062534613300295	0.6183045247933373	0.0	3
DLBCL10896	0.24989751380200761	0.044327917562884615	0.0409906245496674	0.618353490572779	0.046430453512661424	0.618353490572779	0.0	3
DLBCL_RICOVER_120	0.247460341083374	0.041659672283743523	0.04065535990104687	0.6186390679509439	0.05158555878089166	0.6186390679509439	4.0	3
DLBCL10965	0.23419956970099545	0.034729784880025046	0.060602948230499505	0.6190951223409815	0.051372574847498444	0.6190951223409815	3.0	3
DLBCL10987	0.18615107563758904	0.0445538717776036	0.0719354003753165	0.6192255169719946	0.07813413523749634	0.6192255169719946	4.0	3
DLBCL10460	0.15911585115344332	0.06383897311987553	0.07251450026779362	0.620749541452438	0.08378113400644953	0.620749541452438	1.0	3
DLBCL11477	0.2410320361468803	0.04082924308151491	0.0468096344142702	0.6217639355743654	0.04956515078296915	0.6217639355743654	0.0	3
DLBCL_RICOVER_258	0.21565981056721548	0.04045563141023151	0.05902331689615189	0.6219665703922583	0.0628946707341427	0.6219665703922583	2.0	3
DLBCL10466	0.2223878972384497	0.03873023856395601	0.05212363940192652	0.6222721035649313	0.06448612123073652	0.6222721035649313	2.0	3
DLBCL10488	0.2147808302651865	0.037770343828929964	0.07124931758899665	0.6223279421185011	0.05387156619838583	0.6223279421185011	0.0	3
DLBCL_RICOVER_338	0.21714393279405877	0.05582096479840762	0.04662911705045004	0.6235508433129523	0.056855142044131224	0.6235508433129523	0.0	3
DLBCL10549	0.19908170048567078	0.03787354200847287	0.06831775683264336	0.6237674904049182	0.07095951026829482	0.6237674904049182	1.0	3
DLBCL_RICOVER_451	0.21240046897508935	0.03874194544226652	0.06268172635118258	0.6242542271944201	0.06192163203704142	0.6242542271944201	0.0	3
DLBCL_RICOVER_320	0.19509774359452098	0.043945228378327456	0.06023667854266448	0.6243961421579965	0.07632420732649053	0.6243961421579965	2.0	3
DLBCL10491	0.2218113525087397	0.047419035585177224	0.05706178249510371	0.6247731324669135	0.04893469694406587	0.6247731324669135	3.0	3
DLBCL10898	0.2036979053468095	0.04336936023029238	0.06265657775813521	0.6251419321896187	0.0651342244751442	0.6251419321896187	4.0	3
DLBCL_MAYO_DLBCL_3653	0.23744742195289825	0.04294794150480837	0.034733133239481455	0.6258955189502682	0.058975984352543746	0.6258955189502682	0.0	3
DLBCL_MC_F349_BJJ	0.2240523247180183	0.034856659040600785	0.06609778529888655	0.6261626525160525	0.04883057842644182	0.6261626525160525	2.0	3
DLBCL11509	0.23605923994083888	0.03177243783580236	0.04966830694602282	0.6264362958984905	0.05606371937884549	0.6264362958984905	0.0	3
DLBCL10547	0.21702262897854144	0.0495853012971923	0.04512113691711867	0.6264392569519686	0.06183167585517915	0.6264392569519686	3.0	3
DLBCL_LS146	0.24362555368877914	0.03658694858606023	0.0481445447784274	0.6267123729158571	0.04493058003087606	0.6267123729158571	1.0	3
DLBCL10518	0.18997179839670253	0.03680890457407292	0.06687194921549333	0.6270233510063298	0.07932399680740142	0.6270233510063298	2.0	3
DLBCL11437	0.1804540898454888	0.044224385152863845	0.097726528266183	0.6270500664546419	0.050544930280822443	0.6270500664546419	3.0	3
DLBCL11187	0.22453244546348688	0.03293546932999965	0.047187581359643356	0.628136292736456	0.06720821111041411	0.628136292736456	4.0	3
DLBCL10521	0.1967633812173186	0.06046849884869522	0.060805423048215526	0.6287770991294301	0.05318559775634052	0.6287770991294301	4.0	3
DLBCL_RICOVER_417	0.19713181478948197	0.05459500063037895	0.055614626352079505	0.6288558103545226	0.06380274787353693	0.6288558103545226	4.0	3
DLBCL10862	0.2150141802600932	0.03722943514397413	0.05014206831861691	0.6290368745158225	0.06857744176149333	0.6290368745158225	4.0	3
DLBCL10966	0.22561697826991897	0.04177431472130236	0.046578864138779555	0.6291380350447405	0.05689180782525858	0.6291380350447405	0.0	3
DLBCL11535	0.2034628985722309	0.04623001302673065	0.0448680088856578	0.6298184351586202	0.07562064435676036	0.6298184351586202	3.0	3
DLBCL_C_D_1114_NULLPAIR	0.20981120206317633	0.037734720708774025	0.05954864629120293	0.6310075241523894	0.06189790678445736	0.6310075241523894	0.0	3
DLBCL_LS1668	0.19886289665632498	0.045424135610369204	0.046715588217438805	0.6310241072743596	0.07797327224150735	0.6310241072743596	1.0	3
DLBCL_RICOVER_1293	0.18751905430425986	0.039921252977243124	0.05352049548333347	0.6312600550750834	0.08777914216008013	0.6312600550750834	4.0	3
DLBCL11435	0.195578512564275	0.04437205643407299	0.05608327373172405	0.6318648241112197	0.07210133315870823	0.6318648241112197	0.0	3
DLBCL_MC_F307_JPS	0.2150388529995206	0.04084885492517537	0.06952688843572209	0.6318979969439229	0.04268740669565907	0.6318979969439229	0.0	3
DLBCL10975	0.21173582776617694	0.036586549837908565	0.052355994684625644	0.6332090041056044	0.06611262360568433	0.6332090041056044	0.0	3
DLBCL10552	0.23439373400545616	0.038855737127722896	0.036587042875280695	0.6336780194651459	0.05648546652639436	0.6336780194651459	3.0	3
DLBCL10895	0.19852738358023284	0.046244068083643355	0.07567612905005427	0.6344058080840826	0.045146611201986854	0.6344058080840826	4.0	3
DLBCL10969	0.22053064412979717	0.037939975927299134	0.05741545130005251	0.6345554038779685	0.04955852476488265	0.6345554038779685	0.0	3
DLBCL10916	0.21316277119397198	0.046391075918569405	0.04436674824027177	0.6353677446601598	0.0607116599870271	0.6353677446601598	4.0	3
DLBCL10534	0.20263738307352216	0.042384849883972696	0.055969470679454326	0.6354374468635734	0.06357084949947735	0.6354374468635734	4.0	3
DLBCL_C_D_1117_NULLPAIR	0.22904062772433026	0.040914252108099375	0.05088845534665035	0.6358053620250362	0.043351302795883805	0.6358053620250362	1.0	3
DLBCL10950	0.20530055434652136	0.03496787416992867	0.04490713914595694	0.635859925315641	0.07896450702195207	0.635859925315641	0.0	3
DLBCL10873	0.22046949575362906	0.03969012462122045	0.052235708069396744	0.6369059251370248	0.050698746418728874	0.6369059251370248	1.0	3
DLBCL11205	0.20442677831530348	0.03813240654047698	0.062333593141319775	0.6371348274864381	0.057972394516461655	0.6371348274864381	0.0	3
DLBCL_C_D_1125_NULLPAIR	0.18707817612351121	0.04076147423625866	0.06874322973128243	0.637420454796311	0.06599666511263658	0.637420454796311	4.0	3
DLBCL10868	0.20849526109504388	0.04266621804787057	0.047401577486565115	0.6374221018282287	0.06401484154229173	0.6374221018282287	3.0	3
DLBCL10995	0.19446776895745876	0.03589254108150253	0.0549761144300203	0.638026581673249	0.07663699385776945	0.638026581673249	2.0	3
DLBCL11681	0.20587081401713733	0.03839729884478403	0.06199063034031353	0.6380852226935407	0.055656034104224365	0.6380852226935407	0.0	3
DLBCL10893	0.19778881004220938	0.04155158006306255	0.05638458777737466	0.6382683317130766	0.06600669040427673	0.6382683317130766	4.0	3
DLBCL11491	0.20034403131274878	0.03729872311904534	0.05364100048731935	0.6387023108901846	0.07001393419070194	0.6387023108901846	3.0	3
DLBCL10530	0.22003037433920483	0.03866333927173829	0.044744605618694915	0.6396862048951347	0.05687547587522725	0.6396862048951347	4.0	3
DFCIDL009_DT	0.21756854773459963	0.0368832419168041	0.0484634447681126	0.6407256645955257	0.05635910098495799	0.6407256645955257	2.0	3
DLBCL_LS1098	0.19840755763812085	0.03257090064244286	0.06558292449999406	0.6413805180718797	0.062058099147562544	0.6413805180718797	2.0	3
DLBCL_MC_F262_WLC	0.2090353974102459	0.04577256249258873	0.045030680110433735	0.6422829680433202	0.057878391943411406	0.6422829680433202	0.0	3
DLBCL_RICOVER_1081	0.20064439873642292	0.03305369378004304	0.05164544695984484	0.6428712321097381	0.07178522841395109	0.6428712321097381	4.0	3
DLBCL_MAYO_DLBCL_7359	0.1619476848188028	0.0663160318995354	0.044787941267579	0.6442289042628535	0.08271943775122931	0.6442289042628535	1.0	3
DLBCL10535	0.22176478322700893	0.03311427948317534	0.04650191076852618	0.6447856023410024	0.053833424180287116	0.6447856023410024	4.0	3
DLBCL10848	0.21532420199901967	0.04739518735303056	0.04694541066030116	0.6456823599191273	0.04465284006852132	0.6456823599191273	4.0	3
DLBCL10880	0.17097534954338	0.0455319009879126	0.0681328410734767	0.6461912193527123	0.06916868904251842	0.6461912193527123	4.0	3
DLBCL10471	0.20582315755426628	0.04122578223173247	0.05011820342647732	0.6462138432190591	0.05661901356846485	0.6462138432190591	4.0	3
DLBCL10502	0.18745558496607062	0.026558478952869273	0.07727657988027288	0.6462339659751962	0.062475390225591065	0.6462339659751962	1.0	3
DLBCL10985	0.216654091827202	0.03649400617611755	0.04589458750728523	0.6465616380058653	0.054395676483530005	0.6465616380058653	1.0	3
DLBCL10967	0.19948665654508818	0.045795082416278346	0.049988321669914244	0.6465691976188169	0.05816074174990228	0.6465691976188169	4.0	3
DLBCL11513	0.19482519128856918	0.04516604790278724	0.06645110380274433	0.647125918063037	0.046431738942862295	0.647125918063037	4.0	3
DLBCL11242	0.19436421900968312	0.04491612894494478	0.05286883774147226	0.6471772458742268	0.06067356842967302	0.6471772458742268	4.0	3
DLBC_FF_8042_TP_NB	0.1936007549193872	0.03837670094933768	0.05079204821026854	0.647218998863661	0.0700114970573456	0.647218998863661	4.0	3
DLBCL11478	0.21756038151795545	0.03933909470408395	0.0434628284749522	0.6475340992175063	0.05210359608550214	0.6475340992175063	0.0	3
DLBCL_RICOVER_956	0.19313573062191125	0.034185881977685156	0.05877920424934107	0.6477798048170712	0.06611937833399131	0.6477798048170712	4.0	3
DLBCL10835	0.19667966134779571	0.03768454255699424	0.0556825747123546	0.6489074107912501	0.06104581059160529	0.6489074107912501	4.0	3
DLBCL_C_D_1144_NULLPAIR	0.19239232010238005	0.045967096012341196	0.04250313924349957	0.6490503660252026	0.0700870786165766	0.6490503660252026	4.0	3
DLBCL11683	0.215320889897383	0.04114947049376365	0.04795132678736294	0.649446745951483	0.046131566870007454	0.649446745951483	2.0	3
DLBCL11516	0.180719171977579	0.0373207835098535	0.08629397809900212	0.6495055271219026	0.046160539291662805	0.6495055271219026	1.0	3
DLBCL10912	0.17012309445976326	0.027812367516783676	0.0696178802196227	0.6496484617560486	0.08279819604778164	0.6496484617560486	0.0	3
DLBCL10834	0.1990283975770712	0.05284977187117008	0.04413203953274793	0.6497415321575413	0.054248258861469625	0.6497415321575413	1.0	3
DLBCL11504	0.2001590857521075	0.04255396256159929	0.043479822394932865	0.6502845936997039	0.06352253559165642	0.6502845936997039	4.0	3
DLBCL10494	0.1968994724530672	0.04213445687197149	0.04420473390113571	0.6507542705154558	0.06600706625836981	0.6507542705154558	1.0	3
DLBCL_MC_F502_RFK	0.1813772810806784	0.05273118124388266	0.05657480217662561	0.6512248241923297	0.05809191130648358	0.6512248241923297	1.0	3
DLBCL_RICOVER_829	0.19702889362733086	0.03997541521888242	0.05452884684505546	0.6516208075624146	0.05684603674631669	0.6516208075624146	0.0	3
DLBCL11670	0.16487282236579698	0.04525387957745241	0.06619687883178701	0.651990923608778	0.07168549561618559	0.651990923608778	2.0	3
DLBCL_RICOVER_440	0.17564926878379356	0.04495158838354449	0.05853685801422404	0.6520756039750664	0.06878668084337153	0.6520756039750664	2.0	3
DLBCL11488	0.20563768587732406	0.033130931974429755	0.03535528405009003	0.6525747329968362	0.07330136510131995	0.6525747329968362	0.0	3
DLBCL10469	0.1852191094532567	0.039271118898666614	0.06002200366021853	0.6527589367829605	0.06272883120489765	0.6527589367829605	3.0	3
DLBCL10501	0.19254264050592945	0.03304379746714265	0.054346733851353225	0.6528592564111121	0.06720757176446254	0.6528592564111121	2.0	3
DLBCL_RICOVER_1248	0.18672785953152551	0.03502809366415871	0.04524576728371929	0.6531580976831012	0.07984018183749532	0.6531580976831012	4.0	3
DLBCL_RICOVER_978	0.18025104503976286	0.0491255503870255	0.04845645110911116	0.6534364548092866	0.06873049865481387	0.6534364548092866	2.0	3
DLBCL11429	0.2074977344366616	0.03749772966248387	0.040421156732386394	0.6536392840750628	0.06094409509340534	0.6536392840750628	0.0	3
DLBCL11685	0.18720532631828057	0.03778911307514194	0.05092862607915921	0.6538001160908876	0.07027681843653072	0.6538001160908876	2.0	3
DLBCL_MC_F362_MJB1	0.16028901438792542	0.04494091960141972	0.05885909463632539	0.6540186515381291	0.08189231983620035	0.6540186515381291	2.0	3
DLBCL_LS2367	0.1813510008674154	0.046464783191730655	0.06040454332397497	0.6543767028454855	0.05740296977139351	0.6543767028454855	0.0	3
DLBCL_LS3245	0.17050049030971123	0.04546944741425387	0.0716085404867229	0.6544848677054842	0.05793665408382785	0.6544848677054842	1.0	3
DLBCL10550	0.14970539070425778	0.04943675345601143	0.07270814604035426	0.654628967518659	0.07352074228071756	0.654628967518659	4.0	3
DLBCL10566	0.21263087416442236	0.04248441467922426	0.041306608387881576	0.6549929444456553	0.04858515832281651	0.6549929444456553	4.0	3
DLBCL11003	0.1800199650763831	0.0323906592310153	0.06622778804290697	0.6550713100583893	0.06629027759130528	0.6550713100583893	1.0	3
DLBCL10935	0.16100930122426046	0.044120912927444425	0.085655218984979	0.6553978302463206	0.05381673661699554	0.6553978302463206	0.0	3
DLBCL10945	0.18059178266854164	0.03487357434561282	0.0655118422899076	0.655898670996895	0.06312412969904287	0.655898670996895	0.0	3
DLBCL10931	0.20686574678726521	0.036301324916179885	0.04101805277872796	0.6565800617074369	0.05923481381039015	0.6565800617074369	0.0	3
DLBCL10529	0.1615698639433309	0.050993281281387796	0.049651392260305245	0.6567687981654075	0.08101666434956857	0.6567687981654075	4.0	3
DLBCL10959	0.17916073340400399	0.03553329395188771	0.04877144919049294	0.6576649133193203	0.07886961013429512	0.6576649133193203	0.0	3
DLBCL_LS2590	0.2124702051975604	0.032102239763990764	0.03804461069815731	0.6583762613082037	0.05900668303208781	0.6583762613082037	3.0	3
DLBCL10851	0.20306224835333872	0.03352459608143762	0.05091753213140396	0.6586033016970837	0.05389232173673599	0.6586033016970837	1.0	3
DLBCL10498	0.1740741860154769	0.03209400991219409	0.07565034285289056	0.658674883087073	0.05950657813236542	0.658674883087073	2.0	3
DLBCL11533	0.17974925597604427	0.03804667029942822	0.052037496464924504	0.6590289477166804	0.07113762954292262	0.6590289477166804	1.0	3
DLBCL_LS2089	0.2038643274834683	0.039756154229568415	0.0361565731776625	0.6590833665308011	0.06113957857849971	0.6590833665308011	1.0	3
DLBCL11439	0.20515990269296944	0.0456902210286492	0.037937176634395504	0.6590878934077116	0.052124806236274246	0.6590878934077116	2.0	3
DLBCL_LS2208	0.19282703856630454	0.054574734625358556	0.048412994673506245	0.6591111082781371	0.04507412385669348	0.6591111082781371	4.0	3
DLBCL_RICOVER_773	0.18364006484266418	0.03997543733805328	0.055002912813119885	0.6591183718333706	0.06226321317279203	0.6591183718333706	4.0	3
DLBCL10859	0.18314281248181252	0.04405262658476183	0.04186441894960101	0.65919121576525	0.07174892621857465	0.65919121576525	1.0	3
DLBCL10865	0.17797039735791093	0.03444785997539569	0.06817668354097103	0.6594694758857961	0.05993558323992626	0.6594694758857961	4.0	3
DLBCL10472	0.18217427018923193	0.03793378337215035	0.052855772514724675	0.6600973576665357	0.06693881625735743	0.6600973576665357	2.0	3
DLBCL10921	0.19327206153295812	0.04015959268860618	0.05103296816216028	0.6603233471477598	0.055212030468515666	0.6603233471477598	4.0	3
DLBCL10990	0.15720932850240885	0.04030888537356899	0.06578175002114459	0.6603395258943402	0.07636051020853735	0.6603395258943402	4.0	3
DLBCL11498	0.1902747405134883	0.03459609332657516	0.04896724312026442	0.661269832043255	0.06489209099641717	0.661269832043255	1.0	3
DLBCL10875	0.19361526322648884	0.04519720980456343	0.03416691770161823	0.6618848149317491	0.06513579433558042	0.6618848149317491	0.0	3
DLBCL10486	0.19875461749297946	0.04100542700243022	0.052951881119744894	0.6624063640048257	0.04488171038001971	0.6624063640048257	0.0	3
DLBCL10957	0.2012395353623325	0.04220629397572742	0.047932887188882264	0.6624127945181782	0.04620848895487949	0.6624127945181782	0.0	3
DLBCL10510	0.18525845269866872	0.03727318461726584	0.06314167549820429	0.6627647155374913	0.051561971648369904	0.6627647155374913	1.0	3
DLBCL10456	0.15832883488705074	0.03543415125986242	0.07563191838159651	0.6647037091856718	0.0659013862858185	0.6647037091856718	3.0	3
DLBCL11479	0.16273621256397378	0.037482879069696357	0.06487437121298562	0.6651323689291571	0.06977416822418715	0.6651323689291571	1.0	3
DLBCL10542	0.18528201107561962	0.03532916130146915	0.050647844720069064	0.6659069799553891	0.06283400294745305	0.6659069799553891	0.0	3
DLBCL10497	0.1799832705008038	0.04274929625890246	0.043925005217498515	0.6659414397798488	0.06740098824294644	0.6659414397798488	3.0	3
DLBCL11500	0.19674957797611803	0.046662286722453546	0.04487333645676916	0.6674051949820875	0.044309603862571836	0.6674051949820875	4.0	3
DLBCL10532	0.1753613122946398	0.03891984790422906	0.04987203278303317	0.6674981234870331	0.0683486835310649	0.6674981234870331	4.0	3
DLBCL_LS297	0.20621790630243744	0.032501590646707254	0.052100067181509495	0.6676260303044359	0.041554405564909885	0.6676260303044359	2.0	3
DLBCL_RICOVER_948	0.18026843976638493	0.04153111007397165	0.04713302616498363	0.6677087754399742	0.06335864855468565	0.6677087754399742	1.0	3
DLBCL_RICOVER_496	0.18019932597153776	0.03711450809551189	0.048151312402191566	0.6683907178601664	0.06614413567059242	0.6683907178601664	1.0	3
DLBCL_LS4593	0.1699331152851824	0.03851379548669598	0.06682800618181449	0.6684240589841586	0.05630102406214854	0.6684240589841586	2.0	3
DLBCL_LS3749	0.2003660593424207	0.03967347924620749	0.04741808365904915	0.6684640001432242	0.044078377609098544	0.6684640001432242	1.0	3
DLBCL11542	0.17769106459663803	0.036275172774445676	0.06832518419237125	0.6685272707616189	0.04918130767492615	0.6685272707616189	2.0	3
DLBC_FF_A7CR_TP_NB	0.1566948727148042	0.03294265202488284	0.0657060615775007	0.6694843636444957	0.07517205003831659	0.6694843636444957	4.0	3
DLBCL10480	0.17702224383141602	0.049412470574996266	0.04311414314243617	0.6701168510497677	0.06033429140138384	0.6701168510497677	1.0	3
DLBCL10852	0.16503293874239275	0.03979400613765442	0.06277912868837521	0.6701759239912406	0.062218002440337074	0.6701759239912406	4.0	3
DLBCL10989	0.16617500745035216	0.03936514563355908	0.06498565565701968	0.6703427468594253	0.05913144439964379	0.6703427468594253	1.0	3
DLBCL_MC_F210_GWC	0.1851993891931493	0.036037832766686574	0.04105549076382225	0.6705312332619429	0.06717605401439905	0.6705312332619429	1.0	3
DLBCL11469	0.19400066511163508	0.03636280588220768	0.05004705259776114	0.6710061657273312	0.04858331068106489	0.6710061657273312	2.0	3
DLBCL10503	0.17499970185816732	0.0407743488311922	0.05288725212472633	0.6714598658651236	0.05987883132079041	0.6714598658651236	1.0	3
DLBCL10853	0.17268455763207136	0.038436287136936365	0.06636790459111706	0.6715512878851928	0.050959962754682335	0.6715512878851928	4.0	3
DLBCL10971	0.16380070236910416	0.03955214746618695	0.0588854817379528	0.6715730011924682	0.06618866723428787	0.6715730011924682	0.0	3
DLBCL11672	0.18845631287541198	0.03793212675649595	0.05233431766375774	0.673100484416124	0.048176758288210275	0.673100484416124	2.0	3
DLBCL_C_D_1139_NULLPAIR	0.18651653980611518	0.04298123869883942	0.04850795562174057	0.6745947855986854	0.04739948027461949	0.6745947855986854	3.0	3
DLBCL11472	0.1814296443049811	0.051934250294657335	0.044305459538749425	0.6749875238840506	0.04734312197756151	0.6749875238840506	0.0	3
DLBCL11455	0.18010049963846356	0.03607611551290752	0.04146215005158299	0.6753638357488628	0.06699739904818314	0.6753638357488628	2.0	3
DLBCL10980	0.1779594780560061	0.04062141410849881	0.054415768686074235	0.6758749887069401	0.051128350442480826	0.6758749887069401	4.0	3
DLBCL10951	0.18466598468156847	0.030401562967363734	0.05470427968592787	0.6761922869291439	0.05403588573599602	0.6761922869291439	4.0	3
DLBCL10512	0.17332954361277855	0.040536596284715676	0.0442314523512687	0.6774050558766358	0.0644973518746013	0.6774050558766358	2.0	3
DLBCL_C_D_1152_NULLPAIR	0.17660840209380044	0.035647343382324836	0.05019401608194988	0.6776335968760736	0.05991664156585114	0.6776335968760736	1.0	3
DLBCL_C_D_1106_NULLPAIR	0.15711697464365176	0.04810561285970287	0.06191185616662958	0.6780377541223154	0.05482780220770047	0.6780377541223154	1.0	3
DLBCL_RICOVER_950	0.16174555110464503	0.03926517394709516	0.06662146127101037	0.6790239948976926	0.053343818779556865	0.6790239948976926	3.0	3
DFCIDL003_DT	0.18584649177802812	0.04099759677108776	0.049433577581418545	0.6790456455720307	0.044676688297434805	0.6790456455720307	1.0	3
DLBCL10906	0.16645834925141717	0.04721810562947333	0.057851978593114445	0.6792177989874139	0.04925376753858113	0.6792177989874139	1.0	3
DLBCL10838	0.14926419813328867	0.042129322344041396	0.07321149441876873	0.6797489917864153	0.05564599331748586	0.6797489917864153	4.0	3
DLBCL11191	0.1852639305017397	0.02657456510432767	0.04411209345790049	0.6797697809204892	0.06427963001554293	0.6797697809204892	0.0	3
DLBCL_RICOVER_267	0.16180102515748385	0.04060052742079096	0.07023750414390983	0.6798367014752896	0.047524241802525694	0.6798367014752896	2.0	3
DLBCL_C_D_1109_NULLPAIR	0.19087980666309745	0.03903147665703424	0.0321429481260337	0.6802542939231865	0.05769147463064809	0.6802542939231865	3.0	3
DLBCL_RICOVER_288	0.16993239313452205	0.047053505202871264	0.04568619939245412	0.6817369998756225	0.05559090239453	0.6817369998756225	1.0	3
DLBCL_C_D_1136_NULLPAIR	0.16964130926074097	0.03534059612211859	0.04908305842634781	0.6819219852239575	0.06401305096683516	0.6819219852239575	1.0	3
DLBCL10850	0.17647214108816306	0.03830488081785812	0.05314479103866128	0.6824638234392757	0.04961436361604183	0.6824638234392757	1.0	3
DLBCL11528	0.16233489187997419	0.03222964615877242	0.05566381154827802	0.682600569796328	0.06717108061664734	0.682600569796328	2.0	3
DLBCL_DFCI_DLBCL_GOE16	0.15188575899233417	0.03369305083058788	0.07401000196210747	0.6828953761258965	0.057515812089074005	0.6828953761258965	2.0	3
DLBCL11446	0.1606438352159733	0.029926336980477086	0.06982945418734486	0.6830547805235408	0.056545593092663965	0.6830547805235408	1.0	3
DLBCL11537	0.17691216229941134	0.026990167733542385	0.052901098566824435	0.6834687865014875	0.05972778489873433	0.6834687865014875	0.0	3
DLBCL_BWH_DLBCL64	0.183136901118334	0.03380975489322581	0.05370900690571348	0.6847761947301376	0.04456814235258918	0.6847761947301376	1.0	3
DLBCL_C_D_1133_NULLPAIR	0.16494225057073988	0.03807866751632359	0.06237556394145571	0.6850288649694412	0.04957465300203963	0.6850288649694412	2.0	3
DLBCL_C_D_1119_NULLPAIR	0.17195113533065667	0.03892238683823971	0.04702097294215571	0.6856331767613204	0.05647232812762751	0.6856331767613204	1.0	3
DLBCL10997	0.176994350401981	0.038125137880306435	0.036435104952173614	0.6871695897033542	0.06127581706218484	0.6871695897033542	0.0	3
DLBCL11658	0.15348976880081636	0.030761511909267632	0.0613135699696961	0.6873498237996237	0.06708532552059625	0.6873498237996237	3.0	3
DLBCL11430	0.16248762081520343	0.03638805220918415	0.05505016609552893	0.6878454976900931	0.058228663189990405	0.6878454976900931	0.0	3
DLBCL10487	0.17380928640920745	0.03866894593328686	0.042172584376733414	0.6879179523292925	0.057431230951479756	0.6879179523292925	1.0	3
DLBCL11576	0.1732823602661919	0.0373640830160084	0.05204639392979154	0.688908133105401	0.04839902968260712	0.688908133105401	3.0	3
DLBCL10907	0.16235339232725426	0.03867095138201411	0.06489385820692108	0.6891081873907093	0.044973610693101185	0.6891081873907093	1.0	3
DLBCL_LS2245	0.15192060678594588	0.034350954276949855	0.056902826188868876	0.6901352594431824	0.06669035330505284	0.6901352594431824	1.0	3
DLBCL10879	0.1490299991790617	0.03626917538685216	0.06112608297593002	0.6913097510132727	0.06226499144488332	0.6913097510132727	2.0	3
DLBCL10467	0.16268725725026054	0.03709164840577343	0.056480084416019136	0.6918023578743817	0.051938652053565196	0.6918023578743817	4.0	3
DLBCL_RICOVER_720	0.15287757685632672	0.03809875806839165	0.075675333119079	0.6918445077772335	0.04150382417896908	0.6918445077772335	4.0	3
DLBCL10908	0.1615446335915171	0.03751481158130023	0.05489289892416283	0.692479271877869	0.05356838402515083	0.692479271877869	4.0	3
DLBCL11482	0.17057434239346725	0.04255632447552592	0.0462011082645485	0.693040727261013	0.04762749760544531	0.693040727261013	0.0	3
DLBCL10877	0.13431260839502407	0.04261811656741043	0.07626197919139703	0.6932642534975675	0.053543042348600946	0.6932642534975675	0.0	3
DLBCL10984	0.1791653037726936	0.029950596709210568	0.04640946185211599	0.6933405118374305	0.0511341258285493	0.6933405118374305	4.0	3
DLBCL11590	0.17135783922904405	0.03931595313496268	0.045511688132112246	0.6940594979487397	0.04975502155514139	0.6940594979487397	2.0	3
DLBCL_C_D_PAIR13	0.1674993011916718	0.033948347970482046	0.05836780361494636	0.6943312163011022	0.04585333092179756	0.6943312163011022	4.0	3
DLBCL_LS378	0.1639256821646151	0.02939609914943363	0.048627991949506476	0.6958228578859262	0.06222736885051862	0.6958228578859262	0.0	3
DLBCL_MC_F139_LJF	0.15982914109221036	0.024704245027716173	0.05549107474504033	0.6961433492765748	0.06383218985845834	0.6961433492765748	3.0	3
DLBCL11536	0.17838035744269745	0.037854046666813225	0.03958850766432784	0.6965551871943604	0.04762190103180107	0.6965551871943604	3.0	3
DLBCL11188	0.14266785712765948	0.05175452576386218	0.061941722348927045	0.6966529714983657	0.046982923261185534	0.6966529714983657	1.0	3
DLBCL10847	0.14227728246565455	0.037761492602582304	0.042947059097112	0.6969598834490232	0.08005428238562803	0.6969598834490232	4.0	3
DLBCL10459	0.1420852031514004	0.040983713538177424	0.059156905122973155	0.6977384247516076	0.06003575343584139	0.6977384247516076	2.0	3
DLBCL10523	0.1811351180927079	0.03332749726321441	0.047014285656770335	0.6980216458135776	0.040501453173729676	0.6980216458135776	2.0	3
DLBCL10870	0.15202597434164192	0.054948631980907124	0.036941400362924606	0.6985688223952887	0.05751517091923763	0.6985688223952887	4.0	3
DLBCL_MC_F519_ALT	0.16574889072186288	0.03248803963504884	0.04799732592956847	0.699492780628533	0.05427296308498683	0.699492780628533	4.0	3
DLBCL11460	0.1606309766088405	0.030858538063525686	0.050835113278773145	0.6995974519360126	0.05807792011284804	0.6995974519360126	3.0	3
DLBCL10888	0.1671013806367347	0.034385804799748	0.04892654512847339	0.6997730329369048	0.04981323649813911	0.6997730329369048	4.0	3
DLBCL10899	0.16371764139411912	0.03825273049105472	0.052313900091565814	0.7000477590197633	0.04566796900349704	0.7000477590197633	4.0	3
DLBCL11664	0.16468657517844768	0.0448006567539138	0.04488342879448486	0.700109762809603	0.04551957646355066	0.700109762809603	1.0	3
DLBCL11448	0.14647495105111258	0.031516052112884	0.061574609033088853	0.7004993217788018	0.05993506602411273	0.7004993217788018	3.0	3
DLBCL10973	0.1738119546871574	0.03529287146503619	0.044373613250320756	0.7015096674235611	0.045011893173924525	0.7015096674235611	3.0	3
DLBCL_RICOVER_866	0.16001079556598147	0.038229439270541773	0.059767971807526264	0.7018113343221701	0.040180459033780286	0.7018113343221701	2.0	3
DLBCL_RICOVER_506	0.17105309155350015	0.035190829688102464	0.04159356979893289	0.7020663509548333	0.050096158004631186	0.7020663509548333	4.0	3
DLBCL10845	0.16578907873889326	0.04276933367909554	0.04148165774765186	0.7034123665943917	0.0465475632399676	0.7034123665943917	1.0	3
DLBCL_RICOVER_839	0.14506615784331262	0.03493347154149422	0.05424818654399027	0.7034616185484075	0.06229056552279545	0.7034616185484075	1.0	3
DLBCL11541	0.16495580349647523	0.035454261458333906	0.044773565631535686	0.7035903826591009	0.05122598675455421	0.7035903826591009	2.0	3
DLBCL_C_D_1148_NULLPAIR	0.1662055036776406	0.03777976602222168	0.04588331788083871	0.7041307898030921	0.04600062261620701	0.7041307898030921	0.0	3
DLBCL10962	0.15688164753494524	0.0334089404703055	0.05373444219133987	0.7041989642073787	0.05177600559603059	0.7041989642073787	1.0	3
DLBCL_RICOVER_678	0.16469295769954478	0.04726209276583685	0.04146654732732339	0.7044068856341547	0.04217151657314037	0.7044068856341547	1.0	3
DLBCL_LS2154	0.16042092085132054	0.03486245389486328	0.054048840057881437	0.7045351657486268	0.0461326194473079	0.7045351657486268	0.0	3
DFCIDL010_DT	0.16292859687227831	0.03377583907381707	0.03809312404554529	0.7045542387878483	0.06064820122051108	0.7045542387878483	0.0	3
DLBCL10956	0.1570161790003787	0.0420880900740119	0.04037670327809488	0.704593747708202	0.05592527993931243	0.704593747708202	1.0	3
DLBCL11525	0.1368817408759354	0.0353925640118627	0.06712177037954746	0.7046885211064041	0.055915403626250325	0.7046885211064041	2.0	3
DLBCL11673	0.12060295919267977	0.043063122682807084	0.06215091074330167	0.7048982541254007	0.06928475325581077	0.7048982541254007	1.0	3
DLBCL11518	0.15353593747941197	0.03401115984939658	0.060619989039684186	0.7049214400608381	0.04691147357066911	0.7049214400608381	2.0	3
DLBCL10781	0.14754790072532914	0.039815325976889124	0.04762188048352345	0.7050430032095442	0.0599718896047141	0.7050430032095442	4.0	3
DLBCL_RICOVER_478	0.1527458610680649	0.03705797088714219	0.04135454435369258	0.7052962925543965	0.06354533113670387	0.7052962925543965	1.0	3
DLBCL10974	0.12926102213379365	0.03163919519675705	0.07390412443684778	0.7055221770123303	0.05967348122027121	0.7055221770123303	3.0	3
DLBCL11196	0.1492447524343771	0.03781221421828955	0.05115092765059336	0.7055408806045428	0.05625122509219719	0.7055408806045428	3.0	3
DLBCL10858	0.14604005241498674	0.03984204609292048	0.05955460896206945	0.7057393341380379	0.04882395839198548	0.7057393341380379	3.0	3
DLBCL10462	0.17734636494145264	0.03411397679294933	0.0398031989016988	0.7057833350069214	0.04295312435697785	0.7057833350069214	0.0	3
DLBCL_RICOVER_335	0.1385828392439631	0.03916078163072609	0.049462374725679534	0.7059277643376155	0.06686624006201572	0.7059277643376155	1.0	3
DLBCL10924	0.16418834792320608	0.02745602094708911	0.042813437749318485	0.7061390500422104	0.05940314333817581	0.7061390500422104	4.0	3
DLBCL11680	0.15185424209768925	0.04066851690154552	0.05140131094334461	0.7069501040707934	0.04912582598662721	0.7069501040707934	2.0	3
DLBCL_RICOVER_1061	0.14688455042847431	0.037299229759857486	0.05845742299524445	0.7069931721137628	0.05036562470266104	0.7069931721137628	3.0	3
DLBCL10927	0.15795237222723582	0.03818123644761162	0.04577860614647615	0.7074580167071121	0.05062976847156441	0.7074580167071121	3.0	3
DLBCL10894	0.14330515173509384	0.04103425312807389	0.0659769589095268	0.7076585545123456	0.04202508171495986	0.7076585545123456	1.0	3
DLBCL_C_D_1108_NULLPAIR	0.15155334628996958	0.03335407743795686	0.0650498784942547	0.707948563746349	0.042094134031469915	0.707948563746349	1.0	3
DLBCL11433	0.14793247984299956	0.03585523586216659	0.05433306545960196	0.7085460878424911	0.053333130992740806	0.7085460878424911	3.0	3
DLBCL11464	0.144700701099218	0.035617027703930146	0.04779131750989133	0.7086380690341828	0.06325288465277766	0.7086380690341828	3.0	3
DLBCL10914	0.14037546711227025	0.040475918060543695	0.05420820790633836	0.7088049476290114	0.05613545929183631	0.7088049476290114	0.0	3
DLBCL10915	0.16670327828402368	0.03730043933883211	0.04121031206250461	0.7091174401029378	0.04566853021170187	0.7091174401029378	4.0	3
DLBCL_MAYO_DLBCL_234	0.15136901982777332	0.037263115248476614	0.04244885798777724	0.70917710111133	0.05974190582464281	0.70917710111133	2.0	3
DLBCL10864	0.1683810906325449	0.03071997742752096	0.039241460723061596	0.7092289295891048	0.052428541627767805	0.7092289295891048	4.0	3
DLBCL_MC_F927_JHS	0.14243112772296168	0.03656771854177367	0.06481358532312191	0.7105962107382209	0.045591357673921896	0.7105962107382209	4.0	3
DLBCL11470	0.14302653758133613	0.032126144857768296	0.06268635773283343	0.7106393922190452	0.05152156760901696	0.7106393922190452	0.0	3
DLBCL11512	0.13586767227332097	0.042909095025106314	0.05359136054582502	0.7107525827173548	0.05687928943839296	0.7107525827173548	0.0	3
DLBCL11461	0.16211459359858962	0.03149038947408161	0.036931835592578746	0.711044724011472	0.05841845732327803	0.711044724011472	0.0	3
DLBCL11538	0.15780325691471486	0.03477604864772859	0.047830922577438	0.7116023956983888	0.04798737616172973	0.7116023956983888	4.0	3
DLBCL10983	0.14672603653616914	0.04034711054982206	0.05151134449172031	0.7119945838617572	0.049420924560531335	0.7119945838617572	1.0	3
DLBCL10463	0.16645893032643988	0.03621022712034132	0.035115349429064295	0.7120160367144479	0.050199456409706585	0.7120160367144479	4.0	3
DLBCL_LS1304	0.1194597358306143	0.04528167521506398	0.06660509794773149	0.7120781444559118	0.05657534655067842	0.7120781444559118	2.0	3
DLBCL11447	0.1434145358572835	0.036904758540385156	0.039181806340783026	0.7122854367749208	0.06821346248662748	0.7122854367749208	3.0	3
DLBCL_RICOVER_1283	0.15767195722787825	0.03739243915258546	0.042428445244780795	0.7122987783050095	0.0502083800697459	0.7122987783050095	2.0	3
DLBCL10885	0.13788559479307413	0.03741157583826024	0.0493105110485067	0.7129767843760739	0.06241553394408497	0.7129767843760739	1.0	3
DLBCL10857	0.1398964891499522	0.03270187999420322	0.052108401978285375	0.7129903450023691	0.062302883875190035	0.7129903450023691	4.0	3
DLBCL_RICOVER_780	0.15997086954336467	0.0342594191389	0.056640582429131454	0.7141868495890564	0.034942279299547435	0.7141868495890564	1.0	3
DLBCL10986	0.14683945070241333	0.03438979885239481	0.04006067106722712	0.714242168801265	0.06446791057669973	0.714242168801265	0.0	3
DLBCL_C_D_1123_NULLPAIR	0.12329666630101152	0.033966403630745795	0.08263181378754007	0.7144412182605653	0.04566389802013735	0.7144412182605653	0.0	3
DLBCL10939	0.1422750395734185	0.03174422051037088	0.06381055811550052	0.7155037600043067	0.04666642179640339	0.7155037600043067	3.0	3
DLBCL_RICOVER_314	0.14366567885943565	0.038984304898444365	0.04162208008279186	0.7161697659538686	0.059558170205459414	0.7161697659538686	4.0	3
DLBCL10527	0.1338380955601434	0.04006258204875293	0.06342465731673558	0.7162635296043363	0.04641113547003187	0.7162635296043363	3.0	3
DLBCL_LS4616	0.12520234511052028	0.03103831432820299	0.057760082733278394	0.7168049714222243	0.069194286405774	0.7168049714222243	2.0	3
DLBCL_RICOVER_361	0.15299580937410814	0.03884714424206646	0.050994785458627685	0.7169281514374283	0.040234109487769336	0.7169281514374283	3.0	3
DLBCL11678	0.16826715194281255	0.028679700178613935	0.041933687052884173	0.7170139393509172	0.04410552147477212	0.7170139393509172	3.0	3
DLBCL10919	0.14407597486155757	0.03299621135717674	0.03898348803542075	0.7173669546208311	0.06657737112501383	0.7173669546208311	3.0	3
DLBCL11652	0.1522374225644748	0.028683015377326183	0.05024970493338223	0.7175893258393404	0.05124053128547636	0.7175893258393404	0.0	3
DLBCL11595	0.11375222959043174	0.03980884681409908	0.055782148105921116	0.7182703432131216	0.07238643227642652	0.7182703432131216	4.0	3
DLBCL11473	0.14470434803951507	0.03820757404596087	0.0510008055170076	0.7183256184870148	0.04776165391050167	0.7183256184870148	0.0	3
DLBCL11677	0.13997165783232615	0.036424142985561965	0.04089438873060906	0.7188104891880839	0.06389932126341896	0.7188104891880839	0.0	3
DLBCL11468	0.14331236569930897	0.03167403755460988	0.05946513776253913	0.718958401830931	0.046590057152611074	0.718958401830931	2.0	3
DLBCL11501	0.1453001779018705	0.038366449188397024	0.042690474516838134	0.7191579169490527	0.05448498144384158	0.7191579169490527	0.0	3
DLBCL_RICOVER_1045	0.15079117432239955	0.03133600226941697	0.0490103269208137	0.7201163771986532	0.04874611928871649	0.7201163771986532	3.0	3
DLBCL11004	0.15688198098131997	0.029182048195712365	0.04540848655595954	0.7201357916627965	0.04839169260421161	0.7201357916627965	4.0	3
DLBCL_RICOVER_408	0.15246213505165998	0.033159327130237906	0.03937808518440986	0.7205672851299354	0.05443316750375687	0.7205672851299354	2.0	3
DLBCL11565	0.09123821732841855	0.04663532065151635	0.07424697864189027	0.7208242437805682	0.06705523959760668	0.7208242437805682	1.0	3
DLBCL_C_D_1130_NULLPAIR	0.11431659823903685	0.04392218998703189	0.055902527952859556	0.7214892176758616	0.06436946614521007	0.7214892176758616	0.0	3
DLBCL_C_D_1151_NULLPAIR	0.1342558226519442	0.04006733295991532	0.05769230832134295	0.7215568137772989	0.04642772228949868	0.7215568137772989	3.0	3
DLBCL_LS3499	0.1581092069225796	0.029100440688345684	0.0493265411707682	0.7223786223733883	0.04108518884491821	0.7223786223733883	3.0	3
DLBCL_RICOVER_850	0.14629300341042975	0.03678734493388966	0.05182682892849858	0.7225550099023451	0.04253781282483684	0.7225550099023451	4.0	3
DLBCL11194	0.14453816788444843	0.03818749132972873	0.045966794421417184	0.7237687379514193	0.047538808412986404	0.7237687379514193	4.0	3
DLBCL_RICOVER_299	0.13673464585209646	0.03867865536260633	0.041476044572022065	0.724048891190202	0.05906176302307313	0.724048891190202	1.0	3
DLBCL10978	0.14151005876950856	0.03506921557037664	0.056255172573672595	0.7245034585838119	0.04266209450263029	0.7245034585838119	3.0	3
DLBCL10863	0.16156517942315562	0.03212446936550987	0.031068248095170475	0.7245956665718306	0.05064643654433352	0.7245956665718306	3.0	3
DLBCL10876	0.13927781913809048	0.02948583167308683	0.05349732803528625	0.7246873378535259	0.053051683300010505	0.7246873378535259	4.0	3
DLBCL_RICOVER_1219	0.11942589243031952	0.04493474414741622	0.04844948579657165	0.7250466021282866	0.062143275497405955	0.7250466021282866	4.0	3
DLBCL_RICOVER_1235	0.14403289013369575	0.0372919328154677	0.056628366771282364	0.7251007971626225	0.036946013116931645	0.7251007971626225	1.0	3
DLBCL_RICOVER_221	0.1495479955572157	0.03706105533315987	0.05000164854501021	0.7260864926583468	0.03730280790626737	0.7260864926583468	4.0	3
DLBCL_LS1921	0.1540053677589583	0.03135981554368699	0.0359806647014636	0.7265537124609697	0.05210043953492139	0.7265537124609697	1.0	3
DLBCL_C_D_1149_NULLPAIR	0.129677789434386	0.03784086083950639	0.05410708053118514	0.726872012651405	0.05150225654351751	0.726872012651405	1.0	3
DLBCL_C_D_1141_NULLPAIR	0.125350212708425	0.02299400225224078	0.051916450485838456	0.7279828645530046	0.07175647000049105	0.7279828645530046	2.0	3
DLBCL10977	0.14231654002910174	0.03351008043353867	0.04185815534732702	0.7282549687052092	0.05406025548482335	0.7282549687052092	4.0	3
DLBCL_LS1683	0.11651648442085691	0.033422431059976936	0.07278529859819285	0.7283252989050322	0.04895048701594115	0.7283252989050322	1.0	3
DLBCL11432	0.14567464718533754	0.028728806980846143	0.04551249253496007	0.7285153164407495	0.05156873685810673	0.7285153164407495	0.0	3
DLBCL10890	0.1412942460749691	0.03401944716470976	0.03815024133127531	0.7285842664932368	0.05795179893580907	0.7285842664932368	4.0	3
DLBCL_RICOVER_134	0.12414237478116633	0.03322228389591109	0.06156023971438043	0.7286319340482721	0.05244316756027004	0.7286319340482721	4.0	3
DLBCL11206	0.15557906761781223	0.031042056437817003	0.041467077719767875	0.728692437465702	0.04321936075890087	0.728692437465702	4.0	3
DLBCL11520	0.1393018013756023	0.035478453937146555	0.041204046725587765	0.7288653477155899	0.055150350246073516	0.7288653477155899	0.0	3
DLBCL10871	0.13584908566420717	0.039314529398757944	0.05438976617183502	0.7290409563416559	0.04140566242354396	0.7290409563416559	1.0	3
DLBCL_RICOVER_985	0.12165431078134688	0.03439856205221903	0.05991048280470454	0.7294672383356217	0.05456940602610788	0.7294672383356217	3.0	3
DLBCL10869	0.143220246982484	0.036999654909868854	0.05280755149054674	0.7296443653936582	0.03732818122344225	0.7296443653936582	0.0	3
DLBCL_RICOVER_977	0.14153791490257484	0.03039546693449394	0.043952162475633064	0.7302992098203862	0.05381524586691192	0.7302992098203862	0.0	3
DLBCL10450	0.13103319358301904	0.03785546929804303	0.04391335176129463	0.7304598584622122	0.05673812689543117	0.7304598584622122	0.0	3
DLBCL_MC_F739_AMA3	0.13391000517109264	0.035584214260163984	0.05115491218478028	0.7307901282118168	0.04856074017214636	0.7307901282118168	1.0	3
DLBCL_LS2599	0.14497516751768316	0.03350765246035587	0.04450170256655811	0.7317879107530819	0.04522756670232096	0.7317879107530819	2.0	3
DLBCL_C_D_1159_NULLPAIR	0.13704668155643715	0.03024607590382377	0.05516125103050132	0.7320648942413117	0.045481097267926054	0.7320648942413117	3.0	3
DLBCL_C_D_1153_NULLPAIR	0.11607395158403684	0.042721151749948394	0.06124622667449734	0.734993562442228	0.04496510754928939	0.734993562442228	3.0	3
DLBCL10525	0.13994379023535028	0.03508174383235184	0.037483349722833945	0.7350928956611541	0.0523982205483098	0.7350928956611541	0.0	3
DLBCL_LS1395	0.14334441207473472	0.031644436162662236	0.04472227654622216	0.7355345212958696	0.04475435392051121	0.7355345212958696	2.0	3
DLBCL_RICOVER_583	0.14382210369300252	0.04100806942373909	0.03772906141865136	0.735544279491624	0.04189648597298298	0.735544279491624	1.0	3
DLBCL10910	0.1476880049546989	0.032155052244007845	0.04312599891407129	0.7358865392017478	0.041144404685474124	0.7358865392017478	2.0	3
DLBCL_LS2328	0.12640316263119192	0.029066459663088514	0.050826979871526505	0.7364943917788428	0.057209006055350266	0.7364943917788428	2.0	3
DLBCL_LS4592	0.1012478454656614	0.033999673601301114	0.06619859892447161	0.7379943602896373	0.060559521718928554	0.7379943602896373	2.0	3
DLBCL_LS1065	0.12092857763215215	0.035279338669339654	0.0592354886709922	0.7384232901723946	0.0461333048551214	0.7384232901723946	1.0	3
DLBCL10884	0.12110808913733728	0.033920104197037344	0.06538613199720643	0.7385634945979065	0.04102218007051248	0.7385634945979065	0.0	3
DLBCL11659	0.14758027681504973	0.03261774064721298	0.030680351465802988	0.738836389084108	0.050285241987826246	0.738836389084108	3.0	3
DLBCL11202	0.11860584690153678	0.032565836078485066	0.06198665710496947	0.7388820431767585	0.047959616738250124	0.7388820431767585	0.0	3
DLBCL10461	0.12648288113054534	0.03643776335058304	0.0519856737440638	0.7392855475798108	0.045808134194997005	0.7392855475798108	1.0	3
DLBCL10464	0.1272641284162024	0.03372461184680118	0.059950424865776265	0.7400785059684629	0.038982328902757254	0.7400785059684629	2.0	3
DLBCL11208	0.14957277532127813	0.03645125616121058	0.04396647271886679	0.7402057154486824	0.029803780349962058	0.7402057154486824	1.0	3
DLBCL10514	0.11823288792399402	0.03802873380768819	0.055667071193363005	0.7404475087520727	0.047623798322882084	0.7404475087520727	2.0	3
DLBCL11655	0.1284773074125527	0.03570031972626298	0.045919057334081255	0.7404910298320169	0.049412285695086176	0.7404910298320169	3.0	3
DLBCL_C_D_1113_NULLPAIR	0.12652619841403617	0.026395602959747567	0.05033590342821663	0.7425388361822763	0.05420345901572329	0.7425388361822763	2.0	3
DFCIDL008_DT	0.11162501300008743	0.033084014700486074	0.0559643304202427	0.7425655130506044	0.05676112882857949	0.7425655130506044	4.0	3
DLBCL10988	0.12765421747307373	0.04253589824924885	0.037429054714732075	0.7427845787741717	0.04959625078877354	0.7427845787741717	1.0	3
DLBCL_RICOVER_685	0.1349485691570796	0.029807144884189573	0.05609989815992901	0.7431950547232562	0.0359493330755456	0.7431950547232562	4.0	3
DLBCL10782	0.14079812483932697	0.03405771609373872	0.0433076899368737	0.7435047734074548	0.03833169572260575	0.7435047734074548	3.0	3
DLBCL10909	0.1306407092938478	0.02776660337558191	0.05871311413438424	0.7445151347699854	0.03836443842620062	0.7445151347699854	4.0	3
DLBCL10901	0.119900554048217	0.036470756392094475	0.04137890040758463	0.7447006435280442	0.057549145624059696	0.7447006435280442	4.0	3
DLBCL11431	0.13377180308365805	0.031467322491610404	0.044637145782279924	0.7454113636792837	0.04471236496316792	0.7454113636792837	4.0	3
DLBCL_DFCI_DLBCL_GOE05	0.12202737429496793	0.03762867194329612	0.054712946787979416	0.7454716591140828	0.04015934785967382	0.7454716591140828	1.0	3
DLBCL10911	0.12860756903925713	0.03205089778715408	0.0573103722102229	0.7466516068941594	0.0353795540692065	0.7466516068941594	1.0	3
DLBCL11495	0.1131046113763711	0.031759063499734536	0.03834414621081579	0.7468912958419922	0.06990088307108641	0.7468912958419922	4.0	3
DLBCL10836	0.12136508800306478	0.03048404528057188	0.043216899767158236	0.74705292073206	0.05788104621714517	0.74705292073206	4.0	3
DLBC_FF_A7CW_TP_NB	0.1266619942788628	0.0298252576951697	0.04624711769588543	0.7470577162399715	0.0502079140901106	0.7470577162399715	4.0	3
DLBCL10860	0.11446489591912523	0.038677580640768185	0.051614937225049555	0.7471676836425648	0.04807490257249224	0.7471676836425648	4.0	3
DLBCL_RICOVER_469	0.09766439466237384	0.03247232407239659	0.07531515356978753	0.748015069259902	0.04653305843553995	0.748015069259902	2.0	3
DLBCL_RICOVER_401	0.11768940095050652	0.03608112211626559	0.05018732137817364	0.7480231714534957	0.04801898410155856	0.7480231714534957	1.0	3
DLBCL10452	0.13323782101910395	0.030885124566305946	0.051155428115223736	0.7481609804271496	0.03656064587221678	0.7481609804271496	1.0	3
DLBCL_LS843	0.10839448235594933	0.034659458046804675	0.05495548222109659	0.7485386571978222	0.053451920178327145	0.7485386571978222	2.0	3
DLBCL10854	0.12324239102671977	0.032201943793264166	0.03911237108822078	0.7494049026324932	0.056038391459302145	0.7494049026324932	4.0	3
DLBCL10519	0.1237304513026759	0.034948675503517136	0.04216523573206515	0.7497644850730494	0.04939115238869241	0.7497644850730494	1.0	3
DLBCL10889	0.12018852767266669	0.032641209776511027	0.04705209629505156	0.750980590157199	0.04913757609857181	0.750980590157199	4.0	3
DLBCL11474	0.1308380791435305	0.03268697363103104	0.03648475067027255	0.7516983912438086	0.048291805311357384	0.7516983912438086	0.0	3
DLBCL11441	0.13109194563691112	0.03626536412710472	0.041298939539908194	0.7519966615161551	0.03934708917992086	0.7519966615161551	2.0	3
DLBCL10482	0.13872740526641072	0.031104789154803997	0.04052244768096284	0.753292446532284	0.03635291136553841	0.753292446532284	0.0	3
DLBCL_RICOVER_473	0.12105427195432102	0.03356793611418858	0.046304675914748565	0.7541301594093257	0.04494295660741613	0.7541301594093257	0.0	3
DLBCL10522	0.09409956502812834	0.02941086223535405	0.06632189404449206	0.7543387397917576	0.05582893890026798	0.7543387397917576	2.0	3
DLBCL_C_D_1138_NULLPAIR	0.12986630828052897	0.03636909130375419	0.04044142670551389	0.7545194551058546	0.038803718604348364	0.7545194551058546	1.0	3
DLBCL11000	0.12174570611171023	0.032886360625243416	0.04231983612306801	0.7545631841684297	0.04848491297154865	0.7545631841684297	4.0	3
DLBCL11569	0.1217850172676312	0.033773836312429265	0.04658714965974924	0.7547613316022972	0.04309266515789308	0.7547613316022972	2.0	3
DLBCL10515	0.1329931053977585	0.02889331945351769	0.043597068596651474	0.7550535945106857	0.03946291204138675	0.7550535945106857	0.0	3
DLBCL_RICOVER_274	0.13289958851652428	0.0369070454676883	0.040191883880026695	0.7555865333318111	0.03441494880394956	0.7555865333318111	3.0	3
DLBCL10843	0.12051905792617647	0.030026966415390367	0.050528068050522366	0.7558426185347771	0.043083289073133656	0.7558426185347771	0.0	3
DLBCL10934	0.0898592732109358	0.03392331791097524	0.06957183449195586	0.7569186597007647	0.049726914685368426	0.7569186597007647	1.0	3
DLBCL11467	0.13337694107927178	0.032586297089377166	0.04276315986331697	0.7570811820914523	0.03419241987658186	0.7570811820914523	3.0	3
DLBCL11436	0.1314021485749674	0.02693633459501491	0.047327594978331056	0.7572734205958892	0.03706050125579749	0.7572734205958892	1.0	3
DLBCL_RICOVER_787	0.11999489109397188	0.03322763291119841	0.05412856343224801	0.7573054419827678	0.03534347057981385	0.7573054419827678	1.0	3
DLBCL_LS3820	0.11021359823436432	0.033637347806150665	0.05321050565065388	0.7579334715740641	0.04500507673476699	0.7579334715740641	2.0	3
DLBCL11481	0.10499676176015703	0.035243741464139305	0.04885727053017831	0.7579693946198378	0.0529328316256875	0.7579693946198378	0.0	3
DLBCL10555	0.12785293261391967	0.02468089078109375	0.04092565195975403	0.7592085055994986	0.04733201904573394	0.7592085055994986	2.0	3
DLBCL11346	0.11887523315426708	0.03218550330859835	0.04472752192997757	0.7597218357864368	0.04448990582072016	0.7597218357864368	1.0	3
DLBCL_RICOVER_575	0.1418723298003041	0.03266649491959003	0.028676189575912742	0.7597598867644251	0.03702509893976802	0.7597598867644251	3.0	3
DLBCL_RICOVER_1046	0.1052540178462025	0.030899525681996307	0.051876743064546926	0.7600268218338093	0.05194289157344489	0.7600268218338093	1.0	3
DLBCL11428	0.12604451227867455	0.032774110600191426	0.04232459064506725	0.760846857020749	0.03800992945531779	0.760846857020749	2.0	3
DLBCL11574	0.10590565830366155	0.035457975301949954	0.048154305584045716	0.761621929696977	0.04886013111336578	0.761621929696977	2.0	3
DLBCL_RICOVER_174	0.11358226507871291	0.03331336990690274	0.050874278529983025	0.7616441033444342	0.0405859831399671	0.7616441033444342	1.0	3
DLBCL11476	0.1111754710225901	0.04111397354429656	0.04992551955804574	0.7617388307006798	0.0360462051743878	0.7617388307006798	4.0	3
DLBCL_LS3200	0.11151241023636403	0.026798158915815544	0.04700231298305595	0.7626957517994294	0.05199136606533514	0.7626957517994294	4.0	3
DLBCL11534	0.10897548999208337	0.02730172079801548	0.048225795730529424	0.7628959279371568	0.052601065542214914	0.7628959279371568	2.0	3
DLBCL10993	0.1186524459635814	0.03153009873480812	0.04346446463754867	0.7632918082685184	0.04306118239554338	0.7632918082685184	0.0	3
DLBCL10554	0.11139951821921205	0.03240542029302452	0.05184342564725042	0.7638408008084978	0.04051083503201521	0.7638408008084978	2.0	3
DLBCL11462	0.1236707432629055	0.02801820336014496	0.04026946601496623	0.7639478156515602	0.04409377171042306	0.7639478156515602	0.0	3
DLBCL_RICOVER_1269	0.11831459821025246	0.04035282029201743	0.0358940615856067	0.7651159304106832	0.04032258950144029	0.7651159304106832	2.0	3
DLBCL11667	0.11995820940469026	0.02714708734372281	0.04475973898018855	0.7657599787924525	0.04237498547894588	0.7657599787924525	2.0	3
DLBCL10932	0.12322778965824349	0.025220804281815803	0.043131599014398773	0.7669108321045746	0.041508974940967315	0.7669108321045746	3.0	3
DLBCL11523	0.1168499333896116	0.0337180909703416	0.036427954755742974	0.7674758416886079	0.04552817919569589	0.7674758416886079	0.0	3
DLBCL_C_D_1112_NULLPAIR	0.11278913354021003	0.02763035856527199	0.058036715794834395	0.7678815054594174	0.033662286640266256	0.7678815054594174	2.0	3
DLBCL_C_D_1157_NULLPAIR	0.10716122484315771	0.030725811726047977	0.05732540198618572	0.7689520301639616	0.03583553128064692	0.7689520301639616	2.0	3
DLBCL_C_D_1115_NULLPAIR	0.12145948680315802	0.03144225432103079	0.03322153657827415	0.7692177619506291	0.04465896034690795	0.7692177619506291	3.0	3
DLBCL11457	0.10181360743796877	0.03439459310439681	0.04778036832539607	0.7700036803653758	0.04600775076686251	0.7700036803653758	0.0	3
DLBCL10866	0.11281016502423992	0.0265775159086172	0.04580013188606395	0.7704643879301734	0.044347799250905574	0.7704643879301734	4.0	3
DLBCL10454	0.12223983831685095	0.032605224004083506	0.03694545420073971	0.7705703555568748	0.03763912792145097	0.7705703555568748	4.0	3
DLBCL10490	0.09177249260322823	0.03095549623820268	0.05982241586168023	0.7722997727287106	0.04514982256817812	0.7722997727287106	0.0	3
DLBCL10846	0.10282112616245723	0.03341472471892745	0.04429999368401852	0.7725344098419469	0.04692974559264994	0.7725344098419469	1.0	3
DLBCL_RICOVER_1289	0.09559005376609256	0.028010356417105916	0.048866388251684746	0.7726181563503464	0.05491504521477039	0.7726181563503464	4.0	3
DLBCL_RICOVER_216	0.09987759067379522	0.03147371308234425	0.04458078384696923	0.7734848485507602	0.05058306384613116	0.7734848485507602	2.0	3
DLBCL10891	0.11645849393732384	0.03254539564927906	0.03763471030088369	0.7752826689871593	0.03807873112535422	0.7752826689871593	4.0	3
DLBCL10903	0.08674997773942832	0.0269624821146291	0.07354176085322847	0.7758761194815138	0.03686965981120031	0.7758761194815138	1.0	3
DLBCL_RICOVER_1150	0.1067411970950177	0.031156079444011893	0.046010786487154856	0.7760595566690632	0.040032380304752285	0.7760595566690632	0.0	3
DLBCL10963	0.11699580090555925	0.030706549600748003	0.038049593048008874	0.7764208367876894	0.03782721965799454	0.7764208367876894	4.0	3
DLBCL_C_D_1128_NULLPAIR	0.1073213207911376	0.02543418480548588	0.04234264792851363	0.776800742941646	0.048101103533216866	0.776800742941646	0.0	3
DLBCL_MC_F064AB	0.08286125755509915	0.02863997543169247	0.05915501581347563	0.777206731387631	0.05213701981210174	0.777206731387631	2.0	3
DLBCL10451	0.1221536745398592	0.027088781747035717	0.03946925079918986	0.7773727301047954	0.033915562809119844	0.7773727301047954	0.0	3
DLBCL10457	0.0945041755290912	0.026909035171299986	0.04322534522602518	0.7791456667689219	0.056215777304661735	0.7791456667689219	4.0	3
DLBCL10856	0.10536190456217259	0.023242370923000934	0.05746309215590385	0.7800368777400295	0.033895754618893124	0.7800368777400295	2.0	3
DLBCL_LS155	0.10531159756615642	0.028524041761574706	0.042039340121339974	0.7803286349807239	0.04379638557020505	0.7803286349807239	2.0	3
DLBCL10465	0.09183789595303382	0.02738106757947314	0.055449723237176556	0.7828617219642302	0.042469591266086314	0.7828617219642302	2.0	3
DLBCL10485	0.10038190581137017	0.027947074494290017	0.04388118662982146	0.7851657992729351	0.04262403379158332	0.7851657992729351	4.0	3
DLBCL11526	0.09402221543583247	0.033070210051591255	0.04685480048263454	0.7865071156163943	0.039545658413547374	0.7865071156163943	2.0	3
DLBCL_RICOVER_910	0.09832999100411623	0.028874704911575916	0.04878180341368125	0.786510507955992	0.03750299271463464	0.786510507955992	0.0	3
DLBCL11203	0.0979363276436931	0.02968900007973286	0.04353369918909692	0.7871523842687748	0.0416885888187023	0.7871523842687748	1.0	3
DLBCL10513	0.10932063905751706	0.03283505833809956	0.037896755931022146	0.7872129276950771	0.032734618978284113	0.7872129276950771	3.0	3
DLBCL10955	0.10454128644058758	0.031059264820134613	0.03981129735041744	0.7874168178310359	0.037171333557824475	0.7874168178310359	3.0	3
DLBCL_RICOVER_1018	0.11236694800943926	0.028705074225954825	0.032073616604299096	0.7901167661039457	0.03673759505636116	0.7901167661039457	3.0	3
DLBCL_C_D_1103_NULLPAIR	0.11233576955021565	0.01901109272226251	0.04439226789410915	0.7902107088417474	0.03405016099166533	0.7902107088417474	3.0	3
DLBCL_LS2357	0.0994677750044183	0.029223544568719794	0.039701061132916764	0.7918429250929192	0.03976469420102598	0.7918429250929192	3.0	3
DLBCL_RICOVER_1192	0.10012246324199726	0.03356842956160005	0.03635498778926216	0.7921593482798025	0.03779477112733799	0.7921593482798025	4.0	3
DLBCL_RICOVER_1204	0.10440407734361301	0.028395072903269508	0.03666857658941618	0.7942102869119885	0.0363219862517129	0.7942102869119885	3.0	3
DLBCL11666	0.07246066276624678	0.0276854584231366	0.0703232409704148	0.7950155540620165	0.03451508377818528	0.7950155540620165	2.0	3
DLBCL11456	0.10008951126662378	0.02633129631015443	0.04623416007233055	0.7956642935634685	0.03168073878742274	0.7956642935634685	1.0	3
DLBCL_RICOVER_711	0.07929255824307654	0.02411488523584482	0.0452965206916955	0.7972288074197899	0.05406722840959323	0.7972288074197899	3.0	3
DLBCL11434	0.09290594020942641	0.029948196717015263	0.04092342483556905	0.798068031306521	0.03815440693146824	0.798068031306521	0.0	3
DLBCL_RICOVER_701	0.08997664245065498	0.03243588217020938	0.04073871979165634	0.7981794550638263	0.038669300523653055	0.7981794550638263	3.0	3
DLBCL10968	0.0936456971332926	0.03186577291168133	0.03369446754514422	0.7991623104852821	0.04163175192459974	0.7991623104852821	0.0	3
DLBCL_LS4619	0.09181120911839394	0.026846506313443957	0.043958979883347946	0.7998273597147423	0.03755594497007191	0.7998273597147423	4.0	3
DLBCL_RICOVER_1032	0.09279120462573377	0.025814119932152452	0.03984487713716933	0.8027673788455753	0.03878241945936919	0.8027673788455753	4.0	3
DLBCL10564	0.0945115533166655	0.02576988764818672	0.03823969819054117	0.8043117837186552	0.0371670771259514	0.8043117837186552	3.0	3
DLBCL10917	0.10638046318272587	0.020498961505744234	0.034827538300170144	0.8050501485719	0.03324288843945966	0.8050501485719	1.0	3
DLBCL10565	0.09387170101455272	0.0232471118562196	0.04240929560845347	0.8073792539705962	0.03309263755017798	0.8073792539705962	3.0	3
DLBCL10913	0.09730058210404993	0.025566224867887597	0.03661071092642356	0.807983257598898	0.032539224502740924	0.807983257598898	0.0	3
DLBCL_MC_F218_RAP	0.08814846856389434	0.0229628061644413	0.037792187772132356	0.8083023416933331	0.042794195806198906	0.8083023416933331	3.0	3
DLBCL11669	0.09144623218860777	0.021154064317017513	0.04512613128885989	0.8093425066493302	0.032931065556184684	0.8093425066493302	2.0	3
DLBCL10780	0.08603093956408388	0.028666618631226777	0.04351733420405761	0.8105476181844041	0.03123748941622759	0.8105476181844041	1.0	3
DLBCL10897	0.09025666565673833	0.031420934835334924	0.03293151027429502	0.8117517502959289	0.03363913893770276	0.8117517502959289	0.0	3
DLBCL10902	0.08350296886266756	0.026990480796422245	0.035043477504740045	0.8169994964337243	0.03746357640244585	0.8169994964337243	4.0	3
DLBCL_RICOVER_522	0.0899877214855765	0.02735587231976998	0.0352749906056774	0.8189044499933843	0.028476965595591795	0.8189044499933843	2.0	3
DLBCL_RICOVER_1106	0.0816651842175355	0.024419191738740794	0.04720853601586294	0.8190164530855139	0.02769063494234691	0.8190164530855139	4.0	3
DLBCL11564	0.08638782866826852	0.024275577983561537	0.03960732976613154	0.819319203081457	0.030410060500581426	0.819319203081457	3.0	3
DLBCL10544	0.08716239930187865	0.024660084904826636	0.03404865461991572	0.8211307914917205	0.03299806968165844	0.8211307914917205	3.0	3
DLBCL_MC_F500_ECU	0.09058247121565134	0.024510359969783922	0.029242687018694178	0.8242845292873244	0.03137995250854616	0.8242845292873244	1.0	3
DLBCL10483	0.06919793605741967	0.02361795667812063	0.046936082833543794	0.8278067529265027	0.032441271504413144	0.8278067529265027	1.0	3
DLBCL11581	0.0801039152569083	0.024815346062824657	0.03520731576115049	0.828985758195978	0.030887664723138572	0.828985758195978	4.0	3
DLBCL10517	0.07107482230855217	0.02447458592237508	0.03844450954964842	0.8325503499610053	0.03345573225841905	0.8325503499610053	1.0	3
DLBCL11204	0.07662408069716749	0.024269474003614736	0.036369035938472224	0.8347568208622985	0.027980588498446986	0.8347568208622985	1.0	3
DLBCL11459	0.06263997183494713	0.020144206059296337	0.04451133069576225	0.8391168429927428	0.03358764841725147	0.8391168429927428	3.0	3
DLBCL10970	0.06354198666156552	0.017975275263825873	0.033825438580121894	0.8609283201338865	0.023728979360600106	0.8609283201338865	3.0	3
DLBCL11558	0.061298776053707066	0.01679352382044291	0.037705762864806175	0.8621242277231025	0.02207770953794139	0.8621242277231025	2.0	3
