	C1	C2	C3	C4	C5	Confidence	True Cluster	Predicted Cluster
DLBCL11202	0.3169004	0.041807733	0.064161465	0.51111156	0.06601881	0.51111156	0.0	3
DLBCL10986	0.30364043	0.038568284	0.091015525	0.5127144	0.05406138	0.5127144	0.0	3
DLBCL_RICOVER_1081	0.21166013	0.06465063	0.11028794	0.5152283	0.09817301	0.5152283	4.0	3
DLBCL_C_D_1133_NULLPAIR	0.28475243	0.049731854	0.0983887	0.51578164	0.051345363	0.51578164	2.0	3
DLBCL_RICOVER_111	0.2606243	0.051929876	0.10108234	0.5175807	0.06878283	0.5175807	4.0	3
DLBCL10987	0.2524271	0.04247904	0.10857169	0.5206816	0.07584056	0.5206816	4.0	3
DLBCL_LS1304	0.2435902	0.047049314	0.085185386	0.5220245	0.10215057	0.5220245	2.0	3
DLBCL10498	0.2869689	0.04817271	0.09922563	0.5250582	0.04057454	0.5250582	2.0	3
DLBCL_RICOVER_744	0.253211	0.057056427	0.067680076	0.5276468	0.09440575	0.5276468	2.0	3
DLBCL10513	0.26042515	0.06111396	0.08596926	0.5280217	0.06446993	0.5280217	3.0	3
DLBCL10999	0.24151628	0.05781764	0.062154222	0.53290784	0.105604	0.53290784	4.0	3
DLBCL10957	0.26881284	0.042206157	0.068576835	0.538207	0.08219721	0.538207	0.0	3
DLBCL_RICOVER_335	0.25191545	0.055179436	0.083698146	0.54082906	0.06837792	0.54082906	1.0	3
DLBCL_MC_F349_BJJ	0.257693	0.040753495	0.07422914	0.5483173	0.07900702	0.5483173	2.0	3
DLBCL11455	0.24711153	0.050526325	0.075419135	0.54880524	0.078137755	0.54880524	3.0	3
DLBCL11353	0.26981464	0.04852587	0.05807213	0.5495184	0.07406892	0.5495184	4.0	3
DLBCL10849	0.19074321	0.061297968	0.06759209	0.5642786	0.11608813	0.5642786	1.0	3
DLBCL10970	0.19911386	0.050177593	0.079638086	0.56483567	0.10623477	0.56483567	3.0	3
DLBCL_RICOVER_151	0.22253022	0.033159606	0.108767904	0.56586856	0.0696737	0.56586856	3.0	3
DLBCL_RICOVER_701	0.19801939	0.05988672	0.097043164	0.5660097	0.07904101	0.5660097	3.0	3
DLBCL11242	0.24680467	0.050132763	0.07063003	0.56673104	0.065701485	0.56673104	4.0	3
DLBCL11441	0.24033813	0.056341566	0.059833623	0.5675052	0.07598148	0.5675052	2.0	3
DLBCL_DFCI_DLBCL_GOE05	0.23139717	0.046446566	0.07721059	0.56858885	0.07635682	0.56858885	1.0	3
DLBCL_RICOVER_401	0.21865265	0.04793113	0.08296564	0.57150763	0.07894291	0.57150763	1.0	3
DLBCL10918	0.21295927	0.04544536	0.119328015	0.57411957	0.048147794	0.57411957	0.0	3
DLBCL11667	0.21204533	0.05365442	0.075423904	0.57901007	0.0798663	0.57901007	2.0	3
DLBCL_RICOVER_496	0.24559233	0.055911493	0.06184954	0.58039695	0.056249697	0.58039695	1.0	3
DLBCL11460	0.2512625	0.056514576	0.053874087	0.5809354	0.057413448	0.5809354	3.0	3
DLBCL_RICOVER_910	0.22726366	0.03150099	0.08602126	0.583186	0.07202811	0.583186	0.0	3
DLBCL11513	0.23191863	0.04157112	0.08811328	0.5834846	0.054912344	0.5834846	4.0	3
DLBCL10921	0.24037516	0.039901223	0.06586731	0.58380336	0.07005295	0.58380336	4.0	3
DLBCL11673	0.23106867	0.04021198	0.09663371	0.58583486	0.046250764	0.58583486	1.0	3
DLBCL_RICOVER_288	0.23310475	0.040281605	0.07821186	0.58995545	0.05844631	0.58995545	1.0	3
DLBCL10509	0.20675261	0.049334858	0.08467138	0.5908511	0.06839006	0.5908511	0.0	3
DLBCL10466	0.21947561	0.045944594	0.073796585	0.59571743	0.065065764	0.59571743	2.0	3
DLBCL10518	0.16925144	0.032286447	0.1180762	0.5977871	0.08259882	0.5977871	2.0	3
DLBCL_RICOVER_173	0.19551954	0.036448643	0.10899569	0.5987251	0.060311023	0.5987251	4.0	3
DLBCL_LS3245	0.2080665	0.043273546	0.07280951	0.6008473	0.07500313	0.6008473	1.0	3
DLBCL10968	0.20778254	0.043480013	0.065847784	0.6020588	0.08083082	0.6020588	0.0	3
DLBCL11670	0.20618503	0.0427511	0.07882902	0.60216147	0.070073366	0.60216147	2.0	3
DLBCL_MC_F729_MAN	0.23684976	0.048931967	0.053386323	0.6023328	0.058499217	0.6023328	1.0	3
DLBCL10877	0.23016123	0.03589531	0.08125193	0.6024979	0.050193667	0.6024979	0.0	3
DLBCL10945	0.21908823	0.048488583	0.06533224	0.6027014	0.064389504	0.6027014	0.0	3
DLBCL_C_D_1105_NULLPAIR	0.17695102	0.054399356	0.08016031	0.60404587	0.08444346	0.60404587	1.0	3
DLBCL_RICOVER_449	0.19815005	0.047215834	0.086642236	0.604759	0.06323292	0.604759	4.0	3
DFCIDL010_DT	0.19060145	0.052583203	0.07296521	0.60591114	0.077938974	0.60591114	0.0	3
DLBCL_LS1065	0.1994235	0.040332593	0.08908503	0.6059322	0.06522671	0.6059322	1.0	3
DLBCL11537	0.21677004	0.04451352	0.06792869	0.6078904	0.06289732	0.6078904	0.0	3
DLBCL_LS3204	0.19029489	0.04634942	0.092453174	0.6086227	0.062279794	0.6086227	1.0	3
DLBCL11663	0.18078543	0.04428519	0.101999745	0.6094615	0.06346813	0.6094615	0.0	3
DLBCL11446	0.18020748	0.03946428	0.059877634	0.6121754	0.108275205	0.6121754	1.0	3
DLBCL10954	0.19547884	0.050871097	0.058746774	0.61309713	0.08180612	0.61309713	1.0	3
DLBCL_RICOVER_780	0.20581138	0.048630763	0.06900173	0.61370736	0.062848754	0.61370736	1.0	3
DLBCL_RICOVER_258	0.19021481	0.038257554	0.08963208	0.6156506	0.06624493	0.6156506	2.0	3
DLBCL10494	0.19094142	0.046021417	0.08792228	0.61621547	0.058899384	0.61621547	1.0	3
DLBCL_LS1098	0.21780361	0.03752568	0.07711405	0.61746156	0.050095107	0.61746156	2.0	3
DLBCL11431	0.17447029	0.037773278	0.10848814	0.61844724	0.06082105	0.61844724	4.0	3
DLBCL_C_D_1115_NULLPAIR	0.20379433	0.042076852	0.0801707	0.6187365	0.05522161	0.6187365	3.0	3
DLBCL10996	0.19832678	0.05830906	0.07332813	0.6196671	0.050368916	0.6196671	0.0	3
DLBCL10913	0.19527502	0.032649513	0.0956681	0.62109905	0.055308327	0.62109905	0.0	3
DLBCL10899	0.15396918	0.050362095	0.088967994	0.6232939	0.08340687	0.6232939	4.0	3
DLBCL10510	0.19947405	0.036028195	0.06679108	0.6238226	0.07388406	0.6238226	1.0	3
DLBCL10878	0.19230329	0.045555744	0.06489124	0.6247298	0.072519906	0.6247298	4.0	3
DLBCL10893	0.20028713	0.043624736	0.07505716	0.62479293	0.056238037	0.62479293	4.0	3
DLBCL11526	0.23165493	0.035260297	0.049380526	0.6248673	0.05883694	0.6248673	2.0	3
DLBCL11507	0.19402534	0.040911335	0.088186584	0.6254338	0.05144292	0.6254338	1.0	3
DLBCL11558	0.16761842	0.041600488	0.09030659	0.6272647	0.073209815	0.6272647	2.0	3
DLBCL10916	0.17004292	0.045573812	0.07343626	0.62769604	0.083250955	0.62769604	4.0	3
DLBCL11478	0.20047627	0.035963956	0.07943573	0.6286723	0.055451717	0.6286723	0.0	3
DLBCL10889	0.1960159	0.039099544	0.05180233	0.62989235	0.0831899	0.62989235	4.0	3
DLBCL11681	0.1853481	0.038304154	0.078847885	0.6303896	0.06711026	0.6303896	0.0	3
DLBCL10462	0.20300044	0.049062427	0.054531805	0.6316035	0.061801855	0.6316035	0.0	3
DLBCL_RICOVER_467	0.1796431	0.042111225	0.062770426	0.6318079	0.08366732	0.6318079	1.0	3
DLBCL11476	0.19295026	0.05113619	0.07019385	0.6323629	0.053356815	0.6323629	4.0	3
DLBCL11468	0.19991212	0.04453943	0.063632384	0.6323934	0.05952266	0.6323934	2.0	3
DLBCL11481	0.17680247	0.0324944	0.08917628	0.6332906	0.06823627	0.6332906	0.0	3
DLBCL_RICOVER_506	0.18094268	0.055736363	0.05273721	0.63413167	0.07645206	0.63413167	4.0	3
DLBCL_RICOVER_478	0.1975985	0.039753854	0.07078692	0.6350218	0.056838907	0.6350218	1.0	3
DLBCL11470	0.17292757	0.0365039	0.096593484	0.63524705	0.058728028	0.63524705	0.0	3
DLBCL_MC_F262_WLC	0.15596859	0.043516763	0.097101085	0.63688815	0.0665254	0.63688815	0.0	3
DLBCL_C_D_1114_NULLPAIR	0.17203256	0.04862181	0.068898804	0.63691086	0.07353596	0.63691086	0.0	3
DLBCL10534	0.19070147	0.032102954	0.09605453	0.6376331	0.04350796	0.6376331	4.0	3
DLBCL11483	0.19142792	0.04328622	0.06445721	0.6377358	0.063092865	0.6377358	1.0	3
DLBCL_RICOVER_533	0.2134911	0.040460676	0.05693308	0.6378254	0.05128974	0.6378254	1.0	3
DLBCL11566	0.15662797	0.040902264	0.08447366	0.6380953	0.07990079	0.6380953	2.0	3
DLBCL10454	0.21265943	0.03835881	0.05197956	0.6381548	0.05884737	0.6381548	4.0	3
DLBCL_C_D_1129_NULLPAIR	0.17484377	0.05045131	0.077618346	0.63944983	0.05763674	0.63944983	0.0	3
DLBCL_LS146	0.19211814	0.03362204	0.06890659	0.6394949	0.065858305	0.6394949	1.0	3
DLBCL10519	0.17866807	0.039475072	0.0942135	0.6403166	0.047326732	0.6403166	1.0	3
DFCIDL003_DT	0.18018147	0.046186805	0.07236762	0.6405871	0.06067699	0.6405871	1.0	3
DLBCL10935	0.17949533	0.038079116	0.07869152	0.6406165	0.06311757	0.6406165	0.0	3
DLBCL_C_D_PAIR13	0.18195225	0.03738696	0.07052166	0.6422955	0.06784365	0.6422955	4.0	3
DLBCL11491	0.19003989	0.04283267	0.055859014	0.64257747	0.068690956	0.64257747	3.0	3
DLBCL11448	0.18825045	0.038022015	0.069285154	0.6429405	0.06150184	0.6429405	3.0	3
DLBCL_C_D_1130_NULLPAIR	0.17157584	0.042389095	0.086851254	0.6429785	0.05620532	0.6429785	0.0	3
DLBCL11512	0.2018555	0.04277274	0.05734417	0.6437331	0.054294508	0.6437331	0.0	3
DLBCL_C_D_1135_NULLPAIR	0.1689102	0.04477951	0.055164285	0.644673	0.08647302	0.644673	1.0	3
DLBCL11520	0.19217293	0.04443541	0.05049071	0.64556134	0.06733961	0.64556134	0.0	3
DLBCL11488	0.17804277	0.039024103	0.06973866	0.6477103	0.065484166	0.6477103	0.0	3
DLBCL_LS2089	0.18936878	0.038773302	0.063590266	0.6479385	0.060329154	0.6479385	1.0	3
DLBCL11196	0.18046995	0.038773637	0.070760734	0.6481288	0.061866906	0.6481288	3.0	3
DLBCL_BWH_DLBCL64	0.15401842	0.03903288	0.06092263	0.64965683	0.096369244	0.64965683	3.0	3
DLBCL10525	0.17760807	0.04593849	0.066759944	0.64971477	0.059978724	0.64971477	0.0	3
DLBCL10450	0.17029735	0.049694385	0.08164812	0.64992166	0.04843852	0.64992166	0.0	3
DLBCL10931	0.18035819	0.044162225	0.08160639	0.65007	0.043803215	0.65007	0.0	3
DLBCL_RICOVER_1210	0.15911098	0.043953147	0.08885976	0.6506082	0.05746793	0.6506082	1.0	3
DLBCL_C_D_1149_NULLPAIR	0.17939831	0.045432545	0.0704703	0.6512448	0.053453997	0.6512448	1.0	3
DLBCL10535	0.17445664	0.042470332	0.065655015	0.6517525	0.06566552	0.6517525	4.0	3
DLBCL_RICOVER_956	0.19049717	0.039490085	0.050779242	0.65177786	0.067455664	0.65177786	4.0	3
DLBCL_C_D_1119_NULLPAIR	0.17854092	0.04120556	0.073008604	0.6530183	0.054226656	0.6530183	1.0	3
DLBCL_C_D_1106_NULLPAIR	0.16768143	0.05046259	0.06749986	0.6536109	0.060745217	0.6536109	1.0	3
DLBCL10846	0.18460953	0.048244767	0.065079875	0.6539249	0.04814093	0.6539249	1.0	3
DLBCL11538	0.2010374	0.042095564	0.05154133	0.654258	0.0510677	0.654258	3.0	3
DLBCL_RICOVER_1045	0.173514	0.036015853	0.07436151	0.6544899	0.0616188	0.6544899	3.0	3
DLBCL10487	0.16128348	0.03977356	0.087194316	0.654594	0.05715464	0.654594	1.0	3
DLBCL11449	0.16328071	0.035013556	0.09189016	0.65461904	0.05519652	0.65461904	1.0	3
DLBCL_RICOVER_685	0.16211419	0.037001375	0.08684456	0.65469664	0.059343223	0.65469664	4.0	3
DLBCL_MC_F362_MJB1	0.15706132	0.0436102	0.080260396	0.6547444	0.064323686	0.6547444	2.0	3
DLBCL10860	0.16227816	0.05647381	0.06407515	0.6552031	0.061969783	0.6552031	4.0	3
DLBCL_C_D_1117_NULLPAIR	0.1937439	0.046920657	0.049946893	0.65559447	0.053794052	0.65559447	1.0	3
DLBCL11535	0.17109208	0.050406408	0.0650906	0.6557519	0.057659023	0.6557519	3.0	3
DLBCL10992	0.17610544	0.036442965	0.0702209	0.6590677	0.058163013	0.6590677	4.0	3
DLBCL_LS1757	0.1524609	0.03459449	0.06146575	0.65919906	0.092279814	0.65919906	0.0	3
DLBCL10782	0.16448441	0.058330406	0.071693406	0.6593771	0.046114653	0.6593771	3.0	3
DLBCL_LS4592	0.12596862	0.044201277	0.075273074	0.6605658	0.09399121	0.6605658	2.0	3
DLBCL_RICOVER_826	0.16974518	0.037657958	0.070252344	0.66060567	0.061738856	0.66060567	0.0	3
DLBCL_RICOVER_1269	0.16377671	0.038097277	0.07040093	0.6616241	0.06610104	0.6616241	2.0	3
DLBCL_C_D_1152_NULLPAIR	0.1808918	0.03864373	0.0712741	0.6628006	0.046389766	0.6628006	1.0	3
DLBCL_RICOVER_773	0.16313614	0.031744435	0.09856325	0.66423994	0.042316254	0.66423994	4.0	3
DLBCL10891	0.16905394	0.04286582	0.059962653	0.6642435	0.06387406	0.6642435	4.0	3
DLBCL11436	0.17934158	0.041264918	0.056270264	0.6646846	0.058438655	0.6646846	1.0	3
DLBCL_LS4593	0.18156281	0.037675686	0.0534237	0.6665105	0.060827307	0.6665105	2.0	3
DLBCL10488	0.18134822	0.037325244	0.071206436	0.66683376	0.043286372	0.66683376	0.0	3
DLBCL11484	0.17373586	0.04251379	0.058543578	0.6670636	0.05814316	0.6670636	1.0	3
DLBCL11509	0.16860047	0.04414122	0.0647188	0.6673712	0.055168282	0.6673712	0.0	3
DLBCL_MC_F064AB	0.1559708	0.03227397	0.09161517	0.6675339	0.05260618	0.6675339	2.0	3
DLBCL11523	0.15957238	0.038439624	0.06591823	0.66828233	0.06778741	0.66828233	0.0	3
DLBCL_RICOVER_978	0.16095717	0.043589193	0.07700629	0.66885626	0.049591083	0.66885626	2.0	3
DLBCL10862	0.12593639	0.04420208	0.08013956	0.6701015	0.07962046	0.6701015	4.0	3
DLBCL_RICOVER_678	0.16876516	0.033267543	0.067901455	0.6706632	0.059402686	0.6706632	1.0	3
DLBCL10458	0.16579212	0.031939574	0.06321701	0.67110324	0.06794804	0.67110324	0.0	3
DLBCL10464	0.12546149	0.04927678	0.08075094	0.67125624	0.07325455	0.67125624	2.0	3
DLBCL11591	0.15742493	0.042013522	0.08589467	0.6714549	0.043211993	0.6714549	1.0	3
DLBC_FF_8043_TP_NB	0.15216525	0.035864606	0.06698276	0.67169356	0.07329382	0.67169356	1.0	3
DLBCL11500	0.17103921	0.03582781	0.074732795	0.67182076	0.046579435	0.67182076	4.0	3
DLBCL10985	0.15607376	0.042391118	0.060351305	0.67248434	0.06869948	0.67248434	1.0	3
DLBCL_MC_F132_MLM	0.15452969	0.03835312	0.08923182	0.67253727	0.045348108	0.67253727	0.0	3
DLBCL10900	0.15024641	0.043979064	0.07525393	0.6728398	0.05768077	0.6728398	4.0	3
DLBCL_RICOVER_850	0.15468836	0.03288998	0.08096583	0.67349404	0.057961773	0.67349404	4.0	3
DLBCL10971	0.1550095	0.044932455	0.06046531	0.673889	0.065703735	0.673889	0.0	3
DLBCL10845	0.1517452	0.043481093	0.06475404	0.6744451	0.06557457	0.6744451	1.0	3
DLBCL_DFCI_DLBCL_GOE07	0.13569301	0.043150373	0.08939607	0.6745153	0.057245255	0.6745153	1.0	3
DLBCL_C_D_1156_NULLPAIR	0.16493398	0.043826893	0.055630255	0.67463946	0.06096944	0.67463946	0.0	3
DLBCL_RICOVER_216	0.16266626	0.044675827	0.06871339	0.6747241	0.04922041	0.6747241	2.0	3
DLBCL_LS1395	0.14950971	0.038845945	0.07705582	0.6747934	0.059795097	0.6747934	2.0	3
DLBCL11480	0.15590687	0.033850987	0.0703814	0.6756243	0.06423643	0.6756243	0.0	3
DLBCL10555	0.1463969	0.03720926	0.06897329	0.6756929	0.071727626	0.6756929	2.0	3
DLBCL10975	0.17044003	0.03463529	0.06063517	0.67594826	0.05834121	0.67594826	0.0	3
DLBCL11496	0.1448675	0.034488834	0.08003793	0.67638046	0.06422526	0.67638046	0.0	3
DLBCL10896	0.15196367	0.045153975	0.060708005	0.6763843	0.06579002	0.6763843	0.0	3
DLBCL_RICOVER_1329	0.15072623	0.04568354	0.075758934	0.6766505	0.051180765	0.6766505	4.0	3
DLBCL10951	0.16529348	0.027881332	0.054691747	0.6766747	0.07545869	0.6766747	4.0	3
DLBCL11434	0.16517295	0.04072271	0.052354906	0.6768699	0.06487953	0.6768699	0.0	3
DLBCL_RICOVER_617	0.1678388	0.040159978	0.06051874	0.67705035	0.054432146	0.67705035	3.0	3
DLBCL10480	0.15812819	0.038223017	0.078599215	0.6773937	0.04765589	0.6773937	1.0	3
DLBCL11477	0.15329573	0.0381112	0.08704662	0.6774767	0.04406973	0.6774767	0.0	3
DLBCL_RICOVER_1192	0.14658289	0.049593505	0.061929945	0.677509	0.06438463	0.677509	4.0	3
DLBCL_MC_F307_JPS	0.15016948	0.041321695	0.059856046	0.6776101	0.07104268	0.6776101	0.0	3
DLBCL11515	0.16847111	0.034949426	0.06215671	0.67776245	0.05666031	0.67776245	2.0	3
DLBCL10927	0.143263	0.03677829	0.07727606	0.6779639	0.06471872	0.6779639	3.0	3
DLBCL10838	0.16495475	0.030482257	0.079712816	0.678444	0.04640617	0.678444	4.0	3
DLBCL_RICOVER_583	0.14250356	0.034710575	0.07089858	0.6793398	0.072547466	0.6793398	1.0	3
DLBCL11429	0.13446335	0.03996486	0.087105006	0.67936295	0.05910381	0.67936295	0.0	3
DLBCL11004	0.123315915	0.04019234	0.07866101	0.68004036	0.07779037	0.68004036	4.0	3
DLBCL_LS4619	0.15479046	0.046438124	0.053590804	0.6804089	0.064771734	0.6804089	4.0	3
DLBCL_RICOVER_253	0.16891459	0.03998809	0.0618811	0.68046325	0.048752964	0.68046325	1.0	3
DLBCL10978	0.16611868	0.036004167	0.062081445	0.68134856	0.054447126	0.68134856	3.0	3
DLBCL10883	0.16067548	0.030119313	0.072329745	0.68141747	0.055458006	0.68141747	4.0	3
DLBCL_MC_F218_RAP	0.16430102	0.04216179	0.0618056	0.68146825	0.050263356	0.68146825	3.0	3
DLBCL10963	0.17010692	0.042966016	0.055938113	0.68161887	0.04937008	0.68161887	4.0	3
DLBCL_C_D_1163_NULLPAIR	0.15263246	0.04246801	0.049736504	0.68252224	0.0726408	0.68252224	4.0	3
DLBCL11001	0.16942029	0.040768534	0.050886396	0.6832925	0.055632267	0.6832925	4.0	3
DLBCL_RICOVER_1219	0.14510405	0.041438077	0.06347915	0.68370736	0.06627134	0.68370736	4.0	3
DLBCL_C_D_1113_NULLPAIR	0.12215232	0.03208487	0.09675945	0.68508554	0.06391779	0.68508554	2.0	3
DLBCL_RICOVER_1235	0.15741423	0.035056736	0.065697566	0.6853458	0.05648562	0.6853458	1.0	3
DLBCL10966	0.1672734	0.029929005	0.06859964	0.68552876	0.048669204	0.68552876	0.0	3
DLBCL11525	0.15986338	0.0332233	0.06529344	0.68590057	0.055719335	0.68590057	2.0	3
DLBCL11495	0.14968148	0.039296005	0.06935934	0.68604517	0.055618	0.68604517	4.0	3
DLBCL11467	0.17458798	0.033534404	0.053083975	0.68605906	0.0527346	0.68605906	3.0	3
DLBCL10865	0.16604352	0.03370802	0.04508776	0.6863189	0.0688418	0.6863189	4.0	3
DLBCL10853	0.14045878	0.041029096	0.05827937	0.6863473	0.07388546	0.6863473	4.0	3
DLBCL_LS762	0.14904128	0.03665736	0.07320254	0.6864142	0.05468461	0.6864142	2.0	3
DLBCL11657	0.16586442	0.037003182	0.066609204	0.6867594	0.043763757	0.6867594	3.0	3
DLBCL11527	0.13493712	0.040959753	0.07003049	0.6868112	0.067261405	0.6868112	3.0	3
DLBCL10502	0.15438497	0.034772296	0.06368838	0.6869821	0.06017223	0.6869821	1.0	3
DLBCL10463	0.15380463	0.033528656	0.066800274	0.6874684	0.05839806	0.6874684	4.0	3
DLBCL_LS2357	0.14852014	0.03850222	0.059805322	0.68749344	0.06567889	0.68749344	3.0	3
DLBCL10962	0.14891829	0.03164531	0.062420752	0.6877947	0.06922094	0.6877947	1.0	3
DLBCL_LS378	0.15882744	0.028286135	0.061732884	0.6883373	0.06281622	0.6883373	0.0	3
DLBC_FF_A7CR_TP_NB	0.16379341	0.033248525	0.061334122	0.6886314	0.052992545	0.6886314	4.0	3
DLBCL10907	0.1396682	0.043303516	0.068163246	0.689079	0.05978607	0.689079	1.0	3
DLBCL10989	0.12590627	0.039437145	0.07658467	0.6892402	0.068831675	0.6892402	1.0	3
DLBCL10902	0.14514649	0.038864262	0.081438795	0.68935686	0.045193605	0.68935686	4.0	3
DLBCL11677	0.1396372	0.031195411	0.086282276	0.6895479	0.053337213	0.6895479	0.0	3
DLBCL11208	0.13233769	0.039565597	0.063932456	0.68984723	0.074317016	0.68984723	1.0	3
DLBCL11469	0.110030435	0.037267454	0.09029215	0.6900605	0.07234948	0.6900605	2.0	3
DLBCL10977	0.15192436	0.03391926	0.076153256	0.6903208	0.04768235	0.6903208	4.0	3
DLBCL_RICOVER_361	0.12123102	0.04298444	0.07657147	0.6904981	0.068714954	0.6904981	3.0	3
DLBCL_MC_F739_AMA3	0.13564159	0.03090548	0.07973364	0.6907508	0.06296852	0.6907508	1.0	3
DLBCL10514	0.12968305	0.034614976	0.07308045	0.6914587	0.07116283	0.6914587	2.0	3
DLBCL_MC_F502_RFK	0.14137755	0.04043944	0.080465555	0.69168097	0.046036463	0.69168097	1.0	3
DLBCL10911	0.15084054	0.049593337	0.04636716	0.692132	0.061066996	0.692132	1.0	3
DLBCL11656	0.13498677	0.04051752	0.07001671	0.69222844	0.062250577	0.69222844	2.0	3
DLBCL11541	0.16376418	0.030470679	0.066690795	0.6923056	0.046768717	0.6923056	2.0	3
DLBCL_LS3499	0.14516011	0.03259069	0.07745867	0.6924889	0.05230161	0.6924889	3.0	3
DLBCL10868	0.15302591	0.039465133	0.051430713	0.69253933	0.06353893	0.69253933	3.0	3
DLBCL10887	0.15536195	0.039299536	0.06006295	0.69296944	0.052306145	0.69296944	4.0	3
DLBCL_RICOVER_1248	0.15973787	0.043578036	0.055287447	0.69358236	0.047814284	0.69358236	4.0	3
DLBCL11533	0.15739025	0.041725095	0.04819125	0.6938963	0.058797102	0.6938963	1.0	3
DLBCL10484	0.16726121	0.03694628	0.060056444	0.69402236	0.041713722	0.69402236	1.0	3
DLBCL10833	0.14643122	0.0389487	0.045494948	0.6941393	0.07498586	0.6941393	4.0	3
DLBCL11187	0.13250233	0.029042302	0.08746728	0.69459516	0.0563929	0.69459516	4.0	3
DLBCL11678	0.13486181	0.03169131	0.07865709	0.69470525	0.06008456	0.69470525	3.0	3
DLBCL10842	0.14666401	0.03129746	0.07548326	0.6948288	0.05172647	0.6948288	4.0	3
DLBC_FF_A7CQ_TP_NB	0.1461886	0.037064847	0.0695142	0.6952988	0.051933534	0.6952988	4.0	3
DLBCL10549	0.14596556	0.033977047	0.04413409	0.69541186	0.080511406	0.69541186	2.0	3
DLBCL11474	0.13436458	0.043108054	0.07778641	0.695681	0.049059972	0.695681	0.0	3
DFCIDL009_DT	0.11834856	0.04736122	0.08621087	0.6957592	0.052320193	0.6957592	2.0	3
DLBCL_C_D_1109_NULLPAIR	0.13310449	0.03113464	0.08452669	0.69643533	0.054798856	0.69643533	3.0	3
DLBCL10566	0.14537318	0.03898159	0.05156109	0.69651765	0.06756647	0.69651765	4.0	3
DLBCL_RICOVER_134	0.1665652	0.0356905	0.047705233	0.697108	0.0529311	0.697108	4.0	3
DLBCL_RICOVER_1289	0.12095934	0.0371828	0.07125099	0.6972855	0.07332137	0.6972855	4.0	3
DLBCL_RICOVER_1046	0.14482144	0.03935052	0.0628523	0.6975579	0.055417806	0.6975579	1.0	3
DLBCL10847	0.141526	0.03841427	0.07063911	0.6977025	0.051718116	0.6977025	4.0	3
DLBCL11462	0.15158555	0.025539469	0.08276061	0.6978126	0.04230176	0.6978126	0.0	3
DLBCL11473	0.15490976	0.037826616	0.04949961	0.69816506	0.059598945	0.69816506	0.0	3
DLBCL_RICOVER_408	0.1492313	0.037730742	0.06287523	0.6987785	0.05138421	0.6987785	2.0	3
DLBCL11510	0.14024384	0.028262306	0.065864846	0.69880015	0.06682886	0.69880015	4.0	3
DLBCL10512	0.14138134	0.0304773	0.049014263	0.69928724	0.07983987	0.69928724	2.0	3
DLBCL11450	0.1472303	0.029209493	0.07879852	0.69992644	0.044835277	0.69992644	4.0	3
DLBCL11664	0.122487806	0.03698206	0.075672895	0.70061755	0.06423972	0.70061755	1.0	3
DLBCL10959	0.14918794	0.031711683	0.06211027	0.70084536	0.05614472	0.70084536	0.0	3
DLBCL_RICOVER_945	0.13624682	0.04109282	0.06533594	0.70093226	0.056392148	0.70093226	0.0	3
DLBCL10922	0.13760087	0.03498376	0.07302427	0.7015109	0.052880213	0.7015109	1.0	3
DLBCL10863	0.15125386	0.036766563	0.050507784	0.70157236	0.059899434	0.70157236	3.0	3
DLBCL11432	0.13222973	0.044957574	0.061801605	0.7017672	0.059243884	0.7017672	0.0	3
DLBCL_C_D_1125_NULLPAIR	0.1355309	0.037261974	0.05193897	0.7021368	0.07313136	0.7021368	4.0	3
DLBCL_RICOVER_1263	0.1261082	0.04360814	0.06547646	0.70230335	0.06250383	0.70230335	2.0	3
DLBCL10983	0.13138725	0.029840548	0.06523034	0.70247877	0.07106312	0.70247877	1.0	3
DLBCL10906	0.12628628	0.030348167	0.07839843	0.702843	0.06212412	0.702843	1.0	3
DLBCL11471	0.11357141	0.04603479	0.07530248	0.70313454	0.061956756	0.70313454	3.0	3
DLBCL11564	0.16636975	0.026722984	0.058121327	0.7032171	0.04556885	0.7032171	3.0	3
DLBCL11472	0.13662417	0.029672995	0.07718411	0.70322067	0.053298034	0.70322067	0.0	3
DLBCL_MC_F927_JHS	0.13399099	0.037957117	0.07843936	0.70341915	0.046193387	0.70341915	4.0	3
DLBCL10472	0.13292329	0.04167648	0.07274093	0.70353687	0.049122468	0.70353687	2.0	3
DLBCL10836	0.13098954	0.037172128	0.07480782	0.7038671	0.053163428	0.7038671	4.0	3
DLBCL11191	0.15476716	0.029598042	0.062326375	0.70397484	0.04933357	0.70397484	0.0	3
DLBCL11003	0.13839263	0.02928159	0.07884508	0.7040859	0.04939479	0.7040859	1.0	3
DLBCL11518	0.13759601	0.03816287	0.05235781	0.70411295	0.06777034	0.70411295	2.0	3
DLBCL11676	0.15185796	0.031483248	0.06645222	0.70423245	0.045974143	0.70423245	0.0	3
DLBCL10530	0.11451689	0.046205543	0.07715636	0.7049021	0.057219103	0.7049021	4.0	3
DLBCL_RICOVER_440	0.12394612	0.03706979	0.077565484	0.7049157	0.0565029	0.7049157	2.0	3
DLBCL11679	0.13963254	0.036274076	0.07329251	0.7050945	0.04570639	0.7050945	1.0	3
DLBCL10851	0.1327889	0.03136733	0.08106118	0.70520383	0.04957876	0.70520383	1.0	3
DLBCL11447	0.16859993	0.034800697	0.0471663	0.70583045	0.04360263	0.70583045	3.0	3
DLBCL11542	0.11623367	0.032481913	0.0791145	0.70677495	0.065394975	0.70677495	2.0	3
DLBCL10904	0.13519704	0.03442558	0.07003436	0.70718044	0.05316255	0.70718044	4.0	3
DLBCL11669	0.13997759	0.031715218	0.060864247	0.7072183	0.060224667	0.7072183	2.0	3
DLBCL10485	0.13989788	0.031467017	0.056171447	0.70729923	0.06516442	0.70729923	4.0	3
DLBCL11661	0.12899259	0.050328318	0.054855518	0.70789975	0.0579238	0.70789975	1.0	3
DLBCL_C_D_1131_NULLPAIR	0.12066115	0.03681891	0.08949917	0.70792174	0.04509905	0.70792174	1.0	3
DLBCL10910	0.12652564	0.04747845	0.064002395	0.70823604	0.05375748	0.70823604	2.0	3
DLBCL10848	0.130861	0.04109167	0.0602942	0.7082733	0.059479848	0.7082733	4.0	3
DLBCL11519	0.14116792	0.032597404	0.063924626	0.7098946	0.05241543	0.7098946	0.0	3
DLBCL_MC_F606_DMJ	0.11751476	0.034256488	0.07701078	0.710065	0.061152983	0.710065	2.0	3
DLBCL_RICOVER_299	0.1287915	0.036232814	0.08185561	0.7103335	0.04278657	0.7103335	1.0	3
DLBCL10870	0.12355663	0.030462753	0.07781951	0.7107646	0.05739653	0.7107646	4.0	3
DLBCL_RICOVER_174	0.122403674	0.028859105	0.07875917	0.710874	0.05910401	0.710874	1.0	3
DLBCL_RICOVER_575	0.13434266	0.04369985	0.050449237	0.71105075	0.060457513	0.71105075	3.0	3
DLBCL_RICOVER_1150	0.1406744	0.036109366	0.061051827	0.711479	0.05068539	0.711479	0.0	3
DLBCL10898	0.14737377	0.029510748	0.05284464	0.71148527	0.05878556	0.71148527	4.0	3
DLBCL_C_D_1108_NULLPAIR	0.13119717	0.03616436	0.07108661	0.71163875	0.049913097	0.71163875	1.0	3
DLBCL10501	0.12905672	0.03397061	0.07093271	0.7117655	0.054274455	0.7117655	2.0	3
DLBCL11428	0.12702933	0.03319659	0.06631998	0.712051	0.06140312	0.712051	2.0	3
DLBCL_C_D_1159_NULLPAIR	0.15719669	0.029505974	0.06160186	0.71212256	0.039572913	0.71212256	3.0	3
DLBCL10909	0.14546646	0.031951018	0.05835374	0.71249074	0.051738016	0.71249074	4.0	3
DLBCL10844	0.14612804	0.034447886	0.056684237	0.71259683	0.05014301	0.71259683	0.0	3
DLBCL_RICOVER_314	0.11361815	0.035567425	0.08474258	0.71261716	0.05345466	0.71261716	4.0	3
DLBCL10969	0.11901062	0.040041048	0.0734296	0.7128409	0.0546778	0.7128409	0.0	3
DLBCL_LS2599	0.13825117	0.020835591	0.08809936	0.71315765	0.03965623	0.71315765	2.0	3
DLBCL10947	0.13784124	0.040399365	0.06734791	0.7136235	0.04078794	0.7136235	1.0	3
DLBCL_C_D_1157_NULLPAIR	0.11575571	0.033152968	0.07587099	0.7145035	0.06071683	0.7145035	2.0	3
DLBCL10550	0.11482642	0.042539854	0.062796906	0.71502155	0.064815246	0.71502155	4.0	3
DLBCL11430	0.12891635	0.02409333	0.07446361	0.7153989	0.057127833	0.7153989	0.0	3
DLBCL10456	0.1375193	0.037337784	0.05426652	0.7159884	0.05488797	0.7159884	3.0	3
DLBCL_LS3749	0.12707232	0.037842494	0.07360479	0.7161542	0.04532615	0.7161542	1.0	3
DLBCL10895	0.12420119	0.02824037	0.07521413	0.71616733	0.056176968	0.71616733	4.0	3
DLBC_FF_8062_TP_NB	0.13142684	0.029037159	0.06082407	0.7162392	0.06247269	0.7162392	3.0	3
DLBCL_C_D_1138_NULLPAIR	0.12594768	0.036684737	0.065161236	0.7163448	0.055861555	0.7163448	1.0	3
DLBCL10950	0.13623863	0.03426989	0.06286129	0.71708274	0.049547415	0.71708274	0.0	3
DLBCL11205	0.10727603	0.034651596	0.08152687	0.7172982	0.05924728	0.7172982	0.0	3
DLBCL_RICOVER_829	0.12361931	0.03294726	0.07025066	0.7176429	0.055539872	0.7176429	0.0	3
DLBCL10781	0.13283555	0.037920248	0.046262335	0.7178424	0.065139435	0.7178424	4.0	3
DLBCL11435	0.13174242	0.034754448	0.05822474	0.7180687	0.05720969	0.7180687	0.0	3
DLBCL_RICOVER_320	0.122362494	0.029407851	0.06522439	0.7189373	0.064068	0.7189373	2.0	3
DLBCL10539	0.13373563	0.036591634	0.061261512	0.71930414	0.04910709	0.71930414	3.0	3
DLBCL10961	0.105931595	0.03212849	0.05922685	0.7201164	0.08259671	0.7201164	4.0	3
DLBCL11000	0.10814967	0.03392184	0.073003694	0.72012293	0.064801864	0.72012293	4.0	3
DLBCL_LS155	0.13700125	0.023939768	0.06849322	0.72052646	0.050039295	0.72052646	2.0	3
DLBCL10897	0.14118181	0.03386533	0.06269367	0.72059107	0.041668147	0.72059107	0.0	3
DLBCL_C_D_1128_NULLPAIR	0.1284356	0.031565215	0.065920584	0.7207266	0.053351965	0.7207266	0.0	3
DLBCL_RICOVER_1032	0.12687315	0.034907237	0.057802714	0.7208528	0.059564088	0.7208528	4.0	3
DLBCL10866	0.120769374	0.027962798	0.06742732	0.7215007	0.06233979	0.7215007	4.0	3
DLBCL11203	0.12788282	0.040179856	0.056372397	0.72182757	0.053737372	0.72182757	1.0	3
DLBCL_C_D_1126_NULLPAIR	0.13633846	0.031641625	0.06633543	0.7220207	0.043663792	0.7220207	1.0	3
DLBCL_DFCI_DLBCL_GOE16	0.14072008	0.031484995	0.05395022	0.72211283	0.051731866	0.72211283	2.0	3
DLBCL10967	0.13638349	0.029018179	0.06181262	0.7221544	0.05063132	0.7221544	4.0	3
DLBCL10554	0.12393446	0.033419117	0.06306506	0.7224446	0.05713675	0.7224446	2.0	3
DLBCL11672	0.10994009	0.037784778	0.07637767	0.72274864	0.05314886	0.72274864	2.0	3
DLBCL11573	0.10379413	0.027234796	0.08500322	0.7229897	0.060978167	0.7229897	2.0	3
DLBCL11658	0.1345394	0.031991687	0.067602105	0.7233	0.04256686	0.7233	3.0	3
DLBCL11188	0.1317571	0.029032657	0.061570983	0.7233898	0.05424945	0.7233898	1.0	3
DLBC_FF_A7CX_TP_NB	0.11552207	0.03658758	0.06236887	0.7236698	0.061851624	0.7236698	4.0	3
DLBCL10994	0.118316464	0.027361248	0.06531166	0.7236775	0.06533312	0.7236775	0.0	3
DLBCL_LS2328	0.11886379	0.036093257	0.07324085	0.72388697	0.047915142	0.72388697	2.0	3
DLBCL11440	0.13827017	0.02777554	0.05585841	0.72419953	0.053896368	0.72419953	4.0	3
DLBCL10973	0.12578796	0.033750784	0.06944072	0.72459096	0.046429552	0.72459096	3.0	3
DLBCL_RICOVER_1204	0.12038161	0.036292475	0.06265762	0.7247185	0.055949766	0.7247185	4.0	3
DLBCL10541	0.13254416	0.033482864	0.047045745	0.7250724	0.06185486	0.7250724	1.0	3
DLBCL_C_D_1166_NULLPAIR	0.12094148	0.03247119	0.07605803	0.7251251	0.04540424	0.7251251	4.0	3
DLBCL10988	0.11476335	0.037461787	0.07648664	0.72552323	0.045764998	0.72552323	1.0	3
DLBCL10529	0.124882385	0.03954146	0.055598147	0.7258647	0.054113273	0.7258647	4.0	3
DLBCL_C_D_1148_NULLPAIR	0.13881688	0.03557888	0.053003795	0.7259886	0.046611827	0.7259886	0.0	3
DLBCL10459	0.13044249	0.034051653	0.060737208	0.72607964	0.048689026	0.72607964	2.0	3
DLBCL11457	0.114526756	0.028485976	0.07431812	0.72612524	0.05654393	0.72612524	0.0	3
DLBCL_RICOVER_469	0.13511094	0.03302732	0.054615274	0.7261629	0.051083546	0.7261629	2.0	3
DLBCL_C_D_1103_NULLPAIR	0.14217584	0.027895933	0.06374522	0.726617	0.039566018	0.726617	3.0	3
DLBCL10515	0.1208135	0.032003045	0.06666267	0.7266176	0.053903226	0.7266176	0.0	3
DLBCL10497	0.13737613	0.0313333	0.056546263	0.72670376	0.04804055	0.72670376	3.0	3
DLBCL11466	0.11981216	0.025177997	0.07872493	0.7269713	0.049313575	0.7269713	1.0	3
DLBCL10843	0.13599935	0.029282259	0.05741711	0.72722083	0.050080456	0.72722083	0.0	3
DLBCL10471	0.12697986	0.031874366	0.067379065	0.7276763	0.046090417	0.7276763	4.0	3
DLBCL_MC_F496DMP	0.1211022	0.034744516	0.06919303	0.7281652	0.046795037	0.7281652	1.0	3
DLBCL10955	0.11875499	0.025370836	0.06043089	0.72835255	0.067090735	0.72835255	3.0	3
DLBCL11486	0.14264363	0.027428418	0.055288047	0.72843844	0.046201482	0.72843844	0.0	3
DLBCL10523	0.12628093	0.035120577	0.058092292	0.7284729	0.052033298	0.7284729	2.0	3
DLBCL10997	0.12914024	0.033531778	0.057103373	0.72853816	0.051686455	0.72853816	0.0	3
DLBCL10451	0.12094749	0.032881927	0.06903274	0.7289382	0.04819961	0.7289382	0.0	3
DLBCL_LS1668	0.12431899	0.032824885	0.07220407	0.7293653	0.041286755	0.7293653	1.0	3
DFCIDL008_DT	0.10529256	0.03530685	0.08267655	0.72946215	0.047261916	0.72946215	4.0	3
DLBCL11443	0.11143406	0.037110645	0.06256084	0.72978985	0.059104618	0.72978985	0.0	3
DLBCL10837	0.12120716	0.029168608	0.056424133	0.7306719	0.062528215	0.7306719	4.0	3
DLBCL11194	0.12647614	0.030455817	0.05672876	0.7308974	0.055441882	0.7308974	4.0	3
DLBCL11569	0.13847715	0.027628249	0.06730606	0.7309265	0.03566206	0.7309265	2.0	3
DLBCL10552	0.12240333	0.028984401	0.06941062	0.7309912	0.04821046	0.7309912	3.0	3
DLBCL10876	0.11762592	0.036594298	0.06580986	0.7320824	0.047887485	0.7320824	4.0	3
DLBCL_MAYO_DLBCL_7359	0.13404387	0.029094178	0.046941895	0.7321107	0.05780936	0.7321107	1.0	3
DLBCL10867	0.08889889	0.031167254	0.07366434	0.7330779	0.073191665	0.7330779	4.0	3
DLBCL10495	0.11363529	0.027743837	0.08232911	0.73309857	0.04319323	0.73309857	0.0	3
DLBCL10869	0.12541878	0.034072515	0.04998614	0.7334651	0.057057485	0.7334651	0.0	3
DLBCL_RICOVER_522	0.1353352	0.03575687	0.04660961	0.7338817	0.04841659	0.7338817	2.0	3
DLBCL10859	0.112460464	0.027421175	0.078838594	0.73395574	0.047324046	0.73395574	1.0	3
DLBCL_MC_F815_BAT	0.12519823	0.029436678	0.06074527	0.73427546	0.050344348	0.73427546	2.0	3
DLBCL11666	0.13260834	0.026968662	0.049474232	0.7342764	0.056672342	0.7342764	2.0	3
DLBCL10972	0.11074753	0.028946413	0.06330278	0.7348737	0.06212954	0.7348737	0.0	3
DLBCL_RICOVER_948	0.10987926	0.029676327	0.071336634	0.7348783	0.054229483	0.7348783	1.0	3
DLBCL_RICOVER_1060	0.12510629	0.03338499	0.062301245	0.7349233	0.044284157	0.7349233	1.0	3
DLBCL_RICOVER_1106	0.13298482	0.030444665	0.060668714	0.7349396	0.040962234	0.7349396	4.0	3
DLBCL10548	0.1130176	0.03714052	0.0595466	0.7351344	0.05516086	0.7351344	0.0	3
DLBCL_RICOVER_839	0.11733103	0.029822987	0.048292533	0.7360612	0.06849222	0.7360612	1.0	3
DLBCL_C_D_1123_NULLPAIR	0.11494755	0.03220549	0.0654407	0.736159	0.051247258	0.736159	0.0	3
DLBCL10461	0.119337276	0.035321128	0.054050043	0.73622525	0.055066332	0.73622525	1.0	3
DLBCL_RICOVER_1061	0.1084085	0.027032834	0.06998473	0.7369083	0.05766564	0.7369083	3.0	3
DLBCL10881	0.11768583	0.029979404	0.06450839	0.736909	0.050917372	0.736909	4.0	3
DLBCL_LS2208	0.12263718	0.025928365	0.064442344	0.73692685	0.050065283	0.73692685	4.0	3
DLBCL_RICOVER_712	0.11955429	0.028267086	0.05392509	0.7369802	0.061273336	0.7369802	4.0	3
DLBCL_RICOVER_1165	0.11454518	0.033751648	0.07071577	0.7370517	0.04393567	0.7370517	1.0	3
DLBCL10964	0.10937346	0.023231424	0.06884334	0.7371542	0.061397593	0.7371542	4.0	3
DLBCL11456	0.11842448	0.03494541	0.06842653	0.73728824	0.04091533	0.73728824	1.0	3
DLBCL11576	0.09824225	0.03671814	0.07736166	0.7373166	0.050361365	0.7373166	3.0	3
DLBCL11595	0.10858624	0.030118106	0.069902174	0.7376451	0.05374842	0.7376451	4.0	3
DLBCL_RICOVER_417	0.09991042	0.037949145	0.061321262	0.73804235	0.06277682	0.73804235	4.0	3
DLBCL10854	0.12473177	0.029856332	0.064853325	0.7380993	0.042459305	0.7380993	4.0	3
DLBCL10850	0.09708911	0.03375659	0.071628325	0.73895764	0.05856832	0.73895764	1.0	3
DLBCL10981	0.10945325	0.029193917	0.064486384	0.73906344	0.057802986	0.73906344	1.0	3
DLBCL_RICOVER_1190	0.122419685	0.034218073	0.064225204	0.73912275	0.04001426	0.73912275	4.0	3
DLBCL10864	0.12087062	0.028364824	0.060323596	0.73929346	0.051147494	0.73929346	4.0	3
DLBCL10874	0.10880139	0.03184403	0.05656501	0.74036527	0.06242428	0.74036527	1.0	3
DLBCL10903	0.10871307	0.03410487	0.05168816	0.74048024	0.06501363	0.74048024	1.0	3
DLBCL11501	0.11590529	0.03165769	0.05843297	0.7410773	0.052926715	0.7410773	0.0	3
DLBC_FF_8046_TP_NB	0.11853997	0.030653635	0.05350343	0.7414549	0.055848077	0.7414549	2.0	3
DLBCL11528	0.12142717	0.026455915	0.060027126	0.74190885	0.050180953	0.74190885	2.0	3
DLBCL10984	0.119707	0.03101682	0.059831563	0.74195653	0.047488093	0.74195653	4.0	3
DLBCL10852	0.12050453	0.026698127	0.06009883	0.7420119	0.05068659	0.7420119	4.0	3
DLBCL11346	0.11536067	0.037519306	0.052651312	0.7421238	0.052344915	0.7421238	1.0	3
DLBCL_C_D_1140_NULLPAIR	0.1248913	0.03675187	0.043804456	0.7421402	0.052412197	0.7421402	4.0	3
DLBCL_LS843	0.109245285	0.029433027	0.07204341	0.742176	0.0471023	0.742176	2.0	3
DLBCL_LS2245	0.12468748	0.031953204	0.05034551	0.74227107	0.050742716	0.74227107	1.0	3
DLBC_FF_8042_TP_NB	0.12018958	0.030356426	0.055365145	0.74238265	0.051706202	0.74238265	4.0	3
DLBCL10522	0.12571155	0.034610678	0.05965362	0.74238473	0.037639428	0.74238473	2.0	3
DLBCL11671	0.122132584	0.027390568	0.062777236	0.7429895	0.044710156	0.7429895	0.0	3
DLBCL_MAYO_DLBCL_3653	0.09898976	0.025562603	0.07730787	0.7433788	0.054760925	0.7433788	0.0	3
DLBCL10919	0.111897044	0.035935447	0.060055383	0.7434209	0.048691235	0.7434209	3.0	3
DLBCL11458	0.10403043	0.034981757	0.061012737	0.7434697	0.056505363	0.7434697	2.0	3
DLBCL_LS2367	0.109560914	0.033953805	0.06103965	0.7435549	0.051890735	0.7435549	0.0	3
DLBCL10880	0.10348447	0.033856343	0.057654813	0.74377036	0.061234016	0.74377036	4.0	3
DLBCL10894	0.12443272	0.027198186	0.053852227	0.7438478	0.050669093	0.7438478	0.0	3
DLBCL_C_D_1118_NULLPAIR	0.113084	0.034329217	0.05810491	0.7441691	0.05031276	0.7441691	1.0	3
DLBCL11536	0.10176618	0.026639752	0.08056037	0.7444338	0.046599858	0.7444338	3.0	3
DLBCL10521	0.11167507	0.031381574	0.0509267	0.744802	0.061214685	0.744802	4.0	3
DLBCL10564	0.089987144	0.03721216	0.07225239	0.74492824	0.055620037	0.74492824	3.0	3
DLBCL_LS4616	0.08969849	0.033162445	0.08509039	0.7451123	0.046936367	0.7451123	2.0	3
DLBCL_C_D_1144_NULLPAIR	0.11106201	0.030411819	0.05651248	0.74559665	0.056417022	0.74559665	4.0	3
DLBCL11539	0.11541299	0.03492828	0.059341438	0.7456159	0.0447014	0.7456159	0.0	3
DLBCL_LS2325	0.11973914	0.029358897	0.061251782	0.74750096	0.042149235	0.74750096	2.0	3
DLBCL10915	0.11398341	0.02865105	0.058673568	0.7482686	0.0504234	0.7482686	4.0	3
DLBCL_MAYO_DLBCL_5613	0.10212209	0.03470922	0.069682814	0.74864894	0.04483696	0.74864894	0.0	3
DLBCL_LS1683	0.106653735	0.031255335	0.06479602	0.74888843	0.048406497	0.74888843	1.0	3
DLBCL_C_D_1141_NULLPAIR	0.10625412	0.03452558	0.054922704	0.74900687	0.05529073	0.74900687	2.0	3
DLBCL_RICOVER_711	0.11252164	0.024038523	0.063331254	0.74912333	0.050985225	0.74912333	3.0	3
DLBCL_LS297	0.120179236	0.026202392	0.06372638	0.7501035	0.03978851	0.7501035	2.0	3
DLBCL10547	0.090269424	0.033664383	0.08166647	0.75017	0.04422971	0.75017	3.0	3
DLBCL10871	0.121271856	0.029291868	0.054826476	0.75069416	0.04391564	0.75069416	1.0	3
DLBCL11680	0.10007506	0.028979639	0.062836155	0.7510052	0.05710396	0.7510052	2.0	3
DLBCL_RICOVER_1293	0.099415496	0.026760131	0.065195374	0.75129724	0.05733177	0.75129724	4.0	3
DLBCL11675	0.101708926	0.02994627	0.063285984	0.75223005	0.052828766	0.75223005	2.0	3
DLBCL11433	0.11740991	0.02435158	0.056831434	0.7522769	0.049130164	0.7522769	3.0	3
DLBCL10527	0.1192928	0.0266015	0.050819464	0.7526348	0.050651427	0.7526348	3.0	3
DLBCL10780	0.106416166	0.028645447	0.052713536	0.7536172	0.05860765	0.7536172	1.0	3
DLBCL10873	0.09300208	0.028898204	0.06138837	0.7538668	0.06284453	0.7538668	1.0	3
DLBCL_C_D_1151_NULLPAIR	0.10649943	0.030854918	0.067364685	0.75503826	0.040242713	0.75503826	3.0	3
DLBCL_RICOVER_473	0.11925665	0.029970566	0.055072475	0.75515425	0.04054607	0.75515425	0.0	3
DLBCL11581	0.11190907	0.0313712	0.06497499	0.75524443	0.036500327	0.75524443	4.0	3
DLBCL_MC_F089_HCZ	0.09558669	0.035540845	0.06634274	0.75542194	0.04710779	0.75542194	1.0	3
DLBCL10936	0.11556339	0.022392655	0.06716212	0.7560248	0.038857073	0.7560248	2.0	3
DLBCL10457	0.10061552	0.03537582	0.05211708	0.756081	0.055810604	0.756081	4.0	3
DLBCL10974	0.10685746	0.03141993	0.058866575	0.756268	0.046587978	0.756268	3.0	3
DLBCL10453	0.11020932	0.027953643	0.054907124	0.75678927	0.050140616	0.75678927	1.0	3
DLBCL10885	0.112880014	0.026976772	0.050656926	0.7573691	0.05211719	0.7573691	1.0	3
DLBCL10928	0.09294739	0.031172676	0.07204723	0.75736934	0.046463344	0.75736934	0.0	3
DLBCL11590	0.105889045	0.033293735	0.054745838	0.75818545	0.047885958	0.75818545	2.0	3
DLBCL_RICOVER_577	0.10076874	0.024740333	0.056466907	0.7595825	0.058441523	0.7595825	2.0	3
DLBCL11659	0.10444081	0.03060714	0.052066587	0.7596022	0.053283297	0.7596022	0.0	3
DLBCL_MC_F519_ALT	0.09778185	0.024693886	0.074421	0.76042527	0.042677995	0.76042527	4.0	3
DLBCL11683	0.08722912	0.039481085	0.053165894	0.76070184	0.05942208	0.76070184	2.0	3
DLBCL11204	0.0977145	0.028737469	0.07028691	0.7611785	0.04208265	0.7611785	1.0	3
DLBCL_LS2154	0.10161123	0.031154232	0.05796716	0.76273084	0.046536565	0.76273084	0.0	3
DLBCL11195	0.1044132	0.028925447	0.05440051	0.7631206	0.049140275	0.7631206	4.0	3
DLBCL10465	0.0943929	0.04721102	0.044216804	0.76335186	0.050827425	0.76335186	2.0	3
DLBCL11565	0.095492706	0.027717596	0.060253005	0.7633781	0.0531586	0.7633781	1.0	3
DLBCL11574	0.10356537	0.028123427	0.05748124	0.76348555	0.047344416	0.76348555	2.0	3
DLBCL10993	0.090440705	0.024306258	0.06980691	0.76349527	0.05195084	0.76349527	0.0	3
DLBCL11437	0.10532169	0.026778668	0.055293154	0.7635733	0.04903323	0.7635733	3.0	3
DLBCL11652	0.10555035	0.0282059	0.055130504	0.76389074	0.04722251	0.76389074	0.0	3
DLBCL_RICOVER_950	0.10749919	0.02851518	0.05667549	0.7643102	0.042999983	0.7643102	3.0	3
DLBCL11206	0.10065302	0.023000102	0.07423873	0.7647061	0.03740209	0.7647061	4.0	3
DLBCL11454	0.10618621	0.030839125	0.05286637	0.76479787	0.045310415	0.76479787	0.0	3
DLBCL10857	0.09894166	0.029783802	0.04551631	0.7650131	0.060745135	0.7650131	4.0	3
DLBCL_MC_F210_GWC	0.10090478	0.02615297	0.06476011	0.7652199	0.04296219	0.7652199	1.0	3
DLBCL10536	0.077646874	0.032632735	0.05640225	0.76539314	0.06792503	0.76539314	2.0	3
DLBCL10965	0.100076444	0.028562173	0.054900944	0.7655935	0.050866913	0.7655935	3.0	3
DLBCL_RICOVER_451	0.106111996	0.03026097	0.053295314	0.76582456	0.04450717	0.76582456	0.0	3
DLBCL10914	0.10672437	0.031146336	0.0545043	0.76635337	0.04127162	0.76635337	0.0	3
DLBCL_MC_F139_LJF	0.09602151	0.03069688	0.060173217	0.76663077	0.046477634	0.76663077	3.0	3
DLBCL10879	0.09017789	0.028804205	0.06634872	0.7674453	0.047223873	0.7674453	2.0	3
DLBCL_LS3200	0.10020845	0.031173961	0.056738157	0.76763916	0.044240292	0.76763916	4.0	3
DLBCL10884	0.10365968	0.02552783	0.057787117	0.7679426	0.04508279	0.7679426	0.0	3
DLBCL11534	0.09959054	0.026843948	0.062049396	0.76836133	0.043154806	0.76836133	2.0	3
DLBCL11002	0.091694504	0.029924516	0.058134977	0.7686846	0.051561404	0.7686846	3.0	3
DLBCL10856	0.10252461	0.033925496	0.046595935	0.769815	0.04713891	0.769815	2.0	3
DLBCL11461	0.11562236	0.025190033	0.04997848	0.7700073	0.039201822	0.7700073	0.0	3
DLBCL11685	0.09564757	0.024872161	0.05819278	0.7704626	0.050824903	0.7704626	2.0	3
DLBCL10925	0.07986105	0.026353853	0.065566234	0.7709394	0.057279427	0.7709394	4.0	3
DLBCL_MC_F500_ECU	0.09484247	0.02848773	0.07036789	0.77118164	0.035120264	0.77118164	1.0	3
DLBCL_RICOVER_720	0.08737879	0.027450155	0.06351091	0.7714968	0.05016336	0.7714968	4.0	3
DLBCL10486	0.08916657	0.030155696	0.05731668	0.7722702	0.05109083	0.7722702	0.0	3
DLBCL10482	0.103080645	0.02846046	0.049650703	0.7724656	0.046342608	0.7724656	0.0	3
DLBCL_RICOVER_1287	0.083922155	0.027666362	0.05856495	0.772677	0.05716953	0.772677	4.0	3
DLBCL11498	0.09659951	0.027574215	0.06519564	0.7727764	0.03785421	0.7727764	1.0	3
DLBCL10934	0.10065491	0.025691869	0.058081586	0.7731652	0.042406406	0.7731652	1.0	3
DLBCL11439	0.10162816	0.030887198	0.05233759	0.7746929	0.040454146	0.7746929	2.0	3
DLBCL_LS951	0.10835543	0.0217198	0.052484266	0.77485263	0.042587843	0.77485263	0.0	3
DLBCL_LS4054	0.09859046	0.024707554	0.052975833	0.7748655	0.048860654	0.7748655	1.0	3
DLBCL10980	0.10602913	0.026967285	0.04919043	0.7755552	0.042257942	0.7755552	4.0	3
DLBCL_LS3820	0.10550558	0.024894556	0.053546406	0.775817	0.04023649	0.775817	2.0	3
DLBCL10875	0.104449384	0.025037358	0.051207893	0.77583057	0.043474805	0.77583057	0.0	3
DLBCL10917	0.09355092	0.029123241	0.0550986	0.7769714	0.04525585	0.7769714	1.0	3
DLBCL11662	0.10329428	0.024179904	0.04587962	0.77701753	0.04962864	0.77701753	0.0	3
DLBCL10483	0.07517265	0.0299903	0.07103352	0.7774414	0.04636213	0.7774414	1.0	3
DLBCL10956	0.08933875	0.029135613	0.06420677	0.7776258	0.039693054	0.7776258	1.0	3
DLBCL11459	0.09822742	0.022925602	0.055277992	0.7781303	0.045438696	0.7781303	3.0	3
DLBCL10888	0.08844923	0.02777555	0.06806936	0.77905476	0.036651086	0.77905476	4.0	3
DLBCL10503	0.09745184	0.028440876	0.05022307	0.77912	0.04476418	0.77912	1.0	3
DLBCL10908	0.08348903	0.029752523	0.056016926	0.77922666	0.05151486	0.77922666	4.0	3
DLBCL_MAYO_DLBCL_234	0.10202456	0.024359694	0.052733697	0.7798695	0.041012533	0.7798695	2.0	3
DLBCL11504	0.095111504	0.023603067	0.053365782	0.78007984	0.047839794	0.78007984	3.0	3
DLBCL10491	0.096416734	0.027005328	0.044676192	0.7804324	0.05146932	0.7804324	3.0	3
DLBCL10467	0.10121701	0.025210693	0.05159991	0.7807458	0.041226592	0.7807458	4.0	3
DLBCL10834	0.07593965	0.031405367	0.07060797	0.78097254	0.0410745	0.78097254	1.0	3
DLBCL_RICOVER_866	0.09250773	0.03025393	0.049695555	0.7811653	0.04637751	0.7811653	2.0	3
DLBCL10858	0.08478435	0.020393457	0.063434236	0.7812576	0.05013035	0.7812576	3.0	3
DLBCL_RICOVER_267	0.0909399	0.026516516	0.056495752	0.78354293	0.042504907	0.78354293	2.0	3
DFCIDL004_DT	0.07795477	0.031048879	0.06007907	0.7837656	0.04715168	0.7837656	4.0	3
DLBC_FF_A7CW_TP_NB	0.10850913	0.022965338	0.049605224	0.783974	0.03494633	0.783974	4.0	3
DLBCL10901	0.084697686	0.029055383	0.060571775	0.78489685	0.040778283	0.78489685	4.0	3
DLBCL10924	0.07639963	0.028735423	0.05529571	0.7849312	0.05463802	0.7849312	4.0	3
DLBCL_RICOVER_338	0.09064785	0.022408333	0.04606186	0.7857324	0.0551496	0.7857324	0.0	3
DLBCL_RICOVER_120	0.09511472	0.029754173	0.048771407	0.78581935	0.040540315	0.78581935	4.0	3
DLBCL10553	0.09280223	0.02535501	0.053155072	0.7861796	0.042508088	0.7861796	3.0	3
DLBCL11479	0.10154055	0.023284238	0.055234842	0.7865558	0.033384543	0.7865558	1.0	3
DLBCL10469	0.099312894	0.023300156	0.054392956	0.78706515	0.035928875	0.78706515	3.0	3
DLBCL10452	0.0972348	0.027681189	0.056762822	0.7872672	0.031054009	0.7872672	1.0	3
DLBCL10932	0.085905984	0.030142257	0.049911086	0.78745544	0.04658522	0.78745544	3.0	3
DLBCL_LS3809	0.071255796	0.031404343	0.05996219	0.7877801	0.049597535	0.7877801	0.0	3
DLBCL_LS1921	0.08163009	0.036884435	0.05214667	0.78939015	0.039948657	0.78939015	1.0	3
DLBCL10835	0.08890197	0.027694583	0.045770764	0.790079	0.047553707	0.790079	4.0	3
DLBCL10930	0.08191918	0.028845599	0.05432931	0.7902934	0.04461254	0.7902934	4.0	3
DLBCL_RICOVER_1283	0.09186382	0.024832098	0.058475453	0.79051644	0.0343122	0.79051644	2.0	3
DLBCL10532	0.07834048	0.028450854	0.05594024	0.7917756	0.045492854	0.7917756	4.0	3
DLBCL_RICOVER_1278	0.0785715	0.028087404	0.043732096	0.7926079	0.057001103	0.7926079	4.0	3
DLBCL10544	0.078753434	0.026985882	0.05404351	0.7926631	0.04755407	0.7926631	3.0	3
DLBCL_C_D_1136_NULLPAIR	0.079223566	0.027455416	0.06113362	0.79278636	0.039401036	0.79278636	1.0	3
DLBCL10460	0.08408428	0.033198234	0.048510496	0.793215	0.040992033	0.793215	1.0	3
DLBCL11655	0.091786	0.025458798	0.049216196	0.7935844	0.039954588	0.7935844	3.0	3
DLBCL10990	0.087258585	0.027542202	0.05046179	0.7936408	0.041096654	0.7936408	4.0	3
DLBCL10995	0.0844319	0.033027396	0.04107917	0.7976439	0.04381761	0.7976439	2.0	3
DLBCL10490	0.08525001	0.025134863	0.05505281	0.7989931	0.035569195	0.7989931	0.0	3
DLBCL10542	0.09207829	0.026318302	0.041510977	0.7996904	0.040402003	0.7996904	0.0	3
DLBCL11464	0.07030201	0.02552168	0.04928889	0.79999566	0.05489178	0.79999566	3.0	3
DLBCL_C_D_1153_NULLPAIR	0.0851649	0.026424777	0.04996895	0.8012206	0.037220806	0.8012206	3.0	3
DLBCL10912	0.08518768	0.021906845	0.050108995	0.8015806	0.041215874	0.8015806	0.0	3
DLBCL10890	0.08794158	0.024909757	0.048494104	0.8021521	0.036502436	0.8021521	4.0	3
DLBCL_RICOVER_1299	0.07905092	0.024990464	0.045562815	0.8031485	0.047247298	0.8031485	4.0	3
DLBCL_C_D_1139_NULLPAIR	0.07956564	0.02369106	0.051113985	0.8040106	0.041618705	0.8040106	3.0	3
DLBCL_RICOVER_977	0.08596974	0.021391809	0.05823279	0.8040571	0.030348562	0.8040571	0.0	3
DLBCL11482	0.080222696	0.023987675	0.05108132	0.804863	0.039845314	0.804863	0.0	3
DLBCL_C_D_1112_NULLPAIR	0.07240002	0.030304823	0.045541022	0.80827004	0.04348411	0.80827004	2.0	3
DLBCL11651	0.078397974	0.02250413	0.04934985	0.8090494	0.04069863	0.8090494	2.0	3
DLBCL11516	0.07240716	0.024992611	0.04949278	0.80943334	0.043674085	0.80943334	1.0	3
DLBCL_LS2590	0.079836465	0.021723049	0.042731173	0.8111682	0.044541102	0.8111682	3.0	3
DLBCL_RICOVER_985	0.0690674	0.025229724	0.04989291	0.8149994	0.040810548	0.8149994	3.0	3
DLBCL11511	0.07227907	0.021299718	0.051220946	0.8172736	0.03792667	0.8172736	0.0	3
DLBCL10492	0.07988496	0.026756436	0.039927263	0.8183296	0.035101794	0.8183296	0.0	3
DLBCL_RICOVER_787	0.071252145	0.025993189	0.0449633	0.81854016	0.039251227	0.81854016	1.0	3
DLBCL_RICOVER_274	0.06113057	0.02389098	0.050375186	0.82393694	0.040666312	0.82393694	3.0	3
DLBCL10939	0.06391272	0.022472437	0.05463346	0.8249592	0.034022182	0.8249592	3.0	3
DLBCL10565	0.053854544	0.021362871	0.05494315	0.8326739	0.037165537	0.8326739	3.0	3
DLBCL10517	0.059561837	0.023372246	0.0473619	0.8393714	0.030332608	0.8393714	1.0	3
DLBCL_RICOVER_221	0.063214704	0.019778276	0.04205968	0.84153193	0.033415392	0.84153193	4.0	3
DLBCL_RICOVER_1018	0.04659085	0.020448959	0.039440464	0.8640628	0.029456943	0.8640628	3.0	3
