	C1	C2	C3	C4	C5	Confidence	True Cluster	Predicted Cluster
DLBCL10494	0.17037942385515506	0.24833134320734057	0.16785957039421429	0.22216132723057688	0.19126833531271314	0.24833134320734057	1.0	1
DLBCL10876	0.21850004926347402	0.20213670691667893	0.1062010251493324	0.20225762764331456	0.27090459102720016	0.27090459102720016	4.0	4
DLBCL_RICOVER_1269	0.2900129667755533	0.12481482058430966	0.1584301458965007	0.21157433651793184	0.2151677302257046	0.2900129667755533	2.0	0
DLBCL_MC_F362_MJB1	0.2225546050444895	0.06326942256671153	0.18032469122799588	0.29440443141450234	0.2394468497463007	0.29440443141450234	2.0	3
DLBCL10452	0.22776309755525445	0.19158768006899327	0.29848898207853547	0.16096968806939232	0.1211905522278245	0.29848898207853547	1.0	2
DLBCL10849	0.2985293383693445	0.12455715032801924	0.05205559798770705	0.25742481790054206	0.2674330954143872	0.2985293383693445	1.0	0
DLBCL_C_D_1118_NULLPAIR	0.15346249122233954	0.2167026478452307	0.2695865074409499	0.2991514583961487	0.06109689509533111	0.2991514583961487	1.0	3
DLBCL11507	0.20172350908919195	0.3044075885757555	0.10327835402581109	0.2178772102956538	0.17271333801358774	0.3044075885757555	1.0	1
DLBCL_LS762	0.30461120664741215	0.03165595903717777	0.13768898948486172	0.25101603179304777	0.27502781303750073	0.30461120664741215	2.0	0
DLBCL10495	0.2799019528214096	0.037364827562266514	0.30673225656182546	0.18626330452865503	0.18973765852584332	0.30673225656182546	0.0	2
DLBCL10961	0.18379763625769577	0.07682349428448741	0.16293017829888326	0.2652907859885246	0.311157905170409	0.311157905170409	4.0	4
DLBCL10837	0.14432721654890546	0.17289554264413448	0.09430587945395466	0.31883234729731236	0.2696390140556929	0.31883234729731236	4.0	3
DLBCL_RICOVER_533	0.23678635405013831	0.08455071873791456	0.1949995942687085	0.322906087607658	0.16075724533558058	0.322906087607658	1.0	3
DLBCL_MC_F502_RFK	0.11221321954879214	0.21062368953817556	0.173120852586413	0.1766087823304543	0.3274334559961651	0.3274334559961651	1.0	4
DLBCL10515	0.22887136879363454	0.0434948864418068	0.10119886538078408	0.3287080803077242	0.29772679907605026	0.3287080803077242	0.0	3
DLBCL10833	0.3287498717183772	0.03199038419565022	0.06604479363147601	0.2873082931109417	0.28590665734355486	0.3287498717183772	4.0	0
DLBCL_LS1304	0.3289814840735319	0.2522859375277501	0.06898774187393286	0.29803827886681206	0.051706557657973246	0.3289814840735319	2.0	0
DLBCL_RICOVER_678	0.33081362687335136	0.1901348238816968	0.06421374592239266	0.1883549463503681	0.22648285697219103	0.33081362687335136	1.0	0
DLBCL10922	0.20711091405332546	0.3351028049499394	0.10898874796735855	0.2531610709444771	0.09563646208489948	0.3351028049499394	1.0	1
DLBCL11526	0.29471378156759404	0.05061277350009638	0.2065721663492093	0.33511330975967807	0.11298796882342226	0.33511330975967807	2.0	3
DLBCL11488	0.27092083457277616	0.023313307383667208	0.13016057157477234	0.33556914078668987	0.24003614568209442	0.33556914078668987	0.0	3
DLBCL11498	0.2607792439063578	0.23381457141996653	0.03787046231780327	0.33770806019961414	0.12982766215625824	0.33770806019961414	1.0	3
DLBCL_RICOVER_467	0.28144987847682723	0.34478784076994323	0.047141398842768724	0.20010691652781465	0.1265139653826463	0.34478784076994323	1.0	1
DLBCL11680	0.3489168326187597	0.06396165144933717	0.2936334915501417	0.251301423490265	0.042186600891496284	0.3489168326187597	2.0	0
DLBCL10525	0.34935549410407246	0.046578749629292863	0.24459226099344142	0.2097234627388763	0.14975003253431707	0.34935549410407246	0.0	0
DLBCL_RICOVER_787	0.25340676965828807	0.07814503889429444	0.06253659720317138	0.25204842286446194	0.3538631713797841	0.3538631713797841	1.0	4
DLBCL11449	0.113286257065663	0.355685907837671	0.08820762292132116	0.27918001659545344	0.1636401955798915	0.355685907837671	1.0	1
DLBCL10780	0.25196509749255236	0.22130186606354277	0.05290581002958447	0.35908231440859023	0.11474491200573013	0.35908231440859023	1.0	3
DLBCL11669	0.21702323240442536	0.04628339242949981	0.2593600377545642	0.35915860037362707	0.11817473703788371	0.35915860037362707	2.0	3
DLBCL11566	0.18329160838491187	0.040593809326498524	0.2243310988639163	0.36116130751619385	0.19062217590847932	0.36116130751619385	2.0	3
DLBCL11202	0.218342094159067	0.06647543728659283	0.32558752518470024	0.36352961831555325	0.026065325054086656	0.36352961831555325	0.0	3
DLBCL11001	0.24085854296275463	0.053533566707557746	0.0924002386145839	0.36360284324462216	0.24960480847048144	0.36360284324462216	4.0	3
DLBCL_RICOVER_173	0.23100281958001265	0.02478901850082857	0.06544388118862765	0.31462383830589075	0.36414044242464044	0.36414044242464044	4.0	4
DLBCL_RICOVER_1235	0.06934850110588749	0.144142068111043	0.1927685362558878	0.22934733255724896	0.36439356196993283	0.36439356196993283	1.0	4
DLBCL_RICOVER_1192	0.3041725795110965	0.05342844095863426	0.03864130473461902	0.3668611183497358	0.23689655644591437	0.3668611183497358	4.0	3
DLBCL_C_D_1135_NULLPAIR	0.07523603108162287	0.2901631580282101	0.05001502295319654	0.36697801109763944	0.2176077768393309	0.36697801109763944	1.0	3
DLBCL10467	0.25192208797122845	0.10183294063206619	0.0830102528827353	0.36814345633618967	0.19509126217778042	0.36814345633618967	4.0	3
DLBCL10904	0.22135946942476972	0.05267098697587094	0.17271632567255898	0.36971295435337	0.1835402635734305	0.36971295435337	4.0	3
DLBCL11528	0.3697324310932285	0.1647383789710903	0.14132387300658933	0.2704958097790409	0.053709507150050906	0.3697324310932285	2.0	0
DLBCL_RICOVER_506	0.3701951041335787	0.07553302751330165	0.041408863243069215	0.2286054866761998	0.28425751843385066	0.3701951041335787	4.0	0
DLBCL11481	0.3712077311969709	0.01681506423786727	0.11622919695577588	0.21232710382092188	0.28342090378846396	0.3712077311969709	0.0	0
DLBCL_RICOVER_577	0.103288468873655	0.09384280761860268	0.25576843364587715	0.1747075100711051	0.37239277979075996	0.37239277979075996	2.0	4
DLBCL11353	0.2557303209420284	0.07524386895535555	0.11283306774401865	0.37278135997147094	0.18341138238712656	0.37278135997147094	4.0	3
DLBCL10947	0.21184784216334263	0.10482137159172689	0.20424623714868173	0.37432932495945004	0.10475522413679877	0.37432932495945004	1.0	3
DLBCL10902	0.09716615324349656	0.14124601560500857	0.08327710304664068	0.3752611713308818	0.3030495567739725	0.3752611713308818	4.0	3
DLBCL11565	0.24168211972401382	0.3785506377578439	0.06563229203156572	0.25048417604351914	0.06365077444305747	0.3785506377578439	1.0	1
DLBCL11003	0.3138379034533076	0.11718372173579476	0.079039293822125	0.38127487582209685	0.10866420516667563	0.38127487582209685	1.0	3
DLBCL_LS1065	0.24170723269371713	0.10141244924035493	0.06316075724216928	0.3848339945083174	0.20888556631544128	0.3848339945083174	1.0	3
DLBCL10913	0.32390082058998704	0.03400140157894385	0.03980032174658184	0.3889753910127916	0.21332206507169565	0.3889753910127916	0.0	3
DLBCL11194	0.2658194044069925	0.03197500500624723	0.10186986813941477	0.21032948695819442	0.3900062354891511	0.3900062354891511	4.0	4
DLBCL10867	0.39229484202573855	0.0669356011850228	0.15486272793417027	0.29057988895655823	0.09532693989851009	0.39229484202573855	4.0	0
DLBCL_RICOVER_583	0.12413334357288315	0.046628502357289714	0.13657363919477436	0.29986270145347416	0.39280181342157866	0.39280181342157866	1.0	4
DLBCL11664	0.3933801227208721	0.1647796663106121	0.07523375686491605	0.2869695278855446	0.07963692621805515	0.3933801227208721	1.0	0
DLBCL10836	0.2755123496831951	0.03160031313322474	0.02814883633027677	0.2701268655342403	0.39461163531906307	0.39461163531906307	4.0	4
DLBCL_RICOVER_469	0.2780547002706598	0.025738117761472563	0.3971255551650993	0.24732625626038274	0.0517553705423856	0.3971255551650993	2.0	2
DLBCL11483	0.1930475548710886	0.07724105200487218	0.3991454101977382	0.26139565384697494	0.06917032907932615	0.3991454101977382	1.0	2
DLBCL_LS3245	0.1755163598185576	0.4000234031780583	0.05691329513532236	0.26216964264491865	0.10537729922314319	0.4000234031780583	1.0	1
DLBCL10883	0.2057563954586553	0.0430667728179682	0.1081890487529646	0.40035825979803646	0.2426295231723754	0.40035825979803646	4.0	3
DLBCL_RICOVER_267	0.13219713966567131	0.04684234782438525	0.3486975871497227	0.4005186490172526	0.07174427634296816	0.4005186490172526	2.0	3
DLBCL11242	0.13665126876083952	0.03680661869058373	0.13202294180888224	0.4023530811838963	0.2921660895557981	0.4023530811838963	4.0	3
DLBCL10845	0.06100624679599601	0.4029000424797696	0.0586532613518226	0.27689784920723126	0.20054260016518038	0.4029000424797696	1.0	1
DLBCL_MC_F606_DMJ	0.2225905236064412	0.09891196347923577	0.2005505774573566	0.4050863767329563	0.07286055872401029	0.4050863767329563	2.0	3
DLBCL11479	0.07265012243261108	0.05127524911225118	0.2088364747095392	0.4068174748331157	0.2604206789124828	0.4068174748331157	1.0	3
DLBCL10463	0.16310607904477228	0.022533256319599782	0.05150823182559107	0.40780089617372245	0.3550515366363144	0.40780089617372245	4.0	3
DLBCL11681	0.19676140469092196	0.03788371064594893	0.15695002373876868	0.40861975721139016	0.19978510371297037	0.40861975721139016	0.0	3
DLBCL_RICOVER_401	0.05839956827257363	0.09867897625232476	0.40963943694991717	0.3261832099139904	0.10709880861119396	0.40963943694991717	1.0	2
DLBCL_RICOVER_216	0.41049801135804004	0.03234709460055825	0.24133838166891106	0.25062616949342065	0.06519034287907013	0.41049801135804004	2.0	0
DLBCL11675	0.09434096843243427	0.03264247583339908	0.41215603904752407	0.3234931985095235	0.13736731817711909	0.41215603904752407	2.0	2
DLBCL_BWH_DLBCL64	0.4134538423286902	0.12265705510756192	0.10950660164426866	0.3284527415041565	0.025929759415322762	0.4134538423286902	1.0	0
DLBCL10566	0.10778010182593256	0.08554920122731895	0.14147513060634917	0.25054352938753544	0.41465203695286396	0.41465203695286396	4.0	4
DLBCL_C_D_1136_NULLPAIR	0.2390638930751892	0.41562915844401516	0.10443361685727759	0.1607647707757109	0.08010856084780724	0.41562915844401516	1.0	1
DLBCL10983	0.06674125142310972	0.1073312744475388	0.4191317111335997	0.12462533154880973	0.2821704314469419	0.4191317111335997	1.0	2
DLBCL11520	0.37660323033722554	0.023415999035025184	0.04927745492232398	0.4207467333138233	0.12995658239160213	0.4207467333138233	0.0	3
DLBC_FF_A7CW_TP_NB	0.06353118979570642	0.059021998000778515	0.1344389430602361	0.4209983612981836	0.3220095078450954	0.4209983612981836	4.0	3
DLBCL10916	0.21186618241965713	0.07842162430935579	0.07324978274396292	0.4220452279387802	0.21441718258824402	0.4220452279387802	4.0	3
DLBCL10899	0.19629848888737042	0.04547526522406059	0.03167369239176869	0.4223663642343496	0.3041861892624506	0.4223663642343496	4.0	3
DLBCL_C_D_1131_NULLPAIR	0.1621546017934943	0.24017644180659325	0.13543614396165252	0.422606734166533	0.039626078271726914	0.422606734166533	1.0	3
DLBCL11667	0.04346246231421879	0.051044413000351826	0.22042240162312085	0.4229767417364594	0.2620939813258491	0.4229767417364594	2.0	3
DLBCL_LS4593	0.08234093668049196	0.06668131206040566	0.3548612787997951	0.4243080830106728	0.07180838944863446	0.4243080830106728	2.0	3
DLBCL10471	0.4245088880180192	0.03745911970327497	0.03403924166872887	0.25503036537710383	0.24896238523287317	0.4245088880180192	4.0	0
DLBCL11484	0.42536358339131186	0.047781761395191906	0.047861488010268745	0.36846456942822936	0.11052859777499818	0.42536358339131186	1.0	0
DLBCL_LS2325	0.42616944964245257	0.08883835260080494	0.17296009086442288	0.29018970175838593	0.02184240513393366	0.42616944964245257	2.0	0
DLBCL11662	0.42685221450693733	0.03190301517349907	0.06858891726763272	0.3371448902688227	0.1355109627831082	0.42685221450693733	0.0	0
DLBCL_C_D_1119_NULLPAIR	0.3657120174439422	0.07662129108951696	0.057195918872075965	0.4284502006671355	0.07202057192732926	0.4284502006671355	1.0	3
DLBCL11473	0.3252207953004388	0.05629959040405445	0.0644899026895246	0.4296640750184954	0.12432563658748674	0.4296640750184954	0.0	3
DLBCL_RICOVER_473	0.43079917678194846	0.031827127680709284	0.07064238216751621	0.28266053794717216	0.1840707754226538	0.43079917678194846	0.0	0
DLBCL11432	0.4321621116894505	0.030628178472614224	0.1468385631801361	0.3172651771881085	0.07310596946969057	0.4321621116894505	0.0	0
DLBCL_RICOVER_253	0.2881799292473606	0.18391385037063912	0.047882788521007726	0.4334366599722445	0.046586771888748164	0.4334366599722445	1.0	3
DLBCL10870	0.1417420121928783	0.02954745874574181	0.06332060308827236	0.33157396952576157	0.43381595644734605	0.43381595644734605	4.0	4
DLBCL10864	0.038917879385889906	0.055893451274535884	0.14863762007394654	0.43489620096611736	0.3216548482995104	0.43489620096611736	4.0	3
DLBCL10457	0.43788919933587395	0.05666691557447161	0.036520479807591114	0.276680108472522	0.19224329680954141	0.43788919933587395	4.0	0
DLBCL_C_D_1141_NULLPAIR	0.09491000750246413	0.0986498370415722	0.15175270963709317	0.4380968651007948	0.21659058071807588	0.4380968651007948	2.0	3
DLBCL10971	0.4385487043497201	0.043361803748833354	0.023078061524946427	0.33273186088255563	0.16227956949394448	0.4385487043497201	0.0	0
DLBCL10900	0.12467076805863186	0.027330276437923948	0.05159076203592015	0.3545385350731274	0.4418696583943968	0.4418696583943968	4.0	4
DLBCL11205	0.16558820284699674	0.030183279372570218	0.44321246098014844	0.3281552460021661	0.03286081079811845	0.44321246098014844	0.0	2
DLBCL_LS1683	0.44417600704013394	0.07355251616629048	0.05294028487416446	0.38653253219010053	0.0427986597293105	0.44417600704013394	1.0	0
DLBCL10880	0.4443625412636984	0.06584928430256663	0.13782816932316186	0.05707052122750616	0.2948894838830669	0.4443625412636984	4.0	0
DLBCL_RICOVER_1210	0.07281228318740218	0.1141563561696822	0.1423522353910765	0.4451148965210871	0.22556422873075194	0.4451148965210871	1.0	3
DLBCL11472	0.445665979842185	0.03941621726887574	0.07617381331503742	0.39856666306679106	0.0401773265071108	0.445665979842185	0.0	0
DLBCL11534	0.44758179835097306	0.042320517432142137	0.10876845447635788	0.282191928843997	0.11913730089652988	0.44758179835097306	2.0	0
DLBCL10873	0.34643269921873043	0.04727011085612918	0.10412291693900562	0.4483184387741839	0.05385583421195094	0.4483184387741839	1.0	3
DLBCL10781	0.05938265868764366	0.03137980857920249	0.08363058646316074	0.3766174665407795	0.44898947972921355	0.44898947972921355	4.0	4
DLBCL_RICOVER_1287	0.3113411004165834	0.021711914411634285	0.11269710860949651	0.450014984767514	0.10423489179477176	0.450014984767514	4.0	3
DLBCL10529	0.1616705942443827	0.04890869070259566	0.16760757714287297	0.4512916852339323	0.17052145267621627	0.4512916852339323	4.0	3
DFCIDL010_DT	0.37447819096732693	0.0694541524613657	0.06079074802849196	0.4535930234431423	0.0416838850996731	0.4535930234431423	0.0	3
DLBCL10482	0.31210083443401615	0.05140026324395713	0.042746458575215945	0.45506194804573175	0.138690495701079	0.45506194804573175	0.0	3
DLBCL10464	0.08206399938261612	0.03246861935141143	0.38334257266123695	0.45569422445183105	0.046430584152904464	0.45569422445183105	2.0	3
DLBCL10469	0.45723324862770215	0.02094735732064517	0.059417641836078	0.39913334283430096	0.06326840938127358	0.45723324862770215	3.0	0
DLBCL10865	0.10726331362343157	0.13149590302985764	0.10350989895792018	0.45886415218697363	0.19886673220181697	0.45886415218697363	4.0	3
DLBCL10483	0.1683849712989441	0.45925155698798104	0.06699934638453187	0.14663067685340211	0.15873344847514084	0.45925155698798104	1.0	1
DLBCL_C_D_1108_NULLPAIR	0.45999466047144477	0.1737463564228634	0.032239391978607555	0.1995290073606777	0.13449058376640668	0.45999466047144477	1.0	0
DLBCL_LS2089	0.08324669785072003	0.20769464717968922	0.06102307969876609	0.46043163904386686	0.18760393622695773	0.46043163904386686	1.0	3
DLBCL10914	0.3732662642247736	0.04934208961844714	0.03959236447783438	0.461304479393428	0.07649480228551686	0.461304479393428	0.0	3
DLBCL11673	0.3897128323593057	0.06362678659194201	0.041307982545130205	0.4615116289823721	0.0438407695212499	0.4615116289823721	1.0	3
DLBC_FF_8042_TP_NB	0.22462294130462013	0.08517752479163355	0.0714591706280851	0.46420698802327354	0.15453337525238775	0.46420698802327354	4.0	3
DLBCL11000	0.09677265197855081	0.041343579688877995	0.08972540925197166	0.46449222520694833	0.3076661338736512	0.46449222520694833	4.0	3
DLBCL_LS146	0.37549505159485613	0.07133822394058689	0.04473857672796371	0.46458130416773064	0.04384684356886253	0.46458130416773064	1.0	3
DLBCL_C_D_1148_NULLPAIR	0.35995334029472065	0.024924735357790936	0.1260205436020593	0.4647931622611651	0.02430821848426385	0.4647931622611651	0.0	3
DLBCL10908	0.19752344696390356	0.02417900645207596	0.07083429161846193	0.4648407442416676	0.24262251072389093	0.4648407442416676	4.0	3
DLBCL_LS3204	0.46487215767626455	0.04507506894455703	0.0532453243602401	0.39890720036838356	0.037900248650554726	0.46487215767626455	1.0	0
DLBCL11504	0.2651899561046703	0.06870713632274303	0.04515418001643984	0.46585736072151157	0.1550913668346352	0.46585736072151157	4.0	3
DLBCL_MC_F815_BAT	0.10282379286600574	0.12171794952212024	0.07457103205378302	0.4667871423096536	0.23410008324843734	0.4667871423096536	2.0	3
DLBCL11203	0.3255350323219428	0.10168121427487913	0.038936675055146766	0.4671800719866687	0.0666670063613626	0.4671800719866687	1.0	3
DLBCL11004	0.10558290630913975	0.03635091007713616	0.055093997353708256	0.46754672381241463	0.3354254624476012	0.46754672381241463	4.0	3
DLBCL10907	0.18363952525299365	0.126447409385846	0.06058547089112666	0.46757712793588196	0.16175046653415168	0.46757712793588196	1.0	3
DLBCL10453	0.1707123142831279	0.07673534931665271	0.044839999443456534	0.2401193944423612	0.46759294251440164	0.46759294251440164	1.0	4
DLBCL_RICOVER_1046	0.037876086597357216	0.15033356475981982	0.47085611037121405	0.2164305142745746	0.12450372399703429	0.47085611037121405	1.0	2
DLBCL11666	0.09053660175375111	0.04998021708470344	0.3260671880661494	0.47112104590987447	0.06229494718552163	0.47112104590987447	2.0	3
DLBCL10975	0.4712194855179322	0.02363286775379855	0.04870259020566441	0.39873351367393034	0.057711542848674545	0.4712194855179322	0.0	0
DLBCL_LS3820	0.11097853387635083	0.05919314096983355	0.07971154606882042	0.2774994519105931	0.4726173271744022	0.4726173271744022	2.0	4
DLBCL10856	0.07700861491135913	0.03925888623366247	0.10119458453448646	0.47311101971278235	0.30942689460770956	0.47311101971278235	2.0	3
DLBCL10853	0.1634495714140457	0.052401581874343454	0.06612188979812199	0.4740364722853526	0.24399048462813622	0.4740364722853526	4.0	3
DLBCL10889	0.09096425649151144	0.033569354709385546	0.07953984230472042	0.47413894931653994	0.32178759717784267	0.47413894931653994	4.0	3
DLBCL10859	0.28508481168399497	0.057660461178752245	0.06547344143393201	0.47481574212251515	0.11696554358080566	0.47481574212251515	1.0	3
DLBCL11476	0.3354870611383073	0.07802101391009356	0.04463159434871093	0.4766344925972513	0.06522583800563697	0.4766344925972513	4.0	3
DLBCL_DFCI_DLBCL_GOE05	0.36116319465892693	0.040661215810021314	0.06265189479688238	0.47740103973203457	0.05812265500213475	0.47740103973203457	1.0	3
DLBCL11523	0.2410992607848623	0.039261929496780396	0.061116727203209986	0.4774209592288105	0.18110112328633682	0.4774209592288105	0.0	3
DLBCL10461	0.1467808488668689	0.47763788578751376	0.0623779701356292	0.20944905255873036	0.10375424265125782	0.47763788578751376	1.0	1
DLBCL10542	0.4776486205093496	0.05965240517723376	0.06215562928026476	0.33801883815232114	0.06252450688083086	0.4776486205093496	0.0	0
DLBCL_RICOVER_1248	0.15665237893980194	0.02839271507094191	0.03573949084367596	0.30039842204215156	0.4788169931034287	0.4788169931034287	4.0	4
DLBCL_RICOVER_1150	0.3352191410857137	0.08683694831184374	0.027796139791558348	0.47928397745701223	0.07086379335387193	0.47928397745701223	0.0	3
DLBCL11454	0.37046109651304665	0.056707420083952215	0.0691896232897215	0.4794641378861514	0.024177722227128207	0.4794641378861514	0.0	3
DLBCL11469	0.08472375259980607	0.06196145621377951	0.47947664208769425	0.14578027638880722	0.2280578727099129	0.47947664208769425	2.0	2
DLBCL11446	0.07888438654031132	0.07251687677489084	0.07124032035474925	0.47963350881940314	0.2977249075106454	0.47963350881940314	1.0	3
DLBCL_RICOVER_522	0.32191581977319944	0.052463764800245234	0.10619480851456507	0.48038991310963886	0.03903569380235133	0.48038991310963886	2.0	3
DLBCL10450	0.48084460894443065	0.07271679298176209	0.03176799018800951	0.324669402883107	0.09000120500269092	0.48084460894443065	0.0	0
DLBCL11474	0.3519633939754068	0.07053129183669217	0.04547362119438982	0.48285779090992736	0.04917390208358396	0.48285779090992736	0.0	3
DLBCL11458	0.20714563505840508	0.03901611452803413	0.4831033851752786	0.14615786055824212	0.12457700468004003	0.4831033851752786	2.0	2
DLBCL_RICOVER_288	0.3049167820398734	0.12189731755316707	0.05579958097305451	0.4831247128017862	0.034261606632118774	0.4831247128017862	1.0	3
DLBCL10549	0.1880596169670378	0.08179105397064239	0.1590165517355064	0.48463037356697675	0.08650240375983657	0.48463037356697675	1.0	3
DLBCL_LS3749	0.48521190300498146	0.07663172830940462	0.0427080821395878	0.35586519272594697	0.039583093820079164	0.48521190300498146	1.0	0
DLBCL10460	0.3112273470573443	0.08498306584107339	0.06325762755393652	0.4852434353945297	0.055288524153116074	0.4852434353945297	1.0	3
DLBCL11509	0.11174858933886485	0.04353370699803666	0.1014003257970974	0.48794889971212363	0.25536847815387753	0.48794889971212363	0.0	3
DLBCL_RICOVER_151	0.34169858804694303	0.05613666186829822	0.04468996947568012	0.4890030838286415	0.06847169678043714	0.4890030838286415	3.0	3
DFCIDL003_DT	0.1655624262222245	0.14542422983180034	0.16128785813018306	0.4899736577566732	0.037751828059118885	0.4899736577566732	1.0	3
DLBCL10999	0.23186897053751232	0.022513747864651323	0.07038118365021451	0.4914904399564423	0.18374565799117948	0.4914904399564423	4.0	3
DLBCL_RICOVER_440	0.03396884764761255	0.06369209473021334	0.3467429211929538	0.49176642727137654	0.06382970915784385	0.49176642727137654	2.0	3
DLBCL10912	0.2969995436887343	0.02973634775324159	0.14068163212338006	0.4920497082672727	0.04053276816737136	0.4920497082672727	0.0	3
DLBCL_LS4619	0.07784589001628892	0.03984329920023912	0.19595035425770027	0.4926680196716869	0.19369243685408474	0.4926680196716869	4.0	3
DLBCL_RICOVER_478	0.31082785888880027	0.08573537738777855	0.05364410988033285	0.4943437340612074	0.05544891978188087	0.4943437340612074	1.0	3
DLBCL10846	0.04428637781884796	0.024669207716014253	0.06288319381471187	0.3723423833545312	0.4958188372958947	0.4958188372958947	1.0	4
DLBCL_C_D_1129_NULLPAIR	0.25821736089001623	0.025703586942105665	0.06289043102591378	0.4959253208306564	0.15726330031130806	0.4959253208306564	0.0	3
DLBCL_C_D_1105_NULLPAIR	0.348497398844012	0.05362147483985985	0.05386778992484944	0.497440615597393	0.04657272079388579	0.497440615597393	1.0	3
DLBCL10472	0.14861911968942917	0.030776690789652617	0.28994387143565903	0.49747693321479525	0.03318338487046398	0.49747693321479525	2.0	3
DLBCL10987	0.21184486931800475	0.05532099940871032	0.06536041592158666	0.4978596443161827	0.1696140710355156	0.4978596443161827	4.0	3
DLBCL_LS3809	0.3685900638316112	0.033368372329111	0.04505913926910178	0.4982557818275932	0.05472664274258277	0.4982557818275932	0.0	3
DLBCL10485	0.1857379952220326	0.05550256299146272	0.1216896391722688	0.4984311387510156	0.13863866386322027	0.4984311387510156	4.0	3
DLBCL10901	0.4995934498421464	0.05296877158392101	0.0256268357475593	0.3336232979933953	0.08818764483297807	0.4995934498421464	4.0	0
DLBCL_RICOVER_773	0.24942610822042885	0.07364094498753317	0.0690775398795667	0.5001286540862941	0.10772675282617711	0.5001286540862941	4.0	3
DLBCL10509	0.5006890701119628	0.07411012252170349	0.03311501751168244	0.2752859234706834	0.1167998663839678	0.5006890701119628	0.0	0
DLBCL10919	0.37672989553740505	0.030047649202198826	0.06274771809353606	0.5008726330416831	0.029602104125177	0.5008726330416831	3.0	3
DLBCL10451	0.3059276259495728	0.043883281912864266	0.0707431225147604	0.5016882268865538	0.07775774273624873	0.5016882268865538	0.0	3
DLBCL10847	0.14633439216322314	0.17989536836635503	0.04158896589471668	0.13000821841812651	0.5021730551575786	0.5021730551575786	4.0	4
DLBCL_MC_F519_ALT	0.322182401174701	0.03557631271592261	0.044518488978120295	0.5022836094363512	0.09543918769490504	0.5022836094363512	4.0	3
DLBCL_LS1757	0.35333357403758286	0.048776854520433045	0.05335568543124658	0.5026676241204762	0.04186626189026135	0.5026676241204762	0.0	3
DLBCL10906	0.2966977115411998	0.10200041200345643	0.03828978511958521	0.5035962752198222	0.05941581611593642	0.5035962752198222	1.0	3
DLBCL_LS155	0.06330437306353978	0.03470895336875323	0.5037144576584937	0.31660909183043795	0.08166312407877528	0.5037144576584937	2.0	2
DLBCL11679	0.504256790388239	0.1405572582183838	0.06024110218372227	0.25973555494958334	0.03520929426007166	0.504256790388239	1.0	0
DLBCL10997	0.34838225994807864	0.031695526218682116	0.056453446005100126	0.5050041384240992	0.05846462940403991	0.5050041384240992	0.0	3
DLBCL_RICOVER_1329	0.2995981141706776	0.05548615843906109	0.04043673335816023	0.505055852154205	0.09942314187789611	0.505055852154205	4.0	3
DLBCL10530	0.06692213907108849	0.07129401420276257	0.08383329362733309	0.2719738040053282	0.5059767490934877	0.5059767490934877	4.0	4
DLBCL10869	0.5096116416668993	0.04832505092521613	0.029731757706168607	0.3429065211446401	0.06942502855707582	0.5096116416668993	0.0	0
DLBCL_C_D_1166_NULLPAIR	0.08879368480671239	0.06516493012862838	0.06481217703502128	0.5119003953789821	0.26932881265065584	0.5119003953789821	4.0	3
DLBCL10850	0.18184690602165504	0.11750043801898405	0.13021722216859483	0.5131578109337965	0.0572776228569696	0.5131578109337965	1.0	3
DLBCL11515	0.08945197825329974	0.03698335549314088	0.10630148934881596	0.5134092584813171	0.2538539184234262	0.5134092584813171	2.0	3
DLBCL11495	0.17346623085067409	0.04983845410860065	0.03956052497355042	0.5146943743060155	0.22244041576115933	0.5146943743060155	4.0	3
DLBCL11539	0.36472061164412006	0.04081457788003551	0.03888675210726484	0.5157241259209709	0.039853932447608625	0.5157241259209709	0.0	3
DLBCL_RICOVER_1106	0.16057067987152288	0.06542531046080766	0.07819218673446938	0.5167702610104475	0.17904156192275242	0.5167702610104475	4.0	3
DLBCL_RICOVER_850	0.1790748599777177	0.10077598236416271	0.06568942670583756	0.13621191201596167	0.5182478189363203	0.5182478189363203	4.0	4
DLBCL10928	0.2721325387483811	0.039617884474250076	0.07318188901942975	0.5193273510947354	0.09574033666320361	0.5193273510947354	0.0	3
DLBCL10918	0.5204130798852717	0.033475489271181345	0.08303648330438627	0.2660230348332264	0.09705191270593412	0.5204130798852717	0.0	0
DLBCL_C_D_1123_NULLPAIR	0.3290751832340046	0.05520173847607538	0.05093478275325207	0.5212442037217417	0.04354409181492615	0.5212442037217417	0.0	3
DLBCL10512	0.22790396281209707	0.08090844041207838	0.10132574224474375	0.521293293258787	0.06856856127229378	0.521293293258787	2.0	3
DLBCL_RICOVER_829	0.2751453062047685	0.08944218557151092	0.058471015418215616	0.5216050082587108	0.05533648454679405	0.5216050082587108	0.0	3
DLBCL10492	0.22429482718345264	0.035328833052848695	0.04665684310046872	0.52238923645736	0.1713302602058699	0.52238923645736	0.0	3
DLBCL11346	0.12720878852906434	0.1354998773960375	0.08450250534178785	0.5227716929387902	0.1300171357943202	0.5227716929387902	1.0	3
DLBCL11652	0.5229417903426702	0.03567633386660717	0.031920723138625394	0.3424215657289845	0.0670395869231127	0.5229417903426702	0.0	0
DLBCL11558	0.2668457878088141	0.0698586300254832	0.07157542506255439	0.5251505624288847	0.0665695946742636	0.5251505624288847	2.0	3
DLBCL11538	0.10061038497694352	0.029350473097268053	0.08686300885639904	0.527289713877393	0.2558864191919964	0.527289713877393	4.0	3
DLBCL10972	0.5290577727534566	0.09968139286470566	0.049726129838547656	0.17014014957143278	0.1513945549718573	0.5290577727534566	0.0	0
DLBCL11510	0.11952261434883821	0.03853326462877031	0.19327698155848327	0.531133253732993	0.11753388573091511	0.531133253732993	4.0	3
DLBCL10989	0.5313147043688875	0.045277877939981274	0.09447151103686187	0.28493178619513243	0.04400412045913688	0.5313147043688875	1.0	0
DLBCL10969	0.14518559503220121	0.06890824008016908	0.14531411560194968	0.531643470689849	0.10894857859583104	0.531643470689849	0.0	3
DLBCL10891	0.04602646367806297	0.03225058088642746	0.1041738079783284	0.5323147572549014	0.2852343902022797	0.5323147572549014	4.0	3
DLBCL_RICOVER_1278	0.05272517699879357	0.09065837758050646	0.04753055769331097	0.5333568041758681	0.2757290835515209	0.5333568041758681	4.0	3
DLBCL11461	0.5337295979986033	0.04156765704642582	0.04176674394090233	0.34488090647284975	0.03805509454121881	0.5337295979986033	0.0	0
DLBCL_RICOVER_120	0.5355743320530009	0.024389419660384846	0.08104556976149284	0.2548420332631355	0.10414864526198592	0.5355743320530009	4.0	0
DLBCL11581	0.21152756591938232	0.038365614906835245	0.034078064949536135	0.5358798142024541	0.18014894002179227	0.5358798142024541	4.0	3
DLBCL_RICOVER_221	0.24489558284767005	0.09199577133302818	0.06057960648426498	0.537703320017464	0.06482571931757282	0.537703320017464	4.0	3
DLBCL11491	0.21023219455649594	0.04927576154490101	0.028432014941822334	0.539077775098764	0.17298225385801677	0.539077775098764	3.0	3
DLBCL10921	0.11921930461098933	0.05249992122824785	0.09794623223430982	0.5391350974536084	0.19119944447284454	0.5391350974536084	4.0	3
DLBCL11002	0.22921460457287202	0.021639377133920445	0.16703093349205128	0.5396207376904116	0.04249434711074463	0.5396207376904116	3.0	3
DLBCL11431	0.5406574643442373	0.03660064915971129	0.02516911955670899	0.3298567103299595	0.06771605660938282	0.5406574643442373	4.0	0
DLBCL10967	0.06244993182083505	0.04700542877756532	0.11236286891144281	0.5415271754681054	0.23665459502205144	0.5415271754681054	4.0	3
DLBCL10996	0.5416487776730917	0.02521860826632921	0.03887608026799616	0.31226933489003494	0.08198719890254803	0.5416487776730917	0.0	0
DLBCL_C_D_1115_NULLPAIR	0.5425475094390185	0.040520321041742656	0.022642104368613903	0.3489404116618484	0.04534965348877643	0.5425475094390185	3.0	0
DLBCL11428	0.19016912559243634	0.06831947920137761	0.5426410891201172	0.13484369589116224	0.06402661019490659	0.5426410891201172	2.0	2
DLBCL10903	0.5427702567726824	0.07889756119912555	0.03198744774380987	0.31174732590567533	0.03459740837870674	0.5427702567726824	1.0	0
DLBCL11433	0.08210296934851541	0.019042884148154887	0.0473831098947764	0.5432355529741182	0.30823548363443515	0.5432355529741182	3.0	3
DLBCL_MC_F729_MAN	0.5435968744511223	0.06982777871386336	0.03203303368465867	0.22836589137066485	0.1261764217796908	0.5435968744511223	1.0	0
DLBCL10956	0.27529874917688485	0.07235074894602794	0.040124014577108624	0.5439483226274808	0.06827816467249774	0.5439483226274808	1.0	3
DLBCL10862	0.06594327244271092	0.04276464581533549	0.06756112307626085	0.5443635725320782	0.27936738613361456	0.5443635725320782	4.0	3
DLBCL10977	0.3175261615575038	0.03652822102643869	0.0432594189154662	0.5446055051520781	0.058080693348513374	0.5446055051520781	4.0	3
DLBCL_RICOVER_720	0.20325206051679842	0.06740064847876377	0.09892992303051142	0.5453540914387273	0.08506327653519909	0.5453540914387273	4.0	3
DLBCL_RICOVER_417	0.285743609740021	0.02932200094335349	0.05097709646690274	0.5460444542183085	0.08791283863141428	0.5460444542183085	4.0	3
DLBCL10957	0.5471497265492317	0.04402498687968298	0.04864689473829285	0.32307097304044236	0.03710741879235013	0.5471497265492317	0.0	0
DLBCL10480	0.15934927851827163	0.11148908942030322	0.08825570568708438	0.5476792211938672	0.09322670518047353	0.5476792211938672	1.0	3
DLBCL11519	0.3182904557394018	0.05882222467605173	0.047483868396256505	0.5476878813683432	0.027715569819946703	0.5476878813683432	0.0	3
DLBCL10898	0.5498872972130213	0.04122952625488001	0.0851100763319325	0.27051685556395877	0.05325624463620738	0.5498872972130213	4.0	0
DLBCL11478	0.13804235117716818	0.034310933412373956	0.1310757481777595	0.5530509022761868	0.14352006495651146	0.5530509022761868	0.0	3
DLBCL10498	0.27858332156613524	0.030414156806992547	0.1151677935288951	0.5534901592903914	0.022344568807585726	0.5534901592903914	2.0	3
DLBCL_RICOVER_449	0.21160066645563172	0.07504875874874922	0.03431440137962482	0.5539383241530446	0.1250978492629497	0.5539383241530446	4.0	3
DLBCL10835	0.12473544741764231	0.06634262408770937	0.054774914060506344	0.556318846509684	0.197828167924458	0.556318846509684	4.0	3
DLBCL10523	0.1667855638622911	0.044285855899704026	0.5573657176750936	0.19209118312250978	0.039471679440401544	0.5573657176750936	2.0	2
DLBCL10890	0.20281814785644767	0.061404582022929304	0.05560810330374274	0.557956667019547	0.1222124997973332	0.557956667019547	4.0	3
DLBCL10895	0.11073080831295037	0.06805488792998712	0.17673187073734087	0.5586110275294365	0.08587140549028516	0.5586110275294365	4.0	3
DLBCL_C_D_1144_NULLPAIR	0.5587547452737556	0.029777918184119068	0.04586847998902811	0.2794527351386988	0.08614612141439851	0.5587547452737556	4.0	0
DLBCL11206	0.2957565611140863	0.05551410756566582	0.032024370811444686	0.5594179786640215	0.057286981844781724	0.5594179786640215	4.0	3
DLBC_FF_8046_TP_NB	0.2648402580399348	0.060928814300192584	0.042330384470877384	0.5606044533280287	0.07129608986096665	0.5606044533280287	2.0	3
DLBCL10990	0.15877960469095204	0.047352311705237106	0.054902948688177716	0.5622817078209921	0.17668342709464102	0.5622817078209921	4.0	3
DLBC_FF_8043_TP_NB	0.2684803661113356	0.08839842617622089	0.044866705697761244	0.5632702029058161	0.03498429910886623	0.5632702029058161	1.0	3
DLBCL10465	0.04493412621693227	0.04549260957651064	0.2890894078193859	0.5636736187177936	0.056810237669377574	0.5636736187177936	2.0	3
DLBCL11573	0.04710423262767367	0.047025662782418105	0.23558136971204285	0.5653906711634615	0.1048980637144038	0.5653906711634615	2.0	3
DLBCL10848	0.30969105449650725	0.03508751158246181	0.029060369433402965	0.5662216003535915	0.05993946413403645	0.5662216003535915	4.0	3
DLBCL11482	0.5664448666912403	0.027719403690388153	0.055684309846057635	0.32458134491679297	0.025570074855520965	0.5664448666912403	0.0	0
DLBCL11439	0.2660226452829036	0.030504649651113824	0.07378582283074905	0.5668811102593956	0.0628057719758379	0.5668811102593956	2.0	3
DFCIDL004_DT	0.568539634725713	0.06445090002154695	0.02206467644920528	0.28852275468226646	0.05642203412126822	0.568539634725713	4.0	0
DLBCL_LS4054	0.2725241143851963	0.049939628574832994	0.06001652300925594	0.5688346907138212	0.04868504331689353	0.5688346907138212	1.0	3
DLBCL10518	0.14224449106674406	0.05612415579116237	0.14154927583016172	0.5694799533331177	0.09060212397881418	0.5694799533331177	2.0	3
DLBCL_MC_F349_BJJ	0.15645227269796785	0.05372128712020193	0.19387174809300406	0.5708072745094722	0.0251474175793539	0.5708072745094722	2.0	3
DLBCL10488	0.27007855644514484	0.030216547556995602	0.1039197381448784	0.571426800667401	0.024358357185580114	0.571426800667401	0.0	3
DLBCL_MC_F739_AMA3	0.08594714096088303	0.09573230516021035	0.20092736888349708	0.5714278627680153	0.045965322227394335	0.5714278627680153	1.0	3
DLBCL_RICOVER_496	0.27915446702743574	0.04440844344477328	0.041015490893065165	0.5719700113299347	0.06345158730479114	0.5719700113299347	1.0	3
DLBCL10934	0.16476520938933065	0.05648261078324159	0.06076062665450635	0.5722078646325938	0.1457836885403276	0.5722078646325938	1.0	3
DLBCL10951	0.17838731524299356	0.08159537134658372	0.02218372897775926	0.14510014562802517	0.5727334388046382	0.5727334388046382	4.0	4
DLBCL_RICOVER_945	0.25678505188489076	0.06417934569454539	0.0419558340946751	0.5745628056813206	0.06251696264456812	0.5745628056813206	0.0	3
DLBCL_C_D_1130_NULLPAIR	0.5764115204994574	0.04188676722133579	0.03156118732330999	0.18476861198687872	0.16537191296901804	0.5764115204994574	0.0	0
DLBCL10521	0.19533551480312916	0.08707913883152962	0.05499508230129773	0.5768692280338794	0.08572103603016408	0.5768692280338794	4.0	3
DLBCL10517	0.22998814455757124	0.09066087381452097	0.04702058917712209	0.5786552298969732	0.05367516255381248	0.5786552298969732	1.0	3
DLBCL_RICOVER_1263	0.252720393519341	0.05146988472795496	0.04484436141075545	0.5787924331807518	0.07217292716119685	0.5787924331807518	2.0	3
DLBCL10535	0.1887281742828552	0.02851172683475159	0.05295774163867156	0.5794450521933301	0.15035730505039158	0.5794450521933301	4.0	3
DLBCL10548	0.25768479195682975	0.05153633705596632	0.07157503341976804	0.5796063851138878	0.03959745245354805	0.5796063851138878	0.0	3
DLBCL11440	0.17273034444522462	0.04017298340603082	0.04756583095192483	0.5797862674654867	0.1597445737313331	0.5797862674654867	4.0	3
DLBCL11533	0.2872464911801234	0.04157724371187326	0.03846140362519837	0.5812195925861204	0.05149526889668452	0.5812195925861204	1.0	3
DLBCL11670	0.13276139979612386	0.02104376133955254	0.2282055791814832	0.5814807556215118	0.03650850406132862	0.5814807556215118	2.0	3
DLBCL10962	0.26537015570096023	0.03213995764168811	0.07227302137489341	0.5817018463973359	0.04851501888512225	0.5817018463973359	1.0	3
DLBCL_MC_F089_HCZ	0.14040540306643035	0.12264983835849803	0.08127250416724155	0.5818297439666561	0.07384251044117396	0.5818297439666561	1.0	3
DLBCL10963	0.07692278527666405	0.047984388579956336	0.10748429462564743	0.5820912410046886	0.18551729051304366	0.5820912410046886	4.0	3
DLBCL10536	0.5821667021836435	0.047137700278329586	0.046916398152090866	0.2896086537163385	0.03417054566959747	0.5821667021836435	2.0	0
DLBCL11677	0.582195486900367	0.03942146007909985	0.035154096765754164	0.30370963599262313	0.03951932026215589	0.582195486900367	0.0	0
DLBCL11430	0.2998939223318115	0.04745477120399864	0.033370212574787894	0.5833387034792603	0.03594239041014163	0.5833387034792603	0.0	3
DLBCL10555	0.11761764738241552	0.03229292994715625	0.1891533661111233	0.5843983136601907	0.07653774289911426	0.5843983136601907	2.0	3
DLBCL10863	0.10403363811858608	0.033440879618055044	0.04098396411463662	0.5848588277296971	0.23668269041902512	0.5848588277296971	3.0	3
DLBCL_RICOVER_1299	0.1216153661847244	0.13558016612464946	0.06259170433950965	0.5857992687055084	0.09441349464560811	0.5857992687055084	4.0	3
DLBCL_C_D_1151_NULLPAIR	0.2629938261806473	0.05499594744891876	0.04899414359891183	0.586154716340228	0.046861366431294044	0.586154716340228	3.0	3
DLBCL_LS3499	0.5876815109587957	0.019520353908841794	0.07214549705917264	0.2889280915111988	0.031724546561991036	0.5876815109587957	3.0	0
DLBCL10554	0.08365551888433903	0.03180248401932442	0.5882319061907927	0.2303215452116685	0.06598854569387536	0.5882319061907927	2.0	2
DLBCL10893	0.07028861333767135	0.02046043077162438	0.08836466616328857	0.22864150513590598	0.5922447845915098	0.5922447845915098	4.0	4
DLBCL_LS2245	0.259719474844044	0.06351312752117405	0.055683255565818955	0.5925099067191677	0.028574235349795325	0.5925099067191677	1.0	3
DLBC_FF_A7CQ_TP_NB	0.592529983393657	0.03137540144552061	0.024236476631062827	0.3032939792815216	0.04856415924823795	0.592529983393657	4.0	0
DFCIDL008_DT	0.1863650898088775	0.04184186388432257	0.07458146684385247	0.10367119215764152	0.5935403873053059	0.5935403873053059	4.0	4
DLBCL10980	0.05371908465899687	0.03446866478926855	0.1518849608043204	0.5947895651999774	0.16513772454743678	0.5947895651999774	4.0	3
DLBCL10884	0.21373225103063828	0.06396851316940542	0.06326299174005412	0.5962230268191354	0.06281321724076676	0.5962230268191354	0.0	3
DLBCL10925	0.24351268730952555	0.03230011295484854	0.03829816782058099	0.5963880981084082	0.08950093380663678	0.5963880981084082	4.0	3
DLBCL_RICOVER_948	0.1567695997361841	0.12174265518867124	0.06555749410745605	0.5965861986271098	0.059344052340578816	0.5965861986271098	1.0	3
DLBCL11512	0.28288828500072327	0.04111005695894318	0.03553012007314837	0.5986118068800454	0.041859731087139786	0.5986118068800454	0.0	3
DLBCL10510	0.21772310002234102	0.040963009964921075	0.0935286476902915	0.6000629637725698	0.04772227854987657	0.6000629637725698	1.0	3
DLBCL10984	0.2188465184952658	0.037075687306692834	0.05410157836718326	0.6005982919330867	0.08937792389777145	0.6005982919330867	4.0	3
DLBCL11671	0.15121233570115414	0.11251960487495392	0.11773354685815537	0.6016063433389094	0.01692816922682716	0.6016063433389094	0.0	3
DLBCL11516	0.24329368830188816	0.050762536124011735	0.050845664188511636	0.6016460912408319	0.053452020144756536	0.6016460912408319	1.0	3
DLBCL_RICOVER_1190	0.19410351737788523	0.05798637995509714	0.10565121084421361	0.6023426725820008	0.0399162192408032	0.6023426725820008	4.0	3
DLBCL_DFCI_DLBCL_GOE07	0.10409962189786996	0.09087846035058234	0.07896121011611142	0.6025274130347571	0.12353329460067912	0.6025274130347571	1.0	3
DLBCL10541	0.17631379691014376	0.07507226973741851	0.08711997225888324	0.6028479026392953	0.05864605845425914	0.6028479026392953	1.0	3
DLBCL_LS1668	0.23798710706689596	0.04020566971978563	0.05850841486286708	0.6028647086678409	0.06043409968261045	0.6028647086678409	1.0	3
DLBCL10930	0.09781157903144869	0.07800137391443374	0.07341857810102559	0.604067146832282	0.14670132212080997	0.604067146832282	4.0	3
DLBCL10879	0.028051259361007563	0.04604774264372948	0.6041033096931426	0.2356253736234838	0.08617231467863655	0.6041033096931426	2.0	2
DLBCL_C_D_1140_NULLPAIR	0.26742413622952604	0.045114350889602	0.03479067080315031	0.6045286706098314	0.04814217146789018	0.6045286706098314	4.0	3
DLBCL_RICOVER_174	0.21074005252448122	0.07303060762728701	0.06929019281020381	0.6064408060796349	0.04049834095839303	0.6064408060796349	1.0	3
DLBCL10964	0.1293181696818471	0.07672168521104043	0.04778082564929506	0.6068975805499948	0.13928173890782264	0.6068975805499948	4.0	3
DLBCL_RICOVER_1045	0.21175301932717575	0.05464217336625451	0.060411833591888606	0.6072095981567082	0.06598337555797298	0.6072095981567082	3.0	3
DLBCL10973	0.17612471158359924	0.04336105963198635	0.07540182934612362	0.6116981935618747	0.09341420587641608	0.6116981935618747	3.0	3
DLBCL10532	0.18254555271830983	0.038729662327397475	0.08207576280446138	0.6117420032772563	0.08490701887257503	0.6117420032772563	4.0	3
DLBCL11187	0.12087330366631695	0.03485888139426821	0.1044004214730018	0.6123685686549549	0.12749882481145805	0.6123685686549549	4.0	3
DLBCL10896	0.6123713822947897	0.025597760586989857	0.04423118224488121	0.28054379119112155	0.03725588368221773	0.6123713822947897	0.0	0
DLBCL10866	0.1305927480031731	0.06717855726730766	0.11252481495271861	0.6144335148379441	0.07527036493885654	0.6144335148379441	4.0	3
DLBCL10878	0.08808106332932286	0.029473693952333516	0.11115823702719545	0.6145911031185548	0.1566959025725933	0.6145911031185548	4.0	3
DLBCL_RICOVER_839	0.24640767744567801	0.06373326364823922	0.029165983680643156	0.6155916965212608	0.04510137870417881	0.6155916965212608	1.0	3
DLBCL10527	0.2720743343735868	0.025376964848775826	0.039402964645432734	0.6157197068933743	0.04742602923883029	0.6157197068933743	3.0	3
DLBCL10550	0.6159526375170629	0.022268360770095034	0.05303263990170197	0.22528961770351408	0.083456744107626	0.6159526375170629	4.0	0
DLBCL_C_D_1117_NULLPAIR	0.22155861559545298	0.06628230000697788	0.027717834415761682	0.616264501438901	0.06817674854290642	0.616264501438901	1.0	3
DLBCL10860	0.0386487060429597	0.06926759868795361	0.16466387571148916	0.6171220754267548	0.11029774413084271	0.6171220754267548	4.0	3
DLBCL11429	0.6173152832731401	0.0213877751775449	0.023750039250074424	0.2715682067226635	0.06597869557657707	0.6173152832731401	0.0	0
DLBCL11195	0.1439217891949565	0.0652280442737311	0.03401557783386256	0.6173986697016873	0.13943591899576255	0.6173986697016873	4.0	3
DLBCL_C_D_1138_NULLPAIR	0.035039876241523625	0.02382031817821198	0.1134975063570391	0.6181483695289295	0.20949392969429584	0.6181483695289295	1.0	3
DLBCL11537	0.6184947464219339	0.045337339103826105	0.03229055889471694	0.24335890189825238	0.06051845368127066	0.6184947464219339	0.0	0
DLBCL_RICOVER_134	0.6196016960295772	0.04784690773283867	0.07771455570097255	0.19259812584808778	0.06223871468852384	0.6196016960295772	4.0	0
DLBCL_MC_F132_MLM	0.26657548966553996	0.02059122603919744	0.04743222003458132	0.6208655212994812	0.04453554296120006	0.6208655212994812	0.0	3
DLBCL_MC_F927_JHS	0.11322742307604654	0.01818016473577617	0.19885850550006565	0.6209295569287971	0.04880434975931455	0.6209295569287971	4.0	3
DLBCL_MC_F064AB	0.23278857024637867	0.024507233700757483	0.09934594181995403	0.6214164465696561	0.02194180766325363	0.6214164465696561	2.0	3
DLBCL10966	0.621744980299355	0.02398972734951925	0.057323708922019934	0.24955799551784524	0.04738358791126062	0.621744980299355	0.0	0
DLBCL_C_D_1114_NULLPAIR	0.27801879568808735	0.03284257383619221	0.03160465091588599	0.622073235237069	0.035460744322765345	0.622073235237069	0.0	3
DLBCL11542	0.23949151698234838	0.0320295791663936	0.07723501488996676	0.6226900687740642	0.02855382018722702	0.6226900687740642	2.0	3
DLBCL11661	0.20370606760826002	0.07019536481327	0.05522533077955359	0.6245907863149661	0.046282450483950306	0.6245907863149661	1.0	3
DLBCL_C_D_1125_NULLPAIR	0.09073977196359138	0.07561270873118532	0.035196862435167384	0.6247748537216402	0.1736758031484157	0.6247748537216402	4.0	3
DLBCL10838	0.14506997906637153	0.08103246167409356	0.04285535176972405	0.6257811791891579	0.10526102830065291	0.6257811791891579	4.0	3
DLBCL10851	0.18225884971289957	0.06744467665889996	0.04969236214770413	0.626086887936481	0.07451722354401524	0.626086887936481	1.0	3
DLBCL_MAYO_DLBCL_5613	0.23694779998274093	0.02578105374875974	0.056429154606764585	0.626374395742744	0.05446759591899072	0.626374395742744	0.0	3
DLBCL_C_D_1152_NULLPAIR	0.19563794714695665	0.07337834075411336	0.07138960079029012	0.6267066020329131	0.03288750927572684	0.6267066020329131	1.0	3
DLBCL10881	0.141132244753191	0.035923861243904606	0.051423372540847626	0.6272386627227935	0.1442818587392633	0.6272386627227935	4.0	3
DLBCL11658	0.1557179850692342	0.019738978987756388	0.11747512448974957	0.6272881511578234	0.07977976029543637	0.6272881511578234	3.0	3
DLBCL10844	0.6274276909915087	0.027270933496017873	0.04908026512540696	0.2533135509921175	0.04290755939494888	0.6274276909915087	0.0	0
DLBCL_RICOVER_956	0.19991352458638492	0.0474023601080203	0.029017684795957597	0.628651823252616	0.09501460725702122	0.628651823252616	4.0	3
DLBCL10539	0.2053442188113102	0.02619465469909781	0.03603167725236664	0.629235252953299	0.10319419628392643	0.629235252953299	3.0	3
DLBCL10502	0.1683611523821447	0.11205557406114987	0.05754503112804956	0.631449893205936	0.030588349222719895	0.631449893205936	1.0	3
DLBCL_RICOVER_711	0.11286611281248728	0.05508589764720633	0.09002127796353655	0.6320626337717687	0.10996407780500107	0.6320626337717687	3.0	3
DLBCL10534	0.07140022033611447	0.07080427844822898	0.049408161161825254	0.1736490633595018	0.6347382766943295	0.6347382766943295	4.0	4
DLBCL11501	0.6356465430746828	0.02410408571186977	0.22908839291972674	0.08121613942214206	0.029944838871578613	0.6356465430746828	0.0	0
DLBCL_LS2328	0.11454739270555883	0.050390271321275264	0.17192123533013373	0.6356824834258815	0.02745861721715063	0.6356824834258815	2.0	3
DLBCL11651	0.20850523449073624	0.048021510947719254	0.041995735845396356	0.638039264168299	0.0634382545478491	0.638039264168299	2.0	3
DLBCL_MC_F307_JPS	0.6387592081904503	0.01752840979325205	0.14630407719723015	0.16469605955067704	0.03271224526839048	0.6387592081904503	0.0	0
DLBCL10544	0.06516799744778883	0.03642141254305171	0.11895380399379231	0.640128026029554	0.13932875998581318	0.640128026029554	3.0	3
DLBCL_LS4616	0.13857213688949307	0.07990194894620943	0.10791082549410926	0.6404195365488681	0.03319555212132017	0.6404195365488681	2.0	3
DLBCL10959	0.12218315090656913	0.06727742680190717	0.04296588283594222	0.6407300943080315	0.12684344514754994	0.6407300943080315	0.0	3
DLBCL_MAYO_DLBCL_7359	0.10552736312444291	0.10391526147027812	0.04436716667781476	0.6410562410004368	0.10513396772702743	0.6410562410004368	1.0	3
DLBCL11486	0.1331875182808025	0.05333542823246745	0.06572110883746034	0.10530432039468895	0.6424516242545808	0.6424516242545808	0.0	4
DLBCL_RICOVER_299	0.09724220368587966	0.11548134089029498	0.11496972710224873	0.6432491430196359	0.02905758530194076	0.6432491430196359	1.0	3
DLBCL_LS1098	0.12035093436364927	0.03834664370879498	0.6449379890117385	0.17018686200174404	0.02617757091407326	0.6449379890117385	2.0	2
DLBCL10874	0.2515459981079483	0.036824221225780995	0.03313299860094073	0.6452345927637185	0.033262189301611435	0.6452345927637185	1.0	3
DLBCL10885	0.19923066513464233	0.040429529270536446	0.06126613394808048	0.6473363713608126	0.05173730028592829	0.6473363713608126	1.0	3
DLBCL10868	0.25250006806611763	0.02603693246292804	0.03321375648752677	0.6483180582294757	0.03993118475395185	0.6483180582294757	3.0	3
DLBCL10462	0.6502140746484768	0.031056167849339653	0.028915281119146433	0.23842144520537062	0.05139303117766655	0.6502140746484768	0.0	0
DLBCL10503	0.6505648594237491	0.047194227542126495	0.031418894524312554	0.19215968786595197	0.07866233064385984	0.6505648594237491	1.0	0
DLBCL10992	0.043921466574901556	0.01610206188517311	0.15457573225450377	0.1337351933889936	0.651665545896428	0.651665545896428	4.0	4
DLBCL_LS297	0.09733548183050615	0.04863364050980734	0.12004087519770774	0.6559830150981361	0.07800698736384269	0.6559830150981361	2.0	3
DLBCL11591	0.14694990376905737	0.06791186483560549	0.08321097189811558	0.6560809838081153	0.04584627568910633	0.6560809838081153	1.0	3
DLBCL_RICOVER_685	0.08369513969990214	0.0671277397064091	0.09528850061173441	0.6564558994902897	0.09743272049166464	0.6564558994902897	4.0	3
DLBCL11457	0.6572336329946866	0.0194071522639156	0.0469431366677827	0.20579510527892453	0.07062097279469046	0.6572336329946866	0.0	0
DLBCL_MC_F496DMP	0.155711792859007	0.058501174785473425	0.08171791820436819	0.6581169109366991	0.04595220321445232	0.6581169109366991	1.0	3
DFCIDL009_DT	0.0999225510780431	0.0816603960963284	0.0972309681567653	0.6586737659345677	0.06251231873429543	0.6586737659345677	2.0	3
DLBCL10931	0.2383999056421785	0.025999627255431403	0.027222139984776374	0.6587808649232748	0.049597462194338915	0.6587808649232748	0.0	3
DLBCL11468	0.1793633236033363	0.02866196735786951	0.09565745333742043	0.6599075998709588	0.03640965583041491	0.6599075998709588	2.0	3
DLBCL10834	0.1684950395468495	0.0789346269880472	0.04625971478098213	0.6607008780924428	0.045609740591678334	0.6607008780924428	1.0	3
DLBCL_RICOVER_335	0.07388607431066122	0.13513882121174253	0.09716773192696543	0.6607130105448787	0.03309436200575209	0.6607130105448787	1.0	3
DLBCL11466	0.04029299728290055	0.048688846813171455	0.1288859475281168	0.6607234455573929	0.12140876281841827	0.6607234455573929	1.0	3
DLBCL10968	0.6612074206630266	0.020101438942078942	0.0430701495171366	0.23024911871642126	0.04537187216133664	0.6612074206630266	0.0	0
DLBCL_LS2599	0.13566908529853608	0.04017975560864187	0.11416609750583477	0.6620514880048101	0.0479335735821772	0.6620514880048101	2.0	3
DLBCL10887	0.1397516246298819	0.050988271215676784	0.05124794557493343	0.6649406514926548	0.09307150708685312	0.6649406514926548	4.0	3
DLBCL_RICOVER_744	0.6651757055237449	0.025992540614695536	0.08447546084273919	0.18421272606290445	0.04014356695591595	0.6651757055237449	2.0	0
DLBCL11657	0.08839140711977353	0.03541749612272022	0.1347080562873618	0.6656048148113669	0.07587822565877754	0.6656048148113669	3.0	3
DLBCL11191	0.6695335656668034	0.024940885629004348	0.037833737230969354	0.15826926040977587	0.10942255106344698	0.6695335656668034	0.0	0
DLBCL11656	0.16633011314652432	0.04275483379753496	0.07959695473282172	0.6719585358168346	0.03935956250628435	0.6719585358168346	2.0	3
DLBCL_RICOVER_111	0.16361611987501967	0.0641002752129182	0.04348976749366927	0.6727979827689065	0.05599585464948648	0.6727979827689065	4.0	3
DLBCL_RICOVER_1018	0.11745136349545242	0.09536128236585915	0.037374775304252456	0.6752411231388994	0.07457145569553662	0.6752411231388994	3.0	3
DLBCL_C_D_1103_NULLPAIR	0.10434923656403595	0.07392889449105478	0.07880682570490753	0.6752904188327737	0.06762462440722797	0.6752904188327737	3.0	3
DLBCL11525	0.6758359081355465	0.03051358267037478	0.03439276830276724	0.1316338633685889	0.12762387752272253	0.6758359081355465	2.0	0
DLBCL10917	0.6767416504244034	0.07517594075467562	0.026067151581696053	0.16453816008622035	0.05747709715300466	0.6767416504244034	1.0	0
DLBCL_RICOVER_712	0.10292668672038656	0.07068473437715157	0.06871076812566539	0.6771023878036221	0.08057542297317437	0.6771023878036221	4.0	3
DLBCL10965	0.1051435932479705	0.03776493325732647	0.08866479817688466	0.6787776353435809	0.08964903997423741	0.6787776353435809	3.0	3
DLBCL_LS843	0.190099231954559	0.03206392427420273	0.06745053850751571	0.6793183797052116	0.03106792555851089	0.6793183797052116	2.0	3
DLBCL10522	0.13707026567676173	0.026319527534815645	0.6811817898457219	0.10853005256189009	0.04689836438081068	0.6811817898457219	2.0	2
DLBCL_MC_F210_GWC	0.16330392927804738	0.0799715061572726	0.04427602742416996	0.681538674624544	0.03090986251596599	0.681538674624544	1.0	3
DLBCL_LS2154	0.6820852696487156	0.06462917639953476	0.04029139253140451	0.17180297101012237	0.041191190410222685	0.6820852696487156	0.0	0
DLBCL10484	0.10049405458352002	0.06971031090531601	0.08905085818465905	0.6827165892553304	0.05802818707117456	0.6827165892553304	1.0	3
DLBCL_MC_F139_LJF	0.12979476655881456	0.035172995383101965	0.08058394620151597	0.6828805903072639	0.07156770154930356	0.6828805903072639	3.0	3
DLBCL10458	0.6866070668612648	0.028861455089397383	0.04799536764781994	0.21091099034218436	0.025625120059333525	0.6866070668612648	0.0	0
DLBCL11672	0.08457926687461323	0.017668351350955798	0.1561592163029275	0.6889771202296016	0.05261604524190194	0.6889771202296016	2.0	3
DLBCL11447	0.05435146969499534	0.02769290049614768	0.06943977600153009	0.6899638632592174	0.15855199054810942	0.6899638632592174	3.0	3
DLBCL10985	0.17114827899296	0.039385018945193036	0.03885533712422561	0.6924035302398931	0.058207834697728236	0.6924035302398931	1.0	3
DLBCL11574	0.12994391586905157	0.04835070324360384	0.1050984388985556	0.6930425646526058	0.023564377336183166	0.6930425646526058	2.0	3
DLBCL10552	0.2055582842299161	0.033508573687418386	0.039023354457047334	0.6932030142026614	0.02870677342295684	0.6932030142026614	3.0	3
DLBCL_C_D_1153_NULLPAIR	0.10383148731025363	0.04142628527816293	0.06324730789300256	0.6935026589067904	0.09799226061179038	0.6935026589067904	3.0	3
DLBCL10978	0.19589901760014083	0.026507982961127042	0.0359943987586683	0.6947349792932461	0.046863621386817746	0.6947349792932461	3.0	3
DLBCL_RICOVER_1204	0.14568968755873285	0.027436738973688493	0.058652562324617	0.6952930624603028	0.0729279486826589	0.6952930624603028	3.0	3
DLBCL_RICOVER_338	0.6967048449464307	0.017486075504499293	0.03232073854080435	0.21175681357787277	0.04173152743039283	0.6967048449464307	0.0	0
DLBCL10490	0.697808275003726	0.02144820100753933	0.0363333761375917	0.2046422289998064	0.03976791885133658	0.697808275003726	0.0	0
DLBCL11204	0.17632602341042142	0.042315268309951894	0.043221513275566066	0.6987926749740552	0.0393445200300055	0.6987926749740552	1.0	3
DLBCL_C_D_1126_NULLPAIR	0.11427012931163444	0.049767149014544564	0.06784696445500052	0.7011141324862554	0.06700162473256506	0.7011141324862554	1.0	3
DLBCL11569	0.07037632396237686	0.04980700668475053	0.12801308348659501	0.7075749497814189	0.04422863608485876	0.7075749497814189	2.0	3
DLBCL_RICOVER_780	0.08091493625934515	0.12366998303364427	0.05495485236887276	0.7093202954856167	0.031139932852521028	0.7093202954856167	1.0	3
DLBCL_LS2367	0.7094755028414006	0.05183633860174721	0.017824594775499695	0.1766103974177466	0.04425316636360591	0.7094755028414006	0.0	0
DLBCL_RICOVER_1060	0.09180277329356194	0.029091600004130674	0.07898023304840805	0.7131718165159092	0.08695357713799005	0.7131718165159092	1.0	3
DLBC_FF_A7CR_TP_NB	0.14134444713418454	0.03138697433952315	0.032215164514340276	0.7138033413267609	0.08125007268519109	0.7138033413267609	4.0	3
DLBCL10466	0.060336578570771335	0.050863489253132235	0.12130538576146252	0.7142645963145441	0.05322995010008979	0.7142645963145441	2.0	3
DLBCL11685	0.056430204798657964	0.021928843328509365	0.7158105231124325	0.16330696179891122	0.04252346696148899	0.7158105231124325	2.0	2
DLBCL10842	0.10959305158277322	0.05237467598732017	0.030915384134798198	0.7171499949198575	0.08996689337525084	0.7171499949198575	4.0	3
DLBCL_LS378	0.7192889392589444	0.029623189237400958	0.02540165387376841	0.17654457564625922	0.049141641983626985	0.7192889392589444	0.0	0
DLBCL11470	0.16769118331658198	0.023209890188730233	0.061178216431647975	0.7195165340167947	0.028404176046245067	0.7195165340167947	0.0	3
DLBCL11595	0.09103186326972038	0.07966900915825646	0.04394965050152668	0.7196661756144889	0.06568330145600759	0.7196661756144889	4.0	3
DLBCL_RICOVER_320	0.07521648984324876	0.031241284607216736	0.07899507020120033	0.7198200127457726	0.09472714260256157	0.7198200127457726	2.0	3
DLBCL_MC_F500_ECU	0.12623273060574916	0.05151334541928505	0.062127831362521015	0.7202324100733289	0.03989368253911583	0.7202324100733289	1.0	3
DLBCL10857	0.1186505662373255	0.03333991244980217	0.05567735033968112	0.7217975838378985	0.07053458713529268	0.7217975838378985	4.0	3
DLBCL11450	0.12342511828529136	0.04321349459465123	0.02832323000518501	0.7233064052643247	0.08173175185054776	0.7233064052643247	4.0	3
DLBCL11456	0.12870513430619537	0.049288612488716195	0.047703652341606576	0.7280446941375455	0.04625790672593634	0.7280446941375455	1.0	3
DLBCL_C_D_1157_NULLPAIR	0.11017122955435057	0.016988709047285343	0.11833745110842818	0.728912973674099	0.025589636615836894	0.728912973674099	2.0	3
DLBCL10936	0.07805833006261886	0.033692489996122996	0.13797391025591377	0.7305637735702484	0.019711496115095952	0.7305637735702484	2.0	3
DLBCL10514	0.13170143896621053	0.04271884506732671	0.05968484534599425	0.7317277696382196	0.03416710098224883	0.7317277696382196	2.0	3
DLBCL10501	0.0712817988576969	0.04966570676220068	0.1000391072097356	0.7318041446706274	0.04720924249973938	0.7318041446706274	2.0	3
DLBCL10553	0.09331860563515457	0.0339332159248735	0.07397246917027055	0.7324742826476319	0.0663014266220694	0.7324742826476319	3.0	3
DLBCL11462	0.7332764632401595	0.026946022759755717	0.017780442047024413	0.18843585427824514	0.03356121767481532	0.7332764632401595	0.0	0
DLBCL10858	0.13796932695510392	0.023341925155859845	0.025190769286516923	0.7350026787496035	0.07849529985291585	0.7350026787496035	3.0	3
DLBCL10915	0.13719341292524487	0.04147688802922796	0.029460112533078342	0.7352569500582511	0.05661263645419771	0.7352569500582511	4.0	3
DLBCL11467	0.13390506718014505	0.01894607924262873	0.0646931674229637	0.7363725860366559	0.04608310011760659	0.7363725860366559	3.0	3
DLBCL10491	0.09563952255966536	0.052201302404206215	0.06737168554993868	0.7398975109097893	0.04488997857640053	0.7398975109097893	3.0	3
DLBCL11518	0.7405711268009242	0.03867192409663974	0.02520357791128251	0.1564974409465785	0.03905593024457511	0.7405711268009242	2.0	0
DLBCL10459	0.06028583214868815	0.04571752250957591	0.13050624830518606	0.7418897800232997	0.021600617013250077	0.7418897800232997	2.0	3
DLBCL10970	0.06879598690246337	0.03622064222461132	0.0670410601823642	0.742381713084191	0.08556059760637018	0.742381713084191	3.0	3
DLBCL10911	0.11952816879836249	0.057624368000996816	0.03853634759174264	0.7429561312626406	0.04135498434625746	0.7429561312626406	1.0	3
DLBCL_RICOVER_866	0.06645500625527777	0.02322932065207752	0.12232426079917565	0.7437282172447839	0.04426319504868523	0.7437282172447839	2.0	3
DLBCL_MC_F262_WLC	0.7454703465214108	0.018285450622764193	0.030180535271791518	0.15692081520062043	0.04914285238341311	0.7454703465214108	0.0	0
DLBCL11436	0.13139598626822976	0.021568468280956925	0.04579118029646864	0.7460237810782119	0.05522058407613284	0.7460237810782119	1.0	3
DLBCL10897	0.746307615133264	0.01757140342605459	0.052710070624675	0.14100932799112698	0.04240158282487935	0.746307615133264	0.0	0
DLBCL10782	0.12162365962033554	0.05301194005754428	0.04425929183278022	0.74643455709384	0.034670551395499925	0.74643455709384	3.0	3
DLBCL_RICOVER_1081	0.746906041492987	0.028740464955532518	0.01609200093803256	0.1611381616919856	0.0471233309214623	0.746906041492987	4.0	0
DLBCL11541	0.0671220572742521	0.02234954375810107	0.07287713336447812	0.7490731069889459	0.0885781586142228	0.7490731069889459	2.0	3
DLBCL_RICOVER_274	0.10219232149317027	0.04639616508492607	0.061142260352090874	0.7525345636601851	0.037734689409627716	0.7525345636601851	3.0	3
DLBCL_LS2208	0.14343233600180988	0.020529614516261313	0.040468449526714835	0.7553226297283452	0.04024697022686884	0.7553226297283452	4.0	3
DLBCL10486	0.1457167774290484	0.027839101881556118	0.03035855202827784	0.7553893299168161	0.040696238744301595	0.7553893299168161	0.0	3
DLBCL10924	0.02502344346085308	0.015262692531070168	0.06442956376151486	0.1374074615490447	0.7578768386975172	0.7578768386975172	4.0	4
DLBCL_RICOVER_978	0.11846007918083935	0.027058567536031572	0.062433555196574064	0.7580148718478694	0.03403292623868552	0.7580148718478694	2.0	3
DLBCL11663	0.7606767610457573	0.02806705981306354	0.01772973488389334	0.1534348991161924	0.04009154514109344	0.7606767610457573	0.0	0
DLBCL10988	0.0837479784951044	0.0497092625943282	0.03725517524050422	0.7613154755462554	0.06797210812380768	0.7613154755462554	1.0	3
DLBCL_RICOVER_258	0.0804455432648325	0.027526082725019486	0.0880052252505137	0.7613967592068988	0.04262638955273555	0.7613967592068988	2.0	3
DLBCL_RICOVER_1293	0.7667112792796781	0.014257710592617365	0.030500302037837605	0.14806737175982487	0.04046333633004208	0.7667112792796781	4.0	0
DLBCL11513	0.03709943692573443	0.03008412322558856	0.09079027173732458	0.7667564810497979	0.07526968706155461	0.7667564810497979	4.0	3
DLBCL10565	0.10082298628090282	0.016452431891253404	0.062092451619031146	0.7683087970423521	0.052323333166460595	0.7683087970423521	3.0	3
DLBCL_RICOVER_1289	0.091884935575519	0.030604392849581007	0.04144579268962769	0.7693224518336566	0.0667424270516157	0.7693224518336566	4.0	3
DLBCL10950	0.769439560343694	0.035446792929512666	0.01589164444928139	0.13887267808849107	0.04034932418902091	0.769439560343694	0.0	0
DLBCL11683	0.09000501579965607	0.019322845544589042	0.08643635619967684	0.7715150475944627	0.03272073486161543	0.7715150475944627	2.0	3
DLBCL11459	0.09843139214540139	0.025759375872202627	0.030338467392588032	0.7716965170440531	0.07377424754575489	0.7716965170440531	3.0	3
DLBCL11208	0.12108424365224588	0.02711883108458417	0.03949952993824712	0.7734390275957089	0.038858367729213965	0.7734390275957089	1.0	3
DLBCL10871	0.07759222043221081	0.036705590660946454	0.04540275660968655	0.7743916620295483	0.06590777026760791	0.7743916620295483	1.0	3
DLBCL_LS4592	0.08315909700508185	0.01631974916699952	0.06399825912733552	0.7756606126424139	0.06086228205816918	0.7756606126424139	2.0	3
DLBCL10519	0.050939342859031726	0.05454452313043458	0.0652793619137023	0.778309331141748	0.050927440955083364	0.778309331141748	1.0	3
DLBCL10487	0.10790499078610453	0.04855784534566074	0.035889314481042114	0.7801980718996564	0.02744977748753618	0.7801980718996564	1.0	3
DLBCL_MC_F218_RAP	0.08095475428836789	0.0193759330876434	0.046511303505577056	0.7805314026455377	0.072626606472874	0.7805314026455377	3.0	3
DLBCL_C_D_1163_NULLPAIR	0.021235579629148568	0.059037648228566504	0.030540221483747708	0.10630289557638094	0.7828836550821562	0.7828836550821562	4.0	4
DLBCL_C_D_1106_NULLPAIR	0.11311037968993681	0.04227959253332023	0.024729579526660436	0.7834544562680139	0.03642599198206867	0.7834544562680139	1.0	3
DLBCL10843	0.09912860101937346	0.01756982471439185	0.06187487730604017	0.783474087764414	0.03795260919578055	0.783474087764414	0.0	3
DLBCL11496	0.11171473088442675	0.025573640222578162	0.04469114395365268	0.7845660186446312	0.03345446629471125	0.7845660186446312	0.0	3
DLBCL11437	0.08733866318501615	0.014688496753261365	0.05808305683718897	0.7849576086594792	0.05493217456505434	0.7849576086594792	3.0	3
DLBCL11576	0.0666134970046178	0.05006683093776694	0.05208740618661954	0.7850970894324479	0.04613517643854772	0.7850970894324479	3.0	3
DLBCL11659	0.11009632374220052	0.03001405995344233	0.05028603283652161	0.7858629484781305	0.023740634989705044	0.7858629484781305	3.0	3
DLBCL11678	0.07152396733906125	0.025372930023991668	0.09445121252766459	0.7862704051862299	0.022381484923052617	0.7862704051862299	3.0	3
DLBCL11443	0.7866809137615973	0.023937205253223928	0.02312925934725568	0.11490123485417501	0.05135138678374808	0.7866809137615973	0.0	0
DLBCL10852	0.04594491611991863	0.027389087069859864	0.032372987403304784	0.7873170188739056	0.10697599053301116	0.7873170188739056	4.0	3
DLBCL_C_D_1109_NULLPAIR	0.12064357316369025	0.03323567933690452	0.026306939848637134	0.7910443540310114	0.028769453619756715	0.7910443540310114	3.0	3
DLBCL11676	0.11755947034203493	0.017524510714094478	0.048074665880381076	0.7914403370835654	0.02540101597992413	0.7914403370835654	0.0	3
DLBCL_C_D_1128_NULLPAIR	0.7933455073579514	0.031606684393602126	0.018380585535499754	0.12783188665356013	0.028835336059386617	0.7933455073579514	0.0	0
DLBCL11480	0.0992257813092325	0.03637205927945794	0.04028432464268795	0.7934979441786977	0.030619890589923912	0.7934979441786977	0.0	3
DLBCL11464	0.11385433881616586	0.028002771208740986	0.026042120503726132	0.7955763616030803	0.03652440786828666	0.7955763616030803	3.0	3
DLBCL11500	0.05839804034045447	0.02421415470198592	0.06977129820893041	0.7959100154364835	0.05170649131214568	0.7959100154364835	4.0	3
DLBCL11536	0.08601740132684517	0.033587721448403475	0.049999783882735155	0.7971760098382148	0.03321908350380148	0.7971760098382148	3.0	3
DLBCL11590	0.06410483652361583	0.03126556848248956	0.06644180362488862	0.7973050995766761	0.040882691792329874	0.7973050995766761	2.0	3
DLBCL_RICOVER_826	0.10019246239330479	0.026732782341467056	0.03937717603001629	0.7973590578918497	0.036338521343362164	0.7973590578918497	0.0	3
DLBCL10954	0.08992436128101694	0.03136975264830531	0.04422899468156332	0.8014009945620175	0.033075896827096905	0.8014009945620175	1.0	3
DLBCL_RICOVER_1032	0.08419697459287559	0.03263802614938455	0.03694762182021007	0.8025253432662348	0.043692034171294934	0.8025253432662348	4.0	3
DLBCL_LS3200	0.09269383070940454	0.04363284739317954	0.027070443121549406	0.8029983770565988	0.03360450171926766	0.8029983770565988	4.0	3
DLBCL10993	0.8037196614553614	0.009289563453438624	0.03809328083000868	0.11623816821547592	0.03265932604571541	0.8037196614553614	0.0	0
DLBCL10945	0.8041600927776031	0.024002195820111386	0.02858892547830601	0.12213763135780015	0.021111154566179277	0.8041600927776031	0.0	0
DLBCL10888	0.10857617655536268	0.020660187139678522	0.03921977151608901	0.8046463745852546	0.026897490203615163	0.8046463745852546	4.0	3
DLBCL11434	0.08301144961022965	0.02599868586504519	0.05735645194156411	0.8048127733911439	0.02882063919201717	0.8048127733911439	0.0	3
DLBCL10910	0.06666461067118716	0.040648015502324886	0.05819206565757575	0.8065142110248154	0.02798109714409694	0.8065142110248154	2.0	3
DLBCL10854	0.04262559191189883	0.02581342180956999	0.046870233296268465	0.8078606262768027	0.07683012670546012	0.8078606262768027	4.0	3
DLBCL10513	0.09137513862800216	0.031504336156790054	0.044114480455766464	0.810359411367698	0.022646633391743397	0.810359411367698	3.0	3
DLBCL_C_D_1112_NULLPAIR	0.11131466129995399	0.020131387115744026	0.03447482770435103	0.8122680157369729	0.021811108142977983	0.8122680157369729	2.0	3
DLBCL10894	0.09433411116309756	0.025118880885780525	0.04770610545315001	0.8141604446143579	0.01868045788361409	0.8141604446143579	1.0	3
DLBCL_RICOVER_1165	0.07302520157471216	0.03228826015355497	0.03859533225166255	0.8157212216896178	0.040369984330452476	0.8157212216896178	1.0	3
DLBCL_LS1921	0.04849112601475374	0.039456553738813765	0.06427215073872403	0.815916645662379	0.03186352384532947	0.815916645662379	1.0	3
DLBCL10955	0.07071350948663531	0.01780431752266727	0.04833896256753164	0.8182649534146882	0.04487825700847761	0.8182649534146882	3.0	3
DLBCL10454	0.08374623079771576	0.03143064486269982	0.03975750438561708	0.8218104203036015	0.023255199650365873	0.8218104203036015	4.0	3
DLBCL_RICOVER_1219	0.024122113388195608	0.0221646562728662	0.024238514793613348	0.10732657129937073	0.8221481442459542	0.8221481442459542	4.0	4
DLBC_FF_A7CX_TP_NB	0.07318690218900172	0.03799485052420207	0.027162017915886228	0.8225777333225153	0.039078496048394674	0.8225777333225153	4.0	3
DLBCL_RICOVER_1061	0.07464375003236975	0.020838480743885276	0.047779824480624414	0.8251093401365046	0.03162860460661594	0.8251093401365046	3.0	3
DLBCL_RICOVER_408	0.09032945233707156	0.023636527615413648	0.03369130033286241	0.826042898435198	0.026299821279454485	0.826042898435198	2.0	3
DLBCL10909	0.10005244379837054	0.023443371028377093	0.026742461182024002	0.8266689742598874	0.02309274973134101	0.8266689742598874	4.0	3
DLBCL_DFCI_DLBCL_GOE16	0.0403200097601828	0.01570139954163899	0.07324530090148584	0.8295419866263256	0.0411913031703667	0.8295419866263256	2.0	3
DLBCL11435	0.8322137436474538	0.012214399201369382	0.026038895511107954	0.1044966648628707	0.02503629677719812	0.8322137436474538	0.0	0
DLBCL11188	0.0760145824140329	0.026463489158321925	0.032654361754438484	0.8327459685801064	0.03212159809310026	0.8327459685801064	1.0	3
DLBCL11448	0.04053176090294317	0.023472908274147733	0.054271022839348655	0.8352968050553519	0.046427502928208554	0.8352968050553519	3.0	3
DLBCL_RICOVER_1283	0.062474317402220536	0.02411964482914969	0.047239367663852304	0.8363298709767271	0.029836799128050474	0.8363298709767271	2.0	3
DLBCL10547	0.08033244272792327	0.025190031786225097	0.028663500572816702	0.8367969872643306	0.02901703764870432	0.8367969872643306	3.0	3
DLBCL_C_D_PAIR13	0.07777861383136632	0.018407360355081146	0.03591320800330588	0.8395116934131683	0.028389124397078285	0.8395116934131683	4.0	3
DLBCL_C_D_1139_NULLPAIR	0.07947592103904773	0.026800477000084935	0.03747926458162106	0.8397920219289163	0.01645231545032996	0.8397920219289163	3.0	3
DLBCL_RICOVER_451	0.8447678522102325	0.010559989437886518	0.017745864182580326	0.08932455717102197	0.037601736998278595	0.8447678522102325	0.0	0
DLBCL11527	0.04816556515404724	0.023678809715384434	0.049636014949341035	0.8448882304930044	0.03363137968822288	0.8448882304930044	3.0	3
DLBCL_RICOVER_575	0.07707901858273712	0.020830187874452243	0.026164142202739313	0.8510208219045158	0.024905829435555582	0.8510208219045158	3.0	3
DLBCL_C_D_1113_NULLPAIR	0.060646468026867295	0.017016220254911084	0.032327732142686756	0.8518327057599807	0.038176873815554124	0.8518327057599807	2.0	3
DLBCL10497	0.0684734779038493	0.02899454867654395	0.02360063518158122	0.852039804385242	0.026891533852783554	0.852039804385242	3.0	3
DLBCL10875	0.8521362616489269	0.028056921948358546	0.008557612723391738	0.0846746595867573	0.026574544092565513	0.8521362616489269	0.0	0
DLBCL10974	0.06943991181736459	0.018400942784016674	0.02920383103762575	0.8526532251812899	0.03030208917970302	0.8526532251812899	3.0	3
DLBCL_C_D_1156_NULLPAIR	0.07983971169087346	0.017200148713886622	0.026366381738070554	0.8539780723169299	0.02261568554023943	0.8539780723169299	0.0	3
DLBCL_LS951	0.05599957676140151	0.024390966791621213	0.04091667579004423	0.8548781258839202	0.023814654773012853	0.8548781258839202	0.0	3
DLBCL10981	0.049136382940807466	0.01829669758429888	0.03684069187292069	0.8566953337943503	0.03903089380762273	0.8566953337943503	1.0	3
DLBCL_RICOVER_977	0.8583763813506977	0.012897860523414255	0.014345355246679983	0.0805137134252231	0.03386668945398491	0.8583763813506977	0.0	0
DLBCL11455	0.06238960603431947	0.02072831304102227	0.0314978096974505	0.860095198076507	0.025289073150700725	0.860095198076507	2.0	3
DLBCL_C_D_1133_NULLPAIR	0.059852003471067464	0.018541237671749523	0.04221233924643431	0.8619091054137217	0.017485314197027035	0.8619091054137217	2.0	3
DLBCL11477	0.06596807735555439	0.017601011311216632	0.03196008276859613	0.8633875037442192	0.021083324820413626	0.8633875037442192	0.0	3
DLBCL_RICOVER_910	0.04817076219276912	0.01662504584795865	0.04427718250491438	0.8671729514710926	0.023754057983265166	0.8671729514710926	0.0	3
DLBCL11564	0.058340678639263475	0.017628033909416908	0.029214430650542425	0.8689014268467712	0.02591542995400595	0.8689014268467712	3.0	3
DLBCL10932	0.06111136160819911	0.018965191939242627	0.02891583897494275	0.8705081399819736	0.02049946749564186	0.8705081399819736	3.0	3
DLBC_FF_8062_TP_NB	0.05957318989471422	0.01498836390373085	0.032280156510971714	0.873313976816432	0.019844312874151164	0.873313976816432	3.0	3
DLBCL10456	0.03622846077130299	0.01614684877879831	0.04229566768778126	0.8738595428822598	0.03146947987985764	0.8738595428822598	3.0	3
DLBCL11511	0.05546339790762836	0.01727564395555799	0.02949789161120261	0.8756609137885621	0.022102152737048932	0.8756609137885621	0.0	3
DLBCL10994	0.8767640774772628	0.015262571628924127	0.030538125852614832	0.06617202627388892	0.011263198767309277	0.8767640774772628	0.0	0
DLBCL10939	0.05810316226089441	0.01418460145689677	0.025318172698020554	0.8776857418684842	0.024708321715704036	0.8776857418684842	3.0	3
DLBCL10927	0.051610841832044584	0.01584551265533991	0.03361590273747461	0.8780744061551483	0.020853336619992592	0.8780744061551483	3.0	3
DLBCL10564	0.0560675615442745	0.019200059935707968	0.026027056842341176	0.8810847750139444	0.017620546663731952	0.8810847750139444	3.0	3
DLBCL11460	0.0511643628520426	0.013280315637122946	0.03184181970186956	0.8827064848081868	0.021007017000778047	0.8827064848081868	3.0	3
DLBCL_RICOVER_314	0.050170303278217546	0.015609902535738908	0.02648105313249248	0.8829898457424453	0.024748895311105742	0.8829898457424453	4.0	3
DLBCL_RICOVER_361	0.03756629176870047	0.01809018803180547	0.036861688569709165	0.8857318925576106	0.02174993907217421	0.8857318925576106	3.0	3
DLBCL10986	0.051567546164014225	0.01580680842425669	0.02550149643382243	0.8865157711549216	0.020608377822984993	0.8865157711549216	0.0	3
DLBCL10877	0.046996057781637596	0.014361241594663095	0.0349082984979685	0.8876017389667181	0.016132663159012732	0.8876017389667181	0.0	3
DLBCL_C_D_1149_NULLPAIR	0.044663734528270244	0.01673660096332318	0.02876126112917733	0.8884510892260898	0.02138731415313938	0.8884510892260898	1.0	3
DLBCL_C_D_1159_NULLPAIR	0.05237775090436941	0.017039013928664	0.023205733706478316	0.8886349947714721	0.018742506689016104	0.8886349947714721	3.0	3
DLBCL11471	0.0522801642560204	0.01481920397783455	0.023748219616881474	0.8887570262780109	0.02039538587125264	0.8887570262780109	3.0	3
DLBCL_MAYO_DLBCL_3653	0.0479579320048177	0.012864765986380054	0.030833948954656257	0.8888446450737126	0.019498707980433315	0.8888446450737126	0.0	3
DLBCL11535	0.046378632581189294	0.013305311924577696	0.02465167883066696	0.8892938164294101	0.02637056023415594	0.8892938164294101	3.0	3
DLBCL_LS2590	0.048960574920849965	0.014308957151617159	0.02461359016698515	0.8917609349740221	0.020355942786525603	0.8917609349740221	3.0	3
DLBCL10995	0.03688765175552733	0.012836262604416736	0.029950548096221285	0.8918440372125622	0.02848150033127245	0.8918440372125622	2.0	3
DLBCL_RICOVER_701	0.03773145808515847	0.01654191680444886	0.031856725728134624	0.8929961015869041	0.020873797795353928	0.8929961015869041	3.0	3
DLBCL_RICOVER_617	0.04792586026024594	0.01767446855259403	0.024705204775645688	0.893499927602675	0.016194538808839247	0.893499927602675	3.0	3
DLBCL_MAYO_DLBCL_234	0.045401080701501624	0.014112426746626872	0.02918451811547455	0.8936914272130937	0.01761054722330323	0.8936914272130937	2.0	3
DLBCL_RICOVER_950	0.03936762553657688	0.01340794323807029	0.028006498781417616	0.9008377339055145	0.018380198538420718	0.9008377339055145	3.0	3
DLBCL_LS2357	0.04234369115762548	0.011377054699193355	0.024916493688890654	0.9008678872590845	0.020494873195206	0.9008678872590845	3.0	3
DLBCL_RICOVER_985	0.04024019542569996	0.013123223736367528	0.027884421634844597	0.9013028719766446	0.017449287226443278	0.9013028719766446	3.0	3
DLBCL11655	0.04044027461675041	0.013768428338081501	0.026957581521765642	0.9028149431713689	0.01601877235203358	0.9028149431713689	3.0	3
DLBCL11196	0.04085303036720382	0.01335202577778858	0.024654580267696704	0.904829426735036	0.016310936852274936	0.904829426735036	3.0	3
DLBCL11441	0.037041297981667796	0.013222421869734526	0.02481676086929765	0.9061935444842137	0.018725974795086264	0.9061935444842137	2.0	3
DLBCL10935	0.9278431354074957	0.01098501130896361	0.020417739425491306	0.02404600410392827	0.016708109754121105	0.9278431354074957	0.0	0
DLBCL_LS1395	0.9584425434515867	0.006637482720213715	0.006909959413442704	0.02141861896627514	0.006591395448481751	0.9584425434515867	2.0	0
