	C1	C2	C3	C4	C5	Confidence	True Cluster	Predicted Cluster
DLBCL10987	0.2880561527295262	0.1760942634524315	0.214543154688292	0.18412481518139048	0.13718161394835976	0.2880561527295262	4.0	0
DLBCL11664	0.25389576963442345	0.29131866092758224	0.06013350531992708	0.20582055380804512	0.18883151031002215	0.29131866092758224	1.0	1
DLBCL11574	0.26312625127725986	0.03172452329463154	0.2684110300755835	0.31019666906874	0.12654152628378518	0.31019666906874	2.0	3
DLBCL10903	0.2178999335535465	0.2718943116164525	0.11505880052276077	0.3137504742586442	0.08139648004859587	0.3137504742586442	1.0	3
DLBCL11479	0.11556614975981336	0.3156579138362187	0.18579151080421158	0.15902059145169697	0.22396383414805934	0.3156579138362187	1.0	1
DLBCL10989	0.043153066151260876	0.14979150203597272	0.32546908008535974	0.27357142356112135	0.2080149281662853	0.32546908008535974	1.0	2
DLBCL10917	0.1228200920914713	0.23676661746018565	0.09383184115043043	0.32778007565464323	0.2188013736432693	0.32778007565464323	1.0	3
DLBCL_LS4619	0.2368306414968777	0.04704318219905785	0.10276505172846967	0.2847941647279663	0.3285669598476285	0.3285669598476285	4.0	4
DLBCL10885	0.18873331067195656	0.32910957791515916	0.054750893559931964	0.18903552901429405	0.23837068883865833	0.32910957791515916	1.0	1
DLBCL10486	0.13574252838064071	0.1869983970091871	0.06466842055002235	0.33177039773101846	0.2808202563291314	0.33177039773101846	0.0	3
DLBCL_RICOVER_1210	0.33206293385334856	0.21928445826446322	0.058008157157312265	0.29321167580780333	0.09743277491707263	0.33206293385334856	1.0	0
DLBCL_RICOVER_1060	0.25144583172806884	0.0748293122941264	0.10790582517490459	0.2329049970911579	0.33291403371174216	0.33291403371174216	1.0	4
DLBCL_RICOVER_533	0.2827944380476588	0.27812412904636885	0.055592711290777586	0.3340518744058331	0.04943684720936158	0.3340518744058331	1.0	3
DLBCL10906	0.2600699747764815	0.1140170873752831	0.04136787652372682	0.24762159275985673	0.3369234685646518	0.3369234685646518	1.0	4
DLBCL10853	0.29416622615299465	0.13830551572776514	0.06616396526527522	0.34084796157976094	0.16051633127420406	0.34084796157976094	4.0	3
DLBCL10780	0.1619490566178793	0.11969857524320585	0.20036320858933945	0.1746183337364219	0.3433708258131535	0.3433708258131535	1.0	4
DLBCL11516	0.34865033941841994	0.15007609266641334	0.11844389748822803	0.30870863629391604	0.07412103413302272	0.34865033941841994	1.0	0
DFCIDL009_DT	0.1764693170021603	0.09937235835679147	0.3486526868182013	0.29232756836105955	0.0831780694617873	0.3486526868182013	2.0	2
DLBCL11480	0.098140824963034	0.02379367965048948	0.26143752878877885	0.26576466529294956	0.3508633013047481	0.3508633013047481	0.0	4
DLBCL11535	0.27565125510968325	0.08550787539587595	0.04498133323027313	0.35229982510471225	0.2415597111594554	0.35229982510471225	3.0	3
DLBCL_RICOVER_1287	0.059392118612237005	0.19909039645640475	0.08640000353267206	0.35398180483325054	0.3011356765654357	0.35398180483325054	4.0	3
DLBCL11188	0.1949039566759638	0.2424759249851757	0.10222965692415605	0.10537468316946545	0.35501577824523894	0.35501577824523894	1.0	4
DLBCL_RICOVER_134	0.18262071194526752	0.10487961389232467	0.04887986643235309	0.30592146438367873	0.35769834334637607	0.35769834334637607	4.0	4
DLBCL_RICOVER_449	0.2757521277666144	0.0827125851709566	0.03488068067054128	0.3589431092399049	0.24771149715198296	0.3589431092399049	4.0	3
DLBCL10502	0.05454165186288809	0.17682810219306788	0.3603129868844137	0.31609477019810756	0.09222248886152289	0.3603129868844137	1.0	2
DLBCL_RICOVER_1106	0.28414441943279284	0.3605160688726398	0.03570014720729189	0.14425480311334762	0.17538456137392788	0.3605160688726398	4.0	1
DLBCL11595	0.1856131619265483	0.07171988080741498	0.10391789161577074	0.36215140483086183	0.27659766081940396	0.36215140483086183	4.0	3
DLBCL_RICOVER_440	0.05200664937676526	0.3733360188921384	0.3098461290645771	0.17786341741896114	0.0869477852475582	0.3733360188921384	2.0	1
DLBCL_RICOVER_314	0.045289059673778775	0.16980321864100933	0.1331326398647862	0.27759082006602676	0.374184261754399	0.374184261754399	4.0	4
DLBCL_LS3245	0.26268196811137867	0.3746379019203626	0.07481779439867049	0.19302676692459084	0.09483556864499727	0.3746379019203626	1.0	1
DLBCL_C_D_1138_NULLPAIR	0.08472748794634365	0.07684173651790854	0.37655431077685125	0.29259684856060697	0.16927961619828963	0.37655431077685125	1.0	2
DLBCL11510	0.1701000885595244	0.18748750394479308	0.057149726023924596	0.2086535936167607	0.3766090878549972	0.3766090878549972	4.0	4
DLBCL11486	0.37920888136264447	0.030554390926352138	0.19911392862683647	0.2277658237005617	0.1633569753836052	0.37920888136264447	0.0	0
DLBCL_RICOVER_1165	0.031126795585052228	0.18509130881967725	0.3793834220241544	0.18613935248622965	0.21825912108488638	0.3793834220241544	1.0	2
DLBCL11661	0.24488163932567622	0.3813890222946607	0.04459673034962463	0.3002053048844063	0.02892730314563216	0.3813890222946607	1.0	1
DLBCL11673	0.24002695553377337	0.11598341521524184	0.241408086916917	0.3828411307674807	0.01974041156658696	0.3828411307674807	1.0	3
DLBCL_MC_F729_MAN	0.3830089186288122	0.24157457268285681	0.0958201254914102	0.23402201624300614	0.04557436695391469	0.3830089186288122	1.0	0
DLBCL10554	0.11927922009762192	0.05030781600266588	0.15332101247374663	0.2940296365459295	0.383062314880036	0.383062314880036	2.0	4
DLBCL11429	0.32359441358710384	0.0177632351612027	0.035540292356610534	0.2398964239422367	0.38320563495284615	0.38320563495284615	0.0	4
DLBCL_RICOVER_1190	0.38514457978908495	0.02526479353109716	0.22952525834497725	0.288390016972288	0.0716753513625527	0.38514457978908495	4.0	0
DLBCL10950	0.3303972391798047	0.04311823370883932	0.20319996130730988	0.3862228994776493	0.03706166632639674	0.3862228994776493	0.0	3
DLBCL_LS2328	0.20844117553812452	0.18004508760867818	0.38637866866327486	0.209402751099093	0.015732317090829524	0.38637866866327486	2.0	2
DLBCL10964	0.187263431639966	0.07423488423582758	0.04327788586267959	0.3864973245959269	0.30872647366559985	0.3864973245959269	4.0	3
DLBCL_LS4593	0.04950167213809602	0.11426244910431269	0.38714341822005377	0.25524709853016603	0.19384536200737143	0.38714341822005377	2.0	2
DLBCL_RICOVER_478	0.18691768360671776	0.1560389655634906	0.14451896220839058	0.38736704457581816	0.12515734404558299	0.38736704457581816	1.0	3
DLBCL10494	0.04328227160724825	0.09136746312781813	0.22724060426850215	0.38746943840251297	0.25064022259391855	0.38746943840251297	1.0	3
DLBCL_LS1683	0.19943138345865255	0.09949390933663023	0.037150849535386776	0.3890342276820103	0.27488962998732014	0.3890342276820103	1.0	3
DLBCL_RICOVER_408	0.19835694035213533	0.05789402583021943	0.3894851498644098	0.3029021684917654	0.051361715461470184	0.3894851498644098	2.0	2
DLBCL10969	0.10385679013473466	0.20029501472408	0.05516164699162603	0.39022826941267985	0.2504582787368795	0.39022826941267985	0.0	3
DLBCL11208	0.3914557465046808	0.13551834424966488	0.0584891548614041	0.3303774414036916	0.08415931298055866	0.3914557465046808	1.0	0
DLBCL11652	0.3926751180454706	0.2921535622857445	0.12248028396048077	0.16742860888631222	0.025262426821991802	0.3926751180454706	0.0	0
DLBCL10928	0.3931476377206277	0.1843448677820006	0.08185612581712529	0.2550561386079723	0.0855952300722741	0.3931476377206277	0.0	0
DLBCL10981	0.07192102549563187	0.3936219290502638	0.10941530953713423	0.3477744290644157	0.07726730685255441	0.3936219290502638	1.0	1
DLBCL10856	0.3404523548884047	0.07674228537661595	0.1329882716820043	0.3941746294151636	0.05564245863781147	0.3941746294151636	2.0	3
DLBCL11431	0.22109916123025083	0.24219063994428647	0.12052196888071358	0.3948552964519151	0.021332933492833987	0.3948552964519151	4.0	3
DLBCL10781	0.32777777347263576	0.09192197507185297	0.022833856861294802	0.16196706688881155	0.39549932770540497	0.39549932770540497	4.0	4
DLBCL10542	0.2633069055522565	0.02174630242386187	0.18369659387755488	0.13531139985912755	0.3959387982871992	0.3959387982871992	0.0	4
DLBCL_MAYO_DLBCL_3653	0.3064542134944022	0.04406656217306175	0.12324992990175931	0.129816599392932	0.39641269503784476	0.39641269503784476	0.0	4
DLBCL_C_D_1119_NULLPAIR	0.2971104729452383	0.19376364160252688	0.028806621588460944	0.39643211982191906	0.08388714404185482	0.39643211982191906	1.0	3
DLBCL10899	0.20892540611104934	0.10095956440205615	0.03247257674256215	0.3965758190888506	0.26106663365548183	0.3965758190888506	4.0	3
DLBCL11001	0.2809824949462273	0.0379979301356029	0.1575737201771513	0.3968314136062539	0.1266144411347646	0.3968314136062539	4.0	3
DLBCL_C_D_1131_NULLPAIR	0.16882342308022186	0.2450617785924406	0.11007792840376272	0.39829120242123756	0.07774566750233729	0.39829120242123756	1.0	3
DLBCL11513	0.032716522048884804	0.06063584798692384	0.23975093750066198	0.2681121710417852	0.3987845214217442	0.3987845214217442	4.0	4
DLBCL10907	0.35405335872593857	0.11592766910433022	0.05056660714375347	0.4002055914499437	0.07924677357603398	0.4002055914499437	1.0	3
DLBCL10914	0.2798265948769569	0.0360328453575681	0.40173920193530455	0.26555923117546154	0.01684212665470886	0.40173920193530455	0.0	2
DLBCL10541	0.4041010151639508	0.27948300168837964	0.062328378483647875	0.21339228164541552	0.04069532301860603	0.4041010151639508	1.0	0
DLBCL10867	0.06596353088523903	0.4043202309112106	0.055563671838433026	0.2382076356805952	0.23594493068452208	0.4043202309112106	4.0	1
DLBCL_RICOVER_1150	0.34873937567131985	0.05584586647468831	0.08993233328857274	0.4047280012994685	0.10075442326595069	0.4047280012994685	0.0	3
DLBCL10873	0.4047473383838026	0.12311152954063043	0.0810391696929736	0.33942536999129413	0.05167659239129929	0.4047473383838026	1.0	0
DLBCL_LS3749	0.036639077189663576	0.40513516650963294	0.24596059845713208	0.2588615892527004	0.05340356859087101	0.40513516650963294	1.0	1
DLBCL11672	0.40564412272302186	0.021738283731838684	0.351912746734159	0.19554610463776173	0.025158742173218555	0.40564412272302186	2.0	0
DLBCL11476	0.3480707197570146	0.07291845642778744	0.0619126728955407	0.4061569156952843	0.11094123522437292	0.4061569156952843	4.0	3
DLBCL10566	0.26538153619484084	0.1604510595813595	0.0889222800042531	0.4079194078959499	0.07732571632359675	0.4079194078959499	4.0	3
DLBCL_LS2089	0.038711762714054083	0.40868787161155584	0.11038290819560037	0.15753724317154935	0.2846802143072403	0.40868787161155584	1.0	1
DLBCL_RICOVER_1299	0.4089980638566466	0.05024311644425004	0.03781199282185438	0.27755445829670816	0.22539236858054076	0.4089980638566466	4.0	0
DLBCL10498	0.3378031258684834	0.038118330565942486	0.41027538054139684	0.19738988189511852	0.01641328112905869	0.41027538054139684	2.0	2
DLBCL10484	0.1422743547964847	0.41137633937413837	0.1988765262625963	0.17863851290390975	0.06883426666287085	0.41137633937413837	1.0	1
DLBCL_RICOVER_850	0.24973122377812224	0.06654912511611155	0.06473381438321697	0.4124842822989102	0.20650155442363918	0.4124842822989102	4.0	3
DLBCL10460	0.41452365473167285	0.14134277784329397	0.048580807735932284	0.3369778067465511	0.0585749529425498	0.41452365473167285	1.0	0
DLBCL_RICOVER_1269	0.07728710128336	0.1275777934950125	0.285288757668124	0.415752851616577	0.0940934959369267	0.415752851616577	2.0	3
DLBCL10921	0.41614477870255184	0.16372783385841266	0.022503163580519302	0.3152322427973569	0.08239198106115932	0.41614477870255184	4.0	0
DLBCL10988	0.06022346042055274	0.41889201874036464	0.0654889730974271	0.35635601761029057	0.09903953013136492	0.41889201874036464	1.0	1
DLBCL10934	0.042097521978580195	0.17201844562015017	0.09801461856447544	0.2683323452089605	0.4195370686278337	0.4195370686278337	1.0	4
DLBCL10983	0.0745859132071901	0.4223188341477191	0.05296663293030607	0.13988151154394005	0.3102471081708447	0.4223188341477191	1.0	1
DLBCL10911	0.1964061403997645	0.4227599065318446	0.02302132806049977	0.3204336994810179	0.03737892552687336	0.4227599065318446	1.0	1
DLBCL_RICOVER_174	0.19501549557676723	0.4230418636111098	0.027048432844262827	0.2895596895137165	0.06533451845414363	0.4230418636111098	1.0	1
DLBCL11439	0.42364892185139275	0.027878557940565752	0.15783849562359709	0.29867945834726356	0.09195456623718078	0.42364892185139275	2.0	0
DLBCL10947	0.08995502338158441	0.19835432757289687	0.42496191451109877	0.05285183483511822	0.2338768996993017	0.42496191451109877	1.0	2
DLBCL_C_D_1166_NULLPAIR	0.050574223208983485	0.42586036067558863	0.07864950050851527	0.08419201681483077	0.3607238987920819	0.42586036067558863	4.0	1
DLBCL_MC_F496DMP	0.18568707608100693	0.18652517720475262	0.11864598241133356	0.42640855774363495	0.08273320655927192	0.42640855774363495	1.0	3
DLBCL11353	0.04537547158851086	0.0548697420031776	0.238192904431267	0.23488153421795188	0.42668034775909264	0.42668034775909264	4.0	4
DLBCL_RICOVER_583	0.018389807329999747	0.16781819798825362	0.4294218874534728	0.09549880537048185	0.2888713018577919	0.4294218874534728	1.0	2
DLBCL10954	0.19125014444624053	0.43015568520778646	0.056740992116520575	0.09851571387740145	0.22333746435205104	0.43015568520778646	1.0	1
DLBCL11468	0.23089288175205497	0.030065664588031168	0.43399852663191285	0.20899322098509684	0.09604970604290415	0.43399852663191285	2.0	2
DLBCL_LS1065	0.13271492756129286	0.43486691138076516	0.19831568092962404	0.16373743866921037	0.0703650414591075	0.43486691138076516	1.0	1
DLBCL10555	0.18637743093521197	0.03295893092082441	0.3293510212843462	0.4354604152919617	0.015852201567655766	0.4354604152919617	2.0	3
DLBCL_LS155	0.0881735694655695	0.08199416581790453	0.4380888166544102	0.3387349851797334	0.053008462882382375	0.4380888166544102	2.0	2
DLBCL10999	0.030678921788327495	0.04506589475488143	0.16341444376555903	0.3226235065920136	0.4382172330992185	0.4382172330992185	4.0	4
DLBCL11519	0.2375034029467645	0.21500038922695267	0.07311900440344557	0.43827251498465175	0.03610468843818549	0.43827251498465175	0.0	3
DLBCL11440	0.201007813458702	0.04169061600233907	0.05492269694751425	0.26186606760569814	0.4405128059857465	0.4405128059857465	4.0	4
DLBCL_RICOVER_1235	0.1812515316975105	0.44091662946665183	0.15547631966954373	0.183292740990994	0.039062778175299843	0.44091662946665183	1.0	1
DLBCL10854	0.07154416403643633	0.03515179733601851	0.08522633598862199	0.4425895496025047	0.3654881530364185	0.4425895496025047	4.0	3
DLBCL10842	0.08371841837782974	0.0259786789830889	0.06648102431656833	0.3810737944483757	0.44274808387413733	0.44274808387413733	4.0	4
DLBCL_RICOVER_1081	0.16649638366795183	0.016540926813250503	0.05788500337262124	0.31559896613825766	0.4434787200079188	0.4434787200079188	4.0	4
DLBCL10910	0.22087767436445757	0.05926902535109036	0.4434838995805164	0.2260254235402829	0.05034397716365274	0.4434838995805164	2.0	2
DLBCL10901	0.44399773050265073	0.03378729315368483	0.033218202479967616	0.37317156492966175	0.11582520893403511	0.44399773050265073	4.0	0
DLBCL11566	0.0736199937270512	0.3294792842254016	0.44409343488449704	0.05507610236203278	0.09773118480101727	0.44409343488449704	2.0	2
DLBCL10890	0.1518595681655534	0.07894180277302067	0.06160842994778896	0.4445010886590389	0.2630891104545981	0.4445010886590389	4.0	3
DLBCL11483	0.2716248488262944	0.19056084517718871	0.021121930276643275	0.4448912851368069	0.0718010905830667	0.4448912851368069	1.0	3
DLBCL10883	0.44511173674202126	0.03556763767495719	0.09120380225918559	0.24916836032262063	0.17894846300121534	0.44511173674202126	4.0	0
DLBCL10450	0.4462620506339302	0.15900835553111303	0.02553026625911266	0.30361698581638347	0.06558234175946061	0.4462620506339302	0.0	0
DLBCL10985	0.20015283918816545	0.04175720333430073	0.2537567890187793	0.44890544731500764	0.05542772114374692	0.44890544731500764	1.0	3
DLBCL10471	0.39151396489767065	0.030768016173817674	0.07766831057021847	0.05098528561901205	0.4490644227392811	0.4490644227392811	4.0	4
DLBCL10850	0.10302956282076463	0.45112562009547014	0.07150892996054198	0.2389783343612515	0.1353575527619718	0.45112562009547014	1.0	1
DLBCL10880	0.15178143742835573	0.03955376236605943	0.27724440934819045	0.0782675416203118	0.45315284923708254	0.45315284923708254	4.0	4
DLBCL_RICOVER_467	0.040761360131495075	0.4540307499564947	0.24934648638211707	0.09911319004318542	0.1567482134867077	0.4540307499564947	1.0	1
DLBCL10857	0.2619465264041454	0.041514505518161174	0.02685816151683605	0.4543513692716762	0.21532943728918127	0.4543513692716762	4.0	3
DLBCL11449	0.07443082844134459	0.124644333031464	0.20567807483410933	0.13925613993103728	0.4559906237620448	0.4559906237620448	1.0	4
DLBCL10454	0.11673406094420599	0.036221535485466125	0.13314441595404786	0.45681436950276516	0.2570856181135149	0.45681436950276516	4.0	3
DLBCL10894	0.3812316333285036	0.4568353313669621	0.020329517482478583	0.10893192926440676	0.03267158855764895	0.4568353313669621	1.0	1
DLBCL_LS4592	0.03965310248940814	0.027582268501212315	0.19344102784295777	0.4569727694211894	0.2823508317452324	0.4569727694211894	2.0	3
DLBCL_MC_F519_ALT	0.12364740249810566	0.22191774767376266	0.02550094399293973	0.16955109599074308	0.4593828098444489	0.4593828098444489	4.0	4
DLBCL10480	0.4594625705931147	0.18483396824563747	0.018409164763930376	0.27902258022193316	0.05827171617538428	0.4594625705931147	1.0	0
DLBCL10974	0.21155231231673385	0.05075648305277018	0.02273249203564265	0.46164695549415197	0.2533117571007015	0.46164695549415197	3.0	3
DLBCL_LS843	0.0337178623217528	0.024675580027126852	0.4622438034094132	0.12359920589208973	0.35576354834961743	0.4622438034094132	2.0	2
DLBCL10548	0.30226030673968174	0.08486050047497946	0.02352320041198049	0.4636542177296099	0.12570177464374846	0.4636542177296099	0.0	3
DLBCL11526	0.46884049938729894	0.08127434794088645	0.30516623915082675	0.07490164453348551	0.06981726898750229	0.46884049938729894	2.0	0
DLBCL11581	0.1474629876876882	0.037896465973216	0.09783318547994259	0.4691429582712933	0.24766440258785982	0.4691429582712933	4.0	3
DLBCL11469	0.47069718428170626	0.049796294770082676	0.05151831417292705	0.355824385946035	0.07216382082924895	0.47069718428170626	2.0	0
DLBCL_MC_F349_BJJ	0.058840644501789025	0.037674285746207764	0.40094735069981224	0.47241371527344667	0.030124003778744222	0.47241371527344667	2.0	3
DLBCL11488	0.47362492710668974	0.02546000813800971	0.038260689550203175	0.27024364157991404	0.1924107336251833	0.47362492710668974	0.0	0
DLBCL10851	0.10494630928473248	0.11304950570575274	0.06712835072409	0.23968258858831593	0.47519324569710886	0.47519324569710886	1.0	4
DLBCL11206	0.12209356360356562	0.17938175210882593	0.1558946350213073	0.47618737024281677	0.06644267902348444	0.47618737024281677	4.0	3
DLBCL10995	0.47719261296050436	0.026002992175465787	0.08416244821764361	0.35909989305626283	0.05354205359012334	0.47719261296050436	2.0	0
DLBCL11678	0.47732504004712956	0.02174957206526155	0.22828761978473935	0.24225903848659577	0.03037872961627378	0.47732504004712956	3.0	0
DLBCL10521	0.32646679840486387	0.10909066662675207	0.03396234289286864	0.052727368379822004	0.4777528236956935	0.4777528236956935	4.0	4
DLBCL_RICOVER_451	0.3331053369962198	0.03104825260267579	0.08211167720121018	0.4778554299173906	0.07587930328250353	0.4778554299173906	0.0	3
DLBCL11472	0.4783895175040246	0.02072525126521895	0.04870014224846163	0.368939634793847	0.08324545418844786	0.4783895175040246	0.0	0
DLBCL_RICOVER_712	0.06494448942442649	0.26478418845216006	0.046784205126786355	0.1450736773580961	0.47841343963853095	0.47841343963853095	4.0	4
DLBCL10961	0.04394254712577642	0.173038672147449	0.08129973513626142	0.22163415849331417	0.48008488709719904	0.48008488709719904	4.0	4
DLBCL11437	0.480183898527497	0.014408967642105763	0.11047182164400708	0.30154004060754847	0.0933952715788418	0.480183898527497	3.0	0
DLBCL10959	0.2318385812701726	0.020513678192751447	0.03348035017969209	0.4830555495963632	0.23111184076102068	0.4830555495963632	0.0	3
DLBCL11482	0.40984988357657093	0.026221574704691424	0.03208006075748835	0.48365784439382836	0.0481906365674209	0.48365784439382836	0.0	3
DLBCL_RICOVER_496	0.3118597903693623	0.0948666588612629	0.0421497492631063	0.4844285929321087	0.06669520857415975	0.4844285929321087	1.0	3
DLBCL_DFCI_DLBCL_GOE07	0.2731184614335833	0.13717582635686543	0.06403696928006841	0.4846578277211799	0.04101091520830298	0.4846578277211799	1.0	3
DLBCL11651	0.0799294082252329	0.047899947517522426	0.356940712467779	0.48480315451170886	0.030426777277756858	0.48480315451170886	2.0	3
DLBCL_RICOVER_299	0.1166248260086432	0.4867115974381655	0.3045090101161067	0.07033484688870399	0.021819719548380512	0.4867115974381655	1.0	1
DLBC_FF_8042_TP_NB	0.2205901301080576	0.1599311193311359	0.049099828148215216	0.48806094663877486	0.0823179757738164	0.48806094663877486	4.0	3
DLBCL_RICOVER_678	0.08759852128414987	0.32965531444237556	0.023139404302987297	0.07128241367711134	0.4883243462933759	0.4883243462933759	1.0	4
DFCIDL004_DT	0.07663009415875084	0.0748958299316629	0.09404709210836211	0.48848525334683074	0.26594173045439345	0.48848525334683074	4.0	3
DLBCL_C_D_1105_NULLPAIR	0.4893160403091278	0.1666139369863153	0.03246633552738639	0.20435153533759626	0.1072521518395743	0.4893160403091278	1.0	0
DLBCL_RICOVER_1046	0.08944574124509883	0.4912122536415044	0.1459165179601505	0.1302494228284324	0.14317606432481392	0.4912122536415044	1.0	1
DLBCL11590	0.3337935297048601	0.02663438780983467	0.06667738257293084	0.4916158863979235	0.08127881351445093	0.4916158863979235	2.0	3
DLBCL11662	0.4923003460144302	0.019503751602124454	0.05106943433010594	0.3726386339343426	0.06448783411899678	0.4923003460144302	0.0	0
DLBCL10895	0.09402224045097843	0.11027515722804364	0.4933726952563347	0.1518248626245838	0.1505050444400594	0.4933726952563347	4.0	2
DLBCL_LS762	0.4935062751505574	0.08989486706743541	0.23566383493812532	0.1300989766098176	0.05083604623406433	0.4935062751505574	2.0	0
DLBCL11498	0.4936037480939452	0.24753877101167535	0.06453536877409771	0.1414752747491002	0.05284683737118149	0.4936037480939452	1.0	0
DLBCL10876	0.09533083593214733	0.05759347614517682	0.04018429647276429	0.49453960325608426	0.3123517881938273	0.49453960325608426	4.0	3
DLBCL10951	0.11625923490702704	0.08222088094260073	0.06725555207641333	0.23937918350048915	0.4948851485734696	0.4948851485734696	4.0	4
DLBCL_RICOVER_1219	0.03363047755156709	0.04758760009141088	0.06299768514527425	0.35952560686369484	0.4962586303480529	0.4962586303480529	4.0	4
DLBCL_C_D_1106_NULLPAIR	0.2512360140620802	0.49930605380581566	0.038241853808827025	0.1626175753347391	0.04859850298853807	0.49930605380581566	1.0	1
DLBCL10835	0.09496522411323818	0.13140214500667166	0.03938647508971326	0.49954834845308305	0.23469780733729395	0.49954834845308305	4.0	3
DLBCL10889	0.054727796874667146	0.03317846479805864	0.052296047038865284	0.4996527886868672	0.3601449026015417	0.4996527886868672	4.0	3
DLBCL10492	0.2093274830819086	0.024744534310200107	0.023566951304464612	0.2418012704210119	0.5005597608824148	0.5005597608824148	0.0	4
DLBCL10874	0.25688218515182293	0.06816762644553868	0.03525203049637741	0.5020577768069131	0.13764038109934784	0.5020577768069131	1.0	3
DLBCL11446	0.2778114011527428	0.04433302420278176	0.11993083809134701	0.5020936049942963	0.05583113155883223	0.5020936049942963	1.0	3
DLBCL_LS2325	0.5049708420277759	0.17406793026575196	0.11647613446211202	0.18038073676048452	0.024104356483875673	0.5049708420277759	2.0	0
DLBCL11565	0.04037018128606607	0.5062955640637945	0.04846822772464948	0.28158175384925044	0.12328427307623961	0.5062955640637945	1.0	1
DLBCL10565	0.16040748977387126	0.020018429880062766	0.26520769678414513	0.5064687600558178	0.047897623506103104	0.5064687600558178	3.0	3
DLBCL_RICOVER_417	0.037693826735148706	0.10483391783949321	0.08536760562651702	0.5075843624504146	0.2645202873484264	0.5075843624504146	4.0	3
DLBCL_RICOVER_1289	0.07013973399423583	0.022152768063201454	0.04766600738788876	0.3521446531915733	0.5078968373631008	0.5078968373631008	4.0	4
DLBCL_C_D_1156_NULLPAIR	0.5087641840423546	0.05109711054193849	0.02591318741773455	0.39411362792910953	0.02011189006886274	0.5087641840423546	0.0	0
DLBCL11533	0.5088591785252343	0.0716912864811248	0.041348704681153904	0.34918598104430476	0.028914849268182212	0.5088591785252343	1.0	0
DLBCL11470	0.5102202936187717	0.02752753054134085	0.0768944421092858	0.3653541881535852	0.02000354557701644	0.5102202936187717	0.0	0
DLBCL11676	0.37542853694555045	0.02904764488616748	0.047972531254340096	0.5104848997184906	0.03706638719545131	0.5104848997184906	0.0	3
DLBCL11507	0.21598344262428285	0.5115087861039089	0.08197035408657968	0.11524106926507074	0.07529634792015778	0.5115087861039089	1.0	1
DLBCL11430	0.5121532823356347	0.01669589115963308	0.13669136021046654	0.30901480793802744	0.02544465835623826	0.5121532823356347	0.0	0
DLBCL_LS1098	0.09048974289719205	0.030937931035112706	0.514115830195061	0.3269620930305516	0.03749440284208255	0.514115830195061	2.0	2
DLBCL11450	0.15045564721583424	0.11220258338712509	0.027897529522043593	0.515336983088185	0.19410725678681215	0.515336983088185	4.0	3
DLBCL10966	0.5155690905176659	0.0484725444329275	0.053347524476107015	0.36444331943554187	0.01816752113775772	0.5155690905176659	0.0	0
DLBCL_C_D_1117_NULLPAIR	0.15672148362106209	0.10381589565172453	0.20376987888831904	0.5161142275532068	0.01957851428568753	0.5161142275532068	1.0	3
DLBCL_LS3204	0.2739297147904134	0.12177204761645503	0.029513227464908896	0.5162773334257227	0.05850767670249994	0.5162773334257227	1.0	3
DLBCL10515	0.5164589098412943	0.053515656389506984	0.03430589909781972	0.30386537008818515	0.09185416458319394	0.5164589098412943	0.0	0
DLBCL_C_D_1130_NULLPAIR	0.23404700336096873	0.027270629330516397	0.04896635818550478	0.5167604049061415	0.17295560421686862	0.5167604049061415	0.0	3
DLBCL10975	0.517897501818636	0.02480712983124859	0.021732922971484773	0.39016471136456493	0.0453977340140657	0.517897501818636	0.0	0
DLBCL10984	0.03936021108633437	0.15276708231192165	0.09130810978418231	0.19727102632087515	0.5192935704966866	0.5192935704966866	4.0	4
DLBCL_RICOVER_1283	0.06499558616558368	0.03747274001404937	0.33568559003784515	0.5198441021737216	0.042001981608800254	0.5198441021737216	2.0	3
DLBCL10847	0.1860677439756698	0.5229850897405808	0.08794343033863121	0.09629562641040061	0.1067081095347176	0.5229850897405808	4.0	1
DLBCL_LS3200	0.05086452278887254	0.1380165920373997	0.16654875853830048	0.12089170026873133	0.523678426366696	0.523678426366696	4.0	4
DLBCL10898	0.523917414165056	0.0769276748507932	0.0292751855575345	0.26943889845434554	0.10044082697227076	0.523917414165056	4.0	0
DLBCL_RICOVER_1329	0.1376648510405592	0.04640208270689108	0.04109962597842049	0.25022054757394463	0.5246128927001846	0.5246128927001846	4.0	4
DLBCL_LS2367	0.26874102458272864	0.07702991946382387	0.05333180747625015	0.5249184771470478	0.07597877133014953	0.5249184771470478	0.0	3
DLBCL_C_D_1114_NULLPAIR	0.526992349360571	0.015042299857486258	0.07348342787528103	0.35724160581829445	0.027240317088367154	0.526992349360571	0.0	0
DLBCL11657	0.05635918933262175	0.02897623303316696	0.527053284576789	0.3238554623220462	0.06375583073537604	0.527053284576789	3.0	2
DLBCL_RICOVER_866	0.06665236594816609	0.038776152320990555	0.5272787460221801	0.3457009926151051	0.021591743093558238	0.5272787460221801	2.0	2
DLBCL11683	0.5285388259465679	0.019890580330131736	0.06653475524544279	0.3549939278163938	0.030041910661463903	0.5285388259465679	2.0	0
DLBCL11461	0.5286439730462444	0.028391573194856006	0.03920647149226836	0.3826197238813432	0.021138258385288083	0.5286439730462444	0.0	0
DLBCL11202	0.5314390530030031	0.0588040797321177	0.2324618890636223	0.14819795843780897	0.029097019763447925	0.5314390530030031	0.0	0
DLBCL11455	0.13335706487283688	0.07419069999797892	0.19742622405581917	0.5321193955407386	0.0629066155326264	0.5321193955407386	2.0	3
DLBCL_RICOVER_787	0.5322115190593811	0.08788902384452113	0.04014450492951246	0.2681345973612677	0.07162035480531753	0.5322115190593811	1.0	0
DLBCL11675	0.05407881397335764	0.015482261792296637	0.32627600269303636	0.5327138697961825	0.07144905174512682	0.5327138697961825	2.0	3
DLBCL_C_D_1153_NULLPAIR	0.23407244367049612	0.0955297721568276	0.03367385114461678	0.5358012702875595	0.10092266274049999	0.5358012702875595	3.0	3
DLBCL10945	0.5359995729891468	0.05006978613751195	0.054486092711619055	0.27186783127367	0.0875767168880522	0.5359995729891468	0.0	0
DLBCL10902	0.055018989545369955	0.045184207742258536	0.05261732225529848	0.3111096856174657	0.5360697948396073	0.5360697948396073	4.0	4
DLBCL_RICOVER_945	0.5370950461482634	0.20763185655556174	0.01751359759282361	0.18084192423256826	0.05691757547078296	0.5370950461482634	0.0	0
DLBCL_RICOVER_338	0.5389142336867849	0.026649893205012397	0.03936797601344836	0.3728567840678486	0.022211113026905774	0.5389142336867849	0.0	0
DLBCL10918	0.5407941946110597	0.024881516307832707	0.11819741516262253	0.2443045120206681	0.07182236189781696	0.5407941946110597	0.0	0
DLBCL11509	0.5417760808226451	0.054038101028137955	0.025275627695302283	0.3500673229573944	0.02884286749652032	0.5417760808226451	0.0	0
DLBCL_RICOVER_258	0.5419990526330447	0.054052060365303994	0.02048129899661832	0.32105619881468517	0.062411389190347825	0.5419990526330447	2.0	0
DLBCL11677	0.3521909864472756	0.018815277704379726	0.05147837009777906	0.5428911248921608	0.03462424085840485	0.5428911248921608	0.0	3
DLBCL10451	0.14521859675570284	0.024029127530561172	0.5431417993643434	0.26425548199479176	0.023354994354600866	0.5431417993643434	0.0	2
DLBCL10833	0.5464048820106635	0.050657727189137094	0.029511075426521313	0.11358851703445826	0.2598377983392198	0.5464048820106635	4.0	0
DLBCL10838	0.05864877277652625	0.039029710467048916	0.23408112546274376	0.11999011171433238	0.5482502795793487	0.5482502795793487	4.0	4
DLBCL10458	0.5553718290097435	0.030899686630814372	0.06756660058272479	0.31734839688593264	0.028813486890784706	0.5553718290097435	0.0	0
DLBCL10877	0.5563463561056541	0.010488866282713817	0.11962763658659177	0.2548178953984791	0.05871924562656131	0.5563463561056541	0.0	0
DLBCL11484	0.07539094668874546	0.23099934998384347	0.060061116888812535	0.55644621679669	0.07710236964190854	0.55644621679669	1.0	3
DLBCL10962	0.5570185838532752	0.06883683914139381	0.027902299464068074	0.3014429353346008	0.04479934220666214	0.5570185838532752	1.0	0
DLBCL11477	0.19980400916468544	0.016151968510107726	0.06655784512507891	0.5570890982357475	0.1603970789643805	0.5570890982357475	0.0	3
DLBCL_MC_F218_RAP	0.5573553100289124	0.023167767230488162	0.029849706286951876	0.3655098794603738	0.02411733699327375	0.5573553100289124	3.0	0
DLBCL10919	0.32845474986686046	0.016616118750268034	0.0651521389140697	0.5577153372772324	0.032061655191569324	0.5577153372772324	3.0	3
DLBCL_DFCI_DLBCL_GOE16	0.04179865158737801	0.023393704579398163	0.34524056344069853	0.5589901439335591	0.030576936458966194	0.5589901439335591	2.0	3
DLBCL11591	0.14737663797847816	0.16896222528664473	0.09001132971519125	0.560760639179505	0.03288916784018069	0.560760639179505	1.0	3
DLBCL11478	0.15085902546781704	0.038842691185805786	0.2055139712062327	0.5612881284332392	0.043496183706905354	0.5612881284332392	0.0	3
DLBCL_RICOVER_744	0.1716983987211947	0.016253429450245726	0.5618340342732376	0.1725639017723416	0.07765023578298037	0.5618340342732376	2.0	2
DLBCL10510	0.562577182994891	0.12305484470217913	0.01930450250822698	0.18841291373881086	0.10665055605589197	0.562577182994891	1.0	0
DLBCL_RICOVER_1045	0.5626896512968167	0.06737304649855201	0.05789845958566102	0.2690018679779694	0.04303697464100089	0.5626896512968167	3.0	0
DLBCL10875	0.5628665283632146	0.03135650531715686	0.022849366134761618	0.3490129748575432	0.033914625327323825	0.5628665283632146	0.0	0
DLBCL11432	0.226260313286728	0.01446089901926449	0.07728271886062797	0.5635033695949087	0.11849269923847087	0.5635033695949087	0.0	3
DLBCL10972	0.21124233356562305	0.11624527634561871	0.036117276013625604	0.5652850896493332	0.07111002442579949	0.5652850896493332	0.0	3
DLBCL11536	0.1711591770819657	0.07687604252078103	0.03702061261046912	0.5654581119978663	0.1494860557889178	0.5654581119978663	3.0	3
DLBCL_RICOVER_1204	0.1437597143810641	0.03210397674277741	0.1793899529655903	0.5695732167167311	0.07517313919383699	0.5695732167167311	3.0	3
DLBCL_LS2245	0.14252530506107258	0.05993060237912807	0.15628720455287295	0.5740290703055285	0.0672278177013979	0.5740290703055285	1.0	3
DLBCL_RICOVER_773	0.243154989017178	0.06640816598209137	0.03886123529449974	0.5751719358854398	0.07640367382079097	0.5751719358854398	4.0	3
DLBCL10552	0.5755511054229031	0.0852551145247491	0.0772784744773178	0.24514793271040353	0.01676737286462649	0.5755511054229031	3.0	0
DLBCL11569	0.022831441796678256	0.041976832444364225	0.5776734277220746	0.29166280914780973	0.06585548888907318	0.5776734277220746	2.0	2
DLBCL10466	0.07539036639609645	0.03819089192408881	0.25204515456525073	0.578931126683322	0.055442460431241944	0.578931126683322	2.0	3
DLBCL11525	0.5849542538487968	0.05803852698568306	0.12062829292982784	0.2015357973284334	0.034843128907258866	0.5849542538487968	2.0	0
DLBCL_C_D_1126_NULLPAIR	0.15616695520673732	0.0902586872430139	0.03360593094685578	0.5860222210968559	0.1339462055065371	0.5860222210968559	1.0	3
DLBCL10549	0.09731709255658959	0.5910973130330185	0.1819615093476507	0.09685428968638778	0.0327697953763535	0.5910973130330185	1.0	1
DLBCL_RICOVER_288	0.2711840745166108	0.5913289142184927	0.018530710402892735	0.09448054331442335	0.024475757547580402	0.5913289142184927	1.0	1
DLBC_FF_A7CR_TP_NB	0.11571370824012374	0.03636803402984113	0.1424291834272214	0.11405652167958383	0.5914325526232299	0.5914325526232299	4.0	4
DLBCL_RICOVER_910	0.5919979844961041	0.035472873128623836	0.04695305331919087	0.3067653861058294	0.01881070295025186	0.5919979844961041	0.0	0
DLBCL_MC_F739_AMA3	0.04899248478815647	0.15751237318222583	0.15649556812187032	0.5923203393681923	0.04467923453955513	0.5923203393681923	1.0	3
DLBCL11528	0.130601543565673	0.11891645886945229	0.1255944670686393	0.5923613740666598	0.032526156429575646	0.5923613740666598	2.0	3
DLBCL11504	0.10240607581080023	0.02703941598327128	0.026907604426997873	0.2503940220040193	0.5932528817749113	0.5932528817749113	4.0	4
DLBCL10859	0.07038809932469063	0.19370490483657235	0.03618608178784479	0.10638664460235062	0.5933342694485416	0.5933342694485416	1.0	4
DLBCL10970	0.5933466238775646	0.04620034170157427	0.017670151972761745	0.2742138200169031	0.06856906243119623	0.5933466238775646	3.0	0
DLBCL11541	0.11697491780976012	0.037246046041122506	0.16988620915063096	0.5939942275734869	0.08189859942499948	0.5939942275734869	2.0	3
DLBCL11204	0.21912925614638148	0.08092402001817779	0.04597522163449165	0.5979410768187989	0.05603042538215004	0.5979410768187989	1.0	3
DLBCL_RICOVER_1263	0.5981322515568821	0.0605405194867508	0.13121353121656737	0.18703033559719326	0.023083362142606454	0.5981322515568821	2.0	0
DLBCL11685	0.08453603490522694	0.03533748883648442	0.21031139900874624	0.5981356020660925	0.07167947518344989	0.5981356020660925	2.0	3
DLBCL_LS1921	0.1537484239495542	0.12439367561734667	0.08013285840661785	0.598234270838839	0.04349077118764233	0.598234270838839	1.0	3
DLBCL10509	0.6002828583093327	0.056376685053103726	0.02074334280909443	0.2785208910388937	0.04407622278957539	0.6002828583093327	0.0	0
DLBCL_LS2599	0.1990859313965203	0.08177862180013297	0.09002838152757732	0.6004002070668808	0.02870685820888852	0.6004002070668808	2.0	3
DLBCL_LS2154	0.1237507987722353	0.19876018337500803	0.0491410709855261	0.6033289346033045	0.025019012263926034	0.6033289346033045	0.0	3
DLBCL_C_D_1112_NULLPAIR	0.2098657692558555	0.05339185943394893	0.05843379904862768	0.6034287942567099	0.07487977800485804	0.6034287942567099	2.0	3
DLBCL11534	0.11017575068056099	0.16118430789062324	0.061343422300993586	0.6037411875557583	0.06355533157206385	0.6037411875557583	2.0	3
DLBCL10900	0.04906980314711227	0.038535248303451494	0.06241984774958752	0.2459684227638284	0.6040066780360203	0.6040066780360203	4.0	4
DLBCL_RICOVER_401	0.1101521236006134	0.10634074803812721	0.6081081272169062	0.16389427551590707	0.01150472562844611	0.6081081272169062	1.0	2
DLBCL_RICOVER_780	0.0519260461333413	0.610562458982183	0.18431393520470596	0.08729004934825718	0.06590751033151256	0.610562458982183	1.0	1
DLBCL11004	0.04571262831829316	0.045742831590012786	0.04882193717184319	0.24865826564206095	0.6110643372777899	0.6110643372777899	4.0	4
DLBCL11500	0.07788705553822659	0.0872685104297349	0.056002388634732614	0.1625094176266011	0.6163326277707049	0.6163326277707049	4.0	4
DLBCL_C_D_1144_NULLPAIR	0.20299454462751743	0.06603104879409072	0.016987018267254426	0.0971912732201574	0.61679611509098	0.61679611509098	4.0	4
DLBCL10482	0.6183734177665039	0.030854422497054772	0.048151072631377814	0.23946091837442407	0.06316016873063948	0.6183734177665039	0.0	0
DLBCL10955	0.2007839903361209	0.055356231483203094	0.028228925780738344	0.6183768812178142	0.09725397118212353	0.6183768812178142	3.0	3
DLBCL_RICOVER_151	0.09930679792274241	0.1121698273455547	0.07212320724615286	0.618789320704323	0.0976108467812271	0.618789320704323	3.0	3
DLBCL_MC_F307_JPS	0.1637324551687623	0.046364696040956714	0.055605775367131786	0.6188255974673967	0.11547147595575245	0.6188255974673967	0.0	3
DLBCL10968	0.2759106153620846	0.027636475817669415	0.03018700432949422	0.6201180836330813	0.04614782085767045	0.6201180836330813	0.0	3
DLBCL_C_D_1152_NULLPAIR	0.09424666808418647	0.6204335175888792	0.05184921870629789	0.21132250726045856	0.02214808836017794	0.6204335175888792	1.0	1
DLBCL10843	0.18657460369733997	0.02755570882464901	0.12611117851439693	0.6205521508532934	0.03920635811032068	0.6205521508532934	0.0	3
DLBCL_RICOVER_335	0.17287763119205185	0.1431180888027593	0.030764488848058845	0.6213292362415624	0.03191055491556759	0.6213292362415624	1.0	3
DLBCL_LS146	0.03563074637037285	0.1739720259621583	0.08112283148964114	0.08735453125955492	0.6219198649182728	0.6219198649182728	1.0	4
DLBCL11518	0.2196427323632688	0.06941287889341742	0.048584203572568214	0.6226750252517623	0.03968515991898314	0.6226750252517623	2.0	3
DLBCL10897	0.6235908301181646	0.05023271746370146	0.02124727049592724	0.1615356439974514	0.14339353792475532	0.6235908301181646	0.0	0
DLBCL10912	0.3043002321589187	0.024811520264309793	0.023892914197993373	0.6237130792059521	0.02328225417282599	0.6237130792059521	0.0	3
DLBCL_MC_F210_GWC	0.15864915746298194	0.14526872130692411	0.026793373549914692	0.6244438730196762	0.04484487466050303	0.6244438730196762	1.0	3
DLBCL_MC_F606_DMJ	0.08707789062917264	0.03396810859613409	0.2075741442346867	0.6244939778866795	0.046885878653327134	0.6244939778866795	2.0	3
DLBCL11346	0.049362819455107364	0.08372142350832468	0.06674410856035112	0.625008436335874	0.17516321214034292	0.625008436335874	1.0	3
DLBCL10453	0.06598433403059252	0.05924333277233979	0.07809025511707128	0.6263621524447762	0.1703199256352202	0.6263621524447762	1.0	3
DLBCL10834	0.17697090703539023	0.6314641320637022	0.058065258432227984	0.09827627120173156	0.03522343126694795	0.6314641320637022	1.0	1
DLBCL_MC_F064AB	0.6321565772054958	0.032803791464545325	0.07888481984045768	0.23321057512715754	0.022944236362343693	0.6321565772054958	2.0	0
DLBCL_RICOVER_469	0.1262614815572644	0.01982023540533962	0.6325838888119542	0.20144145721029147	0.01989293701515035	0.6325838888119542	2.0	2
DLBC_FF_8043_TP_NB	0.1590075810542814	0.6327843259995052	0.08091163271695015	0.09957148745384364	0.027724972775419646	0.6327843259995052	1.0	1
DLBCL_C_D_1115_NULLPAIR	0.6342526848051661	0.06016477029025292	0.016730228186973707	0.24124289778140348	0.047609418936203816	0.6342526848051661	3.0	0
DLBCL10924	0.07045567176802299	0.01794243263217667	0.029740285748292287	0.24716835918558533	0.6346932506659227	0.6346932506659227	4.0	4
DLBCL10922	0.0628762318614986	0.6353105086553772	0.05943384766771649	0.10676976964075448	0.13560964217465324	0.6353105086553772	1.0	1
DLBCL10845	0.051455392166095085	0.6365688421676459	0.04521797613910399	0.11202938113687931	0.1547284083902757	0.6365688421676459	1.0	1
DLBCL_MC_F089_HCZ	0.040730723589621626	0.6380827716340373	0.05177694170778605	0.18234812071248632	0.08706144235606876	0.6380827716340373	1.0	1
DLBCL11467	0.2348885608888243	0.02974665127734494	0.037941138725374246	0.6383763546059171	0.05904729450253943	0.6383763546059171	3.0	3
DLBCL_RICOVER_522	0.6391611294754806	0.03608862994286735	0.0500235457888265	0.2557836594979014	0.018943035294924176	0.6391611294754806	2.0	0
DLBCL10927	0.25313656396969264	0.020066790350089996	0.06344982533689655	0.6393146898648278	0.024032130478492994	0.6393146898648278	3.0	3
DLBCL_LS4616	0.028407162392492875	0.2094027706090626	0.6394638967951711	0.08719117666624279	0.03553499353703062	0.6394638967951711	2.0	2
DLBCL10461	0.05344737136639637	0.6431325232341152	0.1038461691846884	0.1195875968237913	0.07998633939100877	0.6431325232341152	1.0	1
DLBC_FF_A7CX_TP_NB	0.13206731872557007	0.04071409303010332	0.029554005114950536	0.6438499783064645	0.1538146048229116	0.6438499783064645	4.0	3
DLBC_FF_A7CW_TP_NB	0.07460131160473076	0.07076876026092743	0.14462172792772246	0.6448977808799676	0.06511041932665175	0.6448977808799676	4.0	3
DLBCL11433	0.07307477277175009	0.014374758403779943	0.06474349220447705	0.645066146023093	0.20274083059689996	0.645066146023093	3.0	3
DLBCL10846	0.6455577956755072	0.027735247814418714	0.03846090030411479	0.21779581672814768	0.07045023947781161	0.6455577956755072	1.0	0
DLBCL_RICOVER_577	0.6516822766824527	0.03008942577813972	0.09865758577032153	0.14000547076056835	0.0795652410085177	0.6516822766824527	2.0	0
DLBCL10523	0.08328918983680882	0.03769005027800987	0.16910278432004006	0.6520988185612687	0.05781915700387258	0.6520988185612687	2.0	3
DLBCL10865	0.15787438075309074	0.0656527921364095	0.05813188431635802	0.06498944433075099	0.6533514984633907	0.6533514984633907	4.0	4
DLBCL10836	0.05154591670098547	0.021110720120882838	0.04613352226796974	0.22760041824912455	0.6536094226610374	0.6536094226610374	4.0	4
DLBCL11520	0.6568132995020804	0.02472324943710735	0.019296530329932855	0.24514817185522503	0.05401874887565431	0.6568132995020804	0.0	0
DLBCL11481	0.25929495946027353	0.021825596901714265	0.04103185899541583	0.6568566375010287	0.020990947141567667	0.6568566375010287	0.0	3
DLBCL11539	0.18559356738899185	0.04137019848767049	0.0975064971896339	0.6572847068970966	0.018245030036607098	0.6572847068970966	0.0	3
DLBCL_RICOVER_506	0.14301088874328452	0.06581867635158231	0.05988812667381274	0.6591519600392198	0.07213034819210064	0.6591519600392198	4.0	3
DLBCL_C_D_1133_NULLPAIR	0.03428994534522853	0.1482124289975047	0.6599903057014469	0.11208902431436653	0.045418295641453325	0.6599903057014469	2.0	2
DLBCL_RICOVER_111	0.0884490784113987	0.030783602622333702	0.05025783118847444	0.16958126913309007	0.6609282186447031	0.6609282186447031	4.0	4
DLBCL_LS1304	0.07243284399011944	0.019135665856819608	0.07235222443097174	0.6609784601197658	0.17510080560232336	0.6609784601197658	2.0	3
DLBCL10483	0.04600877580003999	0.6622672680046968	0.17274895657339734	0.05126087247965314	0.06771412714221269	0.6622672680046968	1.0	1
DLBCL10916	0.03626468065003246	0.07368424283984107	0.1388072113828544	0.6627034282854665	0.08854043684180563	0.6627034282854665	4.0	3
DLBCL11003	0.6660014076062524	0.11496350202307982	0.012630902701309975	0.15182678311953277	0.05457740454982508	0.6660014076062524	1.0	0
DLBCL10503	0.20675320632115934	0.02889919435171093	0.07310207369648054	0.6665878222256392	0.02465770340501002	0.6665878222256392	1.0	3
DLBCL10879	0.09473980497578444	0.03603393191451721	0.6671840136400009	0.14754901661163913	0.054493232858058335	0.6671840136400009	2.0	2
DLBCL11242	0.6672475509544039	0.033998617385267306	0.02132360845531219	0.17450773974063752	0.10292248346437903	0.6672475509544039	4.0	0
DLBCL_RICOVER_977	0.6694355909491417	0.020950294397278475	0.022632073867942016	0.241725140527577	0.04525690025806077	0.6694355909491417	0.0	0
DLBCL_RICOVER_948	0.09922717757706438	0.670122792304967	0.08813717391384368	0.1170867760084965	0.025426080195628482	0.670122792304967	1.0	1
DLBCL11558	0.06105050536108275	0.13927983439998992	0.6701938759076416	0.11435815879913881	0.015117625532146914	0.6701938759076416	2.0	2
DLBCL11434	0.6706175932415162	0.026455343526437212	0.030844364654893333	0.24505479224971374	0.027027906327439594	0.6706175932415162	0.0	0
DLBCL_RICOVER_1192	0.14239403524901362	0.029842953259205673	0.02460863232235231	0.13066482373876015	0.6724895554306682	0.6724895554306682	4.0	4
DLBCL11669	0.05014839225175942	0.02745776668909735	0.20364044806709822	0.6753755042111286	0.0433778887809164	0.6753755042111286	2.0	3
DLBCL_MC_F815_BAT	0.675655987735214	0.020728011194153628	0.09518621629516288	0.18489051652180136	0.023539268253668272	0.675655987735214	2.0	0
DLBCL11195	0.040673204358187005	0.048000627018985595	0.043956453287696005	0.1912447124223427	0.6761250029127887	0.6761250029127887	4.0	4
DLBCL11473	0.1808411910820182	0.04566872052383227	0.04801315684432077	0.6764014302590373	0.04907550129079141	0.6764014302590373	0.0	3
DLBCL_C_D_1118_NULLPAIR	0.6766783127260311	0.10770598212883904	0.026435585303555106	0.15924066797750833	0.029939451864066387	0.6766783127260311	1.0	0
DFCIDL003_DT	0.06413562948517668	0.6773209268155734	0.17180357581469932	0.048719708033907246	0.03802015985064333	0.6773209268155734	1.0	1
DLBCL_C_D_1129_NULLPAIR	0.6779550458233861	0.0193359009585788	0.054875600318388486	0.20648400875087577	0.04134944414877084	0.6779550458233861	0.0	0
DLBCL10464	0.6856719488612499	0.02415607585317805	0.19534777976776352	0.06517675350735241	0.02964744201045608	0.6856719488612499	2.0	0
DLBCL10849	0.0423112035582301	0.05682308298225416	0.10215958126848448	0.687330199694027	0.11137593249700431	0.687330199694027	1.0	3
DLBCL_C_D_1159_NULLPAIR	0.19474469685989543	0.029236322435380716	0.041891649124526274	0.6889003506203606	0.04522698095983693	0.6889003506203606	3.0	3
DLBCL11523	0.09415019903493489	0.024757054939896408	0.033822552947800025	0.6894015961209365	0.15786859695643213	0.6894015961209365	0.0	3
DLBCL10844	0.13742397925013225	0.02984003315096994	0.05612822016884983	0.6904668675248767	0.08614089990517121	0.6904668675248767	0.0	3
DLBCL10869	0.17019161492437496	0.03086437478322423	0.05218451416775923	0.6906211551336398	0.056138340991001824	0.6906211551336398	0.0	3
DLBCL_C_D_1128_NULLPAIR	0.15200057043934498	0.04088879077480542	0.03236220769883681	0.6915306212743366	0.08321780981267612	0.6915306212743366	0.0	3
DLBCL10472	0.036649189782210836	0.03654046766875477	0.15691004245038415	0.6917227823601237	0.07817751773852645	0.6917227823601237	2.0	3
DLBCL10908	0.08658451080835881	0.0787070809275458	0.1157484405619844	0.6920229372452321	0.02693703045687887	0.6920229372452321	4.0	3
DLBCL_C_D_1140_NULLPAIR	0.6924682196558852	0.05036355296010799	0.023417290282146674	0.2026078682250017	0.031143068876858495	0.6924682196558852	4.0	0
DLBCL_C_D_1149_NULLPAIR	0.05778318462773278	0.06903485168797903	0.694378575015357	0.08292498458068571	0.09587840408824543	0.694378575015357	1.0	2
DLBCL10864	0.026897096630361113	0.044085666127596665	0.05035960336466968	0.18153610727165842	0.6971215266057141	0.6971215266057141	4.0	4
DFCIDL008_DT	0.11627690626114902	0.10703703398241911	0.04578359986050257	0.03153855018637583	0.6993639097095535	0.6993639097095535	4.0	4
DLBCL11659	0.0656024960243015	0.032663854771645434	0.1025097568387419	0.699365785426409	0.09985810693890212	0.699365785426409	3.0	3
DLBCL11456	0.025097025920200744	0.7001041047757927	0.051474208225234165	0.1701043803896645	0.05322028068910797	0.7001041047757927	1.0	1
DLBCL10967	0.06811771584153291	0.027403725625197117	0.07087494783101221	0.7008924364834207	0.13271117421883707	0.7008924364834207	4.0	3
DLBCL_RICOVER_120	0.1296797536595059	0.03836492867099756	0.7021378769166579	0.10199136475302605	0.027826075999812586	0.7021378769166579	4.0	2
DLBCL10893	0.1402139892441812	0.027424206001467867	0.022129177514021686	0.10776784037297192	0.7024647868673574	0.7024647868673574	4.0	4
DLBCL11458	0.05951027626610576	0.15140474642194396	0.7029309424148137	0.060841225193195084	0.025312809703941494	0.7029309424148137	2.0	2
DLBCL_RICOVER_829	0.703212424778079	0.06210166144698182	0.017869433786246842	0.1591839723438335	0.05763250764485879	0.703212424778079	0.0	0
DLBCL_LS3820	0.11330426465047419	0.019941183278554767	0.09089314233982208	0.7034773606048758	0.07238404912627318	0.7034773606048758	2.0	3
DLBCL11466	0.028650103703097167	0.03258214179319245	0.06909408819451214	0.7058144252661511	0.16385924104304708	0.7058144252661511	1.0	3
DLBCL10848	0.05177759276601636	0.014890019816704474	0.03416491592200594	0.1932723149765735	0.7058951565186997	0.7058951565186997	4.0	4
DLBCL10858	0.07750511713865504	0.01967820132434136	0.035865009110400435	0.707851074636946	0.15910059778965713	0.707851074636946	3.0	3
DLBCL10994	0.7095229318798837	0.09384994528072567	0.021192907811928303	0.13073332969981127	0.044700885327651055	0.7095229318798837	0.0	0
DLBCL10837	0.03710977635529768	0.7097653771432237	0.06140773319637802	0.05313734130058174	0.1385797720045189	0.7097653771432237	4.0	1
DLBCL10530	0.06000338512536829	0.05119118399980113	0.036429838418978816	0.14067061872464529	0.7117049737312064	0.7117049737312064	4.0	4
DLBCL10986	0.14824822818691724	0.023245397402644346	0.07818668543301326	0.7118397178868722	0.03847997109055295	0.7118397178868722	0.0	3
DLBCL10487	0.17374241924001002	0.0341947407835323	0.028325244361070857	0.7136799540015863	0.050057641613800385	0.7136799540015863	1.0	3
DLBCL11538	0.15019907936775215	0.030981136979377398	0.7142386042600785	0.0854438833535784	0.019137296039213537	0.7142386042600785	4.0	2
DLBCL10467	0.05178337685840711	0.1057499721717297	0.06946570836635681	0.05869477693791925	0.7143061656655871	0.7143061656655871	4.0	4
DLBCL_C_D_1108_NULLPAIR	0.039206538593897375	0.7147729708496174	0.03510765727745484	0.12143327854793	0.08947955473110031	0.7147729708496174	1.0	1
DLBCL10536	0.0505824001579314	0.02896478666070458	0.1438669072853898	0.7153956766790887	0.0611902292168855	0.7153956766790887	2.0	3
DLBCL10782	0.12577936454888547	0.06830376257880039	0.06118215719438596	0.7165083546315635	0.028226361046364768	0.7165083546315635	3.0	3
DLBCL11670	0.051921475545605514	0.023256609317145578	0.15156438015546242	0.7184704090577303	0.05478712592405621	0.7184704090577303	2.0	3
DLBCL11436	0.7194610246161078	0.03477312106015043	0.03193154162898808	0.19210366175548058	0.021730650939273087	0.7194610246161078	1.0	0
DLBCL10931	0.7200612150588056	0.028547054957866688	0.017055312133538288	0.16129058737975036	0.07304583047003907	0.7200612150588056	0.0	0
DLBCL10884	0.14299626589133438	0.049095475636513015	0.04276766538427824	0.7225023944571273	0.04263819863074711	0.7225023944571273	0.0	3
DLBCL_RICOVER_173	0.7316783232523945	0.014939899081237482	0.048611559145942576	0.12351689239406066	0.0812533261263649	0.7316783232523945	4.0	0
DLBCL10452	0.11165608121964199	0.056173397341059486	0.05521480058367453	0.733626829415623	0.043328891440001085	0.733626829415623	1.0	3
DLBCL_RICOVER_711	0.1594750426813571	0.024583758465025213	0.06056004277970438	0.7373862635777899	0.017994892496123474	0.7373862635777899	3.0	3
DLBCL10915	0.12279038303568524	0.02958672658601894	0.026463687028468696	0.7400863091427995	0.0810728942070277	0.7400863091427995	4.0	3
DLBCL11194	0.06267936599003629	0.026162324758481476	0.02943099331676854	0.7412013155383427	0.1405260003963711	0.7412013155383427	4.0	3
DLBCL_C_D_1157_NULLPAIR	0.08453918476741007	0.026442468928508673	0.7431701552704619	0.05816192815995487	0.08768626287366443	0.7431701552704619	2.0	2
DLBCL10936	0.06877194170983168	0.026279319553450007	0.028111780492105668	0.7450093775402613	0.13182758070435124	0.7450093775402613	2.0	3
DLBCL10977	0.10047294694419208	0.041168597468085974	0.05544187378333391	0.05710488066656962	0.7458117011378185	0.7458117011378185	4.0	4
DLBCL_MC_F362_MJB1	0.7462625176315548	0.039150351631586845	0.04108906210440939	0.10258281423880754	0.0709152543936414	0.7462625176315548	2.0	0
DLBCL10525	0.7504106333707213	0.016982365496641578	0.02567460847176108	0.18173797872708497	0.025194413933791085	0.7504106333707213	0.0	0
DLBCL_LS1668	0.05135241190300211	0.05258169721060211	0.08913111884145403	0.7508678603463101	0.05606691169863164	0.7508678603463101	1.0	3
DLBCL11441	0.1316137319166238	0.01707441834636688	0.05402956113461333	0.7512966607132275	0.045985627889168455	0.7512966607132275	2.0	3
DLBCL10904	0.10332623070970699	0.036154375085997205	0.05280882346993747	0.7519243675231064	0.05578620321125194	0.7519243675231064	4.0	3
DLBCL10535	0.11410338670766701	0.022884688740450788	0.038166978773368776	0.7540918916452386	0.0707530541332748	0.7540918916452386	4.0	3
DLBCL10887	0.04967791244835367	0.03681902126108061	0.061869784822072074	0.0974980244468224	0.7541352570216713	0.7541352570216713	4.0	4
DLBCL_BWH_DLBCL64	0.10845176427901768	0.03756199051159935	0.07464100527177403	0.7566814108739012	0.022663829063707792	0.7566814108739012	1.0	3
DLBCL10963	0.059804682582950956	0.03406523710772185	0.04188370921053053	0.1071599803445944	0.7570863907542023	0.7570863907542023	4.0	4
DLBCL10564	0.10491706555363918	0.04266430597832074	0.04079679787743314	0.75822592146918	0.05339590912142689	0.75822592146918	3.0	3
DLBCL_RICOVER_685	0.040764426343999446	0.09608110875304747	0.027204679062852892	0.07717040130761982	0.7587793845324804	0.7587793845324804	4.0	4
DLBCL10971	0.7656675324483995	0.029840897300711593	0.018775492903319625	0.1456476730779793	0.04006840426959003	0.7656675324483995	0.0	0
DLBCL_C_D_PAIR13	0.11346583894465687	0.05782507081889267	0.03977736198111468	0.7659581509096524	0.022973577345683425	0.7659581509096524	4.0	3
DLBCL_RICOVER_956	0.07882227957828161	0.04720816277763381	0.03622074121507196	0.7660159063867117	0.07173291004230097	0.7660159063867117	4.0	3
DLBCL_MC_F132_MLM	0.7679790868815336	0.043151823804909395	0.016570036378364208	0.14682205989317748	0.025476993042015204	0.7679790868815336	0.0	0
DLBCL11501	0.07346587459174678	0.03791424742362671	0.06689326187606356	0.7692529272244087	0.05247368888415424	0.7692529272244087	0.0	3
DLBCL10871	0.08440631762629539	0.05948722878984102	0.057487282970555005	0.028108586731053858	0.7705105838822548	0.7705105838822548	1.0	4
DLBCL10878	0.058178495227067105	0.013567527930867252	0.0676783913731313	0.7719506639815137	0.08862492148742064	0.7719506639815137	4.0	3
DLBCL_LS1395	0.0651596975964813	0.018202758040928888	0.11072612470981151	0.7724415349320707	0.03346988472070761	0.7724415349320707	2.0	3
DLBC_FF_8062_TP_NB	0.10522033583220815	0.02329908167198755	0.06741310047711886	0.7733068516466894	0.030760630371996032	0.7733068516466894	3.0	3
DLBCL_DFCI_DLBCL_GOE05	0.015087815280243042	0.0845057066709974	0.07226305486612804	0.05428533243429054	0.773858090748341	0.773858090748341	1.0	4
DLBCL_RICOVER_826	0.775592301369166	0.02802626150306153	0.023136828349966804	0.1278756846396049	0.04536892413820074	0.775592301369166	0.0	0
DLBCL_LS951	0.12137428091901338	0.03094596532266984	0.02948066553484169	0.7765710890561417	0.041627999167333354	0.7765710890561417	0.0	3
DLBCL10992	0.019227871511669353	0.0230651930120381	0.04042931366098506	0.13672988675388253	0.7805477350614249	0.7805477350614249	4.0	4
DLBCL10980	0.04750886731371575	0.059168984438522886	0.05275452581490106	0.7806582344193764	0.05990938801348384	0.7806582344193764	4.0	3
DLBCL10512	0.780845535842062	0.022917846734910593	0.02348627709797729	0.15562543435195683	0.01712490597309338	0.780845535842062	2.0	0
DLBCL10896	0.7813262514221102	0.03751079568026299	0.010207448804907104	0.09910823482864804	0.07184726926407166	0.7813262514221102	0.0	0
DLBCL_LS4054	0.08339758340836874	0.026165548532960443	0.034484534962940794	0.7822486646385387	0.07370366845719133	0.7822486646385387	1.0	3
DLBCL11496	0.08982592500543586	0.026782507937112458	0.06849524473734948	0.7822864725452907	0.0326098497748115	0.7822864725452907	0.0	3
DLBCL11679	0.7826261701357892	0.0515769007681928	0.02151062541127599	0.11851562130167494	0.025770682383067036	0.7826261701357892	1.0	0
DLBCL_C_D_1109_NULLPAIR	0.08666477414986232	0.013820186087527482	0.09593431899188132	0.78360463998853	0.019976080782198865	0.78360463998853	3.0	3
DLBCL10459	0.03396864993201292	0.03561598305161254	0.7845893337092507	0.06111713606817008	0.0847088972389538	0.7845893337092507	2.0	2
DLBCL10965	0.08443318306082154	0.023815816016383586	0.04737972626455166	0.784682257680084	0.05968901697815922	0.784682257680084	3.0	3
DLBCL_C_D_1135_NULLPAIR	0.07750948736852875	0.7848915547962474	0.015757590270211456	0.08816026138127703	0.03368110618373537	0.7848915547962474	1.0	1
DLBCL_RICOVER_473	0.786062067724249	0.023348404834727585	0.009991042544482765	0.13619602914508055	0.044402455751460033	0.786062067724249	0.0	0
DLBCL11471	0.12707105118453824	0.019092761387399133	0.025156203589586156	0.791066426178247	0.03761355766022951	0.791066426178247	3.0	3
DLBCL10532	0.04960125429419589	0.023480791563798186	0.04704873840285121	0.7932178507432465	0.08665136499590823	0.7932178507432465	4.0	3
DLBCL_RICOVER_1278	0.0689152539376208	0.017574858033704403	0.030624230833340142	0.7946397683161026	0.08824588887923204	0.7946397683161026	4.0	3
DLBCL10501	0.019395072327185844	0.07352312298411881	0.7960076702720383	0.08847646868892589	0.022597665727731076	0.7960076702720383	2.0	2
DLBCL_RICOVER_1018	0.08216490967069603	0.05036563381377044	0.03642379501736375	0.7978273522814501	0.033218309216719685	0.7978273522814501	3.0	3
DLBCL11663	0.08781740705746068	0.02562033244523707	0.07200713766983732	0.7978658975444707	0.01668922528299425	0.7978658975444707	0.0	3
DLBCL_RICOVER_320	0.05556380927570065	0.04977814336323839	0.07618922898940994	0.8000243332996229	0.018444485072028158	0.8000243332996229	2.0	3
DLBCL10491	0.08241955320677194	0.04910242440991396	0.03645978216378735	0.8010589282722956	0.030959311947231123	0.8010589282722956	3.0	3
DLBCL_RICOVER_221	0.03572406379052055	0.017546942095918783	0.03307712479771423	0.11100813270698413	0.8026437366088623	0.8026437366088623	4.0	4
DLBCL10930	0.0709767071520108	0.021429150201515354	0.03112194175778985	0.07308314020552223	0.8033890606831617	0.8033890606831617	4.0	4
DLBCL10863	0.08326574905657748	0.015082560704326231	0.0476501751253315	0.8051168384731676	0.04888467664059723	0.8051168384731676	3.0	3
DLBCL11573	0.023754865367958924	0.03358998829372405	0.8084366382874952	0.11577128857146718	0.018447219479354616	0.8084366382874952	2.0	2
DLBCL10993	0.8086705990848648	0.013434482450854912	0.02796039846734595	0.1356774024018093	0.014257117595124992	0.8086705990848648	0.0	0
DLBCL11512	0.813187146161859	0.03749131517121313	0.0257913301130968	0.10568813522653384	0.017842073327297172	0.813187146161859	0.0	0
DLBCL_RICOVER_575	0.07298293825731994	0.029137767651313817	0.051908022925385745	0.8140453276495595	0.031925943516421015	0.8140453276495595	3.0	3
DLBCL10457	0.021055000903941044	0.02384999457496772	0.08050695943749732	0.060385220753093945	0.8142028243305	0.8142028243305	4.0	4
DLBCL10888	0.06051941625033851	0.015050353055444656	0.05635499744614697	0.8148259610959416	0.05324927215212827	0.8148259610959416	4.0	3
DLBCL11515	0.053363891602518906	0.019946570938625636	0.07210149584164052	0.8161687218211416	0.03841931979607331	0.8161687218211416	2.0	3
DLBCL11542	0.01391788931021076	0.03481150996266152	0.817012466035932	0.11289701817495107	0.02136111651624467	0.817012466035932	2.0	2
DLBC_FF_8046_TP_NB	0.030860871383908216	0.01526073765430268	0.8180921984186506	0.11625013230471985	0.01953606023841871	0.8180921984186506	2.0	2
DLBCL10513	0.08185767257057051	0.01570832108643868	0.05886752021022705	0.8186382358780999	0.024928250254663824	0.8186382358780999	3.0	3
DLBCL_C_D_1139_NULLPAIR	0.10113173412586883	0.025469571086251912	0.03445197735260709	0.8226028115256914	0.01634390590958076	0.8226028115256914	3.0	3
DLBCL_RICOVER_978	0.08707357247732785	0.024356402434495973	0.033713518430967176	0.823351267887504	0.03150523876970505	0.823351267887504	2.0	3
DLBCL_MAYO_DLBCL_7359	0.04519435645235009	0.8248914852462628	0.030395878677609362	0.06906581854729461	0.030452461076483157	0.8248914852462628	1.0	1
DLBCL10866	0.041365897859977505	0.021627308376211445	0.047513535490036354	0.824940417031963	0.06455284124181171	0.824940417031963	4.0	3
DLBCL10852	0.042103186523852504	0.03411305630325359	0.016817611322850166	0.08082527841143528	0.8261408674386085	0.8261408674386085	4.0	4
DLBCL10935	0.8268311000326899	0.021780015865427875	0.0140492553621285	0.11071014168847146	0.02662948705128225	0.8268311000326899	0.0	0
DLBCL_MC_F262_WLC	0.8281897116029493	0.02309418448508391	0.014802401449846946	0.11262951416025606	0.021284188301863766	0.8281897116029493	0.0	0
DLBCL11681	0.053750033671227194	0.01912837506835814	0.07715431820122871	0.8302650168641504	0.019702256195035548	0.8302650168641504	0.0	3
DLBCL_LS3499	0.0774968584289517	0.01455180108379968	0.043304525956456674	0.8309251312722277	0.03372168325856423	0.8309251312722277	3.0	3
DLBCL_C_D_1125_NULLPAIR	0.053180687499309785	0.02854129156513396	0.01551632726347163	0.07043732695303018	0.8323243667190544	0.8323243667190544	4.0	4
DLBCL11667	0.0419026826499778	0.023570247346345947	0.83405342183233	0.07949807317356072	0.020975574997785525	0.83405342183233	2.0	2
DLBCL10490	0.8350026977086612	0.025750482262941757	0.025396986233314326	0.08311260880129336	0.030737224993789385	0.8350026977086612	0.0	0
DLBCL11491	0.06182888086167425	0.023253357081607473	0.02649462901985579	0.8356926961973156	0.05273043683954692	0.8356926961973156	3.0	3
DLBCL11457	0.07179058163527938	0.014056789553288025	0.0483646184387028	0.8385890600352971	0.02719895033743271	0.8385890600352971	0.0	3
DLBCL_RICOVER_1032	0.012921503131506768	0.06301363968098958	0.04778458509241178	0.03631509198968213	0.8399651801054098	0.8399651801054098	4.0	4
DLBC_FF_A7CQ_TP_NB	0.027762309547968145	0.02999315866976549	0.037723619803838766	0.06355215806442507	0.8409687539140025	0.8409687539140025	4.0	4
DLBCL_C_D_1148_NULLPAIR	0.07010254809666128	0.012042639423300491	0.035547558453556415	0.8409861415697996	0.041321112456682296	0.8409861415697996	0.0	3
DLBCL_C_D_1113_NULLPAIR	0.021126958842356713	0.022185764270202232	0.841381240812248	0.09218891988004857	0.02311711619514454	0.841381240812248	2.0	2
DLBCL10465	0.01878010198916731	0.03125017256868844	0.8432663293876813	0.07052132196995031	0.03618207408451261	0.8432663293876813	2.0	2
DLBCL_LS378	0.8442460161416638	0.010639732126681489	0.036822933252405765	0.09583789670541439	0.012453421773834466	0.8442460161416638	0.0	0
DLBCL_MC_F927_JHS	0.8454744258241217	0.015853259178043432	0.03398508581651154	0.08532614743603364	0.019361081745289634	0.8454744258241217	4.0	0
DLBCL10485	0.026751115390349	0.0372426461757356	0.028681941458975853	0.0603862339634798	0.8469380630114598	0.8469380630114598	4.0	4
DLBCL10553	0.07494568387455819	0.014220197827929486	0.03619273238934054	0.8483632010704302	0.026278184837741605	0.8483632010704302	3.0	3
DLBCL11464	0.07030910029868778	0.016404479666238356	0.032451807426605	0.8485786484626184	0.03225596414585042	0.8485786484626184	3.0	3
DLBCL11203	0.02077086858990957	0.8490423432291958	0.03278145008599507	0.06600956801029179	0.031395770084607734	0.8490423432291958	1.0	1
DLBCL11495	0.8496679335919199	0.022047644892234257	0.017635071766955286	0.08943717068818866	0.021212179060701813	0.8496679335919199	4.0	0
DLBCL_RICOVER_985	0.04319259516189801	0.028990886933676154	0.047076079157937906	0.8497546935580775	0.030985745188410418	0.8497546935580775	3.0	3
DLBCL10488	0.8521635973767403	0.01330843510268464	0.023362202541505284	0.09793418002039908	0.013231584958670682	0.8521635973767403	0.0	0
DLBCL11658	0.029707375045837106	0.017937468234425855	0.04440320583062136	0.8523540425008755	0.055597908388240094	0.8523540425008755	3.0	3
DLBCL_MAYO_DLBCL_234	0.06674467274617656	0.01646724732263129	0.034883830880465296	0.8540231955188319	0.027881053531894948	0.8540231955188319	2.0	3
DLBCL10518	0.02568341116746848	0.02129646422579766	0.8548747016894234	0.07648618487663028	0.02165923804068017	0.8548747016894234	2.0	2
DLBCL_LS297	0.04357167527450861	0.01611375397503771	0.06233626731422739	0.855670337039398	0.022307966396828253	0.855670337039398	2.0	3
DLBCL_RICOVER_274	0.06749416825357014	0.019205915846170384	0.04016614638654543	0.8562967539946221	0.016837015519091884	0.8562967539946221	3.0	3
DLBCL11576	0.04070923867967691	0.02963320982483059	0.029231095038846865	0.8578477339772446	0.042578722479401074	0.8578477339772446	3.0	3
DLBCL10925	0.047506029129530586	0.016802922004457564	0.03806179199258802	0.8578609639270417	0.03976829294638217	0.8578609639270417	4.0	3
DLBCL11671	0.0655429768160449	0.019284880264054227	0.04049593590383377	0.8599249740204276	0.014751232995639555	0.8599249740204276	0.0	3
DLBCL_RICOVER_839	0.03588174992939579	0.033843362177913325	0.03187144454211745	0.8615429427961024	0.03686050055447103	0.8615429427961024	1.0	3
DLBCL10544	0.03646204159078757	0.012573330365814556	0.039113098145919095	0.8618311068618957	0.050020423035583114	0.8618311068618957	3.0	3
DLBCL_MC_F500_ECU	0.043348436291359795	0.03560100618753964	0.027316449747618966	0.8619475625387673	0.03178654523471431	0.8619475625387673	1.0	3
DLBCL10529	0.04424969493758977	0.018205278633080364	0.026596393650157556	0.8623255110244666	0.04862312175470571	0.8623255110244666	4.0	3
DLBCL11656	0.05045110815152334	0.010933447415386962	0.8625996506346933	0.0592238885837437	0.01679190521465262	0.8625996506346933	2.0	2
DLBCL_RICOVER_701	0.05830475249759429	0.01980790780584972	0.030909949823764066	0.8647995748521566	0.026177815020635292	0.8647995748521566	3.0	3
DLBCL_RICOVER_1293	0.03341285295832177	0.01858124666745256	0.01086158257159609	0.0721036991269861	0.8650406186756435	0.8650406186756435	4.0	4
DFCIDL010_DT	0.0634414848045845	0.017712270951272195	0.03619552247016614	0.866242633589782	0.01640808818419516	0.866242633589782	0.0	3
DLBCL11443	0.8673037907883897	0.0059776550082486675	0.03292551433218516	0.06327425356191352	0.030518786309262965	0.8673037907883897	0.0	0
DLBCL10978	0.06027234253816394	0.014418498400566023	0.037937978463153256	0.8689998843683614	0.018371296229755377	0.8689998843683614	3.0	3
DLBCL_C_D_1103_NULLPAIR	0.0516739189275544	0.01958393952462957	0.037864012408229036	0.8690321466982757	0.021845982441311296	0.8690321466982757	3.0	3
DLBCL_C_D_1141_NULLPAIR	0.018333547881021494	0.014883185130248361	0.8696734937211277	0.07161370258212002	0.025496070685482517	0.8696734937211277	2.0	2
DLBCL_MAYO_DLBCL_5613	0.8702767156415347	0.015247875066116284	0.008984569782881851	0.0669387831245072	0.03855205638495996	0.8702767156415347	0.0	0
DLBCL11454	0.06586277848908488	0.019128322557775145	0.026534505911745294	0.8703875406558595	0.018086852385535163	0.8703875406558595	0.0	3
DLBCL10517	0.055734610174345306	0.02418284874785461	0.029480988955804213	0.8719865894347929	0.01861496268720294	0.8719865894347929	1.0	3
DLBCL11655	0.05637966733829464	0.012108484248169295	0.027055305130727656	0.8720822072543019	0.03237433602850655	0.8720822072543019	3.0	3
DLBCL11564	0.05921427234211144	0.019961964017336964	0.025637670116672426	0.8728312692731144	0.022354824250764817	0.8728312692731144	3.0	3
DLBCL10527	0.037691907163669006	0.01384377574536634	0.04397939539695339	0.8741135718926285	0.030371349801382716	0.8741135718926285	3.0	3
DLBCL10469	0.05322206748597008	0.017187698947238875	0.02757887992995262	0.8742306798400595	0.02778067379677891	0.8742306798400595	3.0	3
DLBCL_C_D_1151_NULLPAIR	0.052045853130058	0.019041817798192726	0.03637697615102604	0.8743685359297152	0.018166816991008024	0.8743685359297152	3.0	3
DLBCL10957	0.8748119138891269	0.011633948993095208	0.015202547776840011	0.08416494078096558	0.014186648559972235	0.8748119138891269	0.0	0
DLBCL_RICOVER_267	0.048733667357525115	0.012667222361023385	0.8751368129516308	0.050633260223499746	0.012829037106320954	0.8751368129516308	2.0	2
DLBCL10462	0.8774250756108488	0.006559828484061931	0.023909347110823233	0.07226615245143332	0.019839596342832656	0.8774250756108488	0.0	0
DLBCL11460	0.04236157842086205	0.024788694443902068	0.026242781075920426	0.879993505875543	0.026613440183772465	0.879993505875543	3.0	3
DLBCL_C_D_1163_NULLPAIR	0.03706521668310016	0.010714211166346882	0.014675871876125802	0.056728912375807364	0.8808157878986198	0.8808157878986198	4.0	4
DLBCL10514	0.044533391322867794	0.01786618125628789	0.0322745305388749	0.8824551117506031	0.022870785131366294	0.8824551117506031	2.0	3
DLBCL10973	0.046266365796447405	0.016775615075204923	0.03472451950705642	0.8830551080765606	0.019178391544730593	0.8830551080765606	3.0	3
DLBCL_RICOVER_1061	0.04052729645753313	0.009952121420411625	0.04364589001836123	0.8833177346165463	0.02255695748714768	0.8833177346165463	3.0	3
DLBCL11002	0.03919508123807968	0.01649291011941349	0.04008738301212218	0.8839644370903827	0.020260188540001847	0.8839644370903827	3.0	3
DLBCL10456	0.04829149826932171	0.020163125013778843	0.023495193134481486	0.8842562360559887	0.02379394752642927	0.8842562360559887	3.0	3
DLBCL11527	0.04711255596587359	0.01534326099739858	0.030621536888416567	0.8855204200488563	0.021402226099454927	0.8855204200488563	3.0	3
DLBCL10997	0.8865491896037002	0.01329765245241972	0.010106560825520635	0.06607476395560205	0.023971833162757365	0.8865491896037002	0.0	0
DLBCL_MC_F139_LJF	0.04673880679952141	0.01886092897774508	0.0254579451811376	0.8881729697492821	0.02076934929231384	0.8881729697492821	3.0	3
DLBCL10539	0.04767661900653531	0.015767079898162863	0.02578023612913916	0.8887250824560818	0.022050982510080773	0.8887250824560818	3.0	3
DLBCL10868	0.04999685815352098	0.012152769017987492	0.026257178974880783	0.8895167141482917	0.022076479705319018	0.8895167141482917	3.0	3
DLBCL_LS2590	0.04197636816618486	0.016147449307086233	0.022184763153132187	0.8916537587495175	0.02803766062407922	0.8916537587495175	3.0	3
DLBCL10463	0.019359684688272122	0.010831757884884172	0.018923026211693828	0.05864284015531903	0.8922426910598309	0.8922426910598309	4.0	4
DLBCL_RICOVER_216	0.043750166289230306	0.017256680854512246	0.02455378013809259	0.893055011509868	0.021384361208296915	0.893055011509868	2.0	3
DLBCL_LS3809	0.8938359018097326	0.02191068448530335	0.013056010999573884	0.04967855754892441	0.021518845156465766	0.8938359018097326	0.0	0
DLBCL11447	0.036863592276299734	0.013257591953543837	0.02536041276526229	0.8948476713037178	0.02967073170117641	0.8948476713037178	3.0	3
DLBCL11474	0.041946957820186696	0.01694220729587863	0.02959612782905603	0.8948657746053585	0.01664893244952014	0.8948657746053585	0.0	3
DLBCL_LS2208	0.041060616490229074	0.01338482658634693	0.027066790428128207	0.8951635860815724	0.023324180413723316	0.8951635860815724	4.0	3
DLBCL_RICOVER_361	0.03190905508807342	0.012584403184813735	0.035120616955803444	0.8960891972755131	0.02429672749579636	0.8960891972755131	3.0	3
DLBCL10939	0.04199494108973902	0.013017315408187602	0.028916286748924755	0.8964567439135269	0.019614712839621726	0.8964567439135269	3.0	3
DLBCL11196	0.041815872249221404	0.01321288613089609	0.022349073399178306	0.8968379515171259	0.025784216703578344	0.8968379515171259	3.0	3
DLBCL_LS2357	0.04781415252580041	0.012581165937074654	0.024840793648031996	0.8973299416720126	0.017433946217080252	0.8973299416720126	3.0	3
DLBCL10909	0.041167469311026425	0.014997613702310158	0.029609187956211935	0.8981322957599457	0.01609343327050576	0.8981322957599457	4.0	3
DLBCL11459	0.03530294724601316	0.014319434997675231	0.02781934836676976	0.8986570424761838	0.023901226913358047	0.8986570424761838	3.0	3
DLBCL10547	0.038994885802601756	0.014058693114257228	0.02984289488787031	0.8993154436763212	0.017788082518949463	0.8993154436763212	3.0	3
DLBCL_RICOVER_950	0.038334597358147725	0.011995038923750824	0.030691846841939374	0.8996770729464715	0.01930144392969062	0.8996770729464715	3.0	3
DLBCL10891	0.01326936749693644	0.01272017014881364	0.029635378110833308	0.042820489922030976	0.9015545943213856	0.9015545943213856	4.0	4
DLBCL11448	0.029008086743158287	0.013597690489460738	0.03587292843271461	0.9032132765291304	0.018308017805535884	0.9032132765291304	3.0	3
DLBCL10881	0.01234703377411955	0.02122492128711541	0.032205900390053305	0.03095694546321843	0.9032651990854933	0.9032651990854933	4.0	4
DLBCL10932	0.041663088037346745	0.011129678977378162	0.023975314569965885	0.9038296884904653	0.019402229924843906	0.9038296884904653	3.0	3
DLBCL10913	0.9041807090253517	0.016662631674892153	0.020908419490832386	0.04717948275216028	0.011068757056763374	0.9041807090253517	0.0	0
DLBCL_RICOVER_617	0.03901903633835777	0.011888995590907859	0.02345865831675139	0.9045809451778165	0.021052364576166497	0.9045809451778165	3.0	3
DLBCL10497	0.038217639224415435	0.011944714385122733	0.021355822837537567	0.9069958608685454	0.021485962684378815	0.9069958608685454	3.0	3
DLBCL11191	0.9117457276468334	0.01343999786686464	0.009049599347421201	0.057523303022494504	0.008241372116386281	0.9117457276468334	0.0	0
DLBCL_MC_F502_RFK	0.015001743366105474	0.9137709239703264	0.039010004307350146	0.011966477364539096	0.02025085099167888	0.9137709239703264	1.0	1
DLBCL10870	0.012268997158052578	0.016868794284982485	0.038771171927161695	0.017858686472663844	0.9142323501571394	0.9142323501571394	4.0	4
DLBCL11428	0.01842194668187142	0.01627805574978822	0.9159078778986012	0.04045367647511509	0.008938443194624073	0.9159078778986012	2.0	2
DLBCL_C_D_1123_NULLPAIR	0.915914629840739	0.01839684293301155	0.010674693244799999	0.046709193906522346	0.00830464007492705	0.915914629840739	0.0	0
DLBCL10550	0.022047499479730233	0.00958917922154191	0.014801226457261604	0.03607330850100306	0.9174887863404632	0.9174887863404632	4.0	4
DLBCL11462	0.9184044832134654	0.006865243202305877	0.022248576197603055	0.04616769707013364	0.00631400031649209	0.9184044832134654	0.0	0
DLBCL10990	0.013145349085741238	0.02872860937155338	0.01536340022729969	0.020904075797746544	0.9218585655176591	0.9218585655176591	4.0	4
DLBCL11205	0.9238142268622407	0.008266521982864527	0.027038171322563694	0.033779609856993416	0.0071014699753377325	0.9238142268622407	0.0	0
DLBCL11000	0.011973652390333534	0.01970114191398954	0.012604594191996664	0.025118273255034556	0.9306023382486457	0.9306023382486457	4.0	4
DLBCL10522	0.012764218156647206	0.012673082421925086	0.9346620146564358	0.021744992743764586	0.018155692021227327	0.9346620146564358	2.0	2
DLBCL_C_D_1136_NULLPAIR	0.019954259421146755	0.9384330682060716	0.008233356204044898	0.015482346898634324	0.0178969692701024	0.9384330682060716	1.0	1
DLBCL11666	0.014518496362868226	0.011736910419574283	0.9384464150090378	0.01954806033969957	0.0157501178688201	0.9384464150090378	2.0	2
DLBCL11511	0.9390510324627854	0.005518350321253241	0.01323877312074408	0.030994334471924234	0.011197509623293004	0.9390510324627854	0.0	0
DLBCL10519	0.019436931299872614	0.9401401049576316	0.015221507290689168	0.01522598635472692	0.00997547009707979	0.9401401049576316	1.0	1
DLBCL_RICOVER_1248	0.008553847011330148	0.012437260753674755	0.014914111753320197	0.023900941264651334	0.9401938392170236	0.9401938392170236	4.0	4
DLBCL_RICOVER_720	0.008075706164040297	0.017512473205862862	0.015297947405648505	0.017799838022157836	0.9413140352022905	0.9413140352022905	4.0	4
DLBCL10860	0.00633537867355123	0.012604084231733379	0.01277644505108695	0.021616114092840748	0.9466679779507877	0.9466679779507877	4.0	4
DLBCL10495	0.9526985905834174	0.007666288334312101	0.005639022532280819	0.028061992905680153	0.0059341056443095045	0.9526985905834174	0.0	0
DLBCL11537	0.9561546213982444	0.006961956929506166	0.005851287860935144	0.016425717590932448	0.014606416220381823	0.9561546213982444	0.0	0
DLBCL11187	0.007605245667972035	0.007547824636674154	0.008234561383811194	0.01843886257656822	0.9581735057349744	0.9581735057349744	4.0	4
DLBCL10862	0.005129287314109468	0.006468013999715932	0.9672329786937345	0.01181651198757452	0.00935320800486564	0.9672329786937345	4.0	2
DLBCL11680	0.008034942022920821	0.0063406841979961924	0.9718896681596868	0.008854602571550607	0.004880103047845573	0.9718896681596868	2.0	2
DLBCL_RICOVER_253	0.007579176395305354	0.9737834793772224	0.006245883889163654	0.0051117748026455806	0.007279685535662995	0.9737834793772224	1.0	1
DLBCL10534	0.004285236182340878	0.004544162091106537	0.003385042033246602	0.007200022216589522	0.9805855374767165	0.9805855374767165	4.0	4
DLBCL_LS1757	0.982769601749898	0.0024684425434493003	0.002566837965978584	0.00937098572455365	0.002824132016120432	0.982769601749898	0.0	0
DLBCL10996	0.9857756986955412	0.001534572339136548	0.0036711750607404483	0.006539064805558249	0.0024794890990236075	0.9857756986955412	0.0	0
DLBCL10956	0.002489845390176636	0.986293076638158	0.005598685406540668	0.002484770136391841	0.0031336224287328344	0.986293076638158	1.0	1
DLBCL11435	0.988261254361954	0.0012978772303164857	0.0021717354721722667	0.006139112987655868	0.002130019947901402	0.988261254361954	0.0	0
