	C1	C2	C3	C4	C5	Confidence	True Cluster	Predicted Cluster
DLBCL_LS2208	0.2983779265811576	0.2186279374307028	0.16219176824155931	0.09985592602584324	0.22094644172073716	0.2983779265811576	4.0	0
DLBCL_LS2328	0.26503536448002474	0.29880875611453284	0.24493579107293034	0.17795803156742449	0.013262056765087656	0.29880875611453284	2.0	1
DLBC_FF_8042_TP_NB	0.23877999197852734	0.1150812588693302	0.19068742821095674	0.15565127229412593	0.29980004864705984	0.29980004864705984	4.0	4
DLBCL10494	0.07260947177591467	0.30544756466958173	0.19679109018717228	0.27418814182378326	0.15096373154354809	0.30544756466958173	1.0	1
DLBCL10954	0.32123449934648846	0.25957680400823263	0.06557851450726775	0.1463400221842642	0.20727015995374695	0.32123449934648846	1.0	0
DLBCL10916	0.2552506209050664	0.3234935859084702	0.030418741960182898	0.15530424174326815	0.23553280948301236	0.3234935859084702	4.0	1
DLBCL10539	0.258261243416775	0.32502386563951097	0.06360184493187274	0.23635423794281318	0.1167588080690281	0.32502386563951097	3.0	1
DLBCL10969	0.2209089288068722	0.193098574559935	0.054402119628988665	0.33037175233682375	0.20121862466738044	0.33037175233682375	0.0	3
DLBCL10867	0.1495399090783606	0.33625200950176154	0.09821853685354993	0.1302371121053924	0.2857524324609355	0.33625200950176154	4.0	1
DLBCL10847	0.29359249874441945	0.1437817265688048	0.05704441263093784	0.16890499109105186	0.3366763709647861	0.3366763709647861	4.0	4
DLBCL11479	0.03599175656509632	0.24397551332887396	0.17075957957144458	0.33794428603784127	0.2113288644967437	0.33794428603784127	1.0	3
DLBCL11652	0.1253156054319351	0.20709533826693374	0.3406688337728631	0.2614329376252794	0.06548728490298854	0.3406688337728631	0.0	2
DLBCL_LS951	0.27792276776319186	0.3460278588360436	0.15268172119580287	0.06072063963772776	0.16264701256723396	0.3460278588360436	0.0	1
DLBCL10487	0.2780463566016376	0.35413013041612496	0.1193218239904979	0.21997042597901384	0.028531263012725627	0.35413013041612496	1.0	1
DLBCL10947	0.28130568825415964	0.3552105834931592	0.029367556819398153	0.05233853945745324	0.2817776319758297	0.3552105834931592	1.0	1
DLBCL_RICOVER_1329	0.3567742661695523	0.28986544284509336	0.02977949184214429	0.16402641782900798	0.15955438131420213	0.3567742661695523	4.0	0
DLBCL10501	0.057463979079188474	0.21300137762174284	0.36218613233163066	0.2697652023051808	0.09758330866225728	0.36218613233163066	2.0	2
DLBCL_RICOVER_258	0.046069889534129105	0.02008120191915746	0.27273499615558616	0.3658772275038801	0.29523668488724714	0.3658772275038801	2.0	3
DLBCL_RICOVER_151	0.2344217662081484	0.36641426702984703	0.03885514056786312	0.2536538668984976	0.10665495929564386	0.36641426702984703	3.0	1
DLBCL10874	0.2136934609904146	0.2129495208138232	0.04043395233761394	0.36823182504932767	0.16469124080882053	0.36823182504932767	1.0	3
DLBCL10844	0.19189802872483114	0.369378988175917	0.024087486539284483	0.24387853349871083	0.1707569630612565	0.369378988175917	0.0	1
DLBCL10866	0.034066914752735634	0.04676321329479204	0.29740149090797346	0.2522536843150901	0.36951469672940873	0.36951469672940873	4.0	4
DLBCL_DFCI_DLBCL_GOE07	0.13958062856102166	0.3701010659325023	0.1604984613188163	0.09811544330589553	0.23170440088176433	0.3701010659325023	1.0	1
DLBCL10989	0.1603843878911961	0.0950027109609214	0.37045415793724806	0.33013995194896656	0.044018791261667856	0.37045415793724806	1.0	2
DLBCL_DFCI_DLBCL_GOE05	0.2313516772984188	0.2137074721038888	0.09290644092146026	0.0882684639893414	0.3737659456868908	0.3737659456868908	1.0	4
DLBCL10985	0.3741463320856869	0.2917855704058458	0.025041041455966372	0.1769860311836716	0.13204102486882932	0.3741463320856869	1.0	0
DLBCL11446	0.2063965010095532	0.08315747234259718	0.055219382666843043	0.2795902200763583	0.37563642390464824	0.37563642390464824	1.0	4
DLBCL_LS1683	0.18575412931569446	0.08305982565490204	0.261813517744283	0.0923590452124788	0.37701348207264185	0.37701348207264185	1.0	4
DLBCL_RICOVER_720	0.14953234741779264	0.3808772226940632	0.14682689195926762	0.23365826833077266	0.08910526959810379	0.3808772226940632	4.0	1
DLBCL10554	0.11656260280237372	0.20474494738977697	0.2789237924309217	0.38129285489011316	0.018475802486814293	0.38129285489011316	2.0	3
DLBCL_RICOVER_1263	0.17482296780340983	0.07278404974400991	0.3817760667699341	0.21659044541149658	0.15402647027114963	0.3817760667699341	2.0	2
DLBCL_LS1304	0.38311386323088614	0.08195073777222668	0.21951236816948017	0.1524147888606877	0.16300824196671923	0.38311386323088614	2.0	0
DLBCL_RICOVER_1081	0.11992536569642474	0.02301529675482265	0.2946856228475522	0.3872167646556158	0.17515695004558474	0.3872167646556158	4.0	3
DLBCL10536	0.08880278668543766	0.15420951888360607	0.09657532660384127	0.38794565208251824	0.2724667157445967	0.38794565208251824	2.0	3
DLBCL_RICOVER_773	0.3901898844635872	0.23607601428021915	0.14220987015274833	0.11003698331941775	0.12148724778402757	0.3901898844635872	4.0	0
DLBCL_MC_F064AB	0.2728917006415529	0.06491558425487802	0.21671401627758505	0.3915308222713658	0.053947876554618246	0.3915308222713658	2.0	3
DLBCL11657	0.08611474694578436	0.13586692902496555	0.18046079764893616	0.39171289180092606	0.2058446345793879	0.39171289180092606	3.0	3
DLBCL_RICOVER_417	0.1617737118231758	0.08768216046966916	0.1484713675687036	0.21024755915226156	0.39182520098618995	0.39182520098618995	4.0	4
DLBCL_MC_F362_MJB1	0.134651315313468	0.10415605093000059	0.29999083346630573	0.3929375445422491	0.0682642557479766	0.3929375445422491	2.0	3
DLBCL_RICOVER_1287	0.18494825417340127	0.2607951319811698	0.03888592787468822	0.394226164416497	0.1211445215542438	0.394226164416497	4.0	3
DLBCL_LS4592	0.13246285003889896	0.04790394304478766	0.24472588946390247	0.3958552165237088	0.17905210092870216	0.3958552165237088	2.0	3
DLBCL_C_D_1138_NULLPAIR	0.3523976840011296	0.07910195321535138	0.05128387160102512	0.39627346658194723	0.1209430246005466	0.39627346658194723	1.0	3
DLBCL11675	0.11174981567497504	0.013619850429633663	0.3059401544798093	0.39722110978643677	0.17146906962914527	0.39722110978643677	2.0	3
DLBCL10870	0.14265191905498179	0.05578417523919317	0.12105758915649412	0.27998319014116674	0.4005231264081641	0.4005231264081641	4.0	4
DLBCL11432	0.4021340663539662	0.022028020438286333	0.21409523869254513	0.28912140539595255	0.0726212691192498	0.4021340663539662	0.0	0
DLBCL_C_D_1118_NULLPAIR	0.2683033281315524	0.25326317685806393	0.022133664803843687	0.40269725508897997	0.053602575117559954	0.40269725508897997	1.0	3
DLBCL10835	0.18224725568506267	0.2440622123025837	0.017233392066632335	0.15348730081442066	0.4029698391313005	0.4029698391313005	4.0	4
DLBCL_RICOVER_1278	0.07794479182506321	0.11544487999959437	0.06512789887107716	0.3379389953998343	0.4035434339044309	0.4035434339044309	4.0	4
DLBCL_RICOVER_478	0.4056382937932124	0.11820691876793586	0.042142914788439484	0.1521764638162602	0.2818354088341521	0.4056382937932124	1.0	0
DLBCL11206	0.12187691407941338	0.260950421003731	0.0419772808202554	0.16918276019522951	0.40601262390137083	0.40601262390137083	4.0	4
DLBCL10907	0.17910057129537169	0.40637430708840333	0.023076370589956093	0.12092938803782441	0.27051936298844437	0.40637430708840333	1.0	1
DLBCL11473	0.4083913670709926	0.03371517449908665	0.14192257485196527	0.35793497809666064	0.058035905481294905	0.4083913670709926	0.0	0
DFCIDL009_DT	0.030216947849075852	0.12878346135508123	0.21656755635846606	0.21526109134540208	0.40917094309197466	0.40917094309197466	2.0	4
DLBCL11664	0.34786958607958673	0.41029106584446656	0.03635270833463963	0.1636099392830405	0.04187670045826658	0.41029106584446656	1.0	1
DLBCL_LS2325	0.22660453944274647	0.19686236852494657	0.410387015905312	0.09850313824852125	0.06764293787847359	0.410387015905312	2.0	2
DLBCL_RICOVER_1192	0.0900095808877143	0.1409488413435569	0.12614800373922766	0.23206411882138245	0.4108294552081187	0.4108294552081187	4.0	4
DLBCL_C_D_1106_NULLPAIR	0.21581365892829127	0.4121039062365113	0.06028473557646954	0.2863262475973608	0.025471451661367016	0.4121039062365113	1.0	1
DLBCL_C_D_1128_NULLPAIR	0.41339239465094385	0.13992192902568643	0.05908805377971202	0.33382468482749267	0.053772937716165065	0.41339239465094385	0.0	0
DLBCL_RICOVER_678	0.4149153818343037	0.32440816806286443	0.08928771134641138	0.14092591649218356	0.030462822264236793	0.4149153818343037	1.0	0
DLBCL10993	0.319055233361516	0.04977533697688201	0.05834443709683297	0.41492552012381645	0.15789947244095245	0.41492552012381645	0.0	3
DLBCL_RICOVER_1289	0.41678536171001057	0.016063253876554377	0.05382848357859412	0.34112562302606947	0.17219727780877142	0.41678536171001057	4.0	0
DLBCL_C_D_1133_NULLPAIR	0.04245224818723547	0.4188598056579951	0.2547107942455632	0.17003990275850625	0.1139372491507	0.4188598056579951	2.0	1
DLBCL_RICOVER_533	0.41946062187176286	0.22489968728485563	0.04701759033479747	0.2822244371517829	0.026397663356800983	0.41946062187176286	1.0	0
DLBCL10522	0.0890400963878704	0.08024895384302393	0.28143670806442783	0.41953841339709247	0.12973582830758534	0.41953841339709247	2.0	3
DLBCL10846	0.1369564082603286	0.1149626033449893	0.42011257579407046	0.2673072979250603	0.060661114675551464	0.42011257579407046	1.0	2
DLBCL10968	0.42329733014076937	0.0414570969428749	0.0188463728373392	0.3307559403334703	0.18564325974554616	0.42329733014076937	0.0	0
DLBCL11661	0.1399476505475517	0.4241555257961183	0.03622093138751938	0.31970793884476506	0.07996795342404552	0.4241555257961183	1.0	1
DLBCL_RICOVER_711	0.21669421666948704	0.2687019759539616	0.018997733178437233	0.427072115648588	0.06853395854952618	0.427072115648588	3.0	3
DLBCL10956	0.31900467985900083	0.4274775961457452	0.036059991051322585	0.13031238745816398	0.08714534548576745	0.4274775961457452	1.0	1
DLBCL_RICOVER_839	0.06765114728357771	0.16470793424651642	0.04853110994255082	0.2904261098414457	0.42868369868590944	0.42868369868590944	1.0	4
DLBCL10848	0.13932724036229188	0.016665203038579702	0.037635071590743994	0.3741551506760088	0.4322173343323755	0.4322173343323755	4.0	4
DLBCL_LS2245	0.4333546630355828	0.22038802765424065	0.15159743448145982	0.17396366286073572	0.02069621196798102	0.4333546630355828	1.0	0
DLBCL11516	0.4344725540841053	0.25383680946924275	0.016323675046338523	0.14524213494834867	0.1501248264519647	0.4344725540841053	1.0	0
DLBC_FF_8043_TP_NB	0.060589946258914694	0.43465627699821036	0.2177639430324882	0.2504641862919397	0.036525647418447	0.43465627699821036	1.0	1
DLBCL11202	0.43528288902798756	0.04913906092913646	0.11312276179069575	0.36750403178243823	0.03495125646974198	0.43528288902798756	0.0	0
DLBCL_LS3809	0.2671210105571221	0.04120583017549967	0.090232526768221	0.16475806878732782	0.4366825637118295	0.4366825637118295	0.0	4
DLBCL10483	0.13965745225326262	0.2212213954209563	0.1024487525909121	0.436794306430603	0.09987809330426599	0.436794306430603	1.0	3
DLBCL_MAYO_DLBCL_3653	0.4410427491560339	0.02205309405991944	0.03966023324903475	0.34064688044799935	0.15659704308701253	0.4410427491560339	0.0	0
DLBCL10973	0.22677311516703824	0.026424062986407326	0.18826726387309617	0.4429759291161984	0.11555962885725989	0.4429759291161984	3.0	3
DLBCL_RICOVER_577	0.18355230697319372	0.050805444001802626	0.28688947310366253	0.44433187501344407	0.034420900907897165	0.44433187501344407	2.0	3
DLBCL10833	0.44450346359594006	0.042440847978491646	0.02123514630643563	0.16993170291179535	0.3218888392073373	0.44450346359594006	4.0	0
DLBCL11441	0.07288905935225798	0.05366333523935909	0.0545914587155285	0.44452557470586795	0.3743305719869865	0.44452557470586795	2.0	3
DLBCL10453	0.2879403368407993	0.15751293883153744	0.028579583159134784	0.4457191813001587	0.08024795986836977	0.4457191813001587	1.0	3
DLBCL11542	0.039097050065267015	0.44696248445381126	0.3065303854644271	0.15362659090538336	0.05378348911111118	0.44696248445381126	2.0	1
DLBCL11194	0.14692341604864234	0.01816146125288514	0.05451359148027556	0.44797744270635953	0.3324240885118375	0.44797744270635953	4.0	3
DLBCL11456	0.09042329865500408	0.15524205349712125	0.44891186114920506	0.24572706983991782	0.059695716858751705	0.44891186114920506	1.0	2
DLBCL_RICOVER_1060	0.45008680092862097	0.09719162147682707	0.05927459436855414	0.35895666994806386	0.03449031327793388	0.45008680092862097	1.0	0
DLBCL11509	0.171006369656249	0.22537511866370516	0.03446731279452245	0.4502635979378271	0.11888760094769617	0.4502635979378271	0.0	3
DLBCL10963	0.12609008925669327	0.45084128281133307	0.0562762409800949	0.19045202648873055	0.17634036046314805	0.45084128281133307	4.0	1
DLBCL_RICOVER_1106	0.031132516142522017	0.0887249087633594	0.04807906455836259	0.4533366947711884	0.37872681576456774	0.4533366947711884	4.0	3
DLBCL10865	0.3311902204155391	0.03752355148401277	0.04774410866856308	0.4534739862301617	0.13006813320172342	0.4534739862301617	4.0	3
DLBCL10541	0.12604301387394212	0.14248222235853295	0.04595282964018343	0.2285532334951916	0.45696870063215	0.45696870063215	1.0	4
DFCIDL003_DT	0.26259763318465323	0.4576039158966926	0.11382020576332762	0.13770879731861707	0.028269447836709545	0.4576039158966926	1.0	1
DLBCL11242	0.15009855586956444	0.03220612679832616	0.027384967111398133	0.33004395290238747	0.46026639731832375	0.46026639731832375	4.0	4
DLBCL11204	0.3039899553396073	0.46028303764063494	0.09633541851532179	0.0645915331035632	0.07480005540087276	0.46028303764063494	1.0	1
DLBCL11482	0.46101422024656336	0.027729414870280588	0.044476848586539004	0.3836853979529604	0.08309411834365668	0.46101422024656336	0.0	0
DLBCL_MC_F089_HCZ	0.11358661472850796	0.4615866244982147	0.049448922390809676	0.13342576602315476	0.24195207235931301	0.4615866244982147	1.0	1
DLBCL_RICOVER_469	0.14093805549122707	0.0379112008913651	0.46323814058957646	0.3347682658234946	0.0231443372043369	0.46323814058957646	2.0	2
DLBCL10542	0.2950135839597212	0.013152089026589556	0.0983526382437674	0.4653251797367923	0.1281565090331296	0.4653251797367923	0.0	3
DLBC_FF_A7CX_TP_NB	0.11082163210703505	0.054350437655466675	0.2677497013310653	0.4657951110623699	0.10128311784406298	0.4657951110623699	4.0	3
DLBCL_RICOVER_787	0.26959710937576636	0.079761367069887	0.4674969968559914	0.16720439375021684	0.015940132948138324	0.4674969968559914	1.0	2
DLBCL11507	0.1764489572994791	0.4678468388420596	0.06917481883363961	0.23068234269043753	0.05584704233438423	0.4678468388420596	1.0	1
DLBCL10854	0.23104131786957868	0.03139877632999506	0.023113100070772722	0.246288450745583	0.4681583549840705	0.4681583549840705	4.0	4
DLBCL10885	0.2326588308581557	0.15682263527793316	0.02732344993904315	0.46949616381677206	0.11369892010809592	0.46949616381677206	1.0	3
DLBCL_RICOVER_221	0.03325991944225911	0.050613146631303986	0.0727770431688611	0.4709563532768942	0.3723935374806816	0.4709563532768942	4.0	3
DLBCL11428	0.30451394869753146	0.035529043514119486	0.47142363281774463	0.17100010854098796	0.0175332664296165	0.47142363281774463	2.0	2
DLBCL11518	0.3337777996178528	0.05854644280091197	0.11819808595092961	0.4735554351096303	0.015922236520675346	0.4735554351096303	2.0	3
DLBCL11573	0.05321787563016793	0.05300768041479025	0.3905733427540236	0.47389883145413225	0.029302269746885955	0.47389883145413225	2.0	3
DLBCL10780	0.20290842146765056	0.4750196763177046	0.07048234564797705	0.20031573268171946	0.051273823884948264	0.4750196763177046	1.0	1
DLBCL11566	0.029187688146041727	0.05830132559833809	0.47508321466973813	0.3311536479994571	0.10627412358642485	0.47508321466973813	2.0	2
DLBCL_RICOVER_866	0.06039040459492308	0.03549292824516807	0.4110515412953052	0.475252615448021	0.01781251041658272	0.475252615448021	2.0	3
DLBCL_C_D_1119_NULLPAIR	0.4753501262250168	0.1521999913795273	0.033657739677986055	0.2943242218721842	0.04446792084528569	0.4753501262250168	1.0	0
DLBCL11534	0.11609132924825676	0.024904752413843892	0.1732787355456618	0.20962449305701983	0.47610068973521785	0.47610068973521785	2.0	4
DLBCL11681	0.25533161992832576	0.023947449463171077	0.11853946034665254	0.12606083523113115	0.47612063503071955	0.47612063503071955	0.0	4
DLBCL10974	0.09274253323619644	0.018800069866748155	0.04547354813379699	0.3646301182207551	0.4783537305425034	0.4783537305425034	3.0	4
DLBCL11471	0.08589937810113464	0.05915021537429887	0.4795047377711982	0.32333570516116733	0.052109963592200985	0.4795047377711982	3.0	2
DLBCL10452	0.05341379190622871	0.4821670080749109	0.11976028263998889	0.23883638238753252	0.10582253499133895	0.4821670080749109	1.0	1
DLBCL10980	0.024020618397118772	0.17220036502063898	0.2056636954320939	0.4827658758578634	0.11534944529228484	0.4827658758578634	4.0	3
DLBCL10922	0.3343396552912026	0.10384894094191127	0.028694600830912936	0.48318087198635506	0.04993593094961806	0.48318087198635506	1.0	3
DLBCL_RICOVER_338	0.41021720832282316	0.02963291307627884	0.0521651828184533	0.4834619420910008	0.024522753691443876	0.4834619420910008	0.0	3
DLBCL11431	0.17035123542360878	0.4855301135620029	0.09186349717232792	0.21474078301665578	0.03751437082540463	0.4855301135620029	4.0	1
DLBCL10851	0.08628451857025062	0.48595946135888	0.0699015675786261	0.1536653023616054	0.20418915013063793	0.48595946135888	1.0	1
DLBCL10859	0.04803237304011919	0.2922801320639523	0.06389396527191883	0.1082357513749497	0.48755777824906005	0.48755777824906005	1.0	4
DLBCL10986	0.48770528877309743	0.0293506574647162	0.0898959696495951	0.33111933412312533	0.06192874998946586	0.48770528877309743	0.0	0
DLBCL_RICOVER_299	0.0621929461513742	0.3636705814086405	0.4931126799137562	0.04310471115070341	0.03791908137552584	0.4931126799137562	1.0	2
DLBCL_C_D_1153_NULLPAIR	0.10472002792912129	0.07145993220548486	0.05353270260262547	0.49402246229233315	0.2762648749704353	0.49402246229233315	3.0	3
DLBCL11004	0.12871992836221408	0.03813428388882697	0.0354415310269714	0.49403265290237347	0.3036716038196141	0.49403265290237347	4.0	3
DLBCL10999	0.036339530453959414	0.05213182797064981	0.13549522895173516	0.49427361483286064	0.281759797790795	0.49427361483286064	4.0	3
DLBCL11595	0.2529832320455353	0.04887348885228455	0.03153328385533416	0.4950365115006573	0.17157348374618872	0.4950365115006573	4.0	3
DLBCL10509	0.4980508531198299	0.3797256091771706	0.019928685993792387	0.06379911372684575	0.03849573798236143	0.4980508531198299	0.0	0
DLBCL_RICOVER_1283	0.4999762855113405	0.02955565616187528	0.054645155578582995	0.39308225826058824	0.022740644487613048	0.4999762855113405	2.0	0
DLBCL10781	0.297270968190857	0.04434980306680746	0.03226277148859683	0.501190171957184	0.12492628529655474	0.501190171957184	4.0	3
DLBCL11683	0.3485560529796595	0.04787698885046621	0.054954910888224885	0.501237492861285	0.04737455442036435	0.501237492861285	2.0	3
DLBCL10495	0.5020374819496255	0.050869186566219485	0.03825752489730108	0.38489987719447855	0.023935929392375373	0.5020374819496255	0.0	0
DLBCL10460	0.21426786419121033	0.502493847252818	0.03684413407441667	0.11532909188673579	0.1310650625948192	0.502493847252818	1.0	1
DLBCL11663	0.5041154032372068	0.10290321261637714	0.025404352030222878	0.2388208703097234	0.12875616180646976	0.5041154032372068	0.0	0
DLBCL10549	0.01921859366064666	0.5073893825612824	0.29689847891192656	0.08845047758385273	0.08804306728229165	0.5073893825612824	1.0	1
DLBCL_C_D_1149_NULLPAIR	0.5082057554377224	0.10833460982408678	0.24951049300833333	0.061801012663907466	0.07214812906594995	0.5082057554377224	1.0	0
DLBC_FF_8046_TP_NB	0.13924561631011456	0.016016151210638725	0.5088035499913627	0.12192196244907524	0.21401272003880883	0.5088035499913627	2.0	2
DLBCL11208	0.5099378710823642	0.25470564116451627	0.03163939923318709	0.14512788679530642	0.05858920172462593	0.5099378710823642	1.0	0
DLBCL11433	0.03708477092479056	0.03222487722188944	0.06300079241456964	0.3571238872817579	0.5105656721569924	0.5105656721569924	3.0	4
DLBCL10981	0.22016514977371515	0.15807350588201963	0.029164214061230993	0.5114932289083096	0.0811039013747246	0.5114932289083096	1.0	3
DLBCL_RICOVER_216	0.04932355613610892	0.02117633622724398	0.2862698996672331	0.13129369951696418	0.5119365084524498	0.5119365084524498	2.0	4
DLBCL_C_D_1166_NULLPAIR	0.11433635967866755	0.18392573515771057	0.06202842294069604	0.12694662834605736	0.5127628538768685	0.5127628538768685	4.0	4
DLBCL_LS4593	0.023601199021042477	0.05609300688093663	0.5131036017889883	0.35878350147831284	0.048418690830719736	0.5131036017889883	2.0	2
DLBCL10972	0.513268368169782	0.04874869819289759	0.10608663844836043	0.19991828205319034	0.1319780131357696	0.513268368169782	0.0	0
DLBCL_C_D_1131_NULLPAIR	0.12647207345025716	0.5132753208335779	0.0822034772156622	0.18180152288033877	0.096247605620164	0.5132753208335779	1.0	1
DLBCL_C_D_1141_NULLPAIR	0.04458131448840663	0.03517353266096918	0.3639138212976345	0.5151013296758521	0.041230001877137615	0.5151013296758521	2.0	3
DLBCL_RICOVER_712	0.04550002824419374	0.04829431441765656	0.061370997832971126	0.5175083528688685	0.32732630663631007	0.5175083528688685	4.0	3
DLBCL10529	0.039448609456298446	0.054234278553789234	0.14954025426248274	0.51798510298394	0.23879175474348965	0.51798510298394	4.0	3
DLBCL_LS4616	0.5212754319341231	0.07259527186478186	0.24599495617648479	0.13471403755827158	0.02542030246633875	0.5212754319341231	2.0	0
DLBCL_RICOVER_701	0.38853662305563674	0.02441742002089743	0.022002306100435787	0.5284229432014232	0.036620707621606755	0.5284229432014232	3.0	3
DLBCL_RICOVER_408	0.24423283344017663	0.5290439360624078	0.10128153931505107	0.09069525135425642	0.034746439828107864	0.5290439360624078	2.0	1
DLBCL_RICOVER_111	0.08179446951319462	0.027935422560820794	0.22106130091542847	0.530798896541539	0.1384099104690171	0.530798896541539	4.0	3
DLBCL11672	0.03863430789783914	0.06478652884792763	0.5308762938470581	0.2698451711727569	0.09585769823441823	0.5308762938470581	2.0	2
DLBCL10914	0.270899131888127	0.034989802323608876	0.05319815872837218	0.5314260738804494	0.10948683317944258	0.5314260738804494	0.0	3
DLBCL10904	0.07364425273558303	0.1390170101949563	0.11608076855825895	0.13965230918885058	0.531605659322351	0.531605659322351	4.0	4
DLBCL10863	0.33927456430434283	0.01900980153589157	0.05503023852335374	0.5320505887789645	0.05463480685744731	0.5320505887789645	3.0	3
DLBCL_LS843	0.05934424542889039	0.030609707889678334	0.5320530268516968	0.155123949568117	0.22286907026161748	0.5320530268516968	2.0	2
DLBCL10838	0.06026785474674849	0.09383095688494207	0.532563347828688	0.15438312838988683	0.15895471214973472	0.532563347828688	4.0	2
DLBCL_LS3820	0.09771931564544938	0.05839033381330405	0.2834168797904519	0.5343507504271895	0.026122720323605193	0.5343507504271895	2.0	3
DLBCL_LS762	0.3565543244146878	0.01990352240508026	0.048049224103375685	0.5343572924486749	0.04113563662818125	0.5343572924486749	2.0	3
DLBCL_MC_F496DMP	0.5351006983231276	0.16685478748576738	0.13853420473360267	0.12000019423695633	0.03951011522054605	0.5351006983231276	1.0	0
DLBCL_RICOVER_1150	0.20284370855556821	0.5356668439062653	0.0337700492169199	0.1749731894679698	0.052746208853276806	0.5356668439062653	0.0	1
DLBCL10917	0.05787953696924474	0.5364829490540558	0.0360450128769316	0.21827687030002357	0.1513156307997443	0.5364829490540558	1.0	1
DLBCL11437	0.3361145125494043	0.02119951417851892	0.03407599067320107	0.537300606437362	0.07130937616151367	0.537300606437362	3.0	3
DLBCL_MC_F815_BAT	0.0605399460844707	0.06847268422125609	0.20271412610683223	0.5397356603031579	0.12853758328428314	0.5397356603031579	2.0	3
DLBCL_RICOVER_1219	0.12989740145904044	0.03826696967195707	0.022683965167430455	0.5399051258136267	0.2692465378879454	0.5399051258136267	4.0	3
DLBCL10971	0.5404324371536214	0.11739620214949088	0.028238179120563155	0.24522957705554765	0.06870360452077685	0.5404324371536214	0.0	0
DLBCL_LS2367	0.5417369220804863	0.0929346285884974	0.06030765082732892	0.17354388923396788	0.1314769092697195	0.5417369220804863	0.0	0
DLBCL_C_D_1136_NULLPAIR	0.06633274403381947	0.5424675383795597	0.02275232441372423	0.30549776009167995	0.06294963308121655	0.5424675383795597	1.0	1
DLBCL_LS3204	0.10165375851831072	0.07754961982882315	0.2628425777424484	0.5427440240725753	0.015210019837842476	0.5427440240725753	1.0	3
DLBCL10881	0.1685894768192457	0.018988748020036816	0.08185795415811215	0.1867300861726379	0.5438337348299676	0.5438337348299676	4.0	4
DLBCL10955	0.3356576513626928	0.031601988798223554	0.044806315073751435	0.5451456257654286	0.04278841899990363	0.5451456257654286	3.0	3
DLBCL_MC_F739_AMA3	0.039156891324626054	0.546642862908252	0.30262018213226266	0.07549198545347743	0.03608807818138183	0.546642862908252	1.0	1
DLBCL11449	0.1252539499315204	0.09070861899893243	0.05365594965821021	0.5495963093996659	0.18078517201167119	0.5495963093996659	1.0	3
DLBCL10873	0.09987170720065765	0.213787744182551	0.0641464335603474	0.5498716396510984	0.07232247540534553	0.5498716396510984	1.0	3
DLBCL10555	0.15839964872737017	0.02609499142212808	0.2383359157638147	0.5525758252823878	0.024593618804299174	0.5525758252823878	2.0	3
DLBCL11353	0.059170509156975304	0.10405720146455992	0.05981483190706592	0.22366292872732216	0.5532945287440767	0.5532945287440767	4.0	4
DLBCL11470	0.5540149296097931	0.023194775484757214	0.0585473558856257	0.31149076784327906	0.05275217117654479	0.5540149296097931	0.0	0
DLBCL_MAYO_DLBCL_5613	0.3018969243411816	0.0504308868349133	0.05056718465157319	0.5571728839535142	0.03993212021881777	0.5571728839535142	0.0	3
DLBCL_MC_F606_DMJ	0.0350275073980735	0.29328832325932347	0.558196159334144	0.07103111112578299	0.042456898882676	0.558196159334144	2.0	2
DLBCL_RICOVER_1046	0.014587048264590669	0.23676583811169405	0.5599588997679764	0.05730516737257852	0.13138304648316043	0.5599588997679764	1.0	2
DLBCL10902	0.1169215906071178	0.037991786843366696	0.5602088161711872	0.052351196737909264	0.23252660964041896	0.5602088161711872	4.0	2
DLBCL11538	0.0327579776813123	0.05814792781317949	0.560245538596604	0.14477317680400778	0.20407537910489643	0.560245538596604	4.0	2
DLBCL10842	0.0956705039156647	0.03808016713003476	0.035026049726956214	0.2707002971248625	0.5605229821024819	0.5605229821024819	4.0	4
DLBCL_C_D_1105_NULLPAIR	0.5617987021530993	0.13916907908745138	0.027081403609193175	0.2356408282363232	0.03630998691393291	0.5617987021530993	1.0	0
DLBCL11526	0.08941844955677677	0.5662496666659586	0.22046215032136524	0.0828380485572891	0.04103168489861034	0.5662496666659586	2.0	1
DLBCL10457	0.12964088462705772	0.03363047327798653	0.023438382648441922	0.24687064413331522	0.5664196153131986	0.5664196153131986	4.0	4
DLBCL_RICOVER_449	0.031096784882436997	0.0783256940980108	0.05215917729748728	0.269292534084369	0.569125809637696	0.569125809637696	4.0	4
DLBCL_RICOVER_314	0.1475932993215711	0.15376969545508054	0.04005561480698696	0.5695144406501582	0.08906694976620323	0.5695144406501582	4.0	3
DLBCL10492	0.20208363041023475	0.03905790007713566	0.016478829625522055	0.1726983295988819	0.5696813102882256	0.5696813102882256	0.0	4
DLBCL_C_D_1157_NULLPAIR	0.05735908522451939	0.04414373099038874	0.5701692970248008	0.2272892927183897	0.10103859404190133	0.5701692970248008	2.0	2
DLBCL10901	0.06243222422373347	0.021812236960248674	0.06665607413233277	0.2780921054294466	0.5710073592542384	0.5710073592542384	4.0	4
DLBCL_RICOVER_977	0.33393360019624346	0.012416036946490332	0.04520555141362738	0.5714917422997368	0.03695306914390205	0.5714917422997368	0.0	3
DLBCL10512	0.2443182716187504	0.03463468838784226	0.11641501215369719	0.5784773065682668	0.02615472127144332	0.5784773065682668	2.0	3
DLBCL11501	0.5786679372686442	0.18827652638754777	0.10838200373409228	0.05773777269245065	0.06693575991726507	0.5786679372686442	0.0	0
DLBCL11484	0.04885915106651778	0.03144822838454636	0.23066481221572893	0.5801095624796856	0.10891824585352139	0.5801095624796856	1.0	3
DLBCL_RICOVER_120	0.5815863546679642	0.023708717785433257	0.1560990024697666	0.21567234488706682	0.02293358018976912	0.5815863546679642	4.0	0
DLBCL11504	0.1501829617410304	0.025566612482355415	0.1345526336575483	0.5818685288115693	0.10782926330749662	0.5818685288115693	4.0	3
DLBCL_C_D_1115_NULLPAIR	0.2841716509329316	0.025357873911660157	0.07511113016574197	0.582521933660728	0.0328374113289383	0.582521933660728	3.0	3
DFCIDL008_DT	0.04811349984723431	0.032502951912637856	0.21865204904074234	0.11410640382828258	0.5866250953711029	0.5866250953711029	4.0	4
DLBCL10858	0.049651245313475284	0.014312585936890365	0.054939788028852826	0.586946239847095	0.29415014087368657	0.586946239847095	3.0	3
DLBCL10484	0.07701732581756518	0.5875221360050805	0.12968547767063165	0.1788613621426907	0.026913698364031874	0.5875221360050805	1.0	1
DLBCL_LS4054	0.5879553282632428	0.15316649198349402	0.030967471015262833	0.20092025058008542	0.02699045815791483	0.5879553282632428	1.0	0
DLBCL10548	0.5893687371853539	0.12970707347412094	0.03584208871627442	0.21823321613786864	0.026848884486382115	0.5893687371853539	0.0	0
DLBCL10467	0.03035175603738256	0.07756608583509123	0.114745357042886	0.1879185170380931	0.5894182840465471	0.5894182840465471	4.0	4
DLBCL_RICOVER_948	0.05019036930725533	0.23758568824554252	0.5912619052315523	0.04433094998913665	0.07663108722651321	0.5912619052315523	1.0	2
DLBCL10908	0.1409034862875807	0.12579000849729882	0.07272390010221894	0.5914884206302717	0.06909418448262991	0.5914884206302717	4.0	3
DLBCL_C_D_1129_NULLPAIR	0.24408862988612814	0.022025643607869367	0.0592078635216319	0.5917917477516714	0.08288611523269915	0.5917917477516714	0.0	3
DLBCL11510	0.26741497949767873	0.034023153102842846	0.01850038503812503	0.08758486919979264	0.5924766131615608	0.5924766131615608	4.0	4
DLBCL11535	0.03877320966148283	0.017708057071456416	0.04393329477200269	0.30571460036538906	0.593870838129669	0.593870838129669	3.0	4
DLBCL10887	0.07830348028517406	0.13130256226090165	0.15218310628582188	0.04070159414145186	0.5975092570266506	0.5975092570266506	4.0	4
DLBCL_C_D_1126_NULLPAIR	0.12372820080509735	0.13599735802431426	0.03651478926830096	0.5976233070767007	0.10613634482558666	0.5976233070767007	1.0	3
DLBCL_RICOVER_1165	0.03974917219016574	0.5977032657733581	0.18641717036632954	0.1127757771914062	0.0633546144787405	0.5977032657733581	1.0	1
DLBCL10879	0.04139438621775058	0.04260161680306082	0.2509858051304295	0.5984290997926276	0.0665890920561315	0.5984290997926276	2.0	3
DLBCL_MC_F729_MAN	0.07858101043026774	0.5985545433459466	0.029300015259975724	0.09143830940509995	0.20212612155871007	0.5985545433459466	1.0	1
DLBCL10995	0.11634930639471622	0.5989221182394399	0.09826839694236145	0.1081945284237937	0.07826564999968881	0.5989221182394399	2.0	1
DLBCL_DFCI_DLBCL_GOE16	0.09227531731709916	0.014611175460784448	0.5997122570206681	0.26603222616772015	0.027369024033728075	0.5997122570206681	2.0	2
DLBCL_LS155	0.034764249055773765	0.03537839499314943	0.2097260305745954	0.6011558890092917	0.1189754363671897	0.6011558890092917	2.0	3
DLBCL_RICOVER_850	0.03472855079617648	0.08144280791799934	0.08553065856443079	0.19645106613334454	0.6018469165880489	0.6018469165880489	4.0	4
DLBCL_RICOVER_1299	0.07044407602154361	0.03596876778124839	0.03889791954847008	0.6021985669647101	0.2524906696840279	0.6021985669647101	4.0	3
DLBCL10987	0.17065743041582138	0.03417289489070466	0.03861185421944248	0.15258421850976983	0.6039736019642616	0.6039736019642616	4.0	4
DLBCL11205	0.6043539069090555	0.041695254985311125	0.028251653991225367	0.2837692577430869	0.04192992637132108	0.6043539069090555	0.0	0
DLBCL11519	0.6061518356314614	0.02983342620370001	0.03671910594608154	0.310578030730369	0.01671760148838814	0.6061518356314614	0.0	0
DLBCL11486	0.12893610211469184	0.042710465268293404	0.14126187110052987	0.6066348794550337	0.08045668206145118	0.6066348794550337	0.0	3
DLBCL10988	0.05292663459799827	0.6074851567916317	0.17011802161149733	0.07944848073253802	0.09002170626633467	0.6074851567916317	1.0	1
DLBCL_C_D_1144_NULLPAIR	0.09897027818964887	0.06355403697670318	0.10821369134092187	0.11947451781885006	0.6097874756738759	0.6097874756738759	4.0	4
DLBCL10899	0.22953889979120842	0.023076203740458146	0.05782905378524124	0.07593417675040723	0.6136216659326851	0.6136216659326851	4.0	4
DLBCL_RICOVER_1190	0.0799329859476156	0.06066542255239254	0.1400248954209627	0.6140883084481643	0.1052883876308649	0.6140883084481643	4.0	3
DLBCL10964	0.038983959951855864	0.033447541096431464	0.05655440668952329	0.6147754256760931	0.2562386665860963	0.6147754256760931	4.0	3
DLBCL10845	0.10724022048076914	0.6220378998689191	0.030701237410631594	0.12284447152165684	0.11717617071802335	0.6220378998689191	1.0	1
DLBCL10502	0.06594900154889424	0.14497970064643234	0.08635971039475392	0.6251555640540375	0.07755602335588202	0.6251555640540375	1.0	3
DLBCL11669	0.05899649585254182	0.02687711577324031	0.21512030293152565	0.6267031745308278	0.07230291091186447	0.6267031745308278	2.0	3
DLBCL10883	0.13029938254270437	0.030493406319565385	0.03680569220160341	0.17554677586761694	0.6268547430685099	0.6268547430685099	4.0	4
DLBCL11515	0.04233424839466753	0.029450098156450468	0.6269092351175115	0.24137372070369553	0.0599326976276749	0.6269092351175115	2.0	2
DLBCL11496	0.626995874878155	0.013858905136159339	0.1368139042277576	0.15628709387011575	0.06604422188781235	0.626995874878155	0.0	0
DLBC_FF_A7CW_TP_NB	0.03364251131916659	0.6279698831587651	0.0427133322799737	0.03474258990902062	0.260931683333074	0.6279698831587651	4.0	1
DLBCL10510	0.12830431602724418	0.15617133831108304	0.031452007236077384	0.6282281067128402	0.0558442317127552	0.6282281067128402	1.0	3
DLBCL10535	0.029148381946188063	0.0646299655287401	0.09562290467852803	0.1818174267824766	0.6287813210640673	0.6287813210640673	4.0	4
DLBCL11512	0.628899695000649	0.05249388352203546	0.034159207543825135	0.25208950515571926	0.03235770877777119	0.628899695000649	0.0	0
DLBCL10966	0.6289199734154826	0.0380430598164764	0.021668917759874767	0.2812561672319183	0.030111881776247955	0.6289199734154826	0.0	0
DLBCL10491	0.17162953484863425	0.07856936080538214	0.038996859197316144	0.6292731618001475	0.08153108334851998	0.6292731618001475	3.0	3
DLBCL11673	0.08328497587372997	0.0890437168660723	0.1763778437997028	0.6301647332827721	0.02112873017772273	0.6301647332827721	1.0	3
DLBCL10454	0.6309770242002459	0.019045153017142033	0.13412068825040557	0.13346380207364533	0.08239333245856104	0.6309770242002459	4.0	0
DLBCL10849	0.10543865721267855	0.6315868625322708	0.06836952347634227	0.11315037116124049	0.08145458561746784	0.6315868625322708	1.0	1
DLBCL11500	0.06632834876744605	0.021394992595874615	0.0848976659289088	0.6320041713797364	0.19537482132803405	0.6320041713797364	4.0	3
DLBCL_MC_F500_ECU	0.06663437467983138	0.1596556113744306	0.07848712894916608	0.6322987988465427	0.06292408615002923	0.6322987988465427	1.0	3
DLBCL11434	0.23278416871738508	0.04429678053665227	0.05823967699403201	0.6343992897171421	0.030280084034788587	0.6343992897171421	0.0	3
DLBCL10962	0.0929191099967679	0.6355098024538237	0.1524115248806339	0.03274269790570398	0.08641686476307056	0.6355098024538237	1.0	1
DLBCL10472	0.08734607779384859	0.02940961755586747	0.6422033578360955	0.22471442341050835	0.016326523403680043	0.6422033578360955	2.0	2
DLBCL11658	0.04579917152195865	0.015156157345688898	0.08316517157847896	0.6442306525679345	0.21164884698593892	0.6442306525679345	3.0	3
DLBCL11448	0.06115475380223989	0.10263809464909598	0.0848535831885806	0.6456082901328922	0.10574527822719129	0.6456082901328922	3.0	3
DLBCL11651	0.03154397341633434	0.016002815383876552	0.6515378346715552	0.1380844759547124	0.16283090057352145	0.6515378346715552	2.0	2
DLBCL11478	0.6522703883865962	0.06412770445586059	0.16213239597787044	0.06641016031127064	0.05505935086840209	0.6522703883865962	0.0	0
DLBCL10921	0.0605260719964832	0.19761953653905745	0.05770226634256522	0.030467969511358738	0.6536841556105354	0.6536841556105354	4.0	4
DLBCL11591	0.019191622081650973	0.6537896444897684	0.246993301894411	0.03499905067496938	0.04502638085920025	0.6537896444897684	1.0	1
DLBCL11474	0.6540590910564229	0.03697876856252931	0.015769763163483056	0.2667116637125364	0.026480713505028387	0.6540590910564229	0.0	0
DLBCL10837	0.15755675118415766	0.06280931710464335	0.028684571203893554	0.6541216328839908	0.09682772762331461	0.6541216328839908	4.0	3
DLBCL_MC_F210_GWC	0.6543304276672168	0.03313767954269003	0.19728284949975392	0.06015223758371519	0.05509680570662411	0.6543304276672168	1.0	0
DLBCL11483	0.04589052457700642	0.023431629546264304	0.19992870227109957	0.0762915513151069	0.6544575922905228	0.6544575922905228	1.0	4
DLBCL10518	0.12175118392218912	0.016695151745992287	0.17449387998021865	0.6548146258149239	0.032245158536676026	0.6548146258149239	2.0	3
DLBCL10450	0.6566347389199415	0.0956022317624858	0.018256081745208475	0.17446048119677232	0.05504646637559197	0.6566347389199415	0.0	0
DLBCL10934	0.051222943905842144	0.10796511426663	0.05358150869709035	0.6567846189133649	0.13044581421707258	0.6567846189133649	1.0	3
DLBCL11454	0.6570300281286076	0.05228764178175241	0.016205398515578714	0.24894611013861995	0.025530821435441407	0.6570300281286076	0.0	0
DLBCL11513	0.17824724403018863	0.05464396553677392	0.036392767518618155	0.6577554958642748	0.07296052705014446	0.6577554958642748	4.0	3
DLBCL10918	0.657913722877523	0.023372893207928538	0.029408353110126764	0.16248720981689355	0.1268178209875282	0.657913722877523	0.0	0
DLBCL10482	0.17993146905908053	0.03222509296938687	0.05302839631921527	0.6581819825544055	0.0766330590979119	0.6581819825544055	0.0	3
DLBCL11581	0.07490831424682252	0.02947909331249731	0.10288933362253493	0.13378087605535113	0.658942382762794	0.658942382762794	4.0	4
DLBCL11447	0.07246427794211491	0.026743268664244875	0.025790035787682755	0.6592796387286709	0.21572277887728658	0.6592796387286709	3.0	3
DLBCL_LS2590	0.028745226627116264	0.03687180360441878	0.03600690263765519	0.2360795324357434	0.6622965346950664	0.6622965346950664	3.0	4
DLBCL11450	0.022041213475623857	0.06305554676862528	0.07745179746036471	0.17264528425175446	0.6648061580436317	0.6648061580436317	4.0	4
DLBCL10550	0.08936879194078058	0.017526726876986504	0.14153255762382147	0.08499282842471331	0.6665790951336981	0.6665790951336981	4.0	4
DLBCL10517	0.06954775966481792	0.6674214476264451	0.09210892558324255	0.051810509918781306	0.11911135720671319	0.6674214476264451	1.0	1
DLBCL10931	0.670031962911228	0.015798403945523076	0.021847578784071925	0.26331178428762714	0.029010270071549802	0.670031962911228	0.0	0
DLBCL10939	0.21766548208136824	0.018561950430106666	0.04839865481116707	0.6706815589377217	0.04469235373963623	0.6706815589377217	3.0	3
DLBCL_C_D_1117_NULLPAIR	0.14926955425725238	0.11421593256657185	0.04299904245024147	0.670942774619361	0.02257269610657318	0.670942774619361	1.0	3
DLBCL_RICOVER_1210	0.0375722577209273	0.6717653356852517	0.08261449121450877	0.17351160781108657	0.03453630756822567	0.6717653356852517	1.0	1
DLBCL10924	0.07521601321722762	0.024235306263001046	0.03683325789278814	0.19191603725319825	0.6717993853737849	0.6717993853737849	4.0	4
DLBCL10878	0.15052226748990857	0.025152900861533028	0.09268679972108582	0.6777422041610899	0.05389582776638266	0.6777422041610899	4.0	3
DLBCL11466	0.1618170464366784	0.06433057290182848	0.06754710309008176	0.6778639187094824	0.028441358861928966	0.6778639187094824	1.0	3
DLBCL10519	0.039622501956227095	0.6785772538296221	0.05881151549864196	0.1449315899246909	0.07805713879081798	0.6785772538296221	1.0	1
DLBCL_LS1921	0.04804516753373716	0.1657063363963865	0.0647465298787899	0.6800714359884121	0.041430530202674405	0.6800714359884121	1.0	3
DLBCL10898	0.6810231547664488	0.09290187744258667	0.04828981830071624	0.09996430579455728	0.077820843695691	0.6810231547664488	4.0	0
DLBCL11429	0.16255679655761004	0.015536943343960875	0.04016254005260419	0.6819814613813528	0.09976225866447196	0.6819814613813528	0.0	3
DLBCL_MC_F927_JHS	0.036834382892475925	0.15470824580001413	0.08335470765413674	0.042198605474793136	0.68290405817858	0.68290405817858	4.0	4
DLBCL_MC_F307_JPS	0.11876779080599653	0.05512498050746111	0.01787429299722206	0.12457199622699018	0.6836609394623301	0.6836609394623301	0.0	4
DLBCL10463	0.03157304026744032	0.012659743203548034	0.052566077277177034	0.21941230495361755	0.6837888342982171	0.6837888342982171	4.0	4
DLBCL11656	0.06385020270568251	0.01643088558755223	0.6856551048839788	0.11871906852261624	0.11534473830017018	0.6856551048839788	2.0	2
DLBCL10782	0.20796867118921036	0.03761814939030065	0.039685332199665836	0.6881107911562786	0.02661705606454462	0.6881107911562786	3.0	3
DLBCL11000	0.022382946768848513	0.04186165647397694	0.07177120744488508	0.175180482728102	0.6888037065841874	0.6888037065841874	4.0	4
DLBC_FF_8062_TP_NB	0.10515196319029765	0.046803129608193134	0.11805629305482158	0.6915200038389394	0.038468610307748174	0.6915200038389394	3.0	3
DLBCL10919	0.696232035971533	0.023629648493761413	0.035689494594913294	0.2153215024705965	0.029127318469195737	0.696232035971533	3.0	0
DLBCL11528	0.08047360856718236	0.07914632408448768	0.10524671260710657	0.6966174688069388	0.03851588593428462	0.6966174688069388	2.0	3
DLBCL10965	0.11303208417843515	0.03602571646638023	0.11726969707142278	0.7031088269407073	0.030563675343054514	0.7031088269407073	3.0	3
DLBCL10869	0.10417346590365847	0.041518710731726215	0.033440409626707086	0.7054151969722707	0.11545221676563754	0.7054151969722707	0.0	3
DLBCL11436	0.12463449655083032	0.08292628765572427	0.04964273615250342	0.7066652863497799	0.03613119329116211	0.7066652863497799	1.0	3
DLBCL10565	0.053855123067961044	0.03039533433163972	0.18625073219417615	0.7075131389432079	0.0219856714630152	0.7075131389432079	3.0	3
DLBCL11462	0.18811752265040685	0.029511321674627035	0.027024344301451304	0.7075955015905143	0.04775130978300043	0.7075955015905143	0.0	3
DLBCL_RICOVER_496	0.15701555797974195	0.7080727612221197	0.07965738951190529	0.04060566945552474	0.014648621830708248	0.7080727612221197	1.0	1
DLBCL10925	0.09125141658077279	0.09569280328937937	0.017933789505181423	0.08564538001152644	0.7094766106131399	0.7094766106131399	4.0	4
DLBCL11480	0.11808519804554322	0.04265320070547288	0.05128244503363321	0.7098723386597325	0.07810681755561807	0.7098723386597325	0.0	3
DLBCL11536	0.037935879712664836	0.06862840543033454	0.10266519462819616	0.7110865379112934	0.07968398231751105	0.7110865379112934	3.0	3
DLBCL11498	0.10872763401049652	0.711742790896816	0.027989562106943616	0.065229360703487	0.08631065228225684	0.711742790896816	1.0	1
DLBCL10459	0.10667154767306715	0.02510624732585897	0.7125918777917527	0.13409979488518578	0.021530532324135373	0.7125918777917527	2.0	2
DLBCL10852	0.08642209406518418	0.030230753640778783	0.02720426176404367	0.7127660313172763	0.14337685921271706	0.7127660313172763	4.0	3
DLBCL_C_D_1156_NULLPAIR	0.17873638676007977	0.039754482397178104	0.02051571236956732	0.714258893929213	0.04673452454396173	0.714258893929213	0.0	3
DLBCL_LS3245	0.05929766828032242	0.7145282360942654	0.06650733766442796	0.09733863879992141	0.06232811916106274	0.7145282360942654	1.0	1
DLBCL10894	0.1397227604399068	0.7145335255160258	0.028728169814489692	0.08498133470950113	0.03203420952007664	0.7145335255160258	1.0	1
DLBCL11346	0.08541726924212763	0.7151720949015313	0.059699716875206324	0.04708129444442964	0.0926296245367051	0.7151720949015313	1.0	1
DLBCL_RICOVER_985	0.09908814605326326	0.041459488243540184	0.0454026919815107	0.7152855850301456	0.09876408869154028	0.7152855850301456	3.0	3
DLBCL_BWH_DLBCL64	0.7162991916092007	0.048828417469821535	0.024088925003768438	0.18886412601795424	0.021919339899255073	0.7162991916092007	1.0	0
DLBCL10910	0.041278698708385166	0.032297428646987224	0.14411354002045437	0.7186039387066866	0.06370639391748663	0.7186039387066866	2.0	3
DLBCL_RICOVER_506	0.03708748960911627	0.16755365571666542	0.04927955880216427	0.024711498276214987	0.721367797595839	0.721367797595839	4.0	4
DLBCL10967	0.03933680376548856	0.030091161402355536	0.06529535944079608	0.7222639903658891	0.14301268502547076	0.7222639903658891	4.0	3
DLBCL_C_D_1135_NULLPAIR	0.08484758086534379	0.7248052847545616	0.03530478208257772	0.1215556838340356	0.03348666846348126	0.7248052847545616	1.0	1
DLBCL10462	0.16671585388244015	0.023444971677344186	0.02681296548088403	0.7255424453898351	0.05748376356949647	0.7255424453898351	0.0	3
DLBCL11590	0.05102967068500842	0.046349591246974575	0.7257678289730221	0.11639928180246994	0.06045362729252498	0.7257678289730221	2.0	2
DLBCL_RICOVER_288	0.059940690689795385	0.7276680474797005	0.11921627849395164	0.06062199432245635	0.03255298901409617	0.7276680474797005	1.0	1
DLBCL10895	0.04106274021692208	0.12486629929189004	0.049017046838421126	0.05673973248043456	0.7283141811723322	0.7283141811723322	4.0	4
DLBCL11671	0.729517221105869	0.019863661195433993	0.05416345228743262	0.17754075095925956	0.01891491445200484	0.729517221105869	0.0	0
DLBCL_LS297	0.021678034132020234	0.040313977248754504	0.729664000020515	0.16768282473799714	0.04066116386071304	0.729664000020515	2.0	2
DLBCL_RICOVER_744	0.13738284100107917	0.019753619129976443	0.7312855085532584	0.08014135656818448	0.03143667474750158	0.7312855085532584	2.0	2
DLBCL10552	0.17453886557341605	0.022582117583346318	0.040151873727469096	0.731372442522086	0.03135470059368259	0.731372442522086	3.0	3
DLBCL_RICOVER_1269	0.056839862356928825	0.03572401497558499	0.05464798549263476	0.7324026770517028	0.1203854601231486	0.7324026770517028	2.0	3
DLBCL11525	0.7345497159512411	0.021479460771717935	0.02502855321383707	0.20578421061782165	0.013158059445382264	0.7345497159512411	2.0	0
DLBCL_LS2154	0.7404650184511824	0.044125549945466705	0.022386524611951626	0.17814799500159373	0.014874911989805485	0.7404650184511824	0.0	0
DLBCL_LS1668	0.11529051450986556	0.05482827583678979	0.050101144415162426	0.7405930184868489	0.03918704675133332	0.7405930184868489	1.0	3
DLBCL11203	0.06042111299005674	0.7408325242225142	0.050591154255639724	0.10413628121113098	0.0440189273206584	0.7408325242225142	1.0	1
DLBCL_C_D_1112_NULLPAIR	0.026042284079154533	0.04658961710849454	0.052125334224229554	0.13262149451438396	0.7426212700737373	0.7426212700737373	2.0	4
DLBCL11464	0.1529828096966674	0.0424897887006689	0.022573284543964796	0.7432241007275903	0.0387300163311087	0.7432241007275903	3.0	3
DLBCL10853	0.0466344743236583	0.014370285445246784	0.12275837818624996	0.06964741841922517	0.7465894436256197	0.7465894436256197	4.0	4
DLBCL_LS2599	0.09157043959755895	0.03832190580765384	0.7467023644542141	0.09510376089519126	0.028301529245381884	0.7467023644542141	2.0	2
DLBCL11469	0.08906495871176805	0.02365159798808746	0.7471379453380197	0.11713803013842124	0.023007467823703574	0.7471379453380197	2.0	2
DLBCL10461	0.06358027950541906	0.7482468507849004	0.033745672206565575	0.03528834735413556	0.11913885014897937	0.7482468507849004	1.0	1
DLBCL_RICOVER_1018	0.12483291489620076	0.06905376312670632	0.03255110605145673	0.7487762652424877	0.024785950683148438	0.7487762652424877	3.0	3
DLBC_FF_A7CQ_TP_NB	0.042754801827913906	0.018356082522289624	0.05855161047876867	0.12982032781038783	0.7505171773606399	0.7505171773606399	4.0	4
DLBCL10903	0.03601634157526016	0.7505360045293514	0.07168272880141263	0.11352535174057943	0.02823957335339637	0.7505360045293514	1.0	1
DLBCL10877	0.16431446893750143	0.03188795338410466	0.034875842444046935	0.7512039801864967	0.017717755047850326	0.7512039801864967	0.0	3
DLBCL11001	0.05084264355435122	0.02235607152307527	0.04659434224235382	0.12701621788686093	0.7531907247933588	0.7531907247933588	4.0	4
DLBCL10957	0.7538401101010227	0.016197078066894778	0.036207213854188756	0.1701909851217943	0.023564612856099523	0.7538401101010227	0.0	0
DLBCL10523	0.03561865211666708	0.01943163888257525	0.754113474840644	0.16407770465997007	0.026758529500143687	0.754113474840644	2.0	2
DLBCL10514	0.03690463473617282	0.03457498447103364	0.7544800178504135	0.15122161198913064	0.022818750953249426	0.7544800178504135	2.0	2
DLBCL_MC_F262_WLC	0.758041425640004	0.01345111778685381	0.01802054682517767	0.17362150557747566	0.036865404170488975	0.758041425640004	0.0	0
DLBCL10490	0.7590929505935612	0.024382496363977234	0.011043076340096944	0.13526573966808744	0.07021573703427719	0.7590929505935612	0.0	0
DLBCL11439	0.08688486583619943	0.014021917483361625	0.03783485801065226	0.10047613252747903	0.7607822261423076	0.7607822261423076	2.0	4
DLBCL10480	0.12001409424186221	0.7620962243857924	0.015241193993580615	0.05400930722575354	0.04863918015301117	0.7620962243857924	1.0	1
DLBCL_LS3200	0.07731726169200503	0.05967044285578241	0.02667253204305951	0.07297210103477976	0.7633676623743733	0.7633676623743733	4.0	4
DLBCL_RICOVER_583	0.03312799993482592	0.10519118212399199	0.055575919945327484	0.04178465066134609	0.7643202473345084	0.7643202473345084	1.0	4
DLBCL10891	0.028593068474156765	0.02096759761760693	0.05291198259518856	0.1308452541534599	0.7666820971595878	0.7666820971595878	4.0	4
DLBCL11440	0.039581584250907347	0.02566223989901507	0.037081887272282475	0.13072573618093972	0.7669485523968554	0.7669485523968554	4.0	4
DLBCL10471	0.10135403875813742	0.03752621202194691	0.01246669205604209	0.08024150723903667	0.7684115499248368	0.7684115499248368	4.0	4
DLBCL_LS1065	0.08595937246729868	0.04336601418596732	0.06815524494355958	0.7684248118017293	0.03409455660144518	0.7684248118017293	1.0	3
DLBCL_C_D_1159_NULLPAIR	0.13537889287453422	0.026227777039974632	0.02876683171773696	0.7695846060056234	0.04004189236213085	0.7695846060056234	3.0	3
DLBCL10888	0.03986835026302106	0.03209237397623968	0.07961846954953575	0.07693628660266295	0.7714845196085406	0.7714845196085406	4.0	4
DLBCL10871	0.1237759437173658	0.028650424482199854	0.04227427413299512	0.7724859894215456	0.03281336824589362	0.7724859894215456	1.0	3
DLBCL10843	0.11050500836092723	0.021518778523754105	0.05543919527546803	0.7757216265389275	0.03681539130092307	0.7757216265389275	0.0	3
DLBCL10935	0.11211755853986836	0.03125878856336887	0.02638160063794095	0.7757483562224778	0.05449369603634401	0.7757483562224778	0.0	3
DLBCL_RICOVER_320	0.776395988892239	0.02589470135530446	0.029939353974584783	0.05836338390300662	0.10940657187486501	0.776395988892239	2.0	0
DLBCL_MC_F132_MLM	0.781291055151763	0.0158235888926297	0.010138924914001224	0.14830626692249937	0.044440164119106715	0.781291055151763	0.0	0
DLBCL10992	0.034475549401106684	0.01949563367046113	0.03619833547570886	0.12811698357655238	0.781713497876171	0.781713497876171	4.0	4
DLBCL10930	0.09275048966786256	0.023553515540748537	0.035046691303893776	0.066006840954917	0.7826424625325781	0.7826424625325781	4.0	4
DLBCL_MC_F218_RAP	0.0856870089107136	0.02229087638033927	0.08893823522246	0.7874225261173425	0.01566135336914451	0.7874225261173425	3.0	3
DLBCL11678	0.06853441241943417	0.02899683289207931	0.08792424967418845	0.7899461289840876	0.024598376030210554	0.7899461289840876	3.0	3
DLBCL_RICOVER_1235	0.02202998242406985	0.78998738868876	0.11363679116564497	0.03741219733983755	0.03693364038168768	0.78998738868876	1.0	1
DLBCL11677	0.7904467777672501	0.020739487335424116	0.04430380267972418	0.10022368052164604	0.04428625169595549	0.7904467777672501	0.0	0
DLBCL_LS378	0.7917188748907157	0.01587867210293948	0.06595040451187201	0.11030026793033186	0.016151780564140992	0.7917188748907157	0.0	0
DLBCL11003	0.7919184904344663	0.09381626553046377	0.012730735739084986	0.0532960953676283	0.048238412928356705	0.7919184904344663	1.0	0
DLBCL11191	0.7920919714157251	0.016991254720891604	0.017284736730577382	0.14980020065265545	0.023831836480150442	0.7920919714157251	0.0	0
DLBCL10893	0.020180585959214747	0.026961208854588997	0.024977122131401675	0.1327606331610003	0.7951204498937943	0.7951204498937943	4.0	4
DLBCL11472	0.12711205908440756	0.015061419832682091	0.0382471626696294	0.7954471416627055	0.024132216750575503	0.7954471416627055	0.0	3
DLBCL10876	0.045118204042761886	0.042972215645567004	0.030316484657965978	0.08505819369977496	0.7965349019539302	0.7965349019539302	4.0	4
DLBCL10936	0.056004649936602265	0.03765192537105529	0.07551706432283847	0.7973374316408881	0.0334889287286159	0.7973374316408881	2.0	3
DLBCL11541	0.7990396898640775	0.03679621534696107	0.07125900604193769	0.047803901206321726	0.045101187540702026	0.7990396898640775	2.0	0
DLBCL10521	0.03687677387449999	0.04029350607983817	0.088366933201544	0.03539907184074251	0.7990637150033754	0.7990637150033754	4.0	4
DLBCL11680	0.06608929477297848	0.01818585296051875	0.8001854447663059	0.10414162299512264	0.011397784505074214	0.8001854447663059	2.0	2
DLBCL_RICOVER_467	0.014600251818475837	0.09684894457044486	0.05246539155732879	0.035051995047226496	0.8010334170065241	0.8010334170065241	1.0	4
DLBCL10909	0.07436839814312383	0.01956844322632054	0.08041135142156562	0.8020352511875055	0.02361655602148452	0.8020352511875055	4.0	3
DLBCL10850	0.061343214693604924	0.8042147450969788	0.04993585208177587	0.031043606701760092	0.05346258142588041	0.8042147450969788	1.0	1
DLBCL10498	0.05231450356261275	0.021290453687026093	0.09953580149900132	0.8051784596829393	0.02168078156842055	0.8051784596829393	2.0	3
DLBCL11468	0.06435124835048149	0.015502949198481613	0.08653550656544019	0.8062984414373962	0.027311854448200605	0.8062984414373962	2.0	3
DLBCL11455	0.09827587547717176	0.016290268601986988	0.04735097201418188	0.8072477703127057	0.030835113593953693	0.8072477703127057	2.0	3
DLBCL10564	0.09076516658160573	0.02311800827595228	0.05099319174547592	0.8083741773951141	0.02674945600185197	0.8083741773951141	3.0	3
DLBCL10488	0.8092475025427106	0.01584580840463014	0.04776424104657748	0.118906752600955	0.00823569540512682	0.8092475025427106	0.0	0
DLBCL10983	0.048312700581564075	0.8111821938517542	0.022869306940719435	0.052804631807164076	0.06483116681879829	0.8111821938517542	1.0	1
DLBCL10503	0.062192515581384285	0.02463904440369564	0.0637118115825728	0.03617072785330835	0.8132859005790389	0.8132859005790389	1.0	4
DLBCL11576	0.04655665784196037	0.02440056014164786	0.04172292500201851	0.8140271748609208	0.07329268215345247	0.8140271748609208	3.0	3
DLBCL11520	0.815695893191473	0.01195592588721047	0.018674171476477	0.0821782271382467	0.07149578230659284	0.815695893191473	0.0	0
DLBCL11533	0.8198228268193704	0.04293150561863208	0.012867855806580132	0.10064535287758233	0.023732458877835125	0.8198228268193704	1.0	0
DLBCL10984	0.01924510000869224	0.045816258960373946	0.0407327053088381	0.07161711113763355	0.8225888245844621	0.8225888245844621	4.0	4
DLBCL_RICOVER_274	0.06721487631265222	0.041778919658996536	0.025005794237276033	0.8253463283852727	0.04065408140580256	0.8253463283852727	3.0	3
DLBCL10970	0.07306212383983939	0.045919289119352565	0.026004825441526266	0.8263157293465616	0.028698032252720104	0.8263157293465616	3.0	3
DLBCL10990	0.05259371663973522	0.03170367179485534	0.028558535503742682	0.06076698650933828	0.8263770895523285	0.8263770895523285	4.0	4
DLBCL11558	0.037320621627639335	0.04006725713379024	0.8274541033428726	0.08076094176810382	0.014397076127593998	0.8274541033428726	2.0	2
DLBCL10868	0.04927753288416207	0.012201197969966299	0.03575355061075741	0.8284096468273043	0.07435807170780992	0.8284096468273043	3.0	3
DLBCL11435	0.828578938654374	0.04053102891837821	0.010522256755162978	0.08284938147886058	0.03751839419322423	0.828578938654374	0.0	0
DLBCL11187	0.019796111091480127	0.01606295363070049	0.043717325081652596	0.08787641358265186	0.832547196613515	0.832547196613515	4.0	4
DLBCL10994	0.08834036128116954	0.015826755395982016	0.03855623241430754	0.8343829918288928	0.022893659079648167	0.8343829918288928	0.0	3
DLBCL_RICOVER_173	0.015763022628337148	0.016047877910439552	0.040885976073829995	0.09277800649691736	0.8345251168904759	0.8345251168904759	4.0	4
DLBCL_RICOVER_780	0.06897036549941096	0.03099130684407098	0.04540403940102491	0.8346579492516686	0.019976339003824558	0.8346579492516686	1.0	3
DLBCL_RICOVER_575	0.05776798167592454	0.029061300770938457	0.06064565015127517	0.8352496381473998	0.017275429254462033	0.8352496381473998	3.0	3
DLBCL_RICOVER_522	0.05135381653055699	0.02323580759449968	0.07362827405077182	0.8369754445190817	0.01480665730508981	0.8369754445190817	2.0	3
DLBCL11574	0.06056080811926194	0.02341091308010194	0.06217203639406862	0.8373956676718165	0.016460574734750988	0.8373956676718165	2.0	3
DLBCL10469	0.07851966727804924	0.015637928848961796	0.030984731778305182	0.8398573540031571	0.03500031809152676	0.8398573540031571	3.0	3
DLBCL10485	0.054985218869089955	0.05099178303754642	0.01377379647711304	0.039470896497999376	0.8407783051182512	0.8407783051182512	4.0	4
DLBCL10566	0.028991777453652487	0.03483603778711757	0.022418907857185668	0.07099660484676715	0.8427566720552772	0.8427566720552772	4.0	4
DLBCL_RICOVER_451	0.8432427502699064	0.030016834725605214	0.017402443528575864	0.09299715997645977	0.01634081149945282	0.8432427502699064	0.0	0
DLBCL_C_D_1109_NULLPAIR	0.07891681774702973	0.014491882312380786	0.036151491263828585	0.8449268764570692	0.025512932219691687	0.8449268764570692	3.0	3
DLBCL_RICOVER_401	0.05771769441786652	0.05750320289174796	0.8456496177784237	0.02132186936009197	0.017807615551869826	0.8456496177784237	1.0	2
DLBCL10906	0.056558606669459104	0.8478023759381987	0.02371868179441633	0.03420772722967236	0.0377126083682535	0.8478023759381987	1.0	1
DLBCL_C_D_1140_NULLPAIR	0.052677640254811996	0.021933899880678433	0.054270090047010375	0.8480863642591828	0.02303200555831634	0.8480863642591828	4.0	3
DLBCL11195	0.026102468061762665	0.03617607402851002	0.01790809822303087	0.07040726467404733	0.8494060950126491	0.8494060950126491	4.0	4
DLBCL10961	0.01724170645322833	0.05074905848329148	0.029698924424196877	0.05237813467707886	0.8499321759622045	0.8499321759622045	4.0	4
DFCIDL004_DT	0.04584277829591304	0.011294981672740853	0.03928169725603589	0.8512218891798348	0.05235865359547544	0.8512218891798348	4.0	3
DLBCL11491	0.053269849466752166	0.0163325436079431	0.05166591863462831	0.8517977952352197	0.026933893055456667	0.8517977952352197	3.0	3
DLBCL11523	0.061543987794169065	0.017225935614365608	0.027455049341952774	0.8538792292216563	0.03989579802785634	0.8538792292216563	0.0	3
DLBCL_C_D_1163_NULLPAIR	0.0169359109940975	0.011518385140728341	0.05032356375248328	0.06641610115393241	0.8548060389587585	0.8548060389587585	4.0	4
DLBCL_LS1395	0.01948629228201026	0.04643105497431719	0.8558287765274661	0.060113516877171286	0.018140359339035152	0.8558287765274661	2.0	2
DLBCL10464	0.0790572150961936	0.029817065429566345	0.8574661320740173	0.02275901649337495	0.010900570906847814	0.8574661320740173	2.0	2
DLBCL_RICOVER_335	0.027201793467741826	0.8588292226964922	0.01694104878088794	0.062204381407312555	0.03482355364756547	0.8588292226964922	1.0	1
DLBCL10532	0.043316082098788955	0.014636540565845771	0.040461603154796	0.8600920181799803	0.04149375600058899	0.8600920181799803	4.0	3
DLBCL11679	0.08324647905993489	0.8617686755020778	0.015155125033327886	0.018419685682986558	0.021410034721672893	0.8617686755020778	1.0	1
DLBCL11564	0.06712982020282389	0.01972605135868573	0.02768926185245929	0.8628048689047824	0.022649997681248667	0.8628048689047824	3.0	3
DLBCL10486	0.8666771575270941	0.014332752941590138	0.03126001839297492	0.0786099216044727	0.009120149533868156	0.8666771575270941	0.0	0
DLBCL_LS3749	0.021121995372471676	0.8670025837059432	0.05226273171598448	0.048028729346822965	0.011583959858777746	0.8670025837059432	1.0	1
DLBCL10513	0.053759216194590724	0.020794874845141986	0.03813214518832488	0.8674801143985886	0.019833649373353832	0.8674801143985886	3.0	3
DLBCL10456	0.047243315213765256	0.016124391741651176	0.02748122305441376	0.8684301708924026	0.04072089909776724	0.8684301708924026	3.0	3
DLBCL_RICOVER_617	0.05555444865430775	0.01690680172717103	0.029768643323616693	0.8697488129319152	0.028021293362989332	0.8697488129319152	3.0	3
DLBCL10544	0.03760578901321734	0.012848257588444172	0.030519767098924726	0.870316069937153	0.04871011636226072	0.870316069937153	3.0	3
DLBCL10553	0.04164823373966514	0.01645573780568841	0.03908589006730773	0.870666905294886	0.0321432330924527	0.870666905294886	3.0	3
DLBCL10527	0.0574374168013035	0.01590039935831733	0.03800374474507915	0.8713699673931704	0.017288471702129642	0.8713699673931704	3.0	3
DLBCL10897	0.8721436369015011	0.012634092757222153	0.012227535754091117	0.08446146696841474	0.018533267618770895	0.8721436369015011	0.0	0
DLBCL10915	0.04674671605505329	0.021896045097155904	0.03313846387666361	0.87464085617441	0.0235779187967172	0.87464085617441	4.0	3
DLBCL_RICOVER_910	0.8748431366728147	0.01903853952039886	0.020907831128206485	0.07004015502651936	0.015170337652060632	0.8748431366728147	0.0	0
DLBCL11659	0.06210394174455631	0.015834334196363466	0.029965754116029746	0.8748926498509222	0.017203320092128268	0.8748926498509222	3.0	3
DLBCL11565	0.030762083466236316	0.8753238744421943	0.020880474752094983	0.045888670003021735	0.02714489733645271	0.8753238744421943	1.0	1
DLBCL_RICOVER_978	0.04757566182845156	0.021009887500924536	0.029568914326553137	0.8767192277138544	0.025126308630216417	0.8767192277138544	2.0	3
DLBCL_LS1098	0.0231023248387135	0.015746571361256675	0.8779083881408379	0.07203522923512637	0.011207486424065462	0.8779083881408379	2.0	2
DLBCL_RICOVER_267	0.025418674478487252	0.009598745770788071	0.8782382180239573	0.06963523278935	0.017109128937417416	0.8782382180239573	2.0	2
DLBCL_C_D_1139_NULLPAIR	0.04606448789605405	0.021745459115249145	0.02251273672673595	0.8790725241104373	0.03060479215152353	0.8790725241104373	3.0	3
DLBCL_RICOVER_1204	0.04730703906994279	0.016284144828074155	0.02902722148597033	0.8808844340271952	0.026497160588817594	0.8808844340271952	3.0	3
DLBCL_RICOVER_1032	0.016232458784336844	0.06087287197631284	0.01192836420805908	0.028521726668006526	0.8824445783632847	0.8824445783632847	4.0	4
DLBCL_C_D_1103_NULLPAIR	0.038703757219675526	0.020538539294582308	0.032858972404402643	0.8829432163779782	0.024955514703361277	0.8829432163779782	3.0	3
DLBCL11196	0.040256449429026155	0.013744944631544838	0.02877409217252965	0.8835570230883274	0.033667490678572	0.8835570230883274	3.0	3
DLBCL_RICOVER_956	0.032125836737759594	0.013187443055836254	0.03528947331371283	0.8837454855398376	0.035651761352853736	0.8837454855398376	4.0	3
DLBCL_MAYO_DLBCL_234	0.0484691708686946	0.012983818156217821	0.03580292228228115	0.8850035893366548	0.01774049935615161	0.8850035893366548	2.0	3
DLBCL_C_D_PAIR13	0.8856198298494873	0.021285618594769726	0.02788153947454913	0.04745894099691839	0.017754071084275513	0.8856198298494873	4.0	0
DLBCL_RICOVER_1045	0.052137416892318836	0.012954305805782988	0.029565860876081408	0.8876285955318682	0.01771382089394847	0.8876285955318682	3.0	3
DLBCL10950	0.887701261920298	0.008930035648712814	0.01603192791398435	0.07074727867875631	0.0165894958382486	0.887701261920298	0.0	0
DLBCL_RICOVER_1061	0.044824256692995244	0.011248487181968742	0.0402772536117643	0.8878059997146114	0.01584400279866036	0.8878059997146114	3.0	3
DLBCL_LS1757	0.8882167296647961	0.021050491443582738	0.015768120647260655	0.047939730589003415	0.02702492765535698	0.8882167296647961	0.0	0
DLBCL_C_D_1125_NULLPAIR	0.01947657204542833	0.04322013670644347	0.019064734042416695	0.029550080122332786	0.8886884770833787	0.8886884770833787	4.0	4
DLBCL11511	0.8903096701764193	0.014182278682141315	0.00924052133784535	0.07322506506493259	0.01304246473866147	0.8903096701764193	0.0	0
DLBCL_MC_F139_LJF	0.043636537911893356	0.016717529137836598	0.0315476236878834	0.8911333796599319	0.016964929602454788	0.8911333796599319	3.0	3
DLBCL11655	0.04999368775735151	0.012746989102393209	0.0262046071607249	0.8914359048525126	0.019618811127017837	0.8914359048525126	3.0	3
DLBCL_C_D_1148_NULLPAIR	0.05032861017219081	0.011476040791994876	0.028207962651516986	0.8914598393188594	0.018527547065437872	0.8914598393188594	0.0	3
DLBCL11481	0.8946170210268715	0.005378455786706608	0.02130227442424954	0.05556001217187553	0.023142236590296895	0.8946170210268715	0.0	0
DLBCL10547	0.042756055822560764	0.015508381560378781	0.024481999684769405	0.8946320906159061	0.022621472316384922	0.8946320906159061	3.0	3
DLBCL11002	0.04408655083717364	0.0141888575095092	0.027283665476539296	0.8946605823558522	0.01978034382092562	0.8946605823558522	3.0	3
DLBCL10875	0.8958115351488493	0.019133590614511156	0.015053755915617537	0.05131386234523136	0.018687255975790667	0.8958115351488493	0.0	0
DLBCL10900	0.020148743939498368	0.02029396440397195	0.014490058132001686	0.04799451808394745	0.8970727154405805	0.8970727154405805	4.0	4
DLBCL_C_D_1151_NULLPAIR	0.05079415771670001	0.01344709806700562	0.023195492591948686	0.897164720230337	0.015398531394008631	0.897164720230337	3.0	3
DLBCL_RICOVER_361	0.042641219549785024	0.015045294159495666	0.021612089538520514	0.8987150789116827	0.021986317840516117	0.8987150789116827	3.0	3
DLBCL11459	0.03503990276723968	0.013134784287669241	0.03486150674981747	0.898877929447253	0.018085876748020657	0.898877929447253	3.0	3
DLBCL11527	0.03743103328227042	0.015011856869050773	0.02515622719078396	0.8988799185052971	0.023520964152597676	0.8988799185052971	3.0	3
DLBCL10978	0.036105121528973716	0.012750331731140365	0.033663549473661646	0.9000627880174006	0.01741820924882365	0.9000627880174006	3.0	3
DLBCL_LS2357	0.03443349141570432	0.014109505356829076	0.027579416281298594	0.9014901686355528	0.022387418310615203	0.9014901686355528	3.0	3
DLBCL11495	0.9022213846851136	0.008714179855936336	0.010239214651541534	0.03716486223579123	0.04166035857161728	0.9022213846851136	4.0	0
DLBCL11467	0.03615977290932633	0.01343086695139367	0.026739076346986513	0.9031514573713672	0.020518826420926374	0.9031514573713672	3.0	3
DLBCL10927	0.041017108715802775	0.012495498675127692	0.024944664941072184	0.9033075815064758	0.01823514616152147	0.9033075815064758	3.0	3
DLBCL_RICOVER_950	0.0378353969492112	0.013300849544920347	0.028442769931417693	0.9037350610494561	0.016685922524994616	0.9037350610494561	3.0	3
DLBCL_C_D_1130_NULLPAIR	0.905616329388288	0.014917419160639257	0.010046961824062816	0.06020793225814347	0.009211357368866514	0.905616329388288	0.0	0
DLBCL10932	0.03996636451976332	0.013055899834348983	0.025340328388455017	0.9061500769912646	0.01548733026616803	0.9061500769912646	3.0	3
DLBC_FF_A7CR_TP_NB	0.020962660063889433	0.008525532687917293	0.018552259304949168	0.04564656454399222	0.9063129833992519	0.9063129833992519	4.0	4
DLBCL11460	0.038037281090284064	0.014351064750142478	0.024481519386553893	0.9063574754030639	0.01677265936995564	0.9063574754030639	3.0	3
DLBCL10497	0.03966157115709282	0.011801656847231083	0.0234317853589131	0.9089823130232135	0.016122673613549427	0.9089823130232135	3.0	3
DLBCL10451	0.9106549215107064	0.00503578377180568	0.023821521258603207	0.04882267559834888	0.011665097860535845	0.9106549215107064	0.0	0
DLBCL10896	0.912885732479178	0.01320689360601591	0.006343318547482897	0.048894711896001086	0.018669343471322035	0.912885732479178	0.0	0
DLBCL11188	0.0157544342016639	0.9130484300839613	0.026907013224511698	0.03061405768660497	0.013676064803258087	0.9130484300839613	1.0	1
DLBCL10466	0.009947757618173318	0.027056724112572286	0.914378039400019	0.027575472591134506	0.021042006278100885	0.914378039400019	2.0	2
DLBCL10913	0.9172011908962393	0.009025568058248142	0.00911814742593741	0.05536390788255611	0.009291185737019012	0.9172011908962393	0.0	0
DLBCL_RICOVER_473	0.919677080315245	0.01581004754554427	0.029867004520188537	0.02671895909262062	0.007926908526401554	0.919677080315245	0.0	0
DLBCL11458	0.02456111264696273	0.014641167042533168	0.9221412406772092	0.026907095770501068	0.011749383862793877	0.9221412406772092	2.0	2
DLBCL_MAYO_DLBCL_7359	0.028061466971517908	0.9235517056816699	0.01060133763270368	0.01742755346104504	0.0203579362530635	0.9235517056816699	1.0	1
DLBCL_C_D_1113_NULLPAIR	0.017976850962354622	0.013698291912234982	0.9244808668493493	0.024737100770186926	0.019106889505874164	0.9244808668493493	2.0	2
DLBCL10530	0.014814463992154402	0.01931366036658277	0.017900289607458493	0.0210204700061249	0.9269511160276794	0.9269511160276794	4.0	4
DLBCL11537	0.9270347813004788	0.013841447504390198	0.008593068240030786	0.01954983044714244	0.030980872507957807	0.9270347813004788	0.0	0
DLBCL_C_D_1152_NULLPAIR	0.017887502082899635	0.92731630580751	0.021335428478710835	0.021517903041051167	0.011942860589828344	0.92731630580751	1.0	1
DLBCL10458	0.927665972633551	0.008507442066354691	0.012767391829278538	0.041612281362465184	0.009446912108350625	0.927665972633551	0.0	0
DLBCL11666	0.007416727432559723	0.020957312629500624	0.9278663739031197	0.031347040912422526	0.012412545122397466	0.9278663739031197	2.0	2
DLBCL10928	0.9278962934227726	0.008450369695132758	0.019264310292280394	0.03712827379670137	0.00726075279311288	0.9278962934227726	0.0	0
DLBCL11443	0.930168981565942	0.0063063297966313905	0.026491555422534886	0.02589506579249411	0.011138067422397632	0.930168981565942	0.0	0
DLBCL11670	0.008154321651316958	0.011700531739611856	0.9317577261941019	0.034513076793529475	0.0138743436214398	0.9317577261941019	2.0	2
DLBCL10880	0.011037766332430874	0.014514825684826132	0.017599394360635814	0.024716969967495533	0.9321310436546116	0.9321310436546116	4.0	4
DLBCL_C_D_1108_NULLPAIR	0.013705993164273966	0.9344347601454576	0.014017034432125522	0.009497356159515835	0.028344856098627122	0.9344347601454576	1.0	1
DLBCL_MC_F349_BJJ	0.017284578356416783	0.008744864170808948	0.9345948007773606	0.03179241988808294	0.0075833368073307044	0.9345948007773606	2.0	2
DLBCL_MC_F502_RFK	0.006771808750467018	0.9351440164195227	0.02889503509669332	0.014025622324839514	0.015163517408477389	0.9351440164195227	1.0	1
DLBCL10864	0.009561031161518789	0.011819168392067241	0.021851807015983424	0.021318117671753182	0.9354498757586773	0.9354498757586773	4.0	4
DLBCL10884	0.9369771121989834	0.00585691052394882	0.0071777255415903934	0.036780419953606994	0.013207831781870367	0.9369771121989834	0.0	0
DLBCL10959	0.9373271921616391	0.009440075423682415	0.004841927162424255	0.037297691219407215	0.011093114032847047	0.9373271921616391	0.0	0
DLBCL11676	0.9379029012268454	0.0079197858779017	0.013242706740290312	0.03457945823023858	0.006355147924724023	0.9379029012268454	0.0	0
DLBCL_LS4619	0.0056912098995971	0.013211163517849667	0.014246928710305716	0.02799381279958141	0.9388568850726661	0.9388568850726661	4.0	4
DLBCL11662	0.939509291641369	0.011154886698731057	0.005054814696900533	0.031291562100871445	0.012989444862127983	0.939509291641369	0.0	0
DLBCL10465	0.010885034445954579	0.016895638782227416	0.9395120692986699	0.017741497310759635	0.014965760162388498	0.9395120692986699	2.0	2
DLBCL_RICOVER_1248	0.010069690780861795	0.010153510781609181	0.00853537050763736	0.03111987995792675	0.9401215479719649	0.9401215479719649	4.0	4
DLBCL11457	0.9404933629433645	0.005404872748179148	0.011036212606370981	0.03435445135709045	0.008711100344994956	0.9404933629433645	0.0	0
DLBCL_RICOVER_945	0.9410196539732075	0.013220177577941803	0.004468851512780446	0.02883184233801686	0.012459474598053315	0.9410196539732075	0.0	0
DLBCL_RICOVER_826	0.9445928112531808	0.005322081573762006	0.009063461528713757	0.029962726935165863	0.011058918709177551	0.9445928112531808	0.0	0
DLBCL10911	0.012588912874154125	0.9475431124068812	0.02016552757292347	0.011592261114860785	0.00811018603118041	0.9475431124068812	1.0	1
DLBCL10945	0.9475546221247774	0.005132868612816467	0.005312032437590584	0.029712771201581115	0.012287705623234437	0.9475546221247774	0.0	0
DLBCL10857	0.007041265107992857	0.013001417124260582	0.009382100275909295	0.022845634245657744	0.9477295832461795	0.9477295832461795	4.0	4
DLBCL11461	0.9494519944905353	0.006898831680979803	0.008477957377306847	0.029795232203803975	0.005375984247374091	0.9494519944905353	0.0	0
DLBCL10862	0.005803087414951547	0.01399242332627616	0.011226374644424775	0.019374889135346424	0.9496032254790011	0.9496032254790011	4.0	4
DLBCL10996	0.9496851478516619	0.004285013078236312	0.010276880350076074	0.025206965756062932	0.010545992963962811	0.9496851478516619	0.0	0
DLBCL_C_D_1114_NULLPAIR	0.950235532025516	0.0042700958086353095	0.008158687730286171	0.02944186473543908	0.00789381970012339	0.950235532025516	0.0	0
DLBCL10515	0.9503056343489132	0.006618484600589893	0.006267013585096083	0.02494449509131032	0.011864372374090448	0.9503056343489132	0.0	0
DLBCL_RICOVER_134	0.008335155212330086	0.016632097071439634	0.011879995073999488	0.011184264491286117	0.9519684881509447	0.9519684881509447	4.0	4
DLBCL11539	0.9525611693408013	0.0034564849765187193	0.008818962357823796	0.027927327944156758	0.007236055380699446	0.9525611693408013	0.0	0
DLBCL_RICOVER_174	0.016271381438398076	0.953710869154939	0.0077218438768680234	0.010561467981295338	0.011734437548499644	0.953710869154939	1.0	1
DLBCL10856	0.008355793612986552	0.01224469628899186	0.012535360326554544	0.012075036196091246	0.9547891135753758	0.9547891135753758	2.0	4
DLBCL11430	0.9550039401451937	0.00593628421135925	0.005492462936650314	0.02633518282609962	0.0072321298806970755	0.9550039401451937	0.0	0
DLBCL_RICOVER_829	0.9588104653363748	0.006787214406141041	0.004132525913560701	0.02245326890734919	0.007816525436574247	0.9588104653363748	0.0	0
DLBCL_LS3499	0.9597830917324779	0.004332191428285911	0.005479153560387808	0.023783764820011932	0.006621798458836508	0.9597830917324779	3.0	0
DLBCL_RICOVER_1293	0.00975920449107138	0.00821276515763348	0.008970457769210112	0.010688605460344176	0.9623689671217408	0.9623689671217408	4.0	4
DFCIDL010_DT	0.9638516113071552	0.0036037950359769032	0.005780100387094657	0.020939743076775343	0.0058247501929978235	0.9638516113071552	0.0	0
DLBCL_C_D_1123_NULLPAIR	0.9664664410599769	0.006018543378101673	0.006458207772121505	0.017153662457760774	0.003903145332039144	0.9664664410599769	0.0	0
DLBCL_RICOVER_685	0.004158427476793667	0.008958587242437265	0.005588511859725341	0.01337462796744393	0.9679198454535998	0.9679198454535998	4.0	4
DLBCL11476	0.006254464064854287	0.005161206409169192	0.009384591734571793	0.010283430449350836	0.9689163073420539	0.9689163073420539	4.0	4
DLBCL11569	0.006246078218641042	0.007690905543004463	0.9697663624261589	0.013057389269421269	0.0032392645427743146	0.9697663624261589	2.0	2
DLBCL11477	0.9701175208860976	0.004228389465238045	0.0038091049677735174	0.014076341109735767	0.007768643571155051	0.9701175208860976	0.0	0
DLBCL_RICOVER_440	0.006147052302708172	0.970374908189726	0.01315261827506648	0.004177917098582035	0.006147504133917277	0.970374908189726	2.0	1
DLBCL11488	0.9708579300235114	0.003759518929975918	0.003559834979380361	0.017003140236344923	0.00481957583078738	0.9708579300235114	0.0	0
DLBCL10975	0.9718751988000459	0.002745506932581548	0.003987960819328174	0.01551957757267897	0.005871755875365403	0.9718751988000459	0.0	0
DLBCL10912	0.9728648889515631	0.004422207929386636	0.003197655117230782	0.01520696115221386	0.004308286849605637	0.9728648889515631	0.0	0
DLBCL11685	0.006102989069496158	0.004386026372924622	0.9755320721169001	0.010232801129422422	0.0037461113112567303	0.9755320721169001	2.0	2
DLBCL10534	0.0038242195779590715	0.0074391020689526625	0.0043675177963479325	0.008324551283429864	0.9760446092733105	0.9760446092733105	4.0	4
DLBCL10836	0.0050087195294845595	0.005446354172925654	0.004504426098345373	0.008987865731230971	0.9760526344680135	0.9760526344680135	4.0	4
DLBCL10977	0.005761116771831228	0.004984220238374858	0.005866463252868619	0.007084352665536142	0.9763038470713892	0.9763038470713892	4.0	4
DLBCL_LS146	0.0043189459932551095	0.9803643337888608	0.005134688977166782	0.005005864555796913	0.0051761666849204305	0.9803643337888608	1.0	1
DLBCL10525	0.9805977898188519	0.0019118923269937046	0.005086154180542201	0.008891576186266008	0.0035125874873462104	0.9805977898188519	0.0	0
DLBCL_RICOVER_253	0.0046343089195714435	0.9825135528301092	0.004469364254863919	0.00414633176215863	0.004236442233296769	0.9825135528301092	1.0	1
DLBCL10834	0.004592228027381662	0.9827304821184311	0.004017351255240617	0.004374358948456978	0.004285579650489717	0.9827304821184311	1.0	1
DLBCL10889	0.003930244454862767	0.0032867882198758416	0.0030803615480532462	0.005990375691514791	0.9837122300856933	0.9837122300856933	4.0	4
DLBCL_LS2089	0.0026238162619537765	0.9853201558742354	0.003805267629943472	0.0030816485527156903	0.005169111681151719	0.9853201558742354	1.0	1
DLBCL11667	0.0029718125314435392	0.002999673610409358	0.985585726092418	0.005699284432949663	0.0027435033327794325	0.985585726092418	2.0	2
DLBCL10997	0.9887291038014575	0.0013221156128141835	0.001796485468233639	0.005902202074122954	0.0022500930433717314	0.9887291038014575	0.0	0
DLBCL10890	0.0017545052939111768	0.003049457615320449	0.0023143994312017774	0.0035298871735821064	0.9893517504859844	0.9893517504859844	4.0	4
DLBCL_MC_F519_ALT	0.0015900876876012422	0.0028371264134834863	0.0021059870229359306	0.0029287167036648083	0.9905380821723145	0.9905380821723145	4.0	4
DLBCL10860	0.0011465461779029216	0.0020385779224956504	0.002195716767036853	0.00225318561661261	0.992365973515952	0.992365973515952	4.0	4
DLBCL10951	0.0004739108039664218	0.0007362077970459353	0.000652098211120521	0.0007950223400670311	0.9973427608478	0.9973427608478	4.0	4
