	C1	C2	C3	C4	C5	Confidence	True Cluster	Predicted Cluster
DLBCL_RICOVER_111	0.2329912132666272	0.05734154088875021	0.29080451185194217	0.24117433294994445	0.17768840104273592	0.29080451185194217	4.0	2
DLBCL10876	0.2047625215385068	0.20188639269732467	0.03815247475083258	0.2944913115926837	0.26070729942065224	0.2944913115926837	4.0	3
DLBCL_LS1395	0.20056647451206003	0.17157587184647385	0.09402350065232305	0.2223895014917381	0.3114446514974051	0.3114446514974051	2.0	4
DLBCL10529	0.3173388204551713	0.20958377559642918	0.0422034789842149	0.26011532664561415	0.17075859831857054	0.3173388204551713	4.0	0
DLBCL10983	0.3184913812563288	0.22561232300530093	0.04648791608790055	0.16838568098198922	0.24102269866848036	0.3184913812563288	1.0	0
DLBCL_LS2245	0.11302887075347985	0.32275216332523016	0.2892283499833532	0.19597049063628388	0.07902012530165285	0.32275216332523016	1.0	1
DLBCL11455	0.32339138168881326	0.05506192058787424	0.1133829801246572	0.27696219936745925	0.2312015182311959	0.32339138168881326	2.0	0
DLBCL_RICOVER_473	0.2820793347991409	0.27270669364470124	0.031749969729354344	0.3253582331211569	0.0881057687056466	0.3253582331211569	0.0	3
DLBCL10836	0.3287221988439259	0.02349681624163253	0.10481052066606161	0.29460637938492945	0.24836408486345055	0.3287221988439259	4.0	0
DLBCL11652	0.26977239385471374	0.21723793058531515	0.09594700967222955	0.329044030191467	0.0879986356962746	0.329044030191467	0.0	3
DLBCL11449	0.16867248170796137	0.11819312158856292	0.0969052362601422	0.3302254831781648	0.2860036772651687	0.3302254831781648	1.0	3
DLBC_FF_8046_TP_NB	0.30453299487414714	0.030139977997694224	0.339069548753378	0.26236319187111357	0.06389428650366696	0.339069548753378	2.0	2
DLBCL_RICOVER_744	0.34053487286866546	0.021700485513984836	0.16360789659465258	0.21414888212460967	0.26000786289808764	0.34053487286866546	2.0	0
DLBCL_RICOVER_1046	0.2074755200049054	0.34186739194038135	0.1688351013325331	0.09178721684130962	0.1900347698808705	0.34186739194038135	1.0	1
DLBCL_LS4592	0.28748456503160336	0.030604208281157882	0.2343908700773633	0.3427464206839833	0.10477393592589215	0.3427464206839833	2.0	3
DLBCL_C_D_1129_NULLPAIR	0.2604996634019832	0.02614645006249063	0.1903455842688549	0.3428791876944024	0.18012911457226877	0.3428791876944024	0.0	3
DLBCL_C_D_1133_NULLPAIR	0.07913124624532494	0.044651592596272834	0.22792093094666674	0.30164420356461286	0.3466520266471226	0.3466520266471226	2.0	4
DLBCL10461	0.3525910857395807	0.19119916089275016	0.07049014226818115	0.289471185369592	0.09624842572989603	0.3525910857395807	1.0	0
DLBCL_RICOVER_1278	0.10321832460752615	0.21224503126108615	0.07719753122919375	0.2540948499137361	0.3532442629884579	0.3532442629884579	4.0	4
DLBCL_RICOVER_720	0.12025865356584378	0.35371671815092787	0.046003832199212814	0.21288933925440265	0.2671314568296128	0.35371671815092787	4.0	1
DLBCL10930	0.3537723777139454	0.09520165167642428	0.03994678613586246	0.3032591335983097	0.2078200508754583	0.3537723777139454	4.0	0
DLBCL_MC_F089_HCZ	0.20052864918197733	0.24293830125396765	0.0826075565105825	0.3559765283405271	0.11794896471294539	0.3559765283405271	1.0	3
DLBCL11491	0.2578457329337457	0.03258063027052172	0.10119902443146245	0.35664577717041973	0.2517288351938504	0.35664577717041973	3.0	3
DLBCL_RICOVER_1287	0.20637988160162965	0.06367342337442032	0.06334019931684905	0.3071623106990412	0.3594441850080598	0.3594441850080598	4.0	4
DLBCL10957	0.35998657747075247	0.1581050712065815	0.12248059284313234	0.3050659866165355	0.0543617718629982	0.35998657747075247	0.0	0
DLBCL_RICOVER_401	0.3187378670444124	0.1630785000572786	0.36003304039402767	0.13721744986412138	0.020933142640159923	0.36003304039402767	1.0	2
DLBCL11202	0.36018120656092384	0.1842600825690592	0.2098477694766467	0.17469995361300222	0.07101098778036807	0.36018120656092384	0.0	0
DLBCL10856	0.1609272827666173	0.06710428247362951	0.2541374561541468	0.1555311321767871	0.36229984642881924	0.36229984642881924	2.0	4
DLBCL_RICOVER_1106	0.16176136799465607	0.07669345488308679	0.12422357005478511	0.274920440360541	0.3624011667069309	0.3624011667069309	4.0	4
DFCIDL003_DT	0.04565548872487951	0.2465349164466606	0.25017947130278084	0.3624314828010177	0.09519864072466139	0.3624314828010177	1.0	3
DLBCL11507	0.36461303938044454	0.20423649714665146	0.1716351847271248	0.19303640604524985	0.06647887270052946	0.36461303938044454	1.0	0
DLBCL11500	0.36515160687733467	0.14484262575441156	0.07246153329183737	0.2390516153093916	0.1784926187670248	0.36515160687733467	4.0	0
DLBCL10485	0.11001977801117703	0.21787529439290834	0.049501691374074654	0.25527790150837243	0.3673253347134676	0.3673253347134676	4.0	4
DLBCL_RICOVER_440	0.06319099385626553	0.37022583917645313	0.2114900788786129	0.2857020030310957	0.06939108505757281	0.37022583917645313	2.0	1
DLBCL10955	0.11625673731607433	0.03387594830799569	0.1687815266314454	0.3718701111295924	0.30921567661489213	0.3718701111295924	3.0	3
DLBCL11595	0.08132561143087973	0.03727658004218764	0.3074224888410154	0.3726068302530452	0.20136848943287214	0.3726068302530452	4.0	3
DLBCL11515	0.17132852012472424	0.08573174321164943	0.06799996073677826	0.3728156451902502	0.30212413073659794	0.3728156451902502	2.0	3
DLBC_FF_A7CR_TP_NB	0.23539819752122615	0.021583588592709323	0.05953017564676224	0.3745944651469628	0.3088935730923395	0.3745944651469628	4.0	3
DLBCL10480	0.3768648001833826	0.16455955460052074	0.0603151129361016	0.23879003595758916	0.15947049632240587	0.3768648001833826	1.0	0
DLBCL_LS3245	0.16897820558651988	0.28675642778468396	0.10472171611163848	0.37919755211265505	0.060346098404502654	0.37919755211265505	1.0	3
DLBCL11651	0.3796760189276924	0.032509875914107346	0.3127179656382712	0.21137807067570752	0.06371806884422143	0.3796760189276924	2.0	0
DLBCL_RICOVER_1329	0.38032716010587747	0.1348531742553965	0.022897127984290694	0.14179242582271276	0.32013011183172263	0.38032716010587747	4.0	0
DLBCL10988	0.054206390123135106	0.27163451568665575	0.21957623592183417	0.3804213473919675	0.07416151087640754	0.3804213473919675	1.0	3
DLBCL_RICOVER_522	0.3819338697514463	0.03367190799656179	0.13063231403270983	0.3355211918879822	0.1182407163312999	0.3819338697514463	2.0	0
DLBCL10871	0.38237220007698225	0.20974427692134687	0.12279869073277397	0.11680581635596199	0.16827901591293498	0.38237220007698225	1.0	0
DLBCL_LS3820	0.3048696545978554	0.035573380158834406	0.2286580640884135	0.38382354209996805	0.04707535905492861	0.38382354209996805	2.0	3
DLBCL10908	0.3840078834818201	0.06846921857929164	0.058079248605954044	0.32695824686854297	0.16248540246439128	0.3840078834818201	4.0	0
DLBCL11242	0.38585864496217	0.06798142947427582	0.03902053163016583	0.2920214694872606	0.21511792444612776	0.38585864496217	4.0	0
DLBCL11516	0.3883881096436326	0.09509630709225905	0.031147804187451503	0.3072571613654173	0.17811061771123962	0.3883881096436326	1.0	0
DLBCL_RICOVER_787	0.22927000578090714	0.03837251862626238	0.05654445953389844	0.28736429661600144	0.3884487194429306	0.3884487194429306	1.0	4
DLBCL_DFCI_DLBCL_GOE05	0.03418604870027102	0.27979318771442185	0.12097142815183383	0.3886457910756276	0.1764035443578457	0.3886457910756276	1.0	3
DLBCL_RICOVER_120	0.2586050031658732	0.16005389590787794	0.14123780130701907	0.38870136018519297	0.05140193943403676	0.38870136018519297	4.0	3
DLBCL10848	0.28792841540129654	0.05034650724187701	0.057334154249075446	0.20990517312728865	0.3944857499804624	0.3944857499804624	4.0	4
DLBCL_MC_F739_AMA3	0.06878605381295458	0.13316068633156042	0.34579052565295204	0.3953175610841625	0.05694517311837036	0.3953175610841625	1.0	3
DLBCL_RICOVER_780	0.08934197658574568	0.2003015716405687	0.3954805699382172	0.25611709126116233	0.05875879057430605	0.3954805699382172	1.0	2
DLBCL_LS297	0.0749416986480052	0.07954453791624269	0.39839078606490297	0.30662195919357876	0.1405010181772703	0.39839078606490297	2.0	2
DLBCL10947	0.240692437202042	0.399207066751855	0.09765211100893183	0.19536589824725212	0.06708248678991903	0.399207066751855	1.0	1
DLBCL10901	0.05279837555925232	0.1328246341468787	0.10278721028706386	0.4009096574957432	0.31068012251106186	0.4009096574957432	4.0	3
DLBCL10471	0.2245991121705242	0.04330087289157253	0.024020452439720626	0.30616791976638785	0.4019116427317948	0.4019116427317948	4.0	4
DLBC_FF_8042_TP_NB	0.0629659144679108	0.16479469754472534	0.09110549931515734	0.4019395320074505	0.2791943566647559	0.4019395320074505	4.0	3
DLBCL11591	0.04593619764134029	0.35057594505128653	0.402163212359915	0.06030135317693414	0.14102329177052414	0.402163212359915	1.0	2
DLBCL_RICOVER_288	0.34662194906003607	0.17261137366719456	0.04445422556214069	0.40225657955865046	0.034055872151978125	0.40225657955865046	1.0	3
DLBCL_LS2328	0.12034987467328477	0.1511373902210492	0.29088126246754675	0.404925113080488	0.03270635955763118	0.404925113080488	2.0	3
DLBCL10521	0.26590771808325536	0.1486588100300396	0.10515013141193894	0.4072402316949186	0.07304310877984753	0.4072402316949186	4.0	3
DLBCL_LS2089	0.2411279211831864	0.4078733490699305	0.0350204396894101	0.13121729591401082	0.18476099414346206	0.4078733490699305	1.0	1
DLBCL11541	0.11043251430628942	0.08676986234765434	0.15615285699500858	0.23845575001806965	0.40818901633297805	0.40818901633297805	2.0	4
DLBCL_C_D_1166_NULLPAIR	0.15378743240300732	0.08808875320206878	0.028763279930579005	0.4082752391656642	0.3210852952986807	0.4082752391656642	4.0	3
DLBCL_RICOVER_1081	0.40858823245465326	0.0499264665919367	0.10401634955686774	0.30690457977246244	0.13056437162407994	0.40858823245465326	4.0	0
DLBCL_MC_F502_RFK	0.10113639187201642	0.1662583418880862	0.409364840453028	0.15820641559646378	0.16503401019040578	0.409364840453028	1.0	2
DLBCL11429	0.3347448701312668	0.02762473258308936	0.04985555374008955	0.1770290958737275	0.41074574767182687	0.41074574767182687	0.0	4
DLBCL11667	0.15827503500251724	0.059623624530377076	0.41145925994743715	0.3518746710971747	0.018767409422493823	0.41145925994743715	2.0	2
DLBCL11346	0.36087544448848163	0.411808673611566	0.08295127614608622	0.09285271912844431	0.05151188662542168	0.411808673611566	1.0	1
DLBCL10883	0.21461778616198715	0.038039575883275153	0.05322065923938859	0.4123924668966928	0.2817295118186563	0.4123924668966928	4.0	3
DLBCL11468	0.15372536367383216	0.04253275896106293	0.0864192711929456	0.4130851105452021	0.30423749562695734	0.4130851105452021	2.0	3
DLBC_FF_A7CQ_TP_NB	0.2737113498717748	0.03710557512137567	0.07476675605311398	0.20118483430950274	0.41323148464423276	0.41323148464423276	4.0	4
DLBCL10995	0.15791244419568895	0.021584394059103174	0.4153261055587051	0.3684339827507757	0.036743073435727226	0.4153261055587051	2.0	2
DLBCL10903	0.1545183437273574	0.26396572399275897	0.06509291932336983	0.10076340829324902	0.4156596046632646	0.4156596046632646	1.0	4
DLBCL11498	0.4163885929598342	0.2665599199768377	0.07771898092575828	0.15178454102752753	0.08754796511004236	0.4163885929598342	1.0	0
DLBCL_RICOVER_773	0.41663116405583894	0.0760021909797981	0.1042732828570486	0.3369984363413895	0.06609492576592488	0.41663116405583894	4.0	0
DLBCL_RICOVER_1204	0.15076278072395732	0.04874897565116486	0.10022624541036565	0.41784774642561906	0.282414251788893	0.41784774642561906	3.0	3
DLBCL_RICOVER_1263	0.31873053131160006	0.08688318176160445	0.09730853333398821	0.4197149891914362	0.07736276440137105	0.4197149891914362	2.0	3
DLBCL_C_D_1138_NULLPAIR	0.030010923909764245	0.04728824039372191	0.42027083960329603	0.28319565849161477	0.21923433760160307	0.42027083960329603	1.0	2
DLBCL_RICOVER_956	0.22787408333353687	0.1789864194541104	0.03424753520911245	0.4208148832954546	0.1380770787077858	0.4208148832954546	4.0	3
DLBCL10844	0.3220712604019525	0.04963024539755656	0.05012436254292338	0.4242401322397815	0.15393399941778585	0.4242401322397815	0.0	3
DLBCL10849	0.19936006586121124	0.1433888179905342	0.061416754908210344	0.4266631181823268	0.16917124305771736	0.4266631181823268	1.0	3
DLBCL10501	0.056880032907395434	0.1109470640846623	0.27457961666004804	0.4270508730753819	0.13054241327251218	0.4270508730753819	2.0	3
DLBCL11467	0.4285635159995548	0.09309161225309	0.04078570567274853	0.3287249826521091	0.10883418342249765	0.4285635159995548	3.0	0
DLBCL10921	0.13414487934441607	0.09449975646830489	0.03377975388405217	0.30813777239215695	0.42943783791106993	0.42943783791106993	4.0	4
DLBCL10898	0.1955600090668795	0.15550399730167147	0.07455924983620155	0.42972438139740887	0.14465236239783846	0.42972438139740887	4.0	3
DLBCL10548	0.4305473696079273	0.11472774090170097	0.03734266370227283	0.3445691189690224	0.0728131068190764	0.4305473696079273	0.0	0
DLBCL_RICOVER_451	0.4339940619468904	0.03632284647763893	0.17832829148371424	0.25681101850103255	0.0945437815907239	0.4339940619468904	0.0	0
DLBCL10781	0.09115390426730424	0.03866273136618477	0.10263116824405581	0.4344222473580413	0.333129948764414	0.4344222473580413	4.0	3
DLBCL10931	0.34673491230042697	0.03358747522526423	0.10977719691707988	0.4357614436624918	0.07413897189473714	0.4357614436624918	0.0	3
DLBCL_C_D_1106_NULLPAIR	0.4365176806574564	0.08978650695500584	0.07542074525498771	0.3308644189793424	0.06741064815320758	0.4365176806574564	1.0	0
DLBCL_LS4054	0.43831323097088937	0.2835340153966114	0.03558117626789964	0.21576201849697507	0.026809558867624563	0.43831323097088937	1.0	0
DLBCL10460	0.24630654496386956	0.11647303020507092	0.1302474767841899	0.4383828130023579	0.06859013504451188	0.4383828130023579	1.0	3
DLBCL_RICOVER_1190	0.3064044215624354	0.03417823239599707	0.13360825621775987	0.4386484075250419	0.08716068229876577	0.4386484075250419	4.0	3
DLBCL11484	0.14168673928658412	0.10668170248159194	0.13982087299489296	0.44128158454242217	0.17052910069450875	0.44128158454242217	1.0	3
DLBCL10904	0.06921214312293665	0.06622101395622483	0.05452927995861375	0.4414818820090219	0.3685556809532028	0.4414818820090219	4.0	3
DLBCL_RICOVER_335	0.22767836881730966	0.24674157856298215	0.03352144372644028	0.44191298815076996	0.05014562074249797	0.44191298815076996	1.0	3
DLBCL10514	0.4439566002224413	0.04403793535547426	0.291473337502141	0.1524914283697247	0.0680406985502187	0.4439566002224413	2.0	0
DLBCL11663	0.3453182320133996	0.06723416105045663	0.057621540535503106	0.08583406956532844	0.4439919968353122	0.4439919968353122	0.0	4
DLBCL_C_D_1148_NULLPAIR	0.31743341643836387	0.029746128261957286	0.17768539713617668	0.4442105775127354	0.03092448065076677	0.4442105775127354	0.0	3
DLBCL_RICOVER_678	0.4447650088849307	0.19453103360997998	0.01541168517838898	0.19186629211114323	0.15342598021555712	0.4447650088849307	1.0	0
DLBCL11481	0.2653184153248838	0.04378340748968224	0.08470662981839049	0.44486506492988165	0.16132648243716177	0.44486506492988165	0.0	3
DLBCL_LS2599	0.291615114270235	0.029849004572496982	0.20886525193289104	0.4459321421702474	0.023738487054129478	0.4459321421702474	2.0	3
DLBCL10915	0.34232656022303803	0.07998203443392964	0.08050416259113734	0.44670393767780403	0.050483305074091024	0.44670393767780403	4.0	3
DLBCL10833	0.10020450998172807	0.04483617378644587	0.12230369648661447	0.4471936105641057	0.28546200918110587	0.4471936105641057	4.0	3
DLBCL11187	0.22176837818316097	0.028103468916764306	0.030552580289895742	0.4474582361393529	0.2721173364708261	0.4474582361393529	4.0	3
DLBCL11512	0.44856777262527453	0.07770050071941369	0.06083439994612516	0.36996356381862744	0.04293376289055922	0.44856777262527453	0.0	0
DLBCL_RICOVER_712	0.44857418713792274	0.0462203205325677	0.12814838429999892	0.2428694791923337	0.13418762883717678	0.44857418713792274	4.0	0
DLBCL_DFCI_DLBCL_GOE07	0.07824601063839501	0.1564150854076489	0.44979533627961293	0.18336970720820403	0.13217386046613921	0.44979533627961293	1.0	2
DLBCL_RICOVER_701	0.4498119959577258	0.099287691306444	0.04170242930718338	0.3721140582025367	0.03708382522611009	0.4498119959577258	3.0	0
DLBCL10502	0.26343595851129964	0.09519693472690827	0.05216994492230928	0.4523687500845389	0.13682841175494395	0.4523687500845389	1.0	3
DLBCL10917	0.2088352094292573	0.4530051370734831	0.02799161202156749	0.20636297271506657	0.10380506876062567	0.4530051370734831	1.0	1
DLBCL11450	0.10662377908898565	0.0529882659212079	0.05679201083752669	0.45322402282428015	0.33037192132799964	0.45322402282428015	4.0	3
DLBCL11538	0.16865934984903766	0.026307194522305944	0.30124766968778743	0.4564191649208564	0.04736662102001253	0.4564191649208564	4.0	3
DLBCL11504	0.10313205590820321	0.0761982589299456	0.04903288123152371	0.4568989342217055	0.31473786970862205	0.4568989342217055	4.0	3
DLBCL11501	0.45797761376854407	0.20533128263522737	0.04312781216714783	0.22546716990428908	0.06809612152479172	0.45797761376854407	0.0	0
DLBCL_RICOVER_850	0.07199318379407862	0.15156957157974696	0.07505657419101766	0.24252659268644844	0.45885407774870823	0.45885407774870823	4.0	4
DLBCL11664	0.36163867201099303	0.09175318985721731	0.06396937334451566	0.45967775506567216	0.022961009721601804	0.45967775506567216	1.0	3
DLBCL11672	0.03991978254826008	0.0464635058493847	0.46166144692339756	0.32831798337450513	0.12363728130445253	0.46166144692339756	2.0	2
DLBCL10885	0.30592712469033523	0.04173908831153398	0.07185194319144574	0.4626859764003352	0.11779586740634984	0.4626859764003352	1.0	3
DLBCL_MC_F500_ECU	0.05603014446607349	0.2992094138540771	0.08197882383165546	0.10000340490729841	0.46277821294089555	0.46277821294089555	1.0	4
DLBCL_LS4616	0.0941780536636337	0.1615472069669171	0.21993533350129346	0.4633408198844131	0.06099858598374253	0.4633408198844131	2.0	3
DLBCL10887	0.2088483281321816	0.04016231253875344	0.0250563405349509	0.46377600930212015	0.26215700949199394	0.46377600930212015	4.0	3
DLBCL11003	0.4650136571694534	0.03344403281561531	0.03957111281198703	0.301334549907559	0.1606366472953852	0.4650136571694534	1.0	0
DLBCL11478	0.39072700949476846	0.06588720860915175	0.058432350008506	0.46647458582165213	0.01847884606592169	0.46647458582165213	0.0	3
DLBCL11496	0.384681034625238	0.017231996741139798	0.0652057455093197	0.4667073839539334	0.06617383917036906	0.4667073839539334	0.0	3
DLBCL10877	0.46746932169141936	0.045796598799542135	0.118580889818873	0.21525052947443235	0.1529026602157331	0.46746932169141936	0.0	0
DLBCL_LS2208	0.03459204633923539	0.03266939240464375	0.4679255297935759	0.3158674452313032	0.1489455862312417	0.4679255297935759	4.0	2
DLBCL10845	0.0932733281334305	0.05739144796036672	0.143182642942221	0.4685051567922958	0.2376474241716861	0.4685051567922958	1.0	3
DLBCL11431	0.1559137192988114	0.02055361004261359	0.28104855130186535	0.4686419205362908	0.07384219882041887	0.4686419205362908	4.0	3
DLBCL_C_D_1152_NULLPAIR	0.0595728984285891	0.46952228652632966	0.11657135254138438	0.21277302205639448	0.14156044044730226	0.46952228652632966	1.0	1
DLBCL10916	0.23156075712799112	0.15546208121657912	0.03841611982015618	0.4696736632220772	0.10488737861319639	0.4696736632220772	4.0	3
DLBCL10911	0.46983075051783685	0.12226728259931584	0.05060989390251729	0.3356861484933763	0.021605924486953747	0.46983075051783685	1.0	0
DLBCL_LS3499	0.24082805426556694	0.029455636065727327	0.2107856529730157	0.4700702344233508	0.04886042227233937	0.4700702344233508	3.0	3
DLBCL10968	0.47013167923592036	0.014472816493468977	0.10482141467369434	0.3698059625537912	0.040768127043125046	0.47013167923592036	0.0	0
DLBCL10928	0.470702083294953	0.16197141086704675	0.16073668857863896	0.1146916300908811	0.09189818716848026	0.470702083294953	0.0	0
DLBCL11470	0.47091617538194097	0.03180506995981373	0.06841189358630206	0.4052647405092233	0.023602120562719854	0.47091617538194097	0.0	0
DLBCL11000	0.10347123805872553	0.07809028190712708	0.035994918938372505	0.310462749459548	0.47198081163622685	0.47198081163622685	4.0	4
DLBCL_LS843	0.1522837258536637	0.12612248570026763	0.4727126117520894	0.22045132264320064	0.02842985405077857	0.4727126117520894	2.0	2
DLBCL_C_D_1112_NULLPAIR	0.14142580291721665	0.04979459817446945	0.18799674846585798	0.4729144516565773	0.14786839878587854	0.4729144516565773	2.0	3
DLBCL_C_D_1163_NULLPAIR	0.04892878019495687	0.0380497732639277	0.035121406097440626	0.4730337478671734	0.4048662925765015	0.4730337478671734	4.0	3
DLBCL10934	0.19268594754797783	0.11214523314160978	0.07873784837241368	0.4735769900096472	0.14285398092835144	0.4735769900096472	1.0	3
DLBCL10974	0.22962353947705536	0.11375925676435628	0.02835923064042423	0.47422749699599076	0.15403047612217333	0.47422749699599076	3.0	3
DLBCL10858	0.14043383350594904	0.01883035354800687	0.04115994431881791	0.3246564378417839	0.47491943078544235	0.47491943078544235	3.0	4
DLBCL_C_D_1126_NULLPAIR	0.2863908698826367	0.10723883427399081	0.03456104616204389	0.4751430917821053	0.09666615789922339	0.4751430917821053	1.0	3
DLBCL10566	0.4751650021703752	0.08543683107226424	0.029231327812366467	0.09730447041670744	0.3128623685282867	0.4751650021703752	4.0	0
DLBCL10973	0.4763372702704926	0.012471114379570936	0.10036227911850805	0.19723931216316906	0.2135900240682593	0.4763372702704926	3.0	0
DLBCL10835	0.06533916615259053	0.21027265233695536	0.06112634561658469	0.18676332525104583	0.4764985106428235	0.4764985106428235	4.0	4
DLBCL10549	0.16301367440357598	0.11919450288934987	0.1730290929664667	0.4782513336428256	0.06651139609778181	0.4782513336428256	1.0	3
DLBCL11434	0.4783553229063871	0.0490003956596483	0.043183008222324626	0.39811792308067967	0.031343350130960394	0.4783553229063871	0.0	0
DLBCL11528	0.4807367515039129	0.12815751220183033	0.049577082253957495	0.1885271056142714	0.1530015484260278	0.4807367515039129	2.0	0
DLBCL_LS155	0.0647109946096907	0.03341539336139909	0.3277477074224559	0.4813513646527833	0.0927745399536711	0.4813513646527833	2.0	3
DLBCL10492	0.48303697058100076	0.04781802485385325	0.03424947181111589	0.2779523988652733	0.15694313388875686	0.48303697058100076	0.0	0
DLBCL10850	0.11417996279229921	0.2994966439765825	0.04917092111594619	0.4830711445856617	0.05408132752951036	0.4830711445856617	1.0	3
DLBCL_RICOVER_948	0.14949531115673612	0.48398793101070364	0.26188104100853943	0.06689814290884598	0.03773757391517479	0.48398793101070364	1.0	1
DLBCL_MC_F606_DMJ	0.05464615780284723	0.04962046827711347	0.4840962393717325	0.36456729117318454	0.04706984337512224	0.4840962393717325	2.0	2
DLBC_FF_A7CX_TP_NB	0.33333457862628235	0.030980811005306128	0.08576014712910941	0.48428237050673567	0.0656420927325664	0.48428237050673567	4.0	3
DLBCL_BWH_DLBCL64	0.21954560015226124	0.05947926979236847	0.17939573382465115	0.48476809991784753	0.05681129631287159	0.48476809991784753	1.0	3
DLBCL_LS2367	0.48512314925308636	0.047316865146151	0.06851384449140205	0.30017850992807826	0.09886763118128229	0.48512314925308636	0.0	0
DLBCL_MC_F362_MJB1	0.19917423548679017	0.07892857341433908	0.1051658978904189	0.13091277536917165	0.4858185178392802	0.4858185178392802	2.0	4
DLBCL10459	0.03162648527182937	0.06910579734125821	0.33861626159267944	0.48642414319152105	0.07422731260271198	0.48642414319152105	2.0	3
DLBCL10878	0.4872830854619963	0.06434883229765569	0.0777489991505484	0.16573497115796101	0.2048841119318386	0.4872830854619963	4.0	0
DLBCL10894	0.48759022958737913	0.0793454898959089	0.06477864397653949	0.3154115458086117	0.0528740907315608	0.48759022958737913	1.0	0
DLBCL10956	0.25072760730372995	0.4877063540605448	0.030217002993978705	0.1360573494001779	0.09529168624156856	0.4877063540605448	1.0	1
DLBCL_C_D_1128_NULLPAIR	0.4895990726131487	0.021780544343919506	0.035582523708806296	0.42151202388348635	0.03152583545063912	0.4895990726131487	0.0	0
DLBCL10873	0.18683135713258334	0.13090695923646117	0.10251708712182264	0.4908180691103396	0.08892652739879325	0.4908180691103396	1.0	3
DLBCL_RICOVER_314	0.492260716666885	0.05081402174558682	0.03235377681115017	0.22970645954384467	0.1948650252325334	0.492260716666885	4.0	0
DLBCL11191	0.3450189140753656	0.07309620482733838	0.052748311046532256	0.49242909490011944	0.036707475150644306	0.49242909490011944	0.0	3
DLBCL10532	0.49386443835536625	0.06267995557984044	0.06177971102988078	0.23618547734236878	0.14549041769254378	0.49386443835536625	4.0	0
DLBCL10914	0.49411854341390526	0.05545706763155901	0.018893633747762498	0.19236989666834137	0.23916085853843191	0.49411854341390526	0.0	0
DLBCL10994	0.4317665435419934	0.021248005367855958	0.02876737793172027	0.49439142797001145	0.023826645188418833	0.49439142797001145	0.0	3
DLBCL10451	0.496331120179645	0.045424990992415655	0.06025286020507793	0.3484398662080591	0.04955116241480233	0.496331120179645	0.0	0
DLBCL10494	0.09691433054673453	0.49667455168386077	0.23674414428782709	0.09404560737674113	0.07562136610483645	0.49667455168386077	1.0	1
DLBCL11513	0.21393396703018422	0.059894957014275	0.49732891318852457	0.11460952539354005	0.11423263737347625	0.49732891318852457	4.0	2
DLBCL_LS1304	0.20854434305492103	0.052265380229726155	0.4973426645876074	0.15440304149439413	0.08744457063335123	0.4973426645876074	2.0	2
DLBCL11673	0.271268889959629	0.4976818827129505	0.08496312492708157	0.114833628378722	0.03125247402161697	0.4976818827129505	1.0	1
DLBCL10509	0.498175162403221	0.07005326598989257	0.03616823134942053	0.36115607205283756	0.0344472682046284	0.498175162403221	0.0	0
DLBCL10552	0.33960076514034887	0.05208464962726934	0.07445112311206116	0.5012788799550683	0.03258458216525241	0.5012788799550683	3.0	3
DLBCL_MC_F262_WLC	0.24504666566344083	0.04874596529842004	0.1600323254625555	0.5019632314185392	0.04421181215704452	0.5019632314185392	0.0	3
DLBCL10564	0.23405186598998096	0.10100430694523206	0.12966689332826514	0.5028537570493359	0.03242317668718593	0.5028537570493359	3.0	3
DLBCL10977	0.1601976520310033	0.035439038968805486	0.04910352133576982	0.503899385188097	0.25136040247632435	0.503899385188097	4.0	3
DLBCL11428	0.5045203099645506	0.0577638086152952	0.278220791794541	0.13494131751658017	0.02455377210903307	0.5045203099645506	2.0	0
DLBCL10503	0.24793507633664938	0.0698467512943315	0.10677964655359237	0.5046018246681118	0.07083670114731495	0.5046018246681118	1.0	3
DLBCL_MAYO_DLBCL_7359	0.23032325153223565	0.5059188097711902	0.040936168474065095	0.09521390714199365	0.12760786308051533	0.5059188097711902	1.0	1
DLBCL10989	0.074951929040586	0.2002727832312846	0.08404949033111792	0.5067185744918676	0.13400722290514389	0.5067185744918676	1.0	3
DLBCL11666	0.042567462551123265	0.05876404346619167	0.3528218675577635	0.5069653747706574	0.038881251654264114	0.5069653747706574	2.0	3
DLBCL10852	0.052624930583533	0.05350225208518005	0.11466252928768857	0.5076343880584036	0.27157589998519494	0.5076343880584036	4.0	3
DLBCL11477	0.295113344354171	0.04603829185542987	0.06775403680678511	0.5083351439029506	0.08275918308066342	0.5083351439029506	0.0	3
DLBCL_LS3809	0.5085020012889951	0.10818838081091128	0.04684183936494753	0.19491463046230703	0.141553148072839	0.5085020012889951	0.0	0
DLBCL11590	0.17738920193839752	0.03746249012040591	0.043194985835362	0.5088065208874085	0.23314680121842601	0.5088065208874085	2.0	3
DLBCL_RICOVER_1248	0.14190866969081786	0.048522835958079664	0.03340435145905564	0.5111472889321161	0.26501685395993074	0.5111472889321161	4.0	3
DLBCL11474	0.3654110717205781	0.06093695012900028	0.02408901638524666	0.5119089853007608	0.03765397646441418	0.5119089853007608	0.0	3
DLBCL11533	0.23200472140879408	0.04171879257428947	0.19599561969875323	0.5119622064119118	0.018318659906251474	0.5119622064119118	1.0	3
DLBCL11353	0.014183002268067575	0.10532341358760472	0.24373768587638503	0.12471825088328331	0.5120376473846594	0.5120376473846594	4.0	4
DLBCL_RICOVER_1060	0.2637829086244686	0.10862802905452096	0.023238834370732382	0.5120655190605037	0.0922847088897744	0.5120655190605037	1.0	3
DLBCL11565	0.10230577865655206	0.5139199262160611	0.09192631125480775	0.21125066442466656	0.08059731944791255	0.5139199262160611	1.0	1
DLBCL11458	0.2482148601071945	0.03436273866282475	0.15718483420974605	0.5148877157370267	0.04534985128320782	0.5148877157370267	2.0	3
DLBCL10951	0.1264807953679951	0.12017344230899897	0.03889458034512241	0.5175947993508581	0.19685638262702546	0.5175947993508581	4.0	3
DLBCL10467	0.04767825163563774	0.10888471898692226	0.07608748584892444	0.24781500495537603	0.5195345385731396	0.5195345385731396	4.0	4
DLBCL_RICOVER_408	0.13843377873036913	0.5213858525917844	0.04802853716009778	0.2582230267319184	0.033928804785830276	0.5213858525917844	2.0	1
DLBCL_C_D_1153_NULLPAIR	0.06682025459904135	0.15415753768682924	0.09269374031495964	0.522789160658902	0.16353930674026776	0.522789160658902	3.0	3
DLBCL10842	0.036718348460600375	0.04072438655562749	0.1865620601623993	0.21238623549156693	0.5236089693298059	0.5236089693298059	4.0	4
DLBCL10984	0.06642666071015588	0.10213735883735087	0.07436123266897672	0.23301211769477037	0.5240626300887461	0.5240626300887461	4.0	4
DLBCL_RICOVER_711	0.5249115694006843	0.05196412359819344	0.05090783685864491	0.3531267561257378	0.019089714016739475	0.5249115694006843	3.0	0
DLBCL10918	0.30359102152656786	0.02440023693846851	0.0901717741861363	0.5249517265829344	0.056885240765892894	0.5249517265829344	0.0	3
DLBCL11558	0.05120175624727725	0.06289294659464145	0.5254130652895059	0.3136072740549703	0.04688495781360508	0.5254130652895059	2.0	2
DLBCL10972	0.5256221430665239	0.06177844432225032	0.04582541005534722	0.2027720631728499	0.16400193938302862	0.5256221430665239	0.0	0
DLBCL11675	0.045308785876937104	0.01677266379764889	0.3143778554889227	0.5268793607866713	0.09666133404982001	0.5268793607866713	2.0	3
DLBCL11469	0.2306537002622682	0.03073708387607207	0.1575537671073725	0.5280154264739384	0.05304002228034884	0.5280154264739384	2.0	3
DLBCL_MC_F729_MAN	0.2500958469202731	0.09315796876057174	0.031099191752422952	0.5281814417828414	0.09746555078389071	0.5281814417828414	1.0	3
DLBCL_RICOVER_449	0.18817295185350397	0.039182722801918035	0.03365303441427726	0.20908296156469125	0.5299083293656095	0.5299083293656095	4.0	4
DLBCL11473	0.5334410334193403	0.12042637515717461	0.05378018468385579	0.19704036568195404	0.09531204105767524	0.5334410334193403	0.0	0
DLBCL10866	0.1291446879964829	0.06042083876011065	0.04554256590482877	0.5339499739884526	0.23094193335012508	0.5339499739884526	4.0	3
DLBCL10450	0.28808276025821505	0.07331573587740002	0.03181943264326792	0.5345310060986416	0.07225106512247542	0.5345310060986416	0.0	3
DLBCL10488	0.5356478253146624	0.06590158986640379	0.034401770613919934	0.3304510454792081	0.03359776872580582	0.5356478253146624	0.0	0
DLBCL_RICOVER_533	0.10055331005206597	0.5360537133013291	0.15858011286833215	0.1412673516611308	0.06354551211714203	0.5360537133013291	1.0	1
DLBCL10483	0.08793826377463655	0.5369798885871824	0.13953507618145716	0.17404549121515717	0.061501280241566814	0.5369798885871824	1.0	1
DLBCL_LS762	0.537272767367064	0.015960204591309923	0.07485929665450447	0.2439705338884489	0.12793719749867283	0.537272767367064	2.0	0
DLBCL_RICOVER_469	0.5374954944562771	0.020919313623687492	0.18662044234151975	0.22945209744281955	0.02551265213569613	0.5374954944562771	2.0	0
DLBCL11488	0.3135281328995188	0.020397830819187713	0.030971404515930764	0.5396855634977461	0.09541706826761653	0.5396855634977461	0.0	3
DLBCL10945	0.5414077680939768	0.03574676518495609	0.02006502510504269	0.3296087370464129	0.07317170456961151	0.5414077680939768	0.0	0
DLBCL10510	0.2662824369800801	0.09084621614019855	0.040567386976543406	0.5449304024615412	0.0573735574416366	0.5449304024615412	1.0	3
DLBCL10452	0.5452827619789005	0.09701655567588281	0.02967435019673546	0.1772000557235296	0.1508262764249517	0.5452827619789005	1.0	0
DLBCL_MC_F307_JPS	0.5493511974256815	0.045499764557881454	0.0697851737793104	0.31401799834460464	0.021345865892522003	0.5493511974256815	0.0	0
DLBCL10519	0.14176653629446795	0.13763200879271897	0.0651939724716598	0.5500484762499027	0.10535900619125052	0.5500484762499027	1.0	3
DLBCL11662	0.3058761784252616	0.02812951268820678	0.06949722651218483	0.5510018259437908	0.04549525643055597	0.5510018259437908	0.0	3
DLBCL10909	0.29845278366734374	0.055979468060273	0.030160105373662097	0.5535114520061593	0.06189619089256189	0.5535114520061593	4.0	3
DLBCL_LS1065	0.07541637072234367	0.09177152537428965	0.22144781535603428	0.5556205520978543	0.055743736449478075	0.5556205520978543	1.0	3
DLBCL10554	0.10505457432965341	0.029159829992693564	0.5558869445185616	0.2593416660475056	0.05055698511158584	0.5558869445185616	2.0	2
DFCIDL009_DT	0.07370139797604972	0.09211607246116854	0.5591622546437917	0.24881107262575025	0.02620920229323984	0.5591622546437917	2.0	2
DLBCL10987	0.2685606363258992	0.04852014226301882	0.0396633999216118	0.5592952210189672	0.08396060047050297	0.5592952210189672	4.0	3
DLBCL_RICOVER_506	0.06694341312422393	0.09390162230870916	0.07127142520660035	0.20825089200465965	0.5596326473558069	0.5596326473558069	4.0	4
DLBCL_RICOVER_299	0.07530448151158704	0.5619227990215339	0.17291798225391192	0.07648570807241739	0.11336902914054982	0.5619227990215339	1.0	1
DLBCL10922	0.04969238495253509	0.5663811216124373	0.1209478374068564	0.1240408275050875	0.1389378285230837	0.5663811216124373	1.0	1
DLBCL11677	0.5684027820899311	0.03195143358834653	0.03040301364748965	0.30293243214340393	0.06631033853082874	0.5684027820899311	0.0	0
DLBCL11670	0.027513502926846213	0.04416947299336988	0.5692045165527599	0.31491788975482005	0.04419461777220389	0.5692045165527599	2.0	2
DLBCL11448	0.07747597830234981	0.05134783475770513	0.030031826522448957	0.5699180936802829	0.27122626673721323	0.5699180936802829	3.0	3
DLBCL10859	0.15868616042066186	0.14916426449159742	0.05917241812055784	0.5705156517339638	0.062461505233219104	0.5705156517339638	1.0	3
DLBCL10466	0.07771565224597596	0.1095077606236102	0.12624287280861057	0.5715618899596093	0.11497182436219391	0.5715618899596093	2.0	3
DLBCL10890	0.06092541690619784	0.047008121819345966	0.08570664424290035	0.2344389986744328	0.571920818357123	0.571920818357123	4.0	4
DLBCL11681	0.19678464846698054	0.02235416584345046	0.11871684565700935	0.5724107807423625	0.08973355929019723	0.5724107807423625	0.0	3
DLBCL10888	0.16395689434988317	0.023811595600743002	0.028403154204227354	0.21056325024857406	0.5732651055965724	0.5732651055965724	4.0	4
DLBCL11569	0.16619170609497064	0.07731156585636045	0.5737559349620879	0.08418190653757321	0.09855888654900787	0.5737559349620879	2.0	2
DLBCL_RICOVER_1235	0.177982617021916	0.10470799787277645	0.07214972678404742	0.5749301348310676	0.07022952349019249	0.5749301348310676	1.0	3
DLBCL10847	0.2694041794834244	0.07199377261749179	0.01507616530568783	0.06790788966615052	0.5756179929272455	0.5756179929272455	4.0	4
DLBCL11440	0.21049366189086385	0.048762691024805876	0.03168349416202315	0.5780707787825624	0.13098937413974468	0.5780707787825624	4.0	3
DLBCL_C_D_1131_NULLPAIR	0.5782181341409163	0.15581421275637009	0.02632169936070271	0.19660891218514467	0.04303704155686635	0.5782181341409163	1.0	0
DLBCL11573	0.049007895810459286	0.17151075404377492	0.5795771527018244	0.10848248736318912	0.09142171008075226	0.5795771527018244	2.0	2
DLBCL11461	0.29487858334438827	0.01983092387903994	0.08828282241897378	0.5798536456582541	0.017154024699343913	0.5798536456582541	0.0	3
DLBCL11195	0.03308564599330178	0.18807447030010882	0.05349905289560533	0.1446006975811433	0.5807401332298407	0.5807401332298407	4.0	4
DLBCL_RICOVER_134	0.09335585026691123	0.07074471963274653	0.09785761608233841	0.15576037942469717	0.5822814345933066	0.5822814345933066	4.0	4
DLBCL_RICOVER_839	0.052891975206114016	0.033091029016939354	0.2470834716127204	0.5823674008119634	0.0845661233522628	0.5823674008119634	1.0	3
DLBCL11518	0.5842087422826296	0.06904716679749773	0.10744681475460868	0.16074887579937178	0.07854840036589218	0.5842087422826296	2.0	0
DLBCL11486	0.5849143291756189	0.23953643878406075	0.04146484385164071	0.07514844309158104	0.05893594509709853	0.5849143291756189	0.0	0
DLBCL10846	0.585410439761622	0.07007225954626004	0.12353935303347838	0.14061895271095548	0.08035899494768411	0.585410439761622	1.0	0
DLBCL10482	0.587214692642996	0.0338302482386752	0.12826047721897876	0.09162230219191561	0.1590722797074344	0.587214692642996	0.0	0
DLBCL_RICOVER_978	0.27103657105420587	0.029941293142858736	0.04907953162903409	0.5873248335793926	0.06261777059450875	0.5873248335793926	2.0	3
DLBCL_RICOVER_1165	0.1284866048480314	0.10694832880302414	0.03540979273793051	0.5877512399728783	0.14140403363813575	0.5877512399728783	1.0	3
DLBCL10961	0.14420826021448585	0.0675083432432204	0.0873552385656045	0.5919510499896753	0.10897710798701395	0.5919510499896753	4.0	3
DLBCL10453	0.10597105230983811	0.09493012051123252	0.09228478932716991	0.592960146068326	0.11385389178343337	0.592960146068326	1.0	3
DLBCL10541	0.06689364731577493	0.0852695560932698	0.18739566501670757	0.5945069775239882	0.06593415405025957	0.5945069775239882	1.0	3
DLBCL10879	0.08340570234042605	0.039103729065782154	0.10295530779643645	0.595299216709006	0.17923604408834937	0.595299216709006	2.0	3
DLBCL10966	0.30023926655539995	0.03778732429122785	0.0267795269891836	0.5953124093839192	0.03988147278026946	0.5953124093839192	0.0	3
DLBCL_MC_F496DMP	0.5955593993495644	0.03922708721896833	0.035432143677361735	0.306436551829627	0.023344817924478567	0.5955593993495644	1.0	0
DLBCL10834	0.20018560927374604	0.5955737502995903	0.031147602017913306	0.10578243435363906	0.06731060405511134	0.5955737502995903	1.0	1
DLBCL10997	0.5957883337046678	0.020186001206783655	0.04423808520870163	0.15979141761299276	0.17999616226685422	0.5957883337046678	0.0	0
DLBCL_LS4593	0.10587169265924415	0.04756249376146831	0.2085662689044854	0.5989878896523443	0.03901165502245782	0.5989878896523443	2.0	3
DLBCL11685	0.02664510466530655	0.02698273540234336	0.5991905955792953	0.22587651050571186	0.1213050538473429	0.5991905955792953	2.0	2
DLBCL10487	0.2228665323218247	0.07278521710315579	0.04193300546212602	0.6000771201863127	0.06233812492658081	0.6000771201863127	1.0	3
DLBCL_LS3200	0.16467386446904175	0.07732837063039692	0.035677412955060876	0.6004602027085897	0.12186014923691077	0.6004602027085897	4.0	3
DLBCL_C_D_1141_NULLPAIR	0.11692821277944586	0.10484946277029951	0.6008600873437339	0.1502987415229748	0.027063495583545948	0.6008600873437339	2.0	2
DLBCL11680	0.20695681148656128	0.017154458097618282	0.13707472339637333	0.602247386446852	0.03656662057259498	0.602247386446852	2.0	3
DLBCL10495	0.24366440878482307	0.07863331834965194	0.036630547397268225	0.6027660287024472	0.038305696765809534	0.6027660287024472	0.0	3
DLBCL10895	0.06231010835758825	0.0864578165292972	0.081429039438806	0.6040017824948452	0.1658012531794634	0.6040017824948452	4.0	3
DLBCL10486	0.14695188752560767	0.09476696960839752	0.024397355821068282	0.6040168615023731	0.12986692554255347	0.6040168615023731	0.0	3
DLBCL10964	0.18764816527983877	0.04801429683331422	0.07081233326744267	0.6040624492440996	0.0894627553753047	0.6040624492440996	4.0	3
DLBCL10935	0.6048893114484665	0.042354518053712285	0.03985995102773116	0.2755377778630389	0.037358441607051214	0.6048893114484665	0.0	0
DLBCL_RICOVER_1289	0.029356169077539313	0.028528621303749446	0.0987333653591132	0.23824011076947282	0.6051417334901252	0.6051417334901252	4.0	4
DLBCL_RICOVER_829	0.6060855101637248	0.1041319638783496	0.08033080198621245	0.10872849575070336	0.10072322822100986	0.6060855101637248	0.0	0
DLBCL11456	0.13558382916336242	0.1874504348061014	0.037352965147408664	0.6065144661353236	0.03309830474780392	0.6065144661353236	1.0	3
DLBCL10851	0.17770003489124064	0.10121312285220524	0.07096658659278612	0.6068608550862963	0.043259400577471636	0.6068608550862963	1.0	3
DLBCL10523	0.04605728904799559	0.024654566119931665	0.2738890984572971	0.6077730376640886	0.047626008710687104	0.6077730376640886	2.0	3
DLBCL_RICOVER_1210	0.6086155833357172	0.08315635108659773	0.13835853586696256	0.1432145068435105	0.026655022867211966	0.6086155833357172	1.0	0
DLBC_FF_A7CW_TP_NB	0.10311555092140626	0.053135662783906745	0.12412523261064078	0.6091001169174705	0.11052343676657583	0.6091001169174705	4.0	3
DLBCL10891	0.08247810331416597	0.02700247890301442	0.11730922635037062	0.6121535841743947	0.16105660725805426	0.6121535841743947	4.0	3
DLBCL11574	0.15607290986101394	0.07736684979706625	0.13060234533138118	0.6128911539553958	0.023066741055142698	0.6128911539553958	2.0	3
DLBCL11526	0.15601607260903294	0.0488060293962944	0.15859864468687596	0.6142174273688894	0.022361825938907287	0.6142174273688894	2.0	3
DLBCL_MC_F927_JHS	0.21061068018469437	0.026754143850913552	0.10234361010520572	0.6149238496343303	0.04536771622485605	0.6149238496343303	4.0	3
DLBCL_LS3749	0.08828073928042278	0.616124189812679	0.030992127637228722	0.20521239311794834	0.05939055015172118	0.616124189812679	1.0	1
DLBCL11430	0.6163894536105634	0.03045103016870474	0.05463160365736976	0.26997235254739027	0.028555560015971766	0.6163894536105634	0.0	0
DLBCL_LS4619	0.03252911084110066	0.09104761468295636	0.10614991942494735	0.15193370545586116	0.6183396495951344	0.6183396495951344	4.0	4
DLBCL_RICOVER_977	0.6196840308598799	0.022375294833335658	0.02445357594298577	0.2196621373382137	0.11382496102558494	0.6196840308598799	0.0	0
DLBCL10900	0.14807784034613794	0.04297834029818102	0.03331848889581008	0.6199363008088379	0.15568902965103304	0.6199363008088379	4.0	3
DLBCL11542	0.06817773914575309	0.04491129934349876	0.23577857995742843	0.6216726246841082	0.029459756869211515	0.6216726246841082	2.0	3
DLBCL_C_D_1118_NULLPAIR	0.6228681343727388	0.1557828224529216	0.017886575785746154	0.16713570072675815	0.03632676666183532	0.6228681343727388	1.0	0
DLBCL_C_D_1156_NULLPAIR	0.22388639911267463	0.033943855336796405	0.08990312163856792	0.6232071608556916	0.02905946305626936	0.6232071608556916	0.0	3
DLBCL_C_D_1123_NULLPAIR	0.6241403462741124	0.04259819024898021	0.02812321114356589	0.25849343284835363	0.046644819484987776	0.6241403462741124	0.0	0
DLBCL10906	0.09945159699104239	0.051446798652373484	0.03757264236610931	0.6269482831524671	0.18458067883800777	0.6269482831524671	1.0	3
DLBCL_MC_F815_BAT	0.07604118108552516	0.0393961470096863	0.6281286951562189	0.19443899646895904	0.061994980279610486	0.6281286951562189	2.0	2
DLBCL_LS1683	0.10876600644638512	0.6294890704989556	0.06920502659694858	0.14632033345435255	0.04621956300335813	0.6294890704989556	1.0	1
DLBCL10517	0.14397651429681846	0.04851025791083233	0.07900775981233621	0.630060797656731	0.09844467032328204	0.630060797656731	1.0	3
DFCIDL008_DT	0.09542362638926231	0.04801965798850042	0.031851429501277055	0.19354561347309648	0.6311596726478638	0.6311596726478638	4.0	4
DLBCL_LS2590	0.06034439573058454	0.035130142837723956	0.05718518000163793	0.6327013981627921	0.21463888326726138	0.6327013981627921	3.0	3
DLBCL11004	0.05582508844174929	0.02330673676720138	0.05119741217548399	0.6329086820760456	0.23676208053951983	0.6329086820760456	4.0	3
DLBCL10967	0.03662074491465847	0.11597009166687676	0.03459058096421564	0.17970489095122738	0.6331136915030218	0.6331136915030218	4.0	4
DLBCL_LS2154	0.2318158611847316	0.032037633168977585	0.04505527147698644	0.633419839383301	0.05767139478600333	0.633419839383301	0.0	3
DLBCL_C_D_1135_NULLPAIR	0.16054863598564534	0.11078679614558824	0.03978196305713151	0.6345084835761622	0.05437412123547261	0.6345084835761622	1.0	3
DLBCL_C_D_1115_NULLPAIR	0.18423039813190273	0.045474175976432524	0.054748313395856084	0.6349922093225838	0.08055490317322483	0.6349922093225838	3.0	3
DLBCL10899	0.059867935106352584	0.060158791748595	0.040764218586340925	0.6350384403154652	0.2041706142432463	0.6350384403154652	4.0	3
DLBCL10880	0.13397176838761377	0.039946908058524855	0.04692126812262345	0.6350985826621773	0.14406147276906056	0.6350985826621773	4.0	3
DLBCL11678	0.11658465324738838	0.036029447429750325	0.19259093267780109	0.6358474220693172	0.01894754457574299	0.6358474220693172	3.0	3
DLBCL10553	0.1967166026430931	0.028018081427219742	0.10381734233577358	0.6390036909816714	0.0324442826122421	0.6390036909816714	3.0	3
DLBCL10963	0.05440241086670446	0.05397845090177492	0.03244301356729789	0.2183601097910926	0.6408160148731301	0.6408160148731301	4.0	4
DLBCL10837	0.12130192868329506	0.07848042608807614	0.04640732208968798	0.6415962531019799	0.11221407003696092	0.6415962531019799	4.0	3
DLBCL11433	0.18279137243777824	0.027575247908083047	0.04759461045191042	0.6417561939617098	0.10028257524051844	0.6417561939617098	3.0	3
DLBCL11534	0.22051621584637	0.06006215134943828	0.03170685334061165	0.6428281038867814	0.04488667557679874	0.6428281038867814	2.0	3
DLBCL10780	0.16451197767758213	0.07033757007957941	0.09953879260262187	0.6446250380003473	0.020986621639869283	0.6446250380003473	1.0	3
DLBCL10550	0.14297117209138535	0.04074098120012737	0.041225675793357446	0.6468830646625792	0.12817910625255072	0.6468830646625792	4.0	3
DLBCL11001	0.09677974701692801	0.04056439166145199	0.1122335324889084	0.6479783519261827	0.10244397690652891	0.6479783519261827	4.0	3
DLBCL10867	0.6486222317255137	0.09060943092313195	0.026035683243862823	0.1790503041492674	0.055682349958224034	0.6486222317255137	4.0	0
DLBCL10924	0.05747580431126859	0.03281997393511451	0.033256770285267696	0.6487856103352421	0.22766184113310708	0.6487856103352421	4.0	3
DLBCL_C_D_1117_NULLPAIR	0.191212643543319	0.04814428407884279	0.04534122618533436	0.6498507498403695	0.06545109635213445	0.6498507498403695	1.0	3
DLBCL10498	0.17188581020159255	0.034990739002817926	0.11007450147345424	0.6523702966490043	0.030678652673131024	0.6523702966490043	2.0	3
DLBCL_RICOVER_216	0.0520094983937672	0.02311016127642951	0.14469800054086115	0.12651234971182593	0.6536699900771162	0.6536699900771162	2.0	4
DLBCL10565	0.12064158044330514	0.06440933260598976	0.056493501568597636	0.6538721392354321	0.1045834461466754	0.6538721392354321	3.0	3
DLBCL10881	0.6542012381477019	0.05082039600491982	0.0325335383619923	0.16715246633899503	0.09529236114639088	0.6542012381477019	4.0	0
DLBCL11509	0.228614539283397	0.04929751406861221	0.03989442734922718	0.6556919622827878	0.02650155701597574	0.6556919622827878	0.0	3
DLBCL11443	0.6592422413245481	0.01951084597815575	0.04706176060044036	0.21040600364638865	0.06377914845046709	0.6592422413245481	0.0	0
DLBCL10838	0.10643928183082645	0.11180038760463368	0.051065066223492384	0.6597567203667193	0.07093854397432815	0.6597567203667193	4.0	3
DLBCL10950	0.210795008058137	0.03611671424402295	0.030033811307923673	0.66086022997484	0.062194236415076404	0.66086022997484	0.0	3
DLBCL_C_D_1130_NULLPAIR	0.6616468796034461	0.015523176495307009	0.13189401447470223	0.14803236067398584	0.0429035687525588	0.6616468796034461	0.0	0
DLBCL10896	0.6624751928144818	0.03637149935626822	0.014283774757185362	0.2218210671436321	0.06504846592843262	0.6624751928144818	0.0	0
DLBCL10862	0.04140433784121963	0.043260440658019345	0.663026386260387	0.18444323649369845	0.06786559874667551	0.663026386260387	4.0	2
DLBCL11188	0.07999368167577066	0.6638017669812141	0.06618426955496105	0.1143777300239417	0.07564255176411243	0.6638017669812141	1.0	1
DLBCL10534	0.0377341722378473	0.08920621743241368	0.0439778988069863	0.16502540577336283	0.6640563057493899	0.6640563057493899	4.0	4
DLBCL11581	0.05042269939942964	0.03382273315695948	0.05660834523550634	0.6679383958702665	0.19120782633783806	0.6679383958702665	4.0	3
DLBCL10902	0.10370293669264359	0.0604194695252548	0.019615615045808596	0.14813570871115828	0.6681262700251347	0.6681262700251347	4.0	4
DLBCL11483	0.09493277260137621	0.07307531473652143	0.04918782961823959	0.6723928486976615	0.11041123434620123	0.6723928486976615	1.0	3
DLBCL10522	0.11177705387382172	0.0270182368721312	0.14058836593846216	0.672412746142429	0.048203597173155886	0.672412746142429	2.0	3
DLBCL11537	0.6741049318459222	0.02769216158702995	0.021281704527039334	0.1298349105841093	0.1470862914558992	0.6741049318459222	0.0	0
DLBCL11566	0.09122686932860741	0.04501539316702475	0.1372738219740717	0.6753255698348148	0.05115834569548127	0.6753255698348148	2.0	3
DLBCL10860	0.02293135163376352	0.032932483310681486	0.12690482280034412	0.1410502250777025	0.6761811171775083	0.6761811171775083	4.0	4
DLBCL11208	0.05108808997881349	0.08955268091059143	0.14408155312659307	0.6768178649426306	0.03845981104137138	0.6768178649426306	1.0	3
DLBCL11439	0.1919929851973476	0.017139795556226835	0.07006066946114488	0.6775463244067735	0.04326022537850718	0.6775463244067735	2.0	3
DLBCL11446	0.6775483285503703	0.022885779989562854	0.07696814436944821	0.16665139181836075	0.055946355272257865	0.6775483285503703	1.0	0
DLBCL10970	0.16427966959817272	0.06259538218213456	0.03200830322256282	0.6806302267261238	0.060486418271006086	0.6806302267261238	3.0	3
DLBCL_RICOVER_1018	0.05179444984668203	0.06332222565094749	0.07698202257266713	0.6901494037241703	0.11775189820553306	0.6901494037241703	3.0	3
DLBCL_RICOVER_575	0.15074273452015902	0.023342376689235028	0.1152899342269302	0.6901683524552976	0.020456602108378175	0.6901683524552976	3.0	3
DLBCL_LS146	0.09753496536345714	0.6915334040399729	0.03892851359441593	0.1184234168121259	0.05357970019002821	0.6915334040399729	1.0	1
DLBCL10936	0.10370704918499843	0.032646310411128095	0.11309587690613332	0.6919973157511636	0.058553447746576545	0.6919973157511636	2.0	3
DLBCL_RICOVER_866	0.05356228262199272	0.06682491393093368	0.15975591326690586	0.6923049397008817	0.027551950479286116	0.6923049397008817	2.0	3
DLBCL10993	0.155005248013785	0.05100422742049089	0.0325440961508227	0.6929027063981311	0.06854372201677024	0.6929027063981311	0.0	3
DLBCL10782	0.11240248836092523	0.05359044809331678	0.1086289524572775	0.6946752056679472	0.030702905420533257	0.6946752056679472	3.0	3
DLBCL11203	0.1189087690210168	0.06658375039052031	0.042283246160354414	0.6949749030776872	0.07724933135042131	0.6949749030776872	1.0	3
DLBC_FF_8043_TP_NB	0.052946345765143406	0.04398258506397732	0.15041840277932605	0.6950868260648232	0.05756584032672994	0.6950868260648232	1.0	3
DLBCL10490	0.10511281424581932	0.03358231313463085	0.05387454190093346	0.6959262221284893	0.11150410859012698	0.6959262221284893	0.0	3
DLBCL10535	0.1598219162114711	0.028887717364883592	0.060766845201430136	0.6967286841300049	0.053794837092210196	0.6967286841300049	4.0	3
DLBCL11432	0.6986214575573042	0.019402215663974112	0.034414085371669144	0.13012287162815347	0.11743936977889906	0.6986214575573042	0.0	0
DLBCL11536	0.10523900094566441	0.12096020246324285	0.026592600492555088	0.7024878819703658	0.04472031412817178	0.7024878819703658	3.0	3
DLBCL_RICOVER_253	0.13729604815941723	0.7041477063300402	0.05416438655467979	0.06073017228231326	0.04366168667354958	0.7041477063300402	1.0	1
DLBCL11576	0.09997144374354455	0.08418692271661915	0.04099639142694379	0.7049519502226597	0.06989329189023288	0.7049519502226597	3.0	3
DLBCL11669	0.1447966634684687	0.03169708229196407	0.09024689825385863	0.706181539930564	0.027077816055144654	0.706181539930564	2.0	3
DLBCL_RICOVER_910	0.1726829513942854	0.022659014889609606	0.02917120872629941	0.7072388780100184	0.0682479469797871	0.7072388780100184	0.0	3
DLBCL11471	0.15463069544248242	0.033189344066853387	0.04079203295611003	0.7085975084172642	0.06279041911728993	0.7085975084172642	3.0	3
DLBCL11435	0.70878277544543	0.011445956027445617	0.030147825370026974	0.20516420670058	0.044459236456517455	0.70878277544543	0.0	0
DLBC_FF_8062_TP_NB	0.13510182344265437	0.03849335845725756	0.08556692164621509	0.7108030187589762	0.030034877694896767	0.7108030187589762	3.0	3
DLBCL_LS1098	0.06995629890222119	0.020082878924892304	0.711105988695996	0.1684962983432668	0.030358535133623757	0.711105988695996	2.0	2
DLBCL10981	0.06007816539678505	0.10152992531725284	0.03637425021132162	0.7130029359524784	0.08901472312216208	0.7130029359524784	1.0	3
DLBCL11476	0.7135024455768768	0.026934119268974807	0.023712933718759325	0.1718819172085433	0.06396858422684576	0.7135024455768768	4.0	0
DLBCL_RICOVER_496	0.15062755941950523	0.05397235921502634	0.029400475080846648	0.7141632004424882	0.05183640584213366	0.7141632004424882	1.0	3
DLBCL_MC_F210_GWC	0.08730965197743108	0.09064067049851586	0.03506589188136916	0.7149161789580949	0.07206760668458902	0.7149161789580949	1.0	3
DLBCL10962	0.05858600419440072	0.04196196704033973	0.05859226547420146	0.7153291920148728	0.12553057127618533	0.7153291920148728	1.0	3
DLBCL10870	0.08392662127681712	0.037701710362829356	0.05538557588965069	0.7162620121873219	0.10672408028338087	0.7162620121873219	4.0	3
DLBCL11457	0.7168185131137509	0.03325786726519051	0.03404691189542219	0.18487404335670227	0.03100266436893417	0.7168185131137509	0.0	0
DLBCL10853	0.1265298062369093	0.02052681132184108	0.0716088037681336	0.7190091771964606	0.06232540147665546	0.7190091771964606	4.0	3
DLBCL10515	0.1874927931687016	0.029387427861650047	0.032916011365785626	0.7193243268414737	0.030879440762388955	0.7193243268414737	0.0	3
DLBCL11479	0.02979136559611215	0.043721152418446575	0.051318565312091655	0.15471649979245042	0.7204524168808992	0.7204524168808992	1.0	4
DLBCL10992	0.07402975113257253	0.009338666657975472	0.06116565144024882	0.13293352484238827	0.7225324059268149	0.7225324059268149	4.0	4
DLBCL_RICOVER_945	0.7236357028206624	0.035160157293235385	0.034319948599928304	0.18263876619083916	0.024245425095334856	0.7236357028206624	0.0	0
DLBCL_RICOVER_1045	0.1596602640233844	0.03206095001160659	0.06426962753924913	0.7248814786879458	0.019127679737814103	0.7248814786879458	3.0	3
DLBCL11205	0.7294770520307757	0.053011599498420575	0.0766681294949458	0.1246740832468906	0.01616913572896726	0.7294770520307757	0.0	0
DLBCL_RICOVER_478	0.08467393358594151	0.04197794128203635	0.046837803524200416	0.730357428596665	0.09615289301115669	0.730357428596665	1.0	3
DLBCL_C_D_1108_NULLPAIR	0.05409547843839546	0.7319487799923478	0.032753320666084045	0.0896816830567429	0.09152073784642983	0.7319487799923478	1.0	1
DLBCL10547	0.15048946175540184	0.03972743154620187	0.047945887645868934	0.7330230455783366	0.02881417347419073	0.7330230455783366	3.0	3
DLBCL11661	0.0728431548352126	0.08077222583932946	0.06630409632643053	0.7349861156054085	0.045094407393618995	0.7349861156054085	1.0	3
DLBCL11204	0.7383673624672025	0.03635714102199375	0.03748418103458709	0.1416551336611178	0.04613618181509885	0.7383673624672025	1.0	0
DLBCL10542	0.7421339892053329	0.014280553758039388	0.02939694770921529	0.17304227415703388	0.0411462351703786	0.7421339892053329	0.0	0
DLBCL10874	0.7423375443531129	0.040276242961077506	0.01793388229821705	0.15711124130339318	0.04234108908419935	0.7423375443531129	1.0	0
DLBCL11454	0.743751695340739	0.04353061415965335	0.02197068602190353	0.17094290104720644	0.01980410343049768	0.743751695340739	0.0	0
DLBCL_MC_F519_ALT	0.0579320734961901	0.038805828442531894	0.018449826288980023	0.13900033740704762	0.7458119343652504	0.7458119343652504	4.0	4
DLBCL10907	0.12161375837934171	0.04503436025891662	0.04523994218829559	0.7459357843574196	0.042176154816026525	0.7459357843574196	1.0	3
DLBCL_RICOVER_467	0.0960885247097327	0.7463108932472529	0.039021253008535324	0.06265955272472236	0.0559197763097567	0.7463108932472529	1.0	1
DLBCL10484	0.060653275900013966	0.7475267472801689	0.06399843808576769	0.09488621695373149	0.03293532178031794	0.7475267472801689	1.0	1
DLBCL10954	0.1359510067485841	0.039690924920289104	0.03289524543677402	0.7480363659807876	0.043426456913565115	0.7480363659807876	1.0	3
DLBCL11206	0.04370616205720564	0.04699595012372761	0.08951647569145237	0.06949922976278218	0.7502821823648321	0.7502821823648321	4.0	4
DFCIDL010_DT	0.13662206874800983	0.05673756617244732	0.031318305150480084	0.7546123010655649	0.020709758863497827	0.7546123010655649	0.0	3
DLBCL_RICOVER_685	0.0393435561858928	0.034133443056780205	0.058790819117498935	0.7563660180242386	0.11136616361558949	0.7563660180242386	4.0	3
DLBCL10472	0.10028536664229994	0.049756920398040624	0.048999496257915706	0.7576229099483317	0.04333530675341203	0.7576229099483317	2.0	3
DLBCL_MAYO_DLBCL_5613	0.7576978718949215	0.05909951239308931	0.03784274715850135	0.08155895533869433	0.06380091321479345	0.7576978718949215	0.0	0
DLBCL10464	0.03357976693727941	0.022501078402568462	0.75807284365788	0.16627425808880789	0.019572052913464266	0.75807284365788	2.0	2
DLBCL11535	0.07692657823843968	0.028128957244272713	0.11295278444924259	0.7581862549265687	0.023805425141476346	0.7581862549265687	3.0	3
DLBCL_RICOVER_583	0.04916540302128423	0.03704001785354616	0.0562097083083561	0.7598655487882053	0.09771932202860811	0.7598655487882053	1.0	3
DLBCL_C_D_1149_NULLPAIR	0.04023493975499128	0.027353427445036785	0.0781678870806498	0.760334458686183	0.09390928703313917	0.760334458686183	1.0	3
DLBCL_LS3204	0.7622110580065817	0.07419145272559895	0.020475847554030386	0.11052545971327601	0.03259618200051292	0.7622110580065817	1.0	0
DLBCL11437	0.12811211912474557	0.01537786899473209	0.03439715119773119	0.7627520699815776	0.0593607907012135	0.7627520699815776	3.0	3
DLBCL_RICOVER_1299	0.11245231707900707	0.025280182555849958	0.03598736005386859	0.7635769673126751	0.06270317299859918	0.7635769673126751	4.0	3
DLBCL10854	0.04928925051362337	0.045297169598106965	0.04440444570091195	0.7640671017051409	0.09694203248221672	0.7640671017051409	4.0	3
DLBCL10875	0.7641035454469237	0.03929369359634603	0.03306350856296084	0.13890319767261833	0.024636054721151115	0.7641035454469237	0.0	0
DLBCL_C_D_1157_NULLPAIR	0.06275500199559891	0.049330879215880925	0.7654185493939141	0.09515980305831262	0.027335766336293418	0.7654185493939141	2.0	2
DLBCL10539	0.12562554499362422	0.02994116500501406	0.041240308674035865	0.7660506207175536	0.037142360609772246	0.7660506207175536	3.0	3
DLBCL_MAYO_DLBCL_3653	0.09950356058497513	0.014198250433943379	0.08683886951439762	0.7680267374328948	0.03143258203378902	0.7680267374328948	0.0	3
DLBCL_LS951	0.7681090245726206	0.03419522182457923	0.02056427159876405	0.15510966452940994	0.02202181747462621	0.7681090245726206	0.0	0
DLBCL10527	0.05863911886979675	0.01420353698641851	0.10201026098034907	0.7691487784850057	0.05599830467842993	0.7691487784850057	3.0	3
DLBCL11441	0.052010354483230894	0.03078638454237167	0.07985422451888044	0.7703906802387139	0.0669583562168031	0.7703906802387139	2.0	3
DLBCL_RICOVER_1269	0.04947622116105933	0.04609377164587008	0.07802576550124189	0.7709058382903868	0.055498403401441826	0.7709058382903868	2.0	3
DLBCL11460	0.08188166842082477	0.05595339931391399	0.04143186512687757	0.7719887787076525	0.04874428843073116	0.7719887787076525	3.0	3
DLBCL11527	0.0686430994157155	0.01775962823139013	0.0794066116539503	0.7769882309248983	0.05720242977404578	0.7769882309248983	3.0	3
DLBCL11679	0.7769908504233504	0.04285278173315618	0.058041602570663146	0.0842845479975026	0.03783021727532775	0.7769908504233504	1.0	0
DLBCL_MC_F218_RAP	0.0922387130709028	0.014515066881926544	0.08869394834508974	0.7791699309966647	0.025382340705416256	0.7791699309966647	3.0	3
DLBCL_RICOVER_174	0.10624420611481916	0.7805880937036471	0.02130751136647592	0.05880436785569736	0.033055820959360514	0.7805880937036471	1.0	1
DLBCL10544	0.08685015721425228	0.027584185931649408	0.04541642781347268	0.7824342651452162	0.057714963895409505	0.7824342651452162	3.0	3
DLBCL10463	0.0344837439289045	0.024075798809587167	0.029971077129290015	0.12761594553888364	0.7838534345933347	0.7838534345933347	4.0	4
DLBCL10857	0.08722511343292784	0.02816637749771474	0.03348644995571461	0.7842445205998897	0.06687753851375311	0.7842445205998897	4.0	3
DLBCL10884	0.09450367078517755	0.026439152513786993	0.053559863414531256	0.7844149332276439	0.04108238005886032	0.7844149332276439	0.0	3
DLBCL11459	0.13108318437981195	0.024601870080772147	0.03410654269073789	0.7856811051611073	0.02452729768757062	0.7856811051611073	3.0	3
DLBCL10457	0.07320338370761038	0.06152677995723276	0.04511693904229277	0.7867589734803603	0.03339392381250387	0.7867589734803603	4.0	3
DLBCL10864	0.035239539664537016	0.03589747208965239	0.027015007396165875	0.11453741299887853	0.7873105678507663	0.7873105678507663	4.0	4
DLBCL11482	0.7877848335189993	0.03068882953282602	0.013092189312401295	0.15088553989259326	0.01754860774318018	0.7877848335189993	0.0	0
DLBCL10897	0.7878151979427267	0.029112149527493702	0.02594393183587649	0.13654153410388506	0.020587186590017997	0.7878151979427267	0.0	0
DLBCL10925	0.7893531545438595	0.03132216565947289	0.020293719156093185	0.12983102264198337	0.029199937998591118	0.7893531545438595	4.0	0
DLBCL10868	0.05315187040249293	0.022851705748775087	0.03063908018113235	0.7897512006572144	0.10360614301038527	0.7897512006572144	3.0	3
DLBCL10536	0.06515943507641055	0.04170273555347735	0.08137792685027845	0.7905207803046228	0.021239122215210782	0.7905207803046228	2.0	3
DLBCL_C_D_1105_NULLPAIR	0.7919959535497108	0.034019784795113625	0.02083775705686598	0.13613801598123235	0.017008488617077287	0.7919959535497108	1.0	0
DLBCL10959	0.09735186466350496	0.026783780458751398	0.027702358629776748	0.792314835951084	0.05584716029688287	0.792314835951084	0.0	3
DLBCL10986	0.09672107649481285	0.027142873451621728	0.045074619919147324	0.7923620401616513	0.03869938997276678	0.7923620401616513	0.0	3
DLBCL10456	0.06075660421920958	0.02176617954136952	0.058296180623042995	0.7935529776507656	0.06562805796561226	0.7935529776507656	3.0	3
DLBCL10919	0.13287225517178763	0.019745197744270422	0.024613382771328886	0.7941853788611185	0.028583785451494616	0.7941853788611185	3.0	3
DLBCL10869	0.03682813280219894	0.048726711876423544	0.061372788346435496	0.7960449279951186	0.05702743897982346	0.7960449279951186	0.0	3
DLBCL_C_D_1113_NULLPAIR	0.10015775409969868	0.023505202206044202	0.057561843980625436	0.7964408811277337	0.022334318585897954	0.7964408811277337	2.0	3
DLBCL10927	0.09993307817920022	0.03486591534868607	0.049349977134657295	0.7965490156457281	0.019302013691728286	0.7965490156457281	3.0	3
DLBCL10518	0.07224253445459221	0.0335007412797549	0.06837949081154138	0.800394146761411	0.025483086692700576	0.800394146761411	2.0	3
DLBCL10465	0.02147278674777585	0.028696326753430666	0.8056650439420309	0.1149211372443253	0.029244705312437343	0.8056650439420309	2.0	2
DLBCL_LS2325	0.05992533062640329	0.04147077071652356	0.07031402127381861	0.8062349627092131	0.022054914674041356	0.8062349627092131	2.0	3
DLBCL_MAYO_DLBCL_234	0.07077723586619387	0.028673940757246056	0.04304366125292101	0.8079937379574308	0.049511424166208205	0.8079937379574308	2.0	3
DLBCL_RICOVER_267	0.057405456476962706	0.019580627864345244	0.8089388890126702	0.07752171509961078	0.03655331154641107	0.8089388890126702	2.0	2
DLBCL10975	0.8093410642572748	0.01736929425694877	0.01301159196605383	0.11786795819805741	0.042410091321665136	0.8093410642572748	0.0	0
DLBCL11564	0.07732382014738022	0.019901112464164684	0.06503521787428176	0.8098515232790449	0.027888326235128453	0.8098515232790449	3.0	3
DLBCL11676	0.0888572395684364	0.02561168212636747	0.047275351606891274	0.8129588214546426	0.02529690524366226	0.8129588214546426	0.0	3
DLBCL_C_D_1140_NULLPAIR	0.10162287204184398	0.025129080544951297	0.02678519701551392	0.8147020293704081	0.031760821027282726	0.8147020293704081	4.0	3
DLBCL10980	0.07618571358344765	0.022751219469978316	0.03153056702627167	0.8147404172328482	0.05479208268745418	0.8147404172328482	4.0	3
DLBCL_RICOVER_417	0.815305134437646	0.04831748259920067	0.008268645576053358	0.08284573250650977	0.04526300488059023	0.815305134437646	4.0	0
DLBCL_RICOVER_1283	0.01908336297990788	0.03214719908184537	0.8180992303614152	0.10060111472035027	0.030069092856481305	0.8180992303614152	2.0	2
DLBCL10491	0.07989028272301914	0.032625581207628374	0.04256911877385159	0.8185457400496159	0.026369277245884983	0.8185457400496159	3.0	3
DLBCL10462	0.8189487948856992	0.022861888196458433	0.01600252723279895	0.12505142168850936	0.017135367996534038	0.8189487948856992	0.0	0
DLBCL11658	0.0764292357196327	0.015466103917160905	0.06282534779975193	0.8189629061829651	0.02631640638048941	0.8189629061829651	3.0	3
DLBCL_RICOVER_258	0.06914150391397642	0.0271096393558694	0.0518324292202177	0.8197677550541338	0.03214867245580272	0.8197677550541338	2.0	3
DLBCL10912	0.08320760898333528	0.02123076245431879	0.028599681804936217	0.8228447017364776	0.04411724502093212	0.8228447017364776	0.0	3
DLBCL11472	0.8248091139786407	0.018357366683745515	0.022351523369058886	0.12115991228379172	0.013322083684763203	0.8248091139786407	0.0	0
DLBCL_C_D_1159_NULLPAIR	0.07893619258745556	0.02251895005315692	0.047450690330371456	0.8254828800934454	0.02561128693557069	0.8254828800934454	3.0	3
DLBCL_C_D_1114_NULLPAIR	0.08684941026114953	0.022477007317219203	0.03325452505111435	0.8294141214588941	0.028004935911622782	0.8294141214588941	0.0	3
DLBCL_LS378	0.8305206778697298	0.0155070655324232	0.05265178649131887	0.0612113034287893	0.04010916667773875	0.8305206778697298	0.0	0
DLBCL_RICOVER_1219	0.015591666721534886	0.024908284658514218	0.0589152642294911	0.06460707469312629	0.8359777096973335	0.8359777096973335	4.0	4
DLBCL10999	0.07241665585646966	0.018182064648465283	0.03488516236708281	0.8361456656947311	0.03837045143325105	0.8361456656947311	4.0	3
DLBCL10513	0.07050510347444361	0.020099955566462012	0.0489311057875352	0.836491763071505	0.023972072100054153	0.836491763071505	3.0	3
DLBCL_LS1668	0.06402526710777136	0.037241928228850224	0.03621782281267549	0.8369626082303712	0.02555237362033178	0.8369626082303712	1.0	3
DLBCL_C_D_1109_NULLPAIR	0.07461565131480502	0.021355019469384073	0.02704995060534633	0.837723728155308	0.03925565045515648	0.837723728155308	3.0	3
DLBCL11657	0.04232359897180295	0.020324384356132	0.0642077829878251	0.8382203477390296	0.034923885945210245	0.8382203477390296	3.0	3
DLBCL_LS1921	0.05304494852529067	0.04168006758685264	0.04038300709465015	0.8390298573275867	0.025862119465619823	0.8390298573275867	1.0	3
DLBCL11519	0.09097654065981013	0.01784429723226013	0.032080771828432	0.8391857800027234	0.01991261027677437	0.8391857800027234	0.0	3
DLBCL_RICOVER_1150	0.07475326051333796	0.022654154238372397	0.03591879799728237	0.839729598688677	0.026944188562330246	0.839729598688677	0.0	3
DLBCL11466	0.06807274063334341	0.010074067170307035	0.05429310923872974	0.8402098690453798	0.02735021391224005	0.8402098690453798	1.0	3
DLBCL_C_D_PAIR13	0.05534386500671228	0.01195003926995942	0.03854882211311956	0.8433474229329452	0.05080985067726356	0.8433474229329452	4.0	3
DLBCL10512	0.05274714836795049	0.026193468057104277	0.03496956355127918	0.8441216048711573	0.04196821515250875	0.8441216048711573	2.0	3
DLBCL_RICOVER_221	0.010476069773257941	0.057167666332702274	0.03325290679025045	0.050532193629419436	0.8485711634743699	0.8485711634743699	4.0	4
DLBCL11655	0.07658817437098382	0.013366390198672343	0.03434282893465934	0.8494659851353076	0.026236621360376914	0.8494659851353076	3.0	3
DLBCL_MC_F139_LJF	0.06767730569604245	0.025265632600840263	0.03153250794435522	0.8499447258648691	0.025579827893892935	0.8499447258648691	3.0	3
DLBCL10530	0.03802415520840878	0.038686260671922726	0.040808087510871484	0.031769246562922154	0.8507122500458748	0.8507122500458748	4.0	4
DLBCL11480	0.05453871470836827	0.025694768785681006	0.04364107826730395	0.8509101469540794	0.025215291284567336	0.8509101469540794	0.0	3
DLBCL10965	0.06429864856178412	0.018382357788114718	0.03479019699793578	0.8510813627079188	0.031447433944246594	0.8510813627079188	3.0	3
DLBCL11194	0.03508775219293108	0.018399010491516314	0.050226811625091634	0.8511367855913871	0.04514964009907388	0.8511367855913871	4.0	3
DLBCL_RICOVER_320	0.05474732588692975	0.011565858339646866	0.03789801288671301	0.8519912098984994	0.043797592988211016	0.8519912098984994	2.0	3
DLBCL11539	0.8531986693402186	0.009850130580781323	0.01922262108395638	0.09693616789835569	0.020792411096687967	0.8531986693402186	0.0	0
DLBCL_C_D_1144_NULLPAIR	0.0499672896044539	0.016041258466021578	0.041130067591478296	0.8535993799293212	0.03926200440872502	0.8535993799293212	4.0	3
DLBCL_RICOVER_151	0.0657997396952263	0.028988082893071542	0.02572189207797635	0.8541508058842988	0.02533947944942705	0.8541508058842988	3.0	3
DLBCL_RICOVER_950	0.8570999567047515	0.012191998624457258	0.014590369095866685	0.09579517984345019	0.020322495731474436	0.8570999567047515	3.0	0
DLBCL_DFCI_DLBCL_GOE16	0.04281818689232291	0.020776479262997374	0.056244854309172136	0.8586996443448641	0.02146083519064347	0.8586996443448641	2.0	3
DLBCL11683	0.058165388415078685	0.019144271433005858	0.03621874665141389	0.861277134082517	0.025194459417984504	0.861277134082517	2.0	3
DLBCL11511	0.8629052901557961	0.007841635299350471	0.02997814557545691	0.07943768212338724	0.019837246846009248	0.8629052901557961	0.0	0
DLBCL11196	0.06318211052394758	0.014428526413716286	0.02848462346388475	0.8637389343935883	0.030165805204863123	0.8637389343935883	3.0	3
DLBCL10555	0.05176258220128048	0.015449285608167974	0.0493433567198338	0.8639015505842782	0.019543224886439538	0.8639015505842782	2.0	3
DLBCL_C_D_1139_NULLPAIR	0.05576762964365088	0.028814888928871976	0.02328315587592759	0.8639403400895785	0.028193985461971032	0.8639403400895785	3.0	3
DLBCL11525	0.05709392266565008	0.01668454693049811	0.04231000334452451	0.8668592016746134	0.017052325384713893	0.8668592016746134	2.0	3
DLBCL10843	0.05945646803346442	0.01580147771532398	0.025027284620468677	0.8673180115955929	0.03239675803515008	0.8673180115955929	0.0	3
DLBCL_RICOVER_1061	0.060125342689142984	0.013156408818051298	0.04258806955173995	0.8673503294786531	0.016779849462412712	0.8673503294786531	3.0	3
DLBCL_RICOVER_577	0.020904937746368927	0.017231066213343218	0.869032374657737	0.06914651427051684	0.02368510711203408	0.869032374657737	2.0	2
DLBCL10939	0.05754905447135876	0.01617292589698325	0.03500702507876926	0.8717571325927732	0.019513861960115474	0.8717571325927732	3.0	3
DLBCL10969	0.0612682616728901	0.018265366681054166	0.025139030729168853	0.872073736995889	0.023253603920997977	0.872073736995889	0.0	3
DLBCL10990	0.019268692310114032	0.026404414137980076	0.025735166120322756	0.05625831874838901	0.8723334086831941	0.8723334086831941	4.0	4
DLBCL10971	0.04206466840552332	0.015595846797907384	0.026442841461074784	0.8742038093580184	0.04169283397747605	0.8742038093580184	0.0	3
DLBCL11523	0.04459505501600569	0.01813027831962076	0.03748386919443521	0.8748737886000363	0.024917008869902037	0.8748737886000363	0.0	3
DLBCL_RICOVER_985	0.04671081482760507	0.02161956263771398	0.03607161403612475	0.8759623716525098	0.019635636846046436	0.8759623716525098	3.0	3
DLBCL_RICOVER_274	0.05647671137417746	0.019580102990701006	0.0230366976079176	0.8766323923997515	0.024274095627452412	0.8766323923997515	3.0	3
DLBCL10863	0.03865195032236862	0.012709922196884079	0.029956321362326913	0.8785616695119551	0.040120136606465254	0.8785616695119551	3.0	3
DLBCL11436	0.04792091772446334	0.017898922823986224	0.03554999834067724	0.8798739063375861	0.018756254773287143	0.8798739063375861	1.0	3
DLBCL_MC_F349_BJJ	0.013940102630728696	0.026333284408480775	0.8837032849436632	0.06135914408159072	0.014664183935536527	0.8837032849436632	2.0	2
DLBCL_MC_F064AB	0.047033342149662476	0.017990491137886064	0.02961057318822547	0.8843128740847085	0.021052719439517503	0.8843128740847085	2.0	3
DLBCL10865	0.03758528014783184	0.019789860960200478	0.030069946863355606	0.8856983069692821	0.026856605059330015	0.8856983069692821	4.0	3
DLBCL_RICOVER_617	0.05322806606270801	0.015603946235653646	0.026663855707740686	0.887670131405916	0.016834000587981682	0.887670131405916	3.0	3
DLBCL10889	0.015595003624646138	0.015542418336703388	0.022980040641081115	0.058160207265915136	0.8877223301316542	0.8877223301316542	4.0	4
DLBCL11656	0.037248137204280246	0.011402029598832115	0.039605411758923646	0.8877615067529864	0.02398291468497757	0.8877615067529864	2.0	3
DLBCL11495	0.04432950665421762	0.01175954318270822	0.025346434688916727	0.8881168559634689	0.030447659510688545	0.8881168559634689	4.0	3
DLBCL_RICOVER_338	0.8886331761614148	0.011373218906244516	0.016344863550419066	0.06774343428907427	0.015905307092847366	0.8886331761614148	0.0	0
DLBCL10469	0.03561505744887792	0.015240169893546004	0.03464349029920159	0.8888816759194933	0.025619606438881153	0.8888816759194933	3.0	3
DLBCL_LS2357	0.04796917998473745	0.012480203404695984	0.031085758216416213	0.8912989088788073	0.01716594951534306	0.8912989088788073	3.0	3
DLBCL10985	0.04527602743473369	0.017011605826476678	0.029810471365316882	0.8919288662296417	0.015973029143831002	0.8919288662296417	1.0	3
DLBCL_RICOVER_361	0.05303355106973388	0.013586957087316283	0.02405637348735217	0.8927549178848739	0.016568200470723778	0.8927549178848739	3.0	3
DLBCL_RICOVER_173	0.04249995370388926	0.014510395844970872	0.028830924441777008	0.8944319051735025	0.019726820835860387	0.8944319051735025	4.0	3
DLBCL10932	0.04730749337790117	0.016171724424486195	0.022278167091752142	0.8945543283437777	0.01968828676208278	0.8945543283437777	3.0	3
DLBCL_C_D_1151_NULLPAIR	0.04087042855732825	0.01810254437491094	0.031424308187120276	0.8963132616311177	0.01328945724952289	0.8963132616311177	3.0	3
DLBCL10910	0.03723319666366154	0.01828181090667428	0.030559504080413195	0.8966881495854506	0.01723733876380034	0.8966881495854506	2.0	3
DLBCL11464	0.044396545055009895	0.014042579875007719	0.0279875094021039	0.896816474160042	0.016756891507836574	0.896816474160042	3.0	3
DFCIDL004_DT	0.04238111875416497	0.01372850829982829	0.024411600462176875	0.8968408658223951	0.022637906661434823	0.8968408658223951	4.0	3
DLBCL_C_D_1125_NULLPAIR	0.029136424200996106	0.025270469344223598	0.019424622389281186	0.028355470753432248	0.8978130133120669	0.8978130133120669	4.0	4
DLBCL_C_D_1103_NULLPAIR	0.034876462127089884	0.015411361577427639	0.032642143069617297	0.897843285945395	0.019226747280470163	0.897843285945395	3.0	3
DLBCL11659	0.03838924898466405	0.012997111284990063	0.029569549807890994	0.8979924857320508	0.02105160419040408	0.8979924857320508	3.0	3
DLBCL11671	0.046779432301217796	0.013225897435449144	0.023563626064543333	0.8992805167110239	0.01715052748776579	0.8992805167110239	0.0	3
DLBCL_C_D_1119_NULLPAIR	0.8992837154867133	0.029803795516236055	0.009285302192926908	0.04447855033301526	0.01714863647110854	0.8992837154867133	1.0	0
DLBCL11510	0.037958295301214966	0.013058750717182375	0.026162719737032353	0.902384137523772	0.020436096720798363	0.902384137523772	4.0	3
DLBCL10978	0.038032366874096675	0.014346500424784848	0.024562950576214538	0.9043106382557584	0.018747543869145476	0.9043106382557584	3.0	3
DLBCL10996	0.9047351284647952	0.010139540184971726	0.00860194967144389	0.05845871563449311	0.0180646660442961	0.9047351284647952	0.0	0
DLBCL11447	0.038133846752969686	0.012538827932831948	0.023391326814084765	0.908329508642902	0.017606489857211655	0.908329508642902	3.0	3
DLBCL10497	0.03876670670288124	0.011826056580574607	0.022385757961960566	0.9092578425795392	0.017763636175044353	0.9092578425795392	3.0	3
DLBCL11002	0.03491339376674026	0.012685808653086297	0.025314646450827698	0.9094590337254483	0.017627117403897368	0.9094590337254483	3.0	3
DLBCL_LS1757	0.916529495892114	0.015058914754487295	0.012337182411734569	0.04230525576880229	0.013769151172861914	0.916529495892114	0.0	0
DLBCL11520	0.9218677758461438	0.011763556439369651	0.006974746198039673	0.04158339541752757	0.017810526098919383	0.9218677758461438	0.0	0
DLBCL10893	0.010983038635975283	0.009717063196413089	0.024195911516378683	0.026336450046755784	0.9287675366044772	0.9287675366044772	4.0	4
DLBCL_RICOVER_1032	0.007399286465145566	0.020234833683058142	0.016226144017900575	0.027252427923688333	0.9288873079102073	0.9288873079102073	4.0	4
DLBCL_C_D_1136_NULLPAIR	0.012861201868011407	0.937586880131763	0.011085872398164049	0.0221511496065349	0.016314895995526654	0.937586880131763	1.0	1
DLBCL_RICOVER_1192	0.009686089656033096	0.010957983156707419	0.01485790588991501	0.020690727378330994	0.9438072939190135	0.9438072939190135	4.0	4
DLBCL10458	0.9547729278150856	0.006565890570120067	0.006271520511014473	0.025009990917019005	0.007379670186760872	0.9547729278150856	0.0	0
DLBCL10913	0.9574316752032728	0.005379797876868422	0.005533381074802622	0.025963830582667696	0.005691315262388533	0.9574316752032728	0.0	0
DLBCL_RICOVER_826	0.9609813820316655	0.005692490805513266	0.004565929985887757	0.02022278136326667	0.008537415813666785	0.9609813820316655	0.0	0
DLBCL10454	0.9665217011152587	0.006968459147497648	0.0072489094470104525	0.012419723159950382	0.006841207130282826	0.9665217011152587	4.0	0
DLBCL_MC_F132_MLM	0.9675547591175584	0.004092930669655052	0.005748255520811738	0.01852080000338982	0.004083254688584974	0.9675547591175584	0.0	0
DLBCL10525	0.9757546646334062	0.003429566275214086	0.0034443106114758234	0.01261386086268222	0.004757597617221662	0.9757546646334062	0.0	0
DLBCL11462	0.9908838513385476	0.0009494827734550977	0.0019404317247134764	0.004126853190060875	0.0020993809732229615	0.9908838513385476	0.0	0
DLBCL_RICOVER_1293	0.001642816205534344	0.0022252638436992666	0.0015875853921593756	0.002909369566095691	0.9916349649925114	0.9916349649925114	4.0	4
