	C1	C2	C3	C4	C5	Confidence	True Cluster	Predicted Cluster
DLBCL11471	0.31863446808175255	0.18917982123474558	0.12479358570680466	0.19959894456103205	0.16779318041566535	0.31863446808175255	3.0	0
DLBCL_LS1668	0.0597723812178092	0.34401468098871213	0.24312187816654085	0.304610526577176	0.04848053304976177	0.34401468098871213	1.0	1
DLBCL11528	0.2798149275395517	0.3563093035381071	0.2989410310761475	0.03539761589150218	0.029537121954691364	0.3563093035381071	2.0	1
DLBCL11483	0.13014470212895815	0.3134108247679374	0.11403193935173414	0.0754164526369499	0.3669960811144205	0.3669960811144205	1.0	4
DLBCL10512	0.02292667323167825	0.25132506830225965	0.382599508744296	0.04746454978393227	0.29568419993783385	0.382599508744296	2.0	2
DLBCL_RICOVER_773	0.020062771218206675	0.22591237140576498	0.3382954564782009	0.026535226479506138	0.3891941744183212	0.3891941744183212	4.0	4
DLBCL_MC_F496DMP	0.2636250818832781	0.39626996354103855	0.25640044509015264	0.06317397297295375	0.020530536512576993	0.39626996354103855	1.0	1
DLBCL10915	0.06298593366820254	0.1454143853702332	0.0550818636158881	0.33381095946439115	0.40270685788128485	0.40270685788128485	4.0	4
DLBCL10539	0.05606491482704976	0.33686597108380395	0.0800279086524443	0.40313509968366806	0.12390610575303389	0.40313509968366806	3.0	3
DLBCL_RICOVER_711	0.2553630729429388	0.4043288367001435	0.025095372989652302	0.2879214412555258	0.027291276111739655	0.4043288367001435	3.0	1
DLBCL11446	0.13396348840932332	0.21486496726327584	0.19050633072676107	0.4094140364753515	0.05125117712528828	0.4094140364753515	1.0	3
DLBCL_MC_F927_JHS	0.11483343279601696	0.21706387009235675	0.1665058740306174	0.09156811211685502	0.410028710964154	0.410028710964154	4.0	4
DLBCL_MAYO_DLBCL_234	0.1843060816831453	0.014881599882724594	0.3547652802695044	0.4139025243447247	0.03214451381990102	0.4139025243447247	2.0	3
DLBCL10874	0.07245473310533211	0.3119946748825009	0.0338614441370547	0.16557185904025248	0.4161172888348598	0.4161172888348598	1.0	4
DLBCL10873	0.09210151160439652	0.41715467431548947	0.11512675042918959	0.33813824198242426	0.03747882166850021	0.41715467431548947	1.0	1
DLBCL_C_D_1153_NULLPAIR	0.06491335860061184	0.1702689054303403	0.02738244346514703	0.42213229207108915	0.3153030004328117	0.42213229207108915	3.0	3
DLBCL10955	0.14751178072952045	0.09875161379888349	0.09035917572998166	0.4262285805562726	0.2371488491853418	0.4262285805562726	3.0	3
DLBCL11534	0.04877220943653577	0.033147630683039685	0.42701523361704147	0.1873743291005238	0.30369059716285934	0.42701523361704147	2.0	2
DLBCL10869	0.4366405880021335	0.19880939018041124	0.2326548869601936	0.07692227223200118	0.05497286262526044	0.4366405880021335	0.0	0
DLBCL_RICOVER_1150	0.44125859970761944	0.2186673154027888	0.021166465582141924	0.20650808801553613	0.11239953129191377	0.44125859970761944	0.0	0
DLBCL10907	0.09493205713909181	0.3774252959643526	0.0244811749206955	0.06178385344424039	0.44137761853161966	0.44137761853161966	1.0	4
DLBCL11574	0.0699384202967599	0.20378179066450683	0.4414872163881234	0.08083432568419908	0.20395824696641077	0.4414872163881234	2.0	2
DLBCL_RICOVER_522	0.17033742476519087	0.05099132844588111	0.446542016300528	0.3203696260198711	0.011759604468528976	0.446542016300528	2.0	2
DLBCL_RICOVER_216	0.05833059891355943	0.08172237137494912	0.44962272271762765	0.04796422302272685	0.36236008397113706	0.44962272271762765	2.0	2
DLBC_FF_A7CX_TP_NB	0.45117713518227776	0.051204459832478656	0.09734136896838101	0.07846371390248003	0.3218133221143825	0.45117713518227776	4.0	0
DLBCL10936	0.16645460051063388	0.4529839983830637	0.14878186416579356	0.11481675637483277	0.11696278056567609	0.4529839983830637	2.0	1
DLBCL_RICOVER_111	0.10380849043905736	0.030598313852567127	0.3285059688054038	0.07598400760314057	0.46110321929983106	0.46110321929983106	4.0	4
DLBCL10486	0.4634673315188003	0.1750624675107743	0.02320865013708972	0.14386671684457927	0.1943948339887564	0.4634673315188003	0.0	0
DLBCL11441	0.10286936818513667	0.015983629759571023	0.068564289940113	0.3447977322200258	0.4677849798951536	0.4677849798951536	2.0	4
DLBCL11536	0.0475701815645904	0.46810336431365623	0.04448062194376952	0.3708218582261367	0.06902397395184713	0.46810336431365623	3.0	1
DLBCL11510	0.47078806459916234	0.17754206382246493	0.03864046751127984	0.054569142881732126	0.2584602611853607	0.47078806459916234	4.0	0
DLBCL_C_D_1138_NULLPAIR	0.03288883719945856	0.47157397168334697	0.23297441959340232	0.14770795776971668	0.11485481375407558	0.47157397168334697	1.0	1
DLBCL_C_D_1148_NULLPAIR	0.47553058367571194	0.012452301892076797	0.1119265510417737	0.37551264827792996	0.024577915112507565	0.47553058367571194	0.0	0
DLBCL10959	0.4797202552433608	0.028728647059115247	0.018374479867237482	0.35524361037920643	0.11793300745108011	0.4797202552433608	0.0	0
DLBCL10503	0.043968768754534496	0.14135339739236982	0.27784622351218724	0.04909683625665562	0.4877347740842528	0.4877347740842528	1.0	4
DLBCL_LS4619	0.018530811334471764	0.11488694313546245	0.48944984273520553	0.0738953594398652	0.30323704335499513	0.48944984273520553	4.0	2
DLBCL10934	0.03334093805357487	0.3874224185836929	0.02659055419832439	0.06206792416006654	0.49057816500434126	0.49057816500434126	1.0	4
DLBCL10969	0.49441425616250234	0.24952036029644709	0.17160302730212298	0.035066320698504155	0.04939603554042347	0.49441425616250234	0.0	0
DLBCL_RICOVER_338	0.4974336014160224	0.018882236814126582	0.05061560736163348	0.40779254704826234	0.025276007359955183	0.4974336014160224	0.0	0
DLBCL_C_D_PAIR13	0.14018341681780747	0.13422478173968605	0.13996797637650138	0.08729930156447882	0.4983245235015263	0.4983245235015263	4.0	4
DLBCL11652	0.4991975080668324	0.36487520092010967	0.049922260802143854	0.04124550180160481	0.04475952840930932	0.4991975080668324	0.0	0
DLBCL11467	0.0821916621392012	0.0594691685973375	0.10022135252409901	0.5025835335368145	0.25553428320254773	0.5025835335368145	3.0	3
DLBCL11431	0.1415833137943644	0.13643424580968452	0.1334439491119387	0.08544768026048556	0.5030908110235267	0.5030908110235267	4.0	4
DLBCL11448	0.03316028023389899	0.08956240707882256	0.16166773341360777	0.5050563415122066	0.21055323776146415	0.5050563415122066	3.0	3
DLBCL11681	0.5064319876245879	0.011382977923993334	0.31089446762273687	0.09913099289835585	0.07215957393032611	0.5064319876245879	0.0	0
DLBCL10971	0.14377507859994668	0.23857983853840195	0.02594759344479143	0.07670039819554905	0.514997091221311	0.514997091221311	0.0	4
DLBCL_C_D_1112_NULLPAIR	0.035850370565618586	0.32111965920355773	0.5201532464119054	0.050504605078629035	0.07237211874028916	0.5201532464119054	2.0	2
DLBCL11439	0.31102217036590823	0.017422512239606034	0.5208738217991072	0.08929138904210872	0.06139010655326971	0.5208738217991072	2.0	2
DLBCL_RICOVER_120	0.5214209969806016	0.1350699662269254	0.16110332422767887	0.055130192039119806	0.12727552052567428	0.5214209969806016	4.0	0
DLBCL10838	0.031121404471855015	0.38979726430645795	0.022682305894032733	0.03351111823334628	0.522887907094308	0.522887907094308	4.0	4
DLBCL_LS2325	0.04107582944009471	0.3831306411523968	0.5252051303428683	0.029488161776083505	0.021100237288556704	0.5252051303428683	2.0	2
DLBCL_RICOVER_506	0.018301871465043754	0.3911838766569053	0.040198141678893136	0.02222799672385872	0.5280881134752992	0.5280881134752992	4.0	4
DLBCL11436	0.15033982583261646	0.5290438804294442	0.0344330487678248	0.22116863610923543	0.06501460886087922	0.5290438804294442	1.0	1
DLBCL11466	0.08936713334498407	0.26073194542997263	0.058819704360055916	0.5295843226654224	0.061496894199564923	0.5295843226654224	1.0	3
DLBCL10843	0.5297693330795589	0.01861207203419144	0.050082909952771634	0.3717809810563016	0.029754703877176502	0.5297693330795589	0.0	0
DLBCL_C_D_1118_NULLPAIR	0.3717474850747837	0.5312336141565936	0.01632498329024182	0.0466844790421778	0.03400943843620301	0.5312336141565936	1.0	1
DLBCL_LS2154	0.30096799909442384	0.5326840213941346	0.06496660852490686	0.07848099986423109	0.02290037112230354	0.5326840213941346	0.0	1
DLBCL10973	0.046428795006019916	0.020926317834608864	0.28920981369243226	0.5338878018766495	0.10954727159028951	0.5338878018766495	3.0	3
DLBCL10552	0.35806810380619675	0.024100272059563402	0.06601734885213079	0.5348422270347466	0.01697204824736248	0.5348422270347466	3.0	3
DLBCL10906	0.04284733992945203	0.5379639711035701	0.02346256577155093	0.021079876742355466	0.3746462464530715	0.5379639711035701	1.0	1
DLBCL11433	0.03702577141533652	0.02183701701631716	0.0725968687399553	0.33030933134371226	0.5382310114846788	0.5382310114846788	3.0	4
DLBCL10501	0.011526840398483689	0.37244443267016425	0.5389529007915834	0.03827380370496236	0.03880202243480633	0.5389529007915834	2.0	2
DLBCL_BWH_DLBCL64	0.17701622450656757	0.2125900086540422	0.053613280229510445	0.5392264108393975	0.017554075770482305	0.5392264108393975	1.0	3
DLBCL10985	0.113261439718603	0.2748248597981986	0.03159246430760001	0.539415988025444	0.04090524815015439	0.539415988025444	1.0	3
DLBCL_RICOVER_787	0.20129410501746092	0.5411618345560099	0.04258368850958389	0.18631404286683412	0.02864632905011119	0.5411618345560099	1.0	1
DLBCL11518	0.5445042891987003	0.15502079300125685	0.22660207770156163	0.05650666002689875	0.01736618007158245	0.5445042891987003	2.0	0
DLBCL10491	0.05502066236182041	0.2835422256915458	0.09341618283202033	0.5481949773004833	0.019825951814130185	0.5481949773004833	3.0	3
DLBCL10553	0.039971344458893915	0.03356254695461935	0.33240356507248536	0.5488086678760229	0.04525387563797856	0.5488086678760229	3.0	3
DLBCL10974	0.05486331326873323	0.023939319019515702	0.05554901349374448	0.5521617180840502	0.31348663613395644	0.5521617180840502	3.0	3
DLBCL_C_D_1117_NULLPAIR	0.14659496533186478	0.5531134935326812	0.02362084241276657	0.2451690771354581	0.03150162158722941	0.5531134935326812	1.0	1
DLBCL11590	0.1563306164553064	0.01680826430764974	0.5573316470226942	0.22335477890247246	0.046174693311877124	0.5573316470226942	2.0	2
DLBCL_LS2590	0.03490203733480586	0.024100049515804436	0.06681922645697326	0.5575700288447833	0.31660865784763315	0.5575700288447833	3.0	3
DLBCL11449	0.04100429325671343	0.5656768231373832	0.04310412409774716	0.04436115792208075	0.3058536015860755	0.5656768231373832	1.0	1
DFCIDL004_DT	0.2528609913100184	0.013563615859943834	0.025081622056641037	0.14250608723663363	0.5659876835367632	0.5659876835367632	4.0	4
DLBCL_RICOVER_258	0.21650980184452243	0.017291332574860128	0.13985245667036533	0.05662054013003824	0.5697258687802138	0.5697258687802138	2.0	4
DLBCL_LS1304	0.02312481470920995	0.029238986576084376	0.5718509475849854	0.03708128260209678	0.3387039685276234	0.5718509475849854	2.0	2
DLBCL10970	0.045554253423499766	0.2638842697158347	0.07534125862978105	0.5785321327343219	0.03668808549656258	0.5785321327343219	3.0	3
DLBCL_MC_F362_MJB1	0.01829908354663816	0.24275125037050058	0.5791121280120876	0.021864804800327733	0.13797273327044599	0.5791121280120876	2.0	2
DLBCL11473	0.58186340682747	0.08057365524003669	0.02246468946698205	0.28513562698448	0.029962621481031286	0.58186340682747	0.0	0
DLBCL11455	0.15089652416186	0.019047036510434903	0.18093347909730514	0.582601086836768	0.06652187339363187	0.582601086836768	2.0	3
DLBCL10878	0.2948852753706123	0.017713901603495792	0.02377256182023262	0.07871152863811545	0.5849167325675438	0.5849167325675438	4.0	4
DLBCL11678	0.09403960197793065	0.02768119099548485	0.27012472047292485	0.586222833484343	0.021931653069316596	0.586222833484343	3.0	3
DLBCL_RICOVER_720	0.029391587752490154	0.5908506330794696	0.035964352517393675	0.017953400904266927	0.3258400257463797	0.5908506330794696	4.0	1
DLBCL_RICOVER_467	0.018022669927972197	0.592514364238083	0.03532966336098488	0.01648735176273702	0.33764595071022296	0.592514364238083	1.0	1
DLBCL10856	0.03679997288532524	0.05758279759879247	0.27030762279612397	0.037966966747941484	0.5973426399718168	0.5973426399718168	2.0	4
DLBCL_RICOVER_1081	0.06684956803981786	0.014477547097103088	0.0832932639506492	0.23800708700254525	0.5973725339098845	0.5973725339098845	4.0	4
DLBCL10921	0.03056966460764408	0.32773431906042216	0.020324754300014274	0.022809294678476668	0.5985619673534428	0.5985619673534428	4.0	4
DLBCL11501	0.5985814025736864	0.26203820767023867	0.02804248458107989	0.043000491142020966	0.06833741403297408	0.5985814025736864	0.0	0
DLBCL10919	0.316661732050214	0.014539609924214462	0.03544698954741917	0.60221927998713	0.031132388491022466	0.60221927998713	3.0	3
DLBCL11519	0.6026171094751425	0.03235144517841208	0.02896970367725371	0.32094280420515775	0.015118937464033989	0.6026171094751425	0.0	0
DLBCL11202	0.19797030413967492	0.071439726014266	0.6033268011549714	0.11796272536987995	0.00930044332120774	0.6033268011549714	0.0	2
DLBCL11003	0.05673948857758804	0.6052756729632601	0.022622686755367858	0.028551941734135573	0.28681020996964846	0.6052756729632601	1.0	1
DLBCL_RICOVER_1060	0.10378145476787422	0.605644582888248	0.03601838034287568	0.026809973410693175	0.2277456085903089	0.605644582888248	1.0	1
DLBCL_RICOVER_401	0.03456159448401352	0.6098576675527757	0.31576151237936473	0.020996750755989384	0.018822474827856702	0.6098576675527757	1.0	1
DLBCL_LS2328	0.04083671096070294	0.6106205958283969	0.30561043549715117	0.02924100844596453	0.013691249267784464	0.6106205958283969	2.0	1
DLBCL_DFCI_DLBCL_GOE05	0.010254092673803818	0.615190902546824	0.08982292674152999	0.023464183238670746	0.2612678947991715	0.615190902546824	1.0	1
DLBCL11468	0.06983526599863216	0.029884832784905477	0.6154120446153855	0.25464341907228905	0.03022443752878793	0.6154120446153855	2.0	2
DLBCL11204	0.2305249435091696	0.616112063742206	0.03390233597275521	0.053598852212375	0.06586180456349423	0.616112063742206	1.0	1
DLBCL_RICOVER_151	0.05197329989171652	0.6165790190634024	0.039847473678935104	0.25988939815875156	0.031710809207194414	0.6165790190634024	3.0	1
DLBCL_RICOVER_1278	0.053081102112101104	0.02816054901317696	0.02710888198490475	0.2724914342084978	0.6191580326813193	0.6191580326813193	4.0	4
DLBCL10487	0.11672858285939341	0.6197063393590752	0.03908837565929453	0.17724867364112767	0.04722802848110926	0.6197063393590752	1.0	1
DLBCL_RICOVER_1046	0.013143990308767095	0.28073764773703563	0.6289394109504406	0.02482312810960151	0.05235582289415517	0.6289394109504406	1.0	2
DLBCL10492	0.256278566253618	0.03183485049401574	0.01283404498921904	0.06891067507717871	0.6301418631859685	0.6301418631859685	0.0	4
DLBCL11478	0.632861337505985	0.04672378871552917	0.25736367849214076	0.04647056314371188	0.016580632142633108	0.632861337505985	0.0	0
DLBCL11432	0.6392214916402448	0.008129471127685993	0.11549686165800381	0.15576518749083273	0.08138698808323265	0.6392214916402448	0.0	0
DLBCL10867	0.02694702175937384	0.6429065420555198	0.021654754072290498	0.036367152654827435	0.27212452945798843	0.6429065420555198	4.0	1
DLBCL11535	0.0552704666601026	0.02846115111072182	0.021899181800633025	0.25054156167037356	0.6438276387581691	0.6438276387581691	3.0	4
DLBCL11525	0.1857090176628976	0.01896912938427837	0.6439656496942374	0.13546250853976746	0.01589369471881921	0.6439656496942374	2.0	2
DLBCL11491	0.14945972373506172	0.01630939306689637	0.09537093794945596	0.6444558899250247	0.0944040553235613	0.6444558899250247	3.0	3
DLBCL10877	0.6489298807380016	0.13495683042508388	0.07840089359647534	0.09826925055430344	0.039443144686135634	0.6489298807380016	0.0	0
DLBCL11206	0.02467890410073407	0.6504454522947278	0.05920297230277212	0.013183620366679803	0.2524890509350861	0.6504454522947278	4.0	1
DLBCL10986	0.6557250037934657	0.0470576611785946	0.13519261669831717	0.12299906140591475	0.039025656923707734	0.6557250037934657	0.0	0
DLBCL10450	0.6569563783856391	0.08136997701118644	0.013887890322952175	0.15537701029738346	0.09240874398283885	0.6569563783856391	0.0	0
DLBCL_C_D_1159_NULLPAIR	0.26861533617343036	0.01906850875905877	0.02863292228014011	0.6570387359246103	0.026644496862760447	0.6570387359246103	3.0	3
DLBCL_RICOVER_1018	0.06890380341978378	0.19906268318398368	0.03089653817742254	0.6637017223102909	0.03743525290851921	0.6637017223102909	3.0	3
DLBCL_LS3499	0.10103997149318927	0.15467235498551882	0.04635540162849668	0.664509654540699	0.033422617352096236	0.664509654540699	3.0	3
DLBCL10532	0.026432929597331387	0.019219040999709613	0.18224117635703396	0.10237166805101475	0.6697351849949102	0.6697351849949102	4.0	4
DLBCL10548	0.6712740637303762	0.1640214018558753	0.014198404616275868	0.11912559672843215	0.031380533069040435	0.6712740637303762	0.0	0
DLBCL_RICOVER_1190	0.1331741009676774	0.05953509361122695	0.10778953243930933	0.02822345159191552	0.6712778213898708	0.6712778213898708	4.0	4
DLBCL_LS2208	0.018759365841313765	0.08021456072992726	0.18979761058573896	0.03965519417835059	0.6715732686646695	0.6715732686646695	4.0	4
DLBCL10957	0.6728646532657447	0.020944122839527735	0.09663654786935291	0.19535931351409838	0.014195362511276217	0.6728646532657447	0.0	0
DLBC_FF_8042_TP_NB	0.01618239309974063	0.15059719175962752	0.10557582494711316	0.05476151523317425	0.6728830749603445	0.6728830749603445	4.0	4
DLBCL_RICOVER_1269	0.01570005297899889	0.15547702080657777	0.6734949084963794	0.07750831803775453	0.07781969968028941	0.6734949084963794	2.0	2
DLBCL11581	0.047443136787015595	0.021119874156020763	0.08663715295095852	0.17090759570539513	0.67389224040061	0.67389224040061	4.0	4
DLBCL10865	0.1310946868482289	0.09724160607163311	0.02514202940644073	0.07130450511687193	0.6752171725568253	0.6752171725568253	4.0	4
DLBCL11430	0.6769406259015752	0.014937657922078957	0.05292735943157569	0.23796952402747062	0.017224832717299438	0.6769406259015752	0.0	0
DLBCL11469	0.020567358812068687	0.05698385633027698	0.679510593615549	0.028643304406321856	0.21429488683578346	0.679510593615549	2.0	2
DLBCL10454	0.13438201144742867	0.1333679239054728	0.03582537633982765	0.016673624917410545	0.6797510633898604	0.6797510633898604	4.0	4
DLBCL11002	0.21971689830481006	0.026482477006559157	0.05486390754025153	0.6821114009880656	0.016825316160313707	0.6821114009880656	3.0	3
DLBCL10968	0.688922086427282	0.011979348463471215	0.021116300002678712	0.22940657342185633	0.048575691684711736	0.688922086427282	0.0	0
DLBCL11474	0.6893207249478923	0.0172316165649773	0.018090552172752	0.24793954607040594	0.027417560243972492	0.6893207249478923	0.0	0
DLBCL_C_D_1140_NULLPAIR	0.06594574521473713	0.0434235795571668	0.09293909875381577	0.10818759031799144	0.6895039861562888	0.6895039861562888	4.0	4
DLBCL10858	0.05100563616014992	0.01321590189733742	0.028042668114056205	0.21466207122083245	0.693073722607624	0.693073722607624	3.0	4
DLBCL10514	0.0703572648064509	0.12586203004587349	0.6935814389322628	0.09376026681051736	0.016438999404895547	0.6935814389322628	2.0	2
DLBCL_RICOVER_956	0.014035171989021473	0.23414261989920224	0.03120701450614967	0.02696716528827512	0.6936480283173515	0.6936480283173515	4.0	4
DLBCL_C_D_1115_NULLPAIR	0.13872723288011427	0.09300789498707207	0.03656054860793924	0.6986935939559501	0.033010729568924375	0.6986935939559501	3.0	3
DLBCL10885	0.047931036776246994	0.7012283856732822	0.02051158331946558	0.04167357512262158	0.1886554191083837	0.7012283856732822	1.0	1
DLBCL10964	0.03564989006166948	0.051841873581212256	0.01932807434742669	0.19134206299896306	0.7018380990107285	0.7018380990107285	4.0	4
DLBCL_RICOVER_910	0.17979972011790513	0.04701214188581819	0.04315108692099262	0.7022253797864169	0.0278116712888673	0.7022253797864169	0.0	3
DLBCL10513	0.13374957692233666	0.04393908522250187	0.10676206002403457	0.7025943810228977	0.012954896808229215	0.7025943810228977	3.0	3
DLBCL10909	0.06594220002602819	0.02057561482231979	0.06459899140768667	0.702595109599215	0.14628808414475034	0.702595109599215	4.0	3
DLBCL_RICOVER_1045	0.7103141893865352	0.028234006149288792	0.017403329831576785	0.21034573240882062	0.033702742223778545	0.7103141893865352	3.0	0
DLBCL10984	0.01758358289640657	0.2170349162585329	0.017662731550932616	0.035948850423246366	0.7117699188708815	0.7117699188708815	4.0	4
DLBCL11480	0.713010830884632	0.02063953802057847	0.09099558239198009	0.07545831927943779	0.09989572942337159	0.713010830884632	0.0	0
DLBCL_RICOVER_866	0.0280278194040355	0.02807008194499086	0.7179289475492309	0.21020219192569484	0.0157709591760479	0.7179289475492309	2.0	2
DLBCL11515	0.02296868027382409	0.09764142285411403	0.7188308421792508	0.035686734514561655	0.12487232017824948	0.7188308421792508	2.0	2
DLBCL10517	0.01160634251076612	0.7197120236272153	0.20732473227068948	0.02984483889997195	0.031512062691357146	0.7197120236272153	1.0	1
DLBCL10453	0.014861327626878982	0.20089959212973973	0.02991073399541729	0.03258334981462608	0.7217449964333379	0.7217449964333379	1.0	4
DLBCL10846	0.11331030929572958	0.7226746879100722	0.0247000911868168	0.07298814370130384	0.06632676790607765	0.7226746879100722	1.0	1
DLBCL10908	0.04814340098690643	0.08146657013300704	0.7245674828881608	0.039489989023388225	0.10633255696853759	0.7245674828881608	4.0	2
DLBCL10965	0.171921017086636	0.017082682963549707	0.043293361140941934	0.7273448292191347	0.040358109589737595	0.7273448292191347	3.0	3
DLBCL_LS155	0.03984633422389544	0.012090754936917391	0.7283771506633432	0.18730107972416635	0.03238468045167767	0.7283771506633432	2.0	2
DLBCL11663	0.7312653714956397	0.045472941576456406	0.08740387214566675	0.10585850830437868	0.029999306477858458	0.7312653714956397	0.0	0
DLBCL_RICOVER_1204	0.029743865813779365	0.03376012329124185	0.06558328758904362	0.7321248754036321	0.138787847902303	0.7321248754036321	3.0	3
DLBCL11488	0.7353191825767317	0.011964040480698771	0.01276082892948695	0.07748042803887677	0.16247551997420587	0.7353191825767317	0.0	0
DLBCL11683	0.03807422046217512	0.02547335257875238	0.7366858819188009	0.18301244455259316	0.01675410048767838	0.7366858819188009	2.0	2
DLBC_FF_8062_TP_NB	0.09639001465086194	0.021874862705197708	0.11666778102630555	0.7419655510688855	0.023101790548749324	0.7419655510688855	3.0	3
DLBCL11496	0.7423124009672982	0.020712508067933372	0.03466347628860264	0.04662763392503678	0.1556839807511289	0.7423124009672982	0.0	0
DLBCL10451	0.7440772852257698	0.023570417971920162	0.1835536538117816	0.036606571511092145	0.012192071479436318	0.7440772852257698	0.0	0
DLBCL_C_D_1103_NULLPAIR	0.042907330158570664	0.058628865748132294	0.13381581269042164	0.7441207874098064	0.02052720399306898	0.7441207874098064	3.0	3
DLBCL11464	0.17724135133400862	0.019930661705128652	0.026528163152273868	0.7454724893180766	0.03082733449051224	0.7454724893180766	3.0	3
DLBCL_LS2245	0.04795246757779838	0.7474841897390679	0.16229847835261116	0.021867719094417867	0.02039714523610469	0.7474841897390679	1.0	1
DLBCL11447	0.052030266682827314	0.020836508914424574	0.030784860806299327	0.749185232817006	0.14716313077944285	0.749185232817006	3.0	3
DLBCL10863	0.09391408767007856	0.016193511969799197	0.03164525086523969	0.749361425685749	0.10888572380913351	0.749361425685749	3.0	3
DLBCL10868	0.061906921483567745	0.017184501173948392	0.02690227033126963	0.7508725604936612	0.14313374651755295	0.7508725604936612	3.0	3
DLBCL11495	0.06148391203365187	0.012638340011546411	0.024662157569030434	0.1474837073913197	0.7537318829944516	0.7537318829944516	4.0	4
DLBCL10782	0.12668759304664498	0.06070805236679147	0.03779268983107392	0.7540637511033421	0.020747913652147457	0.7540637511033421	3.0	3
DLBCL11657	0.025907524834689014	0.056811779796520134	0.7552395299268255	0.13580815060353416	0.026233014838431247	0.7552395299268255	3.0	2
DLBCL_RICOVER_978	0.7572236922702107	0.015566442232302044	0.05277655311887306	0.15918385214098973	0.015249460237624482	0.7572236922702107	2.0	0
DLBCL_MC_F739_AMA3	0.01514787170835183	0.7588325905580788	0.1810094772297446	0.02744153398796905	0.017568526515855748	0.7588325905580788	1.0	1
DLBCL10509	0.14849497285859745	0.7628330294330408	0.014068361386723141	0.035199670868379405	0.039403965453259256	0.7628330294330408	0.0	1
DLBCL10527	0.028821115080285776	0.024759041268621718	0.09235024929800131	0.7629674734740097	0.09110212087908146	0.7629674734740097	3.0	3
DLBCL11538	0.028580587295104435	0.013756871586502928	0.7645430548800021	0.13697150233819555	0.056147983900195	0.7645430548800021	4.0	2
DLBCL11504	0.07149659348018236	0.026075761261086697	0.02809452944086584	0.10510654377217744	0.7692265720456877	0.7692265720456877	4.0	4
DLBCL10962	0.034627562650655634	0.7709012554751112	0.1066157987068322	0.03749584366007699	0.050359539507323886	0.7709012554751112	1.0	1
DLBCL11576	0.0467414562640158	0.08886169039132456	0.06587359921644527	0.7710419128481185	0.027481341280095793	0.7710419128481185	3.0	3
DLBCL10910	0.015402275842437125	0.08167309372704494	0.7721172423247443	0.10316786919465974	0.027639518911113863	0.7721172423247443	2.0	2
DLBCL_RICOVER_478	0.09306244202498254	0.7729890560436439	0.029472229311050514	0.01734121022541088	0.08713506239491224	0.7729890560436439	1.0	1
DLBCL_MC_F218_RAP	0.1413309718483738	0.013575793752157901	0.05030035870747548	0.7741926305963933	0.020600245095599566	0.7741926305963933	3.0	3
DLBCL10980	0.008763695337467325	0.11592043747886574	0.05738611875680701	0.037255963756027397	0.7806737846708325	0.7806737846708325	4.0	4
DLBCL_LS762	0.02415430846647055	0.02580390587269341	0.12978181094955712	0.03648128224648225	0.7837786924647967	0.7837786924647967	2.0	4
DLBCL10488	0.7857646580505308	0.05444710419852785	0.07111634287516722	0.08169215742014453	0.006979737455629655	0.7857646580505308	0.0	0
DLBCL_MAYO_DLBCL_3653	0.7908026834670057	0.020274758102540397	0.026693085560307705	0.07962107353506308	0.0826083993350832	0.7908026834670057	0.0	0
DLBCL11675	0.02324716947376479	0.009842473776128137	0.7931207594882843	0.06625936701538246	0.10753023024644032	0.7931207594882843	2.0	2
DLBCL_RICOVER_320	0.03587225512183594	0.07884010101401578	0.7942069617372528	0.05220397276557699	0.038876709361318415	0.7942069617372528	2.0	2
DLBCL10914	0.7948202314338572	0.10507965428653629	0.05187116795950626	0.02968924856223631	0.01853969775786403	0.7948202314338572	0.0	0
DLBCL10544	0.039656435646505575	0.014607579551748103	0.03889208102915801	0.79830916088561	0.10853474288697837	0.79830916088561	3.0	3
DLBCL10894	0.10786841598306028	0.7984278584831215	0.019617759329518755	0.056162695076898535	0.01792327112740098	0.7984278584831215	1.0	1
DLBCL_LS4592	0.00969974024474059	0.023858418492222366	0.798522295319371	0.08368063315926942	0.08423891278439659	0.798522295319371	2.0	2
DLBCL10536	0.020169447695065196	0.10098881792545064	0.7997735609708928	0.05887811772765134	0.020190055680939973	0.7997735609708928	2.0	2
DLBCL_C_D_1156_NULLPAIR	0.801182922894207	0.022626380950003862	0.018214522912169386	0.14135099636342466	0.016625176880195085	0.801182922894207	0.0	0
DLBCL_RICOVER_314	0.011997031258895844	0.1152504824901899	0.036742722947061796	0.03452345989017865	0.8014863034136738	0.8014863034136738	4.0	4
DLBCL11664	0.09967574660031218	0.8041541187355	0.03499463244889104	0.04790972286043631	0.01326577935486037	0.8041541187355	1.0	1
DLBCL_RICOVER_274	0.04624756826197396	0.06881404159166761	0.02821392501629091	0.8058498820296698	0.05087458310039777	0.8058498820296698	3.0	3
DLBCL10999	0.010282895219724598	0.02418816118122322	0.05271563002602372	0.10686034374133617	0.8059529698316923	0.8059529698316923	4.0	4
DLBCL_MC_F210_GWC	0.04316387896800442	0.8121426793312847	0.018612238627810515	0.08902835976174663	0.037052843311153806	0.8121426793312847	1.0	1
DLBCL10780	0.02056503992511826	0.8123140738768583	0.1117809458015724	0.04107548318670556	0.01426445720974555	0.8123140738768583	1.0	1
DLBCL_LS4616	0.009759526365616064	0.12434338816885467	0.8160859556153491	0.031644643883118585	0.018166485967061594	0.8160859556153491	2.0	2
DLBCL10549	0.024364097540276713	0.8164350014593843	0.12641281080889624	0.018778840380954554	0.014009249810488202	0.8164350014593843	1.0	1
DLBCL10981	0.03475118479551429	0.8190300702557715	0.034329508023537354	0.06639225714222831	0.045496979782948616	0.8190300702557715	1.0	1
DLBCL10566	0.05012780579009043	0.09284007652373111	0.021090857133807678	0.015707069471247413	0.8202341910811234	0.8202341910811234	4.0	4
DLBCL10485	0.024928340094837794	0.12650459805632255	0.01312776275749401	0.01497767917730315	0.8204616199140425	0.8204616199140425	4.0	4
DLBCL11437	0.06425244813354125	0.011125428650172547	0.03683817393133109	0.8233599182147351	0.06442403107022007	0.8233599182147351	3.0	3
DLBCL11516	0.025980897586046846	0.8248771295470816	0.038898894025156186	0.06267527518852475	0.04756780365319059	0.8248771295470816	1.0	1
DLBCL10972	0.8249122225332752	0.021290809595481644	0.023976760306986842	0.061037554356733324	0.06878265320752301	0.8249122225332752	0.0	0
DLBCL_RICOVER_780	0.010830943052628933	0.8284742861054054	0.11610995031415255	0.026433954383949586	0.01815086614386352	0.8284742861054054	1.0	1
DLBCL10456	0.03736173604842726	0.01797931434256511	0.05288917788856581	0.8285227702732277	0.06324700144721403	0.8285227702732277	3.0	3
DLBCL11346	0.022621586388259493	0.8285507546916278	0.02483660763802156	0.01566149242654836	0.1083295588555428	0.8285507546916278	1.0	1
DLBCL_RICOVER_575	0.06154713013016923	0.026336337086502768	0.07040844069377934	0.8285618203036268	0.013146271785921877	0.8285618203036268	3.0	3
DLBCL_RICOVER_617	0.0958176037994612	0.020737292431666055	0.038855431522379656	0.8293591956803013	0.015230476566191833	0.8293591956803013	3.0	3
DLBCL11527	0.04960839870192738	0.01689933664324994	0.04610182191070179	0.8301941661696368	0.05719627657448407	0.8301941661696368	3.0	3
DLBCL10482	0.8307946267155616	0.01945944364482897	0.015035728600246833	0.031154900128222824	0.10355530091113974	0.8307946267155616	0.0	0
DLBCL11486	0.8308053060097061	0.01292593586955958	0.020454322071885134	0.029615619530430078	0.106198816518419	0.8308053060097061	0.0	0
DLBCL10994	0.8331639642426927	0.03863961039311514	0.017158568404864977	0.04556753642680707	0.06547032053252017	0.8331639642426927	0.0	0
DLBCL_RICOVER_583	0.011932973683653807	0.8336585922142025	0.05208642106190559	0.011673298293460104	0.09064871474677803	0.8336585922142025	1.0	1
DLBCL_MC_F502_RFK	0.009528898176767041	0.834738056888226	0.1135056378134644	0.011902965044539474	0.030324442077003123	0.834738056888226	1.0	1
DLBCL_C_D_1105_NULLPAIR	0.09807350558978908	0.8352011871837566	0.018333004816308656	0.02292140719930452	0.025470895210841126	0.8352011871837566	1.0	1
DLBCL11676	0.8353355114981178	0.013882246234094783	0.0562805835263246	0.08717760162451776	0.007324057116945061	0.8353355114981178	0.0	0
DLBCL_RICOVER_985	0.0317102967006794	0.02340959773372146	0.07805911437507321	0.8359863865240538	0.030834604666472174	0.8359863865240538	3.0	3
DLBCL_LS951	0.8405178841020167	0.0495208011409617	0.03532538639923796	0.06615517932244487	0.008480749035338768	0.8405178841020167	0.0	0
DLBCL10851	0.020867387292640528	0.8441545306461142	0.0249676569091667	0.013223198494043362	0.09678722665803524	0.8441545306461142	1.0	1
DLBCL_C_D_1139_NULLPAIR	0.07321685302734163	0.03875765670941876	0.026776526176674434	0.8444227064345535	0.016826257652011612	0.8444227064345535	3.0	3
DLBCL_MC_F307_JPS	0.845197574486046	0.0237481735832182	0.01734201709370262	0.09339054190769205	0.02032169292934107	0.845197574486046	0.0	0
DLBCL11591	0.011256371337482191	0.8453570040333429	0.11114449270246048	0.011854925648513748	0.020387206278200697	0.8453570040333429	1.0	1
DLBCL10835	0.013530481948386014	0.07191080039099051	0.015051077647638654	0.050202509011971444	0.8493051310010133	0.8493051310010133	4.0	4
DLBCL_RICOVER_299	0.013635768988579728	0.8508942236345134	0.10427176253959652	0.011665577983313642	0.019532666853996714	0.8508942236345134	1.0	1
DLBCL10871	0.0399803677093191	0.8550204038627767	0.032042671769236405	0.016836314496282832	0.05612024216238498	0.8550204038627767	1.0	1
DLBCL_MC_F815_BAT	0.017645380927970616	0.03247932598911918	0.8554777413061156	0.07642373350752792	0.017973818269266625	0.8554777413061156	2.0	2
DLBCL10833	0.06260044081103285	0.014781467802429997	0.013137679661847824	0.05350626857764276	0.8559741431470466	0.8559741431470466	4.0	4
DLBCL10844	0.8582447263368154	0.0250986404585108	0.01333686421872861	0.0258745805877793	0.07744518839816589	0.8582447263368154	0.0	0
DLBCL_LS2367	0.8584672549991307	0.040217658409460275	0.01035641807483433	0.06441779413128837	0.026540874385286295	0.8584672549991307	0.0	0
DLBCL10993	0.8595984115562528	0.00791286779982015	0.022077411853133222	0.08471470978084902	0.02569659900994482	0.8595984115562528	0.0	0
DFCIDL009_DT	0.01616050876254216	0.08756492874886765	0.8598473337098035	0.024714538989253253	0.011712689789533413	0.8598473337098035	2.0	2
DLBCL10490	0.8601085082054898	0.01913891833317019	0.01365453309558456	0.076174874442447	0.030923165923308436	0.8601085082054898	0.0	0
DLBCL10564	0.040859218099374824	0.028719814555339854	0.04665545647878335	0.8622536756983304	0.02151183516817147	0.8622536756983304	3.0	3
DLBCL_RICOVER_701	0.07032663001251059	0.017066085727199535	0.022991321103035162	0.8640071845721597	0.025608778585094933	0.8640071845721597	3.0	3
DLBCL10565	0.03566013039683817	0.0164229079278494	0.865776785340619	0.0706445936555032	0.011495582679190331	0.865776785340619	3.0	2
DLBCL11479	0.024850962683306367	0.8695040700351538	0.05720592005971311	0.015665222411108484	0.03277382481071816	0.8695040700351538	1.0	1
DLBCL11659	0.8701696589822815	0.008028919815910309	0.045798908574474426	0.06342659346454294	0.012575919162790834	0.8701696589822815	3.0	0
DLBCL10891	0.01142888535284831	0.011674203857188778	0.054837892059197015	0.05076916535957211	0.8712898533711938	0.8712898533711938	4.0	4
DLBCL10927	0.06812846185481997	0.01451794406579252	0.026479148162539073	0.8738644568994214	0.01700998901742705	0.8738644568994214	3.0	3
DLBCL11658	0.0347853217585535	0.010918842235285825	0.035879851972550274	0.8776267094259359	0.040789274607674446	0.8776267094259359	3.0	3
DLBCL10963	0.017604163219920668	0.030704390562991925	0.022863812015676326	0.05000891740939364	0.8788187167920175	0.8788187167920175	4.0	4
DLBCL_MC_F606_DMJ	0.010802520552178995	0.07803778295198306	0.8790167506674612	0.018810252392674982	0.013332693435701726	0.8790167506674612	2.0	2
DLBCL_LS4593	0.012776692252300026	0.0404485927148105	0.8801703851768375	0.05403197440377083	0.012572355452281074	0.8801703851768375	2.0	2
DLBCL10472	0.021910865239485402	0.013789977957841084	0.8809794362923044	0.0727432754419738	0.010576445068395349	0.8809794362923044	2.0	2
DLBCL10521	0.01252113688885028	0.08240607499413721	0.010458850711856588	0.01234145183302152	0.8822724855721344	0.8822724855721344	4.0	4
DLBCL_RICOVER_1061	0.048958983486687445	0.01056437893363606	0.041537453216394515	0.8833386634661312	0.015600520897150789	0.8833386634661312	3.0	3
DLBCL_RICOVER_950	0.034446674147478706	0.013405788895761325	0.049035007966223065	0.885265745271254	0.017846783719282867	0.885265745271254	3.0	3
DLBCL_RICOVER_1263	0.024013163492543142	0.05488874258789927	0.8858641369413962	0.015835514176054197	0.019398442802107146	0.8858641369413962	2.0	2
DLBCL10467	0.01754392495862407	0.016626643671136643	0.04290188836154018	0.03656324225671961	0.8863643007519795	0.8863643007519795	4.0	4
DLBCL_LS3204	0.03524508566238327	0.8867572757251346	0.025813075067328835	0.04111776535570447	0.01106679818944877	0.8867572757251346	1.0	1
DLBCL_C_D_1109_NULLPAIR	0.05623936411167915	0.011892479077250752	0.02317975022027963	0.8870272288949755	0.02166117769581488	0.8870272288949755	3.0	3
DLBCL10469	0.04473340113776281	0.011458497475380773	0.028576176166630708	0.8872053009925548	0.02802662422767095	0.8872053009925548	3.0	3
DLBCL_LS3809	0.8881948129908794	0.02014957139207705	0.02220832835285112	0.021474631419632743	0.04797265584455961	0.8881948129908794	0.0	0
DLBCL11655	0.053171763145353754	0.01211981243361918	0.02456613154679508	0.8887634773424831	0.021378815531748915	0.8887634773424831	3.0	3
DLBCL11456	0.017920078807416494	0.8888482986954072	0.03727799619604116	0.04502155647284196	0.010932069828293199	0.8888482986954072	1.0	1
DLBCL11435	0.8906876968835022	0.007313675919663226	0.010252196777390357	0.07081760077548407	0.020928829643960128	0.8906876968835022	0.0	0
DLBCL11542	0.013595402728934725	0.0421728797828183	0.8908628390315354	0.04513507822195287	0.008233800234758731	0.8908628390315354	2.0	2
DLBCL10837	0.025847875411727186	0.03510721752391612	0.01475386137758301	0.03340905646413899	0.8908819892226347	0.8908819892226347	4.0	4
DLBCL_RICOVER_1165	0.013119268432151257	0.8917872650916943	0.0478645437835825	0.01061478228833055	0.036614140404241415	0.8917872650916943	1.0	1
DLBCL11194	0.01764121259464611	0.01003494895283057	0.018484831535286655	0.061655491451669	0.8921835154655676	0.8921835154655676	4.0	4
DLBCL10547	0.03881088119599977	0.017532857986875136	0.02861331196984712	0.8922154393682706	0.022827509479007337	0.8922154393682706	3.0	3
DLBCL11457	0.8924833364331669	0.0054703749986735805	0.020957009431869605	0.06765890847795021	0.013430370658339671	0.8924833364331669	0.0	0
DLBCL_C_D_1119_NULLPAIR	0.06379092656180821	0.8933694397621603	0.015481606904837408	0.013548863844807545	0.013809162926386544	0.8933694397621603	1.0	1
DLBCL11196	0.03960630023713455	0.010911396553823225	0.024629462597490208	0.893407635423486	0.03144520518806599	0.893407635423486	3.0	3
DLBCL10925	0.025090517788936135	0.031722329479680504	0.009344340448613169	0.04001965337499407	0.8938231589077761	0.8938231589077761	4.0	4
DLBCL_RICOVER_473	0.89416628482978	0.033568042923811776	0.013437961518584098	0.048085361003228064	0.010742349724596074	0.89416628482978	0.0	0
DLBCL_RICOVER_1235	0.009119565672419604	0.8947239266709633	0.06753151106225581	0.015455513297814975	0.013169483296546264	0.8947239266709633	1.0	1
DLBCL11679	0.060176983732466965	0.8947832500876783	0.017467646307991483	0.013833262737195961	0.013738857134667194	0.8947832500876783	1.0	1
DLBCL_LS1683	0.00827514560800392	0.8966598609018315	0.024876128040535753	0.012244893654623945	0.05794397179500496	0.8966598609018315	1.0	1
DLBCL10939	0.0377585935872553	0.011916472511627177	0.027750331982626057	0.8978140898937242	0.02476051202476723	0.8978140898937242	3.0	3
DLBCL_RICOVER_1289	0.015550941923359991	0.010891667784217147	0.014678329457329112	0.05996306471198051	0.8989159961231132	0.8989159961231132	4.0	4
DLBCL_MC_F139_LJF	0.04675578643576839	0.012824481768028294	0.023070836987576778	0.8991802918116469	0.018168602996979553	0.8991802918116469	3.0	3
DLBCL_C_D_1151_NULLPAIR	0.04796561168858137	0.01345747079825848	0.023942105270104094	0.900336009244728	0.014298802998328114	0.900336009244728	3.0	3
DLBC_FF_8046_TP_NB	0.035673921185513706	0.012466778874283609	0.9012397906064512	0.03288251720296029	0.017736992130791218	0.9012397906064512	2.0	2
DLBCL10961	0.006332298874582077	0.04202081676284282	0.02025232506305181	0.02835081245432347	0.9030437468451998	0.9030437468451998	4.0	4
DLBC_FF_A7CW_TP_NB	0.008011288192165188	0.036875799585731034	0.022709346720342062	0.02921866258232427	0.9031849029194374	0.9031849029194374	4.0	4
DLBCL_C_D_1149_NULLPAIR	0.01896154422547111	0.9032578984762208	0.035714603981523325	0.008083816659291204	0.03398213665749353	0.9032578984762208	1.0	1
DLBCL11564	0.036207101655171985	0.014552107024159083	0.02473384002534714	0.9046975927365317	0.0198093585587901	0.9046975927365317	3.0	3
DLBCL_C_D_1126_NULLPAIR	0.04108832313159748	0.904942975452285	0.011209519875165956	0.01811682197057398	0.024642359570377588	0.904942975452285	1.0	1
DLBCL_LS2357	0.03621768281665385	0.011739565179409831	0.024297814540936127	0.9051745101096742	0.02257042735332598	0.9051745101096742	3.0	3
DLBCL10542	0.9052424873656006	0.006347296174458045	0.016436999998219917	0.02542660555419003	0.04654661090753131	0.9052424873656006	0.0	0
DLBCL11459	0.03561320632801029	0.01146081795038487	0.02731921715241474	0.9052694261716259	0.02033733239756428	0.9052694261716259	3.0	3
DLBCL10978	0.0334000257619172	0.012814181788517095	0.0284120808704909	0.9056439539883226	0.019729757590752114	0.9056439539883226	3.0	3
DLBCL_RICOVER_361	0.02980706411138778	0.01151963882267789	0.02702637534601345	0.9062488951828177	0.025398026537103224	0.9062488951828177	3.0	3
DLBCL10930	0.043938314788897245	0.017138880725651236	0.017579533797916474	0.014575198789544969	0.90676807189799	0.90676807189799	4.0	4
DLBCL11472	0.9068544761963048	0.005048239695594835	0.012966410340541273	0.057837875172479306	0.017292998595079778	0.9068544761963048	0.0	0
DLBCL10888	0.010225607477496347	0.009517412022518662	0.028163974860802722	0.04494880063013812	0.9071442050090441	0.9071442050090441	4.0	4
DLBCL10932	0.0405531337743991	0.011456974770286147	0.02269491217155759	0.9077903359878727	0.017504643295884477	0.9077903359878727	3.0	3
DLBCL11460	0.03604233022824091	0.014726453787464166	0.024104946792553896	0.9079997228191743	0.01712654637256674	0.9079997228191743	3.0	3
DLBCL10950	0.9082293776091855	0.009778187725172987	0.014139084841310769	0.04285230478180356	0.02500104504252716	0.9082293776091855	0.0	0
DLBCL_C_D_1166_NULLPAIR	0.009195095088154834	0.05878041419306936	0.01297867085878272	0.010694268750418448	0.9083515511095747	0.9083515511095747	4.0	4
DLBCL11470	0.9087775300790706	0.005880196707493437	0.014926161127500408	0.060467002106288546	0.00994910997964707	0.9087775300790706	0.0	0
DLBCL11541	0.007663469770790879	0.03293260219706865	0.9092685534815083	0.018645001573018297	0.031490372977613965	0.9092685534815083	2.0	2
DLBCL_LS1921	0.016580723821634898	0.9093708670514669	0.024940648321741837	0.038510607332837454	0.010597153472318918	0.9093708670514669	1.0	1
DLBCL11669	0.021252397387425407	0.018511157459000192	0.9115309591843291	0.041661762997115805	0.007043722972129509	0.9115309591843291	2.0	2
DLBCL_LS1395	0.012728927760788286	0.036830418225376305	0.9124450989728878	0.014383697381654703	0.023611857659292815	0.9124450989728878	2.0	2
DLBCL_LS3200	0.009187298267606782	0.05531706413033222	0.010520413256537157	0.01074872307262855	0.9142265012728953	0.9142265012728953	4.0	4
DLBCL11573	0.012271663486710896	0.0413752022982552	0.9146354496911562	0.018548402787272742	0.01316928173660494	0.9146354496911562	2.0	2
DLBCL_RICOVER_1032	0.008776697221109029	0.051569063006214805	0.009537533926113994	0.014578470919059689	0.9155382349275025	0.9155382349275025	4.0	4
DLBCL10845	0.009220271553684548	0.9155415821641856	0.015258390687622943	0.02159408332295491	0.03838567227155208	0.9155415821641856	1.0	1
DLBCL10523	0.018676635166015223	0.009532160534290842	0.915769127850274	0.04812502346415381	0.00789705298526615	0.915769127850274	2.0	2
DLBCL10849	0.015918895620807207	0.9160140789116974	0.01214339437719853	0.009156959737969112	0.04676667135232779	0.9160140789116974	1.0	1
DLBCL10497	0.03211295145813636	0.011384887319282637	0.022006217064595202	0.9164761540167246	0.018019790141261215	0.9164761540167246	3.0	3
DLBCL11533	0.02956858062117083	0.9176918892808457	0.02845368303042178	0.014792986382073624	0.009492860685488054	0.9176918892808457	1.0	1
DLBCL11520	0.9178951582421243	0.005773228483749648	0.00943943203131066	0.026119263829613635	0.040772917413201715	0.9178951582421243	0.0	0
DLBCL_RICOVER_1287	0.009618367954133697	0.04307919243463046	0.013573278372554837	0.015586277470541969	0.918142883768139	0.918142883768139	4.0	4
DLBCL_RICOVER_1106	0.007423602940360597	0.03472344707190275	0.010967605280121454	0.026292780473094492	0.9205925642345207	0.9205925642345207	4.0	4
DLBCL_C_D_1144_NULLPAIR	0.016537949707073164	0.03788773890818741	0.008824546474964013	0.015825848508226045	0.9209239164015494	0.9209239164015494	4.0	4
DLBCL10881	0.03566640407478136	0.00964195434782617	0.010304465287488145	0.023295313149814936	0.9210918631400894	0.9210918631400894	4.0	4
DLBCL11513	0.008943585929792561	0.010170047982457872	0.03317213884134672	0.02615238065975259	0.9215618465866503	0.9215618465866503	4.0	4
DLBCL_RICOVER_945	0.921835552467286	0.02031532058397986	0.0066400545460925916	0.038577185093240186	0.01263188730940143	0.921835552467286	0.0	0
DLBCL_MC_F064AB	0.014280909256538866	0.009586432880089882	0.9231365528709574	0.044609121149887125	0.008386983842526743	0.9231365528709574	2.0	2
DLBCL10879	0.008829216633420551	0.009630071249622011	0.9232115547264165	0.03238794660542343	0.025941210785117512	0.9232115547264165	2.0	2
DLBCL_RICOVER_1329	0.014153528491880856	0.04147616706081786	0.008474464517042122	0.01114994115355582	0.9247458987767033	0.9247458987767033	4.0	4
DLBCL_RICOVER_850	0.007550169369167441	0.026274319517742815	0.013296869414377768	0.0275173245318831	0.9253613171668289	0.9253613171668289	4.0	4
DLBCL11208	0.014327936491613005	0.9265590768376909	0.029706740116997695	0.017309344929158033	0.012096901624540376	0.9265590768376909	1.0	1
DLBCL11507	0.014520547909359216	0.9266420445034554	0.03904691034883404	0.008757322324782756	0.011033174913568564	0.9266420445034554	1.0	1
DLBCL10935	0.9275178436816753	0.029155097347224195	0.00619517235447316	0.022416343656241428	0.014715542960385922	0.9275178436816753	0.0	0
DLBCL10857	0.019529450775655325	0.010005108257696231	0.008206892388366062	0.03444906301231054	0.9278094855659719	0.9278094855659719	4.0	4
DLBCL10847	0.020678436767320185	0.03165252558364909	0.00979699447047198	0.00859151030603918	0.9292805328725195	0.9292805328725195	4.0	4
DLBCL11429	0.9294897728391822	0.004353909043841777	0.010015930062484637	0.04056699980106523	0.015573388253426135	0.9294897728391822	0.0	0
DLBCL10947	0.019196459270528946	0.9325509727587977	0.011991050565174431	0.0069772240867573615	0.029284293318741477	0.9325509727587977	1.0	1
DLBCL_LS4054	0.016285784034796538	0.9326171257004924	0.013243168022697097	0.02030752197962295	0.01754640026239105	0.9326171257004924	1.0	1
DLBCL11454	0.9328722033980387	0.013775818392358018	0.005780958120983863	0.040101791602607066	0.00746922848601239	0.9328722033980387	0.0	0
DLBCL_RICOVER_288	0.03151900669299276	0.9339957459814467	0.011369531271962819	0.014304072542565376	0.008811643511032299	0.9339957459814467	1.0	1
DLBCL_RICOVER_1299	0.014240532824835391	0.010430950885127894	0.008390767583957666	0.03239779835936602	0.934539950346713	0.934539950346713	4.0	4
DLBCL10854	0.007671865009213187	0.011144635744254533	0.012265030792216566	0.03427362610541844	0.9346448423488972	0.9346448423488972	4.0	4
DLBCL10848	0.013101570445642334	0.00710457638570066	0.014911357297365814	0.02984205318418311	0.9350404426871081	0.9350404426871081	4.0	4
DFCIDL008_DT	0.009082786245171686	0.02458273440860275	0.022980865833600837	0.007654425451290594	0.9356991880613341	0.9356991880613341	4.0	4
DLBCL11481	0.9358024856243735	0.006198357478441214	0.025735248705795615	0.017886143946370524	0.014377764245019107	0.9358024856243735	0.0	0
DLBCL10899	0.018216539164088354	0.020671314870556932	0.0055647538318152725	0.019693163542714748	0.9358542285908247	0.9358542285908247	4.0	4
DLBCL11205	0.9363416397616874	0.01212116649014621	0.026877232407886916	0.019169320428567605	0.005490640911711872	0.9363416397616874	0.0	0
DLBCL11001	0.01725689352846437	0.007951585387671725	0.01622083676238294	0.022218837467390246	0.9363518468540907	0.9363518468540907	4.0	4
DLBCL10895	0.007073609981908344	0.029793647271311844	0.016716786058319798	0.009737450311824379	0.9366785063766356	0.9366785063766356	4.0	4
DLBCL11458	0.02247817054726871	0.01748768175961816	0.9373411909158936	0.012515340883373688	0.010177615893845795	0.9373411909158936	2.0	2
DLBCL10463	0.005579940645302763	0.009307797131816042	0.015294915861252971	0.03221432516750855	0.9376030211941196	0.9376030211941196	4.0	4
DLBCL_RICOVER_173	0.008698488530357576	0.00944676974327426	0.011288721672098916	0.03293740163067365	0.9376286184235956	0.9376286184235956	4.0	4
DLBCL10866	0.00908995784542999	0.009561880354424285	0.01317535904390786	0.02973461982948117	0.9384381829267567	0.9384381829267567	4.0	4
DLBCL11651	0.010305552161161545	0.007550231740597685	0.9384696042969778	0.025139069716251627	0.018535542085011344	0.9384696042969778	2.0	2
DLBCL11661	0.010251018817397086	0.9386039656467697	0.0201510589010639	0.023439251958044093	0.007554704676725179	0.9386039656467697	1.0	1
DLBCL10995	0.008459073176795985	0.016320321207410005	0.9386649253271245	0.024871158504541958	0.011684521784127511	0.9386649253271245	2.0	2
DLBCL10954	0.009366666364970378	0.9389203063320772	0.013665650897801248	0.010184748315711133	0.027862628089439987	0.9389203063320772	1.0	1
DLBCL10494	0.008276498676556186	0.9397570567569821	0.03387999010281505	0.009093589165565845	0.008992865298080873	0.9397570567569821	1.0	1
DLBCL10956	0.01717087880691695	0.9397786101005531	0.009272957118472702	0.008667415446297495	0.02511013852775983	0.9397786101005531	1.0	1
DLBCL11462	0.9402464448535928	0.005203419899073168	0.014213140168042478	0.015609020589877363	0.02472797448941424	0.9402464448535928	0.0	0
DLBCL10870	0.005515353043149066	0.013361696804191957	0.025969470759479803	0.01471771005650019	0.9404357693366789	0.9404357693366789	4.0	4
DLBCL10904	0.008449990957700134	0.0128853747929121	0.017653101795720764	0.02041615828993739	0.9405953741637296	0.9405953741637296	4.0	4
DLBCL10916	0.006216266076656644	0.03024289294044799	0.01067226404845464	0.012034520275200999	0.9408340566592397	0.9408340566592397	4.0	4
DLBCL11512	0.9432128324743166	0.009749286090053903	0.011143832593467844	0.02997014320662199	0.0059239056355396315	0.9432128324743166	0.0	0
DLBCL_LS2599	0.012707773449127973	0.014046660509239228	0.9453390151584121	0.022527141713296023	0.005379409169924676	0.9453390151584121	2.0	2
DLBCL_RICOVER_440	0.0070748321577616975	0.9458632114515252	0.03175564916336983	0.005666270662636598	0.009640036564706666	0.9458632114515252	2.0	1
DLBCL10466	0.005398597633828746	0.016136625160315984	0.9458760499751325	0.02248170130851825	0.010107025922204508	0.9458760499751325	2.0	2
DLBCL10945	0.946524763217438	0.005888588763746666	0.006060924434325925	0.01680103617567552	0.024724687408813915	0.946524763217438	0.0	0
DLBCL10902	0.004878783900515208	0.01928704490988165	0.014108081173015407	0.0145986760544796	0.9471274139621081	0.9471274139621081	4.0	4
DLBCL10898	0.007525334519572484	0.027510270760098203	0.006797301223477532	0.010962185450216563	0.9472049080466353	0.9472049080466353	4.0	4
DLBCL11672	0.010149487848825205	0.006995245043410732	0.9472996906533281	0.02357050822291454	0.011985068231521493	0.9472996906533281	2.0	2
DLBCL11671	0.9485817538196266	0.008135551618669606	0.00904293484248635	0.02981899447148714	0.004420765247730275	0.9485817538196266	0.0	0
DLBCL11526	0.016328932971163623	0.00901058836190259	0.9497607448281794	0.020160104650848783	0.004739629187905629	0.9497607448281794	2.0	2
DLBCL10836	0.011517690029533595	0.005592291790605471	0.01201112414641764	0.019809029741228945	0.9510698642922143	0.9510698642922143	4.0	4
DLBCL11595	0.007525860641483331	0.020071270016879413	0.012334107877085014	0.008906536555103052	0.9511622249094492	0.9511622249094492	4.0	4
DLBCL10480	0.01853684834029189	0.9512584997885817	0.009619726521050918	0.006992908351432189	0.01359201699864336	0.9512584997885817	1.0	1
DLBCL10529	0.0045949287851767455	0.023047295458414222	0.00991356095924546	0.011124721485506027	0.9513194933116575	0.9513194933116575	4.0	4
DLBCL11498	0.02242508256693593	0.9517540517302326	0.009254723987658777	0.007087377570367102	0.009478764144805555	0.9517540517302326	1.0	1
DLBCL10518	0.009202079757051255	0.005336106097589579	0.9522529438846057	0.025827313861739986	0.007381556399013481	0.9522529438846057	2.0	2
DLBCL_RICOVER_496	0.010703829563749753	0.9525823523300656	0.02085169855879978	0.009551217604182234	0.006310901943202673	0.9525823523300656	1.0	1
DLBCL_LS2089	0.006686280247818206	0.9534754828127592	0.00994027496126794	0.00536453150603093	0.024533430472123783	0.9534754828127592	1.0	1
DLBCL_RICOVER_1283	0.006716520910679116	0.008123433551400489	0.9539865187571432	0.019728316500809886	0.011445210279967243	0.9539865187571432	2.0	2
DLBCL_RICOVER_744	0.020226281680862875	0.008344030173412094	0.9544635676699189	0.010301365739636508	0.006664754736169584	0.9544635676699189	2.0	2
DLBCL10987	0.012434340638087424	0.016762399109922443	0.007171094625706709	0.008653028364431783	0.9549791372618517	0.9549791372618517	4.0	4
DLBCL10975	0.955363536297908	0.0040835315378539745	0.005074993688096584	0.026005939041634	0.00947199943450736	0.955363536297908	0.0	0
DLBCL_C_D_1106_NULLPAIR	0.018301232326268946	0.9554823727782846	0.008313147174280356	0.009190255845150527	0.008712991876015588	0.9554823727782846	1.0	1
DLBCL11484	0.007158178978407172	0.9556727304221785	0.017193064376323435	0.00806078339092361	0.011915242832167303	0.9556727304221785	1.0	1
DLBCL10852	0.006649841236742368	0.008986902348776213	0.007172813527171761	0.021099246579727882	0.9560911963075818	0.9560911963075818	4.0	4
DLBCL10555	0.016974398650495635	0.010696844466955456	0.9568765096276095	0.011400287656762795	0.004051959598176585	0.9568765096276095	2.0	2
DLBCL_RICOVER_408	0.008822281589336612	0.9587399447680278	0.018250231676596017	0.0061252411260816165	0.008062300839957976	0.9587399447680278	2.0	1
DLBCL11537	0.9590413416570566	0.003920432919187385	0.0066984791431659065	0.013232052131763991	0.017107694148826128	0.9590413416570566	0.0	0
DLBCL11566	0.0071113101690626025	0.016888610590267084	0.9598103945073908	0.011042203002221068	0.005147481731058492	0.9598103945073908	2.0	2
DLBCL_LS3820	0.005365842570449713	0.009752321405098442	0.960329077629668	0.016741508460951574	0.007811249933832215	0.960329077629668	2.0	2
DLBCL10541	0.008679218093481095	0.9614563665384518	0.008917967800277503	0.007605123416150099	0.013341324151639479	0.9614563665384518	1.0	1
DLBCL11509	0.9617994244557424	0.0065619137568774105	0.007672833706160672	0.020238077973542407	0.003727750107677109	0.9617994244557424	0.0	0
DLBCL10462	0.9620412057951333	0.00318595574519581	0.007624751876717263	0.020609262934447394	0.006538823648506208	0.9620412057951333	0.0	0
DLBCL_RICOVER_1210	0.005145118239655435	0.9629084580899113	0.018102407973691878	0.007352456303124219	0.006491559393617138	0.9629084580899113	1.0	1
DLBCL10896	0.9639251279141359	0.005803525322705419	0.0034988247118761633	0.01768538229262398	0.009087139758658628	0.9639251279141359	0.0	0
DLBCL10522	0.01015636516080108	0.005322488664947625	0.9639525864932743	0.010268232290648953	0.010300327390328032	0.9639525864932743	2.0	2
DLBCL11662	0.9640067348470939	0.005124158106926715	0.00402722190015627	0.016950984807558807	0.009890900338264376	0.9640067348470939	0.0	0
DLBCL10983	0.008245535864965126	0.9642425183623404	0.00748525259232791	0.006481420857341927	0.01354527232302458	0.9642425183623404	1.0	1
DLBCL10931	0.9645240981032468	0.0027866841442263962	0.00558217508379266	0.017927672594903615	0.009179370073830547	0.9645240981032468	0.0	0
DLBCL_C_D_1129_NULLPAIR	0.9645485759687576	0.003647224611852746	0.009138155741543601	0.01206616180489346	0.010599881872952596	0.9645485759687576	0.0	0
DLBCL10928	0.9645655107387063	0.008202647281886377	0.007785790875293093	0.01303276998056283	0.0064132811235513695	0.9645655107387063	0.0	0
DLBCL_RICOVER_134	0.004628871759499352	0.015810751522683547	0.006165611362793184	0.008754481997403531	0.9646402833576204	0.9646402833576204	4.0	4
DLBCL10535	0.00592475211010105	0.009879612943136924	0.011383233528653077	0.007459171333464726	0.9653532300846442	0.9653532300846442	4.0	4
DLBCL10483	0.005086845364099916	0.9657115504306258	0.01790372206205229	0.003979619108887151	0.007318263034334797	0.9657115504306258	1.0	1
DLBCL_LS3245	0.004233948492164004	0.9658654703190673	0.017781857729035948	0.005513055629663476	0.006605667830069183	0.9658654703190673	1.0	1
DLBC_FF_A7CR_TP_NB	0.00802587630266033	0.00469932196377149	0.008368316403723583	0.012825351312517585	0.966081134017327	0.966081134017327	4.0	4
DLBCL11004	0.004407107830792078	0.007068710107928281	0.005902215614893559	0.016336509873631822	0.9662854565727542	0.9662854565727542	4.0	4
DLBCL_C_D_1123_NULLPAIR	0.9671199478363877	0.01002498784936732	0.004946703089140091	0.013790685390000055	0.004117675835104928	0.9671199478363877	0.0	0
DFCIDL003_DT	0.006004530758243014	0.967208455491748	0.01650574518809132	0.004131908488706607	0.006149360073210973	0.967208455491748	1.0	1
DLBCL11353	0.00360161010944799	0.010824430917858934	0.011547527027607675	0.0067375878583401235	0.9672888440867453	0.9672888440867453	4.0	4
DLBCL11500	0.005818828882284409	0.005883076565658662	0.009718464345354722	0.0110399700511063	0.9675396601555959	0.9675396601555959	4.0	4
DLBCL10502	0.004632832040389604	0.969191332450272	0.014369602629650407	0.005628727288641189	0.00617750559104679	0.969191332450272	1.0	1
DLBCL11195	0.0030459545224561756	0.011439722459123386	0.006817510973439765	0.0084326116971392	0.9702642003478414	0.9702642003478414	4.0	4
DLBCL11673	0.005519664442498416	0.9708923499865337	0.012554320096369522	0.006281596569303152	0.00475206890529517	0.9708923499865337	1.0	1
DLBCL10903	0.0034065995396543496	0.9718564461012844	0.014646183435966607	0.003995816586844912	0.0060949543362496614	0.9718564461012844	1.0	1
DLBCL11242	0.009530570018756087	0.00566865963865201	0.004254069153180435	0.00867546581899009	0.9718712353704214	0.9718712353704214	4.0	4
DLBCL10457	0.0037154576427886423	0.010916433486937412	0.006518787692772905	0.006829410263330627	0.9720199109141704	0.9720199109141704	4.0	4
DLBCL10922	0.0061114644910799645	0.9726697403277317	0.008298389592639557	0.005637110989443334	0.007283294599105505	0.9726697403277317	1.0	1
DLBCL10452	0.004196378489988603	0.9727024885880381	0.0106959811756985	0.004205461866210625	0.008199689880064205	0.9727024885880381	1.0	1
DLBCL10464	0.009910914190987736	0.005013672643967171	0.9728719173823471	0.008371387497329439	0.0038321082853685767	0.9728719173823471	2.0	2
DLBCL11523	0.005139231446322684	0.0054814057753784385	0.0052407841680331795	0.011184006447689037	0.9729545721625766	0.9729545721625766	0.0	4
DLBCL_RICOVER_335	0.005408535646606639	0.9737602868965729	0.006082406095871611	0.009293617840399103	0.005455153520549795	0.9737602868965729	1.0	1
DLBCL11539	0.9738609191856872	0.002240156150623297	0.00681938654799782	0.014054635972070498	0.0030249021436211734	0.9738609191856872	0.0	0
DLBCL_RICOVER_977	0.9741892593505346	0.0026013765235177676	0.0036213408720144995	0.013139740093888784	0.006448283160044412	0.9741892593505346	0.0	0
DLBCL_C_D_1113_NULLPAIR	0.00556252566301753	0.007477421175285695	0.9742923966395549	0.008460313385748769	0.004207343136393128	0.9742923966395549	2.0	2
DLBCL_RICOVER_829	0.9743486994337729	0.004767297179794911	0.002940246103382888	0.01251303934162178	0.005430717941427586	0.9743486994337729	0.0	0
DLBCL_RICOVER_678	0.006117503188358188	0.9744718690595388	0.0050254074202529895	0.004395609169034288	0.009989611162815734	0.9744718690595388	1.0	1
DLBCL_MC_F500_ECU	0.004151207328281945	0.9747658703561862	0.00809945729902458	0.005824109149016542	0.00715935586749068	0.9747658703561862	1.0	1
DLBCL_LS843	0.003746786376000264	0.003968281703888649	0.9748546174647624	0.010153999131951145	0.007276315323397494	0.9748546174647624	2.0	2
DLBCL11569	0.004139443745327948	0.00955847188196097	0.9750585651960895	0.008064145779713764	0.0031793733969078344	0.9750585651960895	2.0	2
DLBCL10918	0.9757008923807705	0.0024516002938450208	0.004490039233782845	0.010062366398574985	0.0072951016930265815	0.9757008923807705	0.0	0
DLBCL_RICOVER_948	0.003888557067490344	0.9757287385548474	0.01165776046402401	0.003222593681061422	0.0055023502325768385	0.9757287385548474	1.0	1
DLBC_FF_A7CQ_TP_NB	0.0051802635288001695	0.004699999367648242	0.004369680297681254	0.00980530846304894	0.9759447483428214	0.9759447483428214	4.0	4
DLBCL10900	0.004837453608979506	0.004520383091331262	0.004379744080419909	0.00991057678388863	0.9763518424353806	0.9763518424353806	4.0	4
DLBCL_C_D_1108_NULLPAIR	0.004292002322246575	0.9767341444998104	0.005536430293149419	0.0036266811562157587	0.00981074172857779	0.9767341444998104	1.0	1
DLBCL10875	0.9768105537016353	0.0037903341225446036	0.005079823595756598	0.011631797254072571	0.0026874913259909267	0.9768105537016353	0.0	0
DFCIDL010_DT	0.9770070668895247	0.003463805401257182	0.0032306882813811296	0.013481725465480527	0.002816713962356543	0.9770070668895247	0.0	0
DLBCL10495	0.9771452952491129	0.006559071939113961	0.0025859877840002754	0.008810244944712558	0.004899400083060385	0.9771452952491129	0.0	0
DLBCL10876	0.002908068078318858	0.010020678823306794	0.004560075762990023	0.005184179239402076	0.9773269980959822	0.9773269980959822	4.0	4
DLBCL_C_D_1157_NULLPAIR	0.006368444164649007	0.0037928707706948415	0.9776631412429484	0.008786719826013745	0.003388823995693957	0.9776631412429484	2.0	2
DLBCL10887	0.0027347391947077017	0.004948097178659027	0.008425738920957507	0.006157717557904726	0.9777337071477711	0.9777337071477711	4.0	4
DLBCL11443	0.9779244440855582	0.0019304593306134375	0.005951211229490911	0.008911351921974344	0.005282533432363024	0.9779244440855582	0.0	0
DLBCL_C_D_1141_NULLPAIR	0.003438367698067401	0.006514808204811703	0.9788255397400155	0.005565035859381514	0.005656248497723885	0.9788255397400155	2.0	2
DLBCL_C_D_1133_NULLPAIR	0.004190493209520268	0.007274401817878664	0.9789542582949641	0.0066045173152981	0.002976329362338914	0.9789542582949641	2.0	2
DLBCL_RICOVER_577	0.004316467410048966	0.004706338706314446	0.979056848992111	0.006995046709589665	0.004925298181935915	0.979056848992111	2.0	2
DLBCL10889	0.0028598006044185924	0.004681606729187206	0.004650561990927649	0.008739792011338036	0.9790682386641285	0.9790682386641285	4.0	4
DLBCL11680	0.006362542001255358	0.004906424368737362	0.9794977998537295	0.006301161408799271	0.0029320723674784725	0.9794977998537295	2.0	2
DLBCL10781	0.0033049853876951974	0.004744299674334619	0.003837002030201236	0.008535984847758131	0.9795777280600109	0.9795777280600109	4.0	4
DLBC_FF_8043_TP_NB	0.0057303048973095586	0.9795803869485168	0.006262472147752657	0.0032963512739103223	0.005130484732510656	0.9795803869485168	1.0	1
DLBCL11685	0.002892200608842417	0.00342629217056736	0.9796707553149978	0.006547127523630408	0.0074636243819619745	0.9796707553149978	2.0	2
DLBCL10510	0.005001189066361553	0.9804125181612573	0.00417604007250195	0.0035744156894046432	0.00683583701047452	0.9804125181612573	1.0	1
DLBCL11656	0.0031026693195004185	0.0031364966609297752	0.9808194372933338	0.006464095945754674	0.006477300780481373	0.9808194372933338	2.0	2
DLBCL10989	0.0037224261738326675	0.980885035980652	0.006517755191760451	0.0032003019298005135	0.0056744807239543504	0.980885035980652	1.0	1
DLBCL11203	0.0035270571575987445	0.981107774723255	0.005334253371946596	0.005432982770471005	0.004597931976728569	0.981107774723255	1.0	1
DLBCL10484	0.0028790454217055774	0.9811868855958937	0.008019179411984276	0.004282390045557689	0.003632499524858696	0.9811868855958937	1.0	1
DLBCL_RICOVER_1192	0.0030884129070283604	0.007096740204980737	0.00468366986708833	0.003863525451743952	0.9812676515691586	0.9812676515691586	4.0	4
DLBCL10880	0.00587267526010295	0.003999013044244982	0.005046509603580373	0.0035385609436480742	0.9815432411484236	0.9815432411484236	4.0	4
DLBCL11558	0.004022797023372633	0.003977410252547002	0.9824447754811717	0.007526735455754695	0.002028281787153915	0.9824447754811717	2.0	2
DLBCL11476	0.004088693082703009	0.006113730123401327	0.0031484947796650868	0.004093390526512176	0.9825556914877184	0.9825556914877184	4.0	4
DLBCL_RICOVER_712	0.0026857254994084694	0.00598892957624493	0.003581794779130992	0.005089162427448675	0.9826543877177669	0.9826543877177669	4.0	4
DLBCL_MC_F089_HCZ	0.0022482723692561013	0.9829332389690992	0.0069738106319192925	0.0035882254414134787	0.004256452588311847	0.9829332389690992	1.0	1
DLBCL_DFCI_DLBCL_GOE07	0.003928226463531079	0.9829835899141904	0.005255990255556807	0.0027541111207910903	0.005078082245930625	0.9829835899141904	1.0	1
DLBCL11450	0.0026464300076196588	0.005557518077833249	0.002970803911133985	0.005767811994617499	0.9830574360087956	0.9830574360087956	4.0	4
DLBCL_C_D_1135_NULLPAIR	0.004636988080704563	0.9831892125409429	0.004398047168720587	0.004004734394140898	0.003771017815491028	0.9831892125409429	1.0	1
DLBCL11191	0.9834556173333997	0.0023823359590143026	0.002587108479621402	0.008994374768352442	0.0025805634596121657	0.9834556173333997	0.0	0
DLBCL10890	0.0024698222362228533	0.004874507192622182	0.004922975862213477	0.0037847558174046382	0.9839479388915369	0.9839479388915369	4.0	4
DLBCL_RICOVER_469	0.003705522185209122	0.0027426191166682523	0.9843347988681075	0.006685628266227754	0.002531431563787368	0.9843347988681075	2.0	2
DLBCL_LS297	0.0030777721536673734	0.002748292926407136	0.9844386653719872	0.007289095478213134	0.0024461740697251854	0.9844386653719872	2.0	2
DLBCL10834	0.005154905208954251	0.9845403161354451	0.003955987744377833	0.002804190948792199	0.0035445999624305734	0.9845403161354451	1.0	1
DLBCL_RICOVER_451	0.9847861541315791	0.00224788265444584	0.0044069710105000635	0.006313878506967257	0.002245113696507717	0.9847861541315791	0.0	0
DLBCL10893	0.002001138943201925	0.00349070577726517	0.003866306423864176	0.005684931377192322	0.9849569174784764	0.9849569174784764	4.0	4
DLBCL11670	0.0019467675868121408	0.003544048581811298	0.9849848236754926	0.006559072329665301	0.00296528782621869	0.9849848236754926	2.0	2
DLBCL10498	0.0030813768689490336	0.003002629846153643	0.9851820315969781	0.00681903700364145	0.0019149246842777583	0.9851820315969781	2.0	2
DLBCL_C_D_1131_NULLPAIR	0.002567807503078093	0.9852236804929436	0.006299214699614609	0.0023363953077380033	0.003572901996625639	0.9852236804929436	1.0	1
DLBCL_LS3749	0.0031873411530064385	0.9852439644152011	0.004657825960723369	0.004230596883986441	0.0026802715870826474	0.9852439644152011	1.0	1
DLBCL11511	0.9853148240493015	0.0015254733124237464	0.0036522526784750265	0.006344305352706659	0.003163144607093105	0.9853148240493015	0.0	0
DLBCL10554	0.004700647320745815	0.00272085789008515	0.9855152546917979	0.004759996580643264	0.002303243516727906	0.9855152546917979	2.0	2
DLBCL_RICOVER_533	0.003604257045495646	0.9855535148458564	0.004806897477055923	0.0032054183919502034	0.0028299122396418003	0.9855535148458564	1.0	1
DLBCL11677	0.98577897760824	0.0014178397728440597	0.0030958038268284345	0.006731604994655483	0.0029757737974320415	0.98577897760824	0.0	0
DLBCL_RICOVER_826	0.9859494191300155	0.0022235019565878824	0.0019041493386979145	0.007163253490902594	0.0027596760837960413	0.9859494191300155	0.0	0
DLBCL10853	0.0033398310033357016	0.0031628847565567737	0.0030727535113627864	0.0043988428761240995	0.9860256878526207	0.9860256878526207	4.0	4
DLBCL11477	0.986116061327437	0.0016623640943115795	0.002325256190792925	0.007113321344437967	0.002782997043020463	0.986116061327437	0.0	0
DLBCL_RICOVER_839	0.00266554468930822	0.9867210478584076	0.0033859910135836543	0.0032617085164960676	0.003965707922204462	0.9867210478584076	1.0	1
DLBCL11461	0.9868048117859316	0.0017967885645032	0.002649079110391744	0.007164591138464003	0.0015847294007094203	0.9868048117859316	0.0	0
DLBCL10515	0.9871689913924634	0.002459131352041904	0.0018750443430264564	0.006236549144956968	0.002260283767511326	0.9871689913924634	0.0	0
DLBCL_C_D_1152_NULLPAIR	0.0020498046626297372	0.9871743755778337	0.0049793773469374684	0.002672995417808405	0.003123446994790669	0.9871743755778337	1.0	1
DLBCL_MC_F132_MLM	0.9875539778870753	0.0015786311452792275	0.0016810137230655127	0.006156982239338717	0.003029395005241215	0.9875539778870753	0.0	0
DLBCL10860	0.0016605912165390034	0.0031477710820800916	0.004009162999247048	0.003543322348459064	0.9876391523536748	0.9876391523536748	4.0	4
DLBCL_LS1098	0.0026446494133518083	0.0024076254063759134	0.9878148324732656	0.005302804323594945	0.0018300883834117393	0.9878148324732656	2.0	2
DLBCL10525	0.9878665179709449	0.0012566543010035316	0.002820195958331982	0.005214146033904627	0.0028424857358148848	0.9878665179709449	0.0	0
DLBCL10859	0.0020743602822872287	0.9880287561448252	0.004132056839463776	0.0020603302068568775	0.0037044965265668785	0.9880287561448252	1.0	1
DLBCL10917	0.003088127342764455	0.988046545922389	0.0029649717918698295	0.002514816703759156	0.003385538239217528	0.988046545922389	1.0	1
DLBCL10897	0.9881825987696958	0.0022784565454940574	0.0014152022153977534	0.005375319019087568	0.002748423450324804	0.9881825987696958	0.0	0
DLBCL_MC_F729_MAN	0.0024467939843173477	0.9889170075287979	0.0032796806162753754	0.001807496199761874	0.003549021670847516	0.9889170075287979	1.0	1
DLBCL11440	0.002376934831751488	0.0024719337655473407	0.00313249153339166	0.003010253800731603	0.9890083860685779	0.9890083860685779	4.0	4
DLBCL_RICOVER_221	0.0015049597035247013	0.003680474645970236	0.0027709279571249672	0.0029772994768352107	0.9890663382165449	0.9890663382165449	4.0	4
DLBCL10842	0.001690113729621282	0.002558255750604566	0.00286566599356286	0.003671565681774954	0.9892143988444363	0.9892143988444363	4.0	4
DLBCL10459	0.0017341711303684205	0.0027419128740653106	0.9892498557995175	0.004415938964631483	0.0018581212314172418	0.9892498557995175	2.0	2
DLBCL_RICOVER_267	0.001932507688089755	0.0021106610271596693	0.9892948710884234	0.004140733064643965	0.00252122713168319	0.9892948710884234	2.0	2
DLBCL_C_D_1125_NULLPAIR	0.0015631403230012028	0.004212148275661515	0.0022422948339902654	0.0026542761684200345	0.989328140398927	0.989328140398927	4.0	4
DLBCL_RICOVER_1219	0.0015546781516695208	0.003014956843354534	0.002346813224748319	0.0036925858814898928	0.9893909658987378	0.9893909658987378	4.0	4
DLBCL10901	0.0015267917352100263	0.0028068895496672634	0.002319733814043046	0.0036070236496230975	0.9897395612514566	0.9897395612514566	4.0	4
DLBCL10550	0.0017184435189526912	0.002515436512099167	0.002870777463471294	0.002964800393223954	0.9899305421122528	0.9899305421122528	4.0	4
DLBCL10461	0.0015269684554227395	0.9902381130629926	0.0034977140361833153	0.0016079927389836314	0.0031292117064177847	0.9902381130629926	1.0	1
DLBCL10460	0.0020050546650139563	0.9903544962653577	0.0039012923376148803	0.0016421112084630087	0.0020970455235504873	0.9903544962653577	1.0	1
DLBCL10966	0.9906254985595538	0.001225438906120197	0.001897197211528864	0.004865471628235107	0.001386393694562008	0.9906254985595538	0.0	0
DLBCL_C_D_1163_NULLPAIR	0.0014678904710755851	0.002182784639622529	0.002071368374948491	0.0036270957087458614	0.9906508608056075	0.9906508608056075	4.0	4
DLBCL10862	0.0014082539580371077	0.002835423032378525	0.0027264613846549276	0.002372024748974286	0.9906578368759551	0.9906578368759551	4.0	4
DLBCL10519	0.002120208956097271	0.9907186267041623	0.0030174625157916315	0.0021525785673695056	0.0019911232565792366	0.9907186267041623	1.0	1
DLBCL10977	0.0019319922949874375	0.001879390788820126	0.0028410339624462748	0.002576245253599743	0.9907713377001465	0.9907713377001465	4.0	4
DLBCL_MC_F262_WLC	0.9907964739023647	0.0012768796419711267	0.001300357873877731	0.004593667266966158	0.002032621314820322	0.9907964739023647	0.0	0
DLBCL10988	0.0016401618102494667	0.9908165924422678	0.0028091466368455765	0.0023575271420800278	0.002376571968557045	0.9908165924422678	1.0	1
DLBCL_LS1065	0.0021920118839054647	0.9911979762834335	0.002641284714676172	0.0016514887170377027	0.002317238400947131	0.9911979762834335	1.0	1
DLBCL_LS378	0.9913115550097376	0.0012750279622635032	0.00231773331308549	0.003896109656022004	0.0011995740588914769	0.9913115550097376	0.0	0
DLBCL10850	0.0022982926674789896	0.9913405920644732	0.0027549632141164633	0.0015104843412472608	0.0020956677126840336	0.9913405920644732	1.0	1
DLBCL10884	0.9914969339423727	0.0010332256207126014	0.0015990449523012997	0.0045172201893561945	0.0013535752952571487	0.9914969339423727	0.0	0
DLBCL10992	0.0014188972079484299	0.0017702804222903912	0.0023708990455385674	0.0026249623073625237	0.9918149610168601	0.9918149610168601	4.0	4
DLBCL11428	0.0017957668424485556	0.00211123365365085	0.9919583155908877	0.003013172672437243	0.0011215112405756754	0.9919583155908877	2.0	2
DLBCL10530	0.0012608069405781943	0.002880424023092733	0.0017882809645626116	0.0020519701112271275	0.9920185179605393	0.9920185179605393	4.0	4
DLBCL11187	0.0016591223578545236	0.0018686132170739889	0.0017114709927454575	0.002621058507176161	0.9921397349251498	0.9921397349251498	4.0	4
DLBCL10996	0.9921543996786147	0.0009286117396986452	0.0019630612781724255	0.0030311238684645717	0.0019228034350496342	0.9921543996786147	0.0	0
DLBCL_RICOVER_685	0.001081096296304149	0.0021969720350599495	0.0016815614575402405	0.0026035530245910408	0.9924368171865047	0.9924368171865047	4.0	4
DLBCL11666	0.0013768514783187406	0.001917079090067135	0.9925499655355625	0.0028671434596796988	0.0012889604363718677	0.9925499655355625	2.0	2
DLBCL_MC_F349_BJJ	0.0012339193672255544	0.001679954077887476	0.9928209154693222	0.002657602006147501	0.0016076090794172513	0.9928209154693222	2.0	2
DLBCL_LS1757	0.9933096618313151	0.0011799521426108669	0.0011275803715945847	0.003284674165493734	0.0010981314889857378	0.9933096618313151	0.0	0
DLBCL10465	0.0010759484456513986	0.0017461576344695445	0.9933846209044663	0.0025327969554007667	0.001260476060011945	0.9933846209044663	2.0	2
DLBCL11188	0.0012643507956995727	0.9934653990100274	0.002396479825448222	0.0013053188729009375	0.0015684514959238445	0.9934653990100274	1.0	1
DLBCL11667	0.001314599344190595	0.0017192221173523406	0.9935797241918223	0.002290626170276164	0.0010958281763586545	0.9935797241918223	2.0	2
DLBCL10924	0.0009425647521152635	0.001510168371338854	0.0012283297266299745	0.002109398002104676	0.9942095391478112	0.9942095391478112	4.0	4
DLBCL11434	0.9942807704133022	0.0008741058375578276	0.0012034851254692457	0.0028486703733803446	0.0007929682502903715	0.9942807704133022	0.0	0
DLBCL11000	0.0008494409720280076	0.0015583430240727052	0.0012080018999989653	0.001831624062759469	0.9945525900411408	0.9945525900411408	4.0	4
DLBCL11565	0.0011121203301103332	0.9945591069998565	0.0016082786081907771	0.001228998041032501	0.0014914960208099123	0.9945591069998565	1.0	1
DLBCL_RICOVER_253	0.0012684324046703104	0.9948150294883474	0.0016322622430875507	0.0009150321560069394	0.0013692437078877875	0.9948150294883474	1.0	1
DLBCL_RICOVER_174	0.0013257426885611696	0.9948179118665212	0.0015800800345666507	0.0010550098530618993	0.0012212555572889926	0.9948179118665212	1.0	1
DLBCL_RICOVER_1248	0.0009370994980919172	0.0016385444400942013	0.0008861747820427256	0.0014397573144141799	0.995098423965357	0.995098423965357	4.0	4
DLBCL_C_D_1114_NULLPAIR	0.9951357288607207	0.00062662450700622	0.0008231641614903672	0.002617442745806532	0.0007970397249762573	0.9951357288607207	0.0	0
DLBCL_RICOVER_1293	0.0011381580900700907	0.0013703099911919472	0.0008869374701146823	0.0014631333971922142	0.9951414610514311	0.9951414610514311	4.0	4
DLBCL_DFCI_DLBCL_GOE16	0.0008859311470742942	0.0009772428432522683	0.9952457617638083	0.002049265306521658	0.0008417989393435076	0.9952457617638083	2.0	2
DLBCL_MAYO_DLBCL_5613	0.9952611640331771	0.000804917349212071	0.000917371554495028	0.0019520001949344132	0.0010645468681814037	0.9952611640331771	0.0	0
DLBCL10990	0.0008487163432833487	0.0017320426139896432	0.0010073397581102084	0.0011394133492388361	0.9952724879353779	0.9952724879353779	4.0	4
DLBCL11482	0.9953013327889993	0.0006363214392281934	0.0008201008323305708	0.002476099347584355	0.0007661455918575553	0.9953013327889993	0.0	0
DLBCL_RICOVER_449	0.0009234174080045249	0.0011827134160468558	0.0010215353011988506	0.0015088351997309185	0.9953634986750188	0.9953634986750188	4.0	4
DLBCL10883	0.0010581154625406396	0.0010509072183947918	0.001066627049381493	0.001330627996437909	0.9954937222732452	0.9954937222732452	4.0	4
DLBCL10967	0.0007870548206912404	0.0012570992510570465	0.0011390824269355525	0.0013093189624626988	0.9955074445388534	0.9955074445388534	4.0	4
DLBCL_MC_F519_ALT	0.000870461465237785	0.0015778625319895552	0.0009097079303946984	0.0011335797685841501	0.9955083883037938	0.9955083883037938	4.0	4
DLBCL10997	0.9955265924950562	0.0006185152191583818	0.0007048432940580001	0.002099216917849701	0.0010508320738777254	0.9955265924950562	0.0	0
DLBCL_C_D_1136_NULLPAIR	0.0009829521765620938	0.9956371828452296	0.0012274310575502822	0.0010205764979234048	0.0011318574227345676	0.9956371828452296	1.0	1
DLBCL10471	0.0009288769588609032	0.001463523026756733	0.0008817337912773215	0.0009116201765113143	0.9958142460465937	0.9958142460465937	4.0	4
DLBCL_RICOVER_417	0.0006197062162821588	0.001203277911268549	0.000938317499432959	0.0012302717321240784	0.9960084266408923	0.9960084266408923	4.0	4
DLBCL10951	0.000753972955512316	0.0014197382048762852	0.0008367764143700702	0.0009522907369966315	0.9960372216882447	0.9960372216882447	4.0	4
DLBCL_C_D_1128_NULLPAIR	0.9960406404416215	0.0005862729268477501	0.0006622802112058372	0.0018009709150671347	0.0009098355052577538	0.9960406404416215	0.0	0
DLBCL10864	0.0006348199286396238	0.0009443020032478606	0.0010639057270909866	0.0011758271379089858	0.9961811452031125	0.9961811452031125	4.0	4
DLBCL10913	0.996296739806221	0.0006210361082916055	0.0006220865983065895	0.001746103661164003	0.0007140338260167856	0.996296739806221	0.0	0
DLBCL_MAYO_DLBCL_7359	0.000637868455698014	0.9969037185879452	0.0010433664516711861	0.0005606722809521393	0.0008543742237334195	0.9969037185879452	1.0	1
DLBCL10534	0.00046372476659145735	0.0008178567495328275	0.0006208890683687653	0.0007779578556468398	0.9973195715598601	0.9973195715598601	4.0	4
DLBCL_LS146	0.0004979798914463442	0.99754895816227	0.0008573012922963941	0.0004800481906598191	0.0006157124633275199	0.99754895816227	1.0	1
DLBCL10911	0.0005200718471444083	0.9977719887185251	0.000717929479297437	0.0004100403038345142	0.0005799696511985579	0.9977719887185251	1.0	1
DLBCL10912	0.9978538983203477	0.0003196947167469151	0.0004592895398820113	0.001041743404267338	0.00032537401875611577	0.9978538983203477	0.0	0
DLBCL10458	0.9985337615525632	0.00019376166188889778	0.00034311727034629715	0.0006930588529615288	0.00023630066224007804	0.9985337615525632	0.0	0
DLBCL_C_D_1130_NULLPAIR	1.0	0.0	0.0	0.0	0.0	1.0	0.0	0
