	C1	C2	C3	C4	C5	Confidence	True Cluster	Predicted Cluster
DLBCL10510	0.3309208250011072	0.06249869377010391	0.17671273195003848	0.296998747039313	0.13286900223943734	0.3309208250011072	1.0	0
DLBCL_MC_F502_RFK	0.22981233391555844	0.09207181014638095	0.1574086316473367	0.3426863491015588	0.17802087518916504	0.3426863491015588	1.0	3
DLBCL10980	0.1834210951480353	0.08599722438514265	0.10392982251848353	0.38443832616841217	0.24221353177992644	0.38443832616841217	4.0	3
DLBCL10838	0.3294633049213169	0.09751291552512327	0.06366541274026156	0.3991798158832077	0.1101785509300905	0.3991798158832077	4.0	3
DLBCL10951	0.333948259854305	0.037656930449696424	0.08258927167896278	0.4059104409086154	0.13989509710842046	0.4059104409086154	4.0	3
DLBCL_LS2245	0.2527566789950586	0.10719109652587439	0.11025481779841427	0.40712065246357493	0.12267675421707777	0.40712065246357493	1.0	3
DLBCL11206	0.3615336886519314	0.057393709026281936	0.053277707697311896	0.40903939578764603	0.11875549883682879	0.40903939578764603	4.0	3
DLBCL10962	0.25621630330110784	0.050813982952070576	0.10883151169920677	0.40949218560451517	0.1746460164430997	0.40949218560451517	1.0	3
DLBCL_MC_F927_JHS	0.23101886932537025	0.04381687162342156	0.18172712083199377	0.41442821733775687	0.1290089208814574	0.41442821733775687	4.0	3
DFCIDL008_DT	0.2693051819619368	0.05331713885903754	0.12118704576887823	0.419077761570367	0.13711287183978035	0.419077761570367	4.0	3
DLBCL11188	0.37885974879553963	0.05380448448376279	0.0526948844316719	0.4255090633518224	0.08913181893720316	0.4255090633518224	1.0	3
DLBCL10954	0.06728577348012313	0.08069980511016217	0.2899028024108862	0.4422590592134444	0.11985255978538417	0.4422590592134444	1.0	3
DLBCL11500	0.22667813335420775	0.048308097338753506	0.16248881794310505	0.44305104057987343	0.11947391078406032	0.44305104057987343	4.0	3
DLBCL10947	0.447732697926053	0.07782648352168119	0.0644620688230149	0.32132010906679825	0.08865864066245259	0.447732697926053	1.0	0
DLBCL_C_D_1105_NULLPAIR	0.3733464383057054	0.05228733927080889	0.04267247914132399	0.44774614999652845	0.08394759328563321	0.44774614999652845	1.0	3
DLBCL10972	0.3235461109658341	0.0396768385943976	0.1075960476055735	0.4587057436847854	0.07047525914940947	0.4587057436847854	0.0	3
DLBCL_C_D_1106_NULLPAIR	0.36845933694023386	0.05803882609369951	0.04854507501484667	0.45889601210947395	0.06606074984174613	0.45889601210947395	1.0	3
DLBCL11509	0.3490717707331864	0.03520924382207489	0.05320375574211471	0.4592323059330916	0.10328292376953241	0.4592323059330916	0.0	3
DLBCL10564	0.32860630777775324	0.053002522627613374	0.07634350380897138	0.4611441701125742	0.08090349567308783	0.4611441701125742	3.0	3
DLBCL_RICOVER_134	0.17076157827133698	0.07484522178698617	0.11573467822368953	0.4623085601568037	0.17634996156118343	0.4623085601568037	4.0	3
DLBCL10985	0.3890946888827368	0.05271774638921641	0.049867427447840555	0.47080583354706274	0.03751430373314352	0.47080583354706274	1.0	3
DLBCL10897	0.3948408027056489	0.03740983013952754	0.04270681601901188	0.47222081995798887	0.05282173117782268	0.47222081995798887	0.0	3
DLBCL10554	0.266120485014819	0.049717811350229256	0.11921083898783702	0.4723841177587291	0.09256674688838559	0.4723841177587291	2.0	3
DLBCL10981	0.3327085747073126	0.07304893326734703	0.05202854043150004	0.47504370521601696	0.0671702463778235	0.47504370521601696	1.0	3
DLBCL_C_D_1113_NULLPAIR	0.34516551953690994	0.039862465916717334	0.0766765810673794	0.476213958663708	0.06208147481528527	0.476213958663708	2.0	3
DLBCL10458	0.3390231644780561	0.04595001592148775	0.0902490113296253	0.4767232195355236	0.04805458873530735	0.4767232195355236	0.0	3
DLBCL11659	0.16354518138783156	0.08105431097300542	0.16464686787847257	0.47679597975836324	0.11395766000232727	0.47679597975836324	3.0	3
DLBCL10862	0.47811266615568054	0.05057088232572478	0.0266344633150305	0.31830393887389774	0.1263780493296664	0.47811266615568054	4.0	0
DLBCL10983	0.3402243505105411	0.0701962298447968	0.05557870630959404	0.4841688651102852	0.04983184822478289	0.4841688651102852	1.0	3
DLBCL_MAYO_DLBCL_7359	0.09311822055706195	0.15034769568158787	0.08294043150576479	0.4843084638459217	0.18928518840966368	0.4843084638459217	1.0	3
DLBCL10529	0.31167973823659645	0.058984474429323856	0.0599752897318929	0.48671010124224223	0.08265039635994446	0.48671010124224223	4.0	3
DLBCL11510	0.25574514832374784	0.046066453486202676	0.08922844254942328	0.4896108313030635	0.11934912433756271	0.4896108313030635	4.0	3
DLBCL10881	0.24418808754045412	0.06125310888964237	0.08382835553834654	0.49288144950256374	0.11784899852899329	0.49288144950256374	4.0	3
DLBC_FF_A7CQ_TP_NB	0.34397703717048006	0.05719634803575022	0.044608488011297846	0.49345364488649207	0.060764481895979924	0.49345364488649207	4.0	3
DLBCL10928	0.33942778554978614	0.05785136246858102	0.030230298304629505	0.4952720009483652	0.07721855272863806	0.4952720009483652	0.0	3
DLBCL_RICOVER_469	0.110262855361592	0.0442397203594611	0.11712337675707146	0.4976698679450579	0.23070417957681746	0.4976698679450579	2.0	3
DLBCL_LS1065	0.34440607900563547	0.049822602936316976	0.06146072619347705	0.49778459037039413	0.046526001494176364	0.49778459037039413	1.0	3
DLBCL_RICOVER_1210	0.28522708084446136	0.05327075979229595	0.05503052864045556	0.49854100990210515	0.10793062082068204	0.49854100990210515	1.0	3
DLBCL11208	0.2984665341206684	0.044318184060145385	0.0693698231911818	0.49956484897571785	0.08828060965228643	0.49956484897571785	1.0	3
DLBCL10514	0.3537025489731513	0.06185591981304428	0.045340378783887705	0.5013585958897121	0.037742556540204614	0.5013585958897121	2.0	3
DLBCL11456	0.23170242575902752	0.05723387289943145	0.11916590009656923	0.5016698029198441	0.0902279983251277	0.5016698029198441	1.0	3
DLBCL10969	0.5019244125574888	0.05174060095869	0.04134426031382804	0.33539255747040364	0.06959816869958953	0.5019244125574888	0.0	0
DLBCL11431	0.5035280265927264	0.04112422983837096	0.0524940433725938	0.3435108691619925	0.05934283103431629	0.5035280265927264	4.0	0
DLBCL10877	0.2817250124838849	0.04179156246042108	0.11557869122857092	0.5066519425368466	0.05425279129027649	0.5066519425368466	0.0	3
DLBCL_C_D_1129_NULLPAIR	0.31234372136129646	0.044332545876484844	0.05013185908650151	0.5083224926858907	0.0848693809898265	0.5083224926858907	0.0	3
DLBCL11478	0.2431859714114337	0.09051846419044861	0.09342266591742926	0.509396462043221	0.06347643643746745	0.509396462043221	0.0	3
DLBCL11484	0.30878780714181775	0.025937266944803954	0.035252595305847824	0.513054357912361	0.11696797269516954	0.513054357912361	1.0	3
DLBCL_RICOVER_787	0.10189629061168115	0.08951776187142166	0.12288383008893818	0.514000715279575	0.17170140214838392	0.514000715279575	1.0	3
DLBC_FF_8043_TP_NB	0.2578371546072167	0.07392076399145955	0.09142253056480029	0.5144600282096972	0.062359522626826314	0.5144600282096972	1.0	3
DLBCL10525	0.3230619077390809	0.04064093693168195	0.06403383535529952	0.5169712765406707	0.055292043433266914	0.5169712765406707	0.0	3
DLBCL10996	0.31038553714409517	0.037954293072724486	0.04914090765936382	0.5183885298431987	0.08413073228061782	0.5183885298431987	0.0	3
DLBCL10930	0.3009491672363741	0.04127523105830818	0.04528604104791647	0.5232968449537237	0.08919271570367762	0.5232968449537237	4.0	3
DLBCL10837	0.29792884529400226	0.05951890913774721	0.048382187622520806	0.5240695698077039	0.0701004881380258	0.5240695698077039	4.0	3
DLBCL11496	0.3239246793415289	0.03846152935206628	0.05171461132934024	0.5244476571456158	0.06145152283144889	0.5244476571456158	0.0	3
DLBCL11202	0.22337785577476885	0.04526579377864898	0.08440565582591623	0.5245703808691548	0.12238031375151116	0.5245703808691548	0.0	3
DLBCL10539	0.3254875034460767	0.04660936512389679	0.03542544969079616	0.5252928212385547	0.0671848605006756	0.5252928212385547	3.0	3
DLBCL11473	0.5280798846240393	0.031228598299915988	0.08361783861145586	0.3172213353869629	0.039852343077625925	0.5280798846240393	0.0	0
DLBCL_RICOVER_111	0.2797509319235926	0.03170219452828439	0.06693988078654509	0.5305680488675583	0.09103894389401959	0.5305680488675583	4.0	3
DLBCL_LS1668	0.20374889129968643	0.0440023483867968	0.09663497269732726	0.5312852087008504	0.12432857891533915	0.5312852087008504	1.0	3
DLBCL_RICOVER_473	0.30659693473724076	0.06996929643879424	0.04345198326539542	0.531430034230518	0.048551751328051555	0.531430034230518	0.0	3
DLBCL10544	0.296213179358714	0.041968290289838284	0.06632062726154567	0.5314679897508293	0.0640299133390727	0.5314679897508293	3.0	3
DLBCL_LS2208	0.21205060686677105	0.060800985700824595	0.07694777820379772	0.5317024456333991	0.11849818359520764	0.5317024456333991	4.0	3
DLBCL_RICOVER_1046	0.25392681959790575	0.0594293945188932	0.08426788532650921	0.5319086690248831	0.07046723153180877	0.5319086690248831	1.0	3
DLBCL_C_D_1108_NULLPAIR	0.2749324564748814	0.060866358031517714	0.04887495504244865	0.532285481278441	0.08304074917271129	0.532285481278441	1.0	3
DLBCL11513	0.2633102492909228	0.039973221294829615	0.08214093286025893	0.5355845880972551	0.07899100845673357	0.5355845880972551	4.0	3
DLBCL10842	0.2937220048221561	0.03342941289668644	0.07659446332153641	0.5371743586656963	0.05907976029392483	0.5371743586656963	4.0	3
DLBCL11482	0.5385337667196435	0.05885500325743425	0.031931805611771474	0.325469755863842	0.0452096685473088	0.5385337667196435	0.0	0
DLBCL10908	0.28907385651878237	0.0466536169136795	0.04031079070153221	0.5410245884175675	0.08293714744843843	0.5410245884175675	4.0	3
DLBCL11573	0.21047348864814705	0.09645111906300538	0.0680758875624405	0.5414299579564604	0.08356954676994661	0.5414299579564604	2.0	3
DLBCL_MAYO_DLBCL_3653	0.3136091570831027	0.04390286021912929	0.0436337912743412	0.5418586169458101	0.056995574477616585	0.5418586169458101	0.0	3
DLBCL10485	0.22849294734226544	0.05259177123228916	0.06414509004461777	0.5421774867466911	0.11259270463413662	0.5421774867466911	4.0	3
DLBCL11474	0.304472155311005	0.053914151850020436	0.030122063891986534	0.5423349005441633	0.06915672840282465	0.5423349005441633	0.0	3
DLBCL10833	0.20776073341864726	0.059639537516926744	0.055009759285265324	0.5435836432629638	0.13400632651619687	0.5435836432629638	4.0	3
DLBCL11480	0.26884757456911484	0.06250865186615348	0.05194588584895322	0.54391748769419	0.07278040002158838	0.54391748769419	0.0	3
DLBCL_RICOVER_826	0.3226293331228718	0.03984382056450507	0.04467059022608869	0.5443934755126646	0.048462780573869886	0.5443934755126646	0.0	3
DLBCL11512	0.2593061581550313	0.05194594589087528	0.09395460235327088	0.5451760582273584	0.04961723537346418	0.5451760582273584	0.0	3
DLBCL11001	0.22731973937608396	0.05608111721572941	0.0953190781556675	0.5454540725791164	0.07582599267340273	0.5454540725791164	4.0	3
DLBCL_RICOVER_401	0.2876684138845091	0.041058946679706665	0.0542327210087168	0.5456092514762082	0.07143066695085928	0.5456092514762082	1.0	3
DLBCL_MC_F739_AMA3	0.2775089589787343	0.06251377315109646	0.06523326806628765	0.5456806226608515	0.049063377143030065	0.5456806226608515	1.0	3
DLBCL10968	0.2801093499943563	0.03826255054986997	0.07997831755867092	0.5462305062714533	0.05541927562564941	0.5462305062714533	0.0	3
DLBCL_RICOVER_253	0.270662464666849	0.08220814979980084	0.05131505450061834	0.5464131651117909	0.04940116592094085	0.5464131651117909	1.0	3
DLBCL11662	0.2986286817478965	0.041185226251700624	0.0638322178950709	0.5465365828384408	0.049817291266891266	0.5465365828384408	0.0	3
DLBCL_RICOVER_174	0.1932063715467769	0.09193705588860303	0.08625336013506646	0.5486931858951681	0.07991002653438549	0.5486931858951681	1.0	3
DLBCL_C_D_1115_NULLPAIR	0.28538294672520137	0.05228811651642364	0.05114527521059738	0.5493548664013791	0.061828795146398545	0.5493548664013791	3.0	3
DLBCL_RICOVER_120	0.3079985004827768	0.042318463936692585	0.0538750649115514	0.5512518810576255	0.04455608961135375	0.5512518810576255	4.0	3
DLBCL10977	0.16982669712733517	0.05997071510205123	0.05955482760613818	0.5513910514046104	0.15925670875986497	0.5513910514046104	4.0	3
DLBCL10873	0.2428568428992488	0.05608415147360374	0.08208246490529629	0.5520537120091235	0.0669228287127278	0.5520537120091235	1.0	3
DLBCL_RICOVER_1219	0.29186041696793497	0.03796743647047212	0.061652077287923844	0.5532029448825269	0.05531712439114223	0.5532029448825269	4.0	3
DLBCL_RICOVER_478	0.29627713107906817	0.04635536932372672	0.043594225335464316	0.5536655558853099	0.060107718376430974	0.5536655558853099	1.0	3
DFCIDL003_DT	0.26130583123815176	0.05455756525612347	0.06386468539218933	0.5546227693107915	0.06564914880274397	0.5546227693107915	1.0	3
DLBCL_RICOVER_685	0.2138285868407362	0.0510583875465166	0.0717150380226959	0.5562553427443477	0.10714264484570363	0.5562553427443477	4.0	3
DLBCL10909	0.296605502509274	0.038591609459326236	0.04998921788397254	0.5574237766615499	0.05738989348587737	0.5574237766615499	4.0	3
DLBCL_RICOVER_945	0.217425268256826	0.05398129475281639	0.09334156136896683	0.5580052000045981	0.0772466756167927	0.5580052000045981	0.0	3
DLBCL11205	0.3075352895564793	0.05232373135812182	0.02860647165661928	0.558506603499016	0.05302790392976355	0.558506603499016	0.0	3
DLBCL11194	0.2882756127235442	0.0536250381819021	0.03936561081951605	0.5605829192668526	0.05815081900818512	0.5605829192668526	4.0	3
DLBCL_C_D_1156_NULLPAIR	0.2528961122985454	0.040045555112079294	0.05051036586589243	0.5613966138413286	0.09515135288215429	0.5613966138413286	0.0	3
DLBCL_RICOVER_1269	0.2511645609460634	0.054962689055060195	0.04366585428285068	0.5616917860456855	0.08851510967034029	0.5616917860456855	2.0	3
DLBCL10453	0.1845518434049651	0.04308989696998206	0.077173409702609	0.5618357641255152	0.13334908579692867	0.5618357641255152	1.0	3
DLBCL10565	0.2665371701723503	0.0380385333003776	0.07584908257370769	0.563196673901378	0.05637854005218653	0.563196673901378	3.0	3
DLBCL11672	0.3082147753205214	0.03050708527980058	0.05478264125544421	0.5638741785914132	0.042621319552820634	0.5638741785914132	2.0	3
DLBCL_RICOVER_320	0.23620438882234412	0.04273882145185636	0.06190560467612771	0.5669781384433403	0.0921730466063315	0.5669781384433403	2.0	3
DLBCL11515	0.16007559285446296	0.0418374308140151	0.11999678995019149	0.5670151155323859	0.11107507084894454	0.5670151155323859	2.0	3
DLBCL10974	0.18640307489125668	0.051495446947572424	0.08136914969749702	0.5670620622926548	0.11367026617101905	0.5670620622926548	3.0	3
DLBCL_LS4592	0.11945013809427459	0.08672884071867074	0.1431683958212014	0.5673411522400831	0.0833114731257702	0.5673411522400831	2.0	3
DLBCL10488	0.3105462623363184	0.03367035916543785	0.05618685039684729	0.5674813325729505	0.03211519552844595	0.5674813325729505	0.0	3
DLBCL11664	0.31760901530363145	0.04524657424139003	0.03507165992468293	0.567870166460718	0.03420258406957757	0.567870166460718	1.0	3
DLBCL10532	0.2576467335202897	0.03495090514312527	0.05281378150495003	0.5679098397429181	0.08667874008871693	0.5679098397429181	4.0	3
DLBCL10492	0.254211425299238	0.045815122852400345	0.0443043063403125	0.5693764665740417	0.08629267893400745	0.5693764665740417	0.0	3
DLBCL10884	0.18561518295205584	0.07242046443099924	0.06946795882361831	0.5694630687157154	0.10303332507761126	0.5694630687157154	0.0	3
DLBCL10859	0.23048389023377963	0.047276952088842604	0.043179834862470276	0.5698000902007017	0.10925923261420589	0.5698000902007017	1.0	3
DLBCL10530	0.1689313121743175	0.06958480921878671	0.06721736495235922	0.5700944534955134	0.12417206015902318	0.5700944534955134	4.0	3
DLBCL10482	0.2410002663033051	0.04401666811868591	0.05978025251910118	0.5715736105657001	0.08362920249320774	0.5715736105657001	0.0	3
DLBCL10857	0.2341212440764713	0.046115217909953	0.05757023141876913	0.5718638928761347	0.09032941371867191	0.5718638928761347	4.0	3
DLBCL10552	0.29804822168293754	0.03893593210127727	0.03804628690975155	0.5729563088639308	0.05201325044210283	0.5729563088639308	3.0	3
DLBCL10451	0.2281759205598335	0.040049644325607474	0.0978096542846944	0.5730597861367762	0.06090499469308845	0.5730597861367762	0.0	3
DLBCL10994	0.2114275633693942	0.04895897299677024	0.056879295384602374	0.5736212096477727	0.10911295860146046	0.5736212096477727	0.0	3
DLBCL11476	0.19164643623851363	0.05918544023717175	0.1153038126510794	0.5736759452384921	0.060188365634743064	0.5736759452384921	4.0	3
DLBCL10460	0.2536589797146733	0.06673987472708982	0.04369396784817967	0.5764612608157422	0.05944591689431498	0.5764612608157422	1.0	3
DLBC_FF_A7CX_TP_NB	0.2314927843144277	0.0556492669016661	0.06626486223980789	0.5765632183468029	0.07002986819729541	0.5765632183468029	4.0	3
DLBCL_LS4054	0.2444228822878694	0.04302723700630497	0.04190877591150366	0.576973732002662	0.09366737279165993	0.576973732002662	1.0	3
DLBCL10484	0.23391986751736998	0.06523958231844357	0.05273899340182649	0.5805296495623239	0.06757190720003603	0.5805296495623239	1.0	3
DLBCL10963	0.2129325573245753	0.05409226094702296	0.06916135754634845	0.5808255086451956	0.0829883155368578	0.5808255086451956	4.0	3
DLBCL11539	0.28643539667816326	0.028823097510447735	0.04613005449427785	0.5813704321082003	0.057241019208910865	0.5813704321082003	0.0	3
DLBCL_RICOVER_583	0.2229248352248669	0.055093146122170464	0.06230898921972521	0.582866311537584	0.07680671789565341	0.582866311537584	1.0	3
DLBCL_LS3204	0.2713586018604284	0.03529523595974089	0.04566526690279486	0.5834372915726276	0.06424360370440821	0.5834372915726276	1.0	3
DLBCL10550	0.2473174056689364	0.040866826522313514	0.04195981711542278	0.5837967385863257	0.08605921210700149	0.5837967385863257	4.0	3
DLBCL10888	0.1955642992589278	0.042747270729261044	0.06449274632153403	0.587343936494036	0.10985174719624115	0.587343936494036	4.0	3
DLBCL11537	0.2729591882610816	0.04795983646245181	0.038767772735689314	0.5883321839048875	0.051981018635889734	0.5883321839048875	0.0	3
DLBC_FF_A7CW_TP_NB	0.24629022537035072	0.03318337070098965	0.045773201528536464	0.5888160851846254	0.0859371172154978	0.5888160851846254	4.0	3
DLBCL_LS4593	0.24395153247215476	0.042819932929042015	0.06086178962802258	0.5912350107402199	0.061131734230560786	0.5912350107402199	2.0	3
DLBC_FF_8042_TP_NB	0.25015990272343086	0.03587036519112693	0.04127582742377257	0.5912939429361949	0.08139996172547478	0.5912939429361949	4.0	3
DLBCL_RICOVER_1299	0.1777123672900259	0.045183679667741956	0.08303009978912435	0.5931053755182507	0.1009684777348571	0.5931053755182507	4.0	3
DLBCL10851	0.26485142573715587	0.03804541174935648	0.03565528908977505	0.5935218107253871	0.06792606269832549	0.5935218107253871	1.0	3
DLBCL11441	0.2825065144228057	0.043274863883599524	0.02982092881955663	0.5935719053662797	0.05082578750775842	0.5935719053662797	2.0	3
DLBCL_RICOVER_1293	0.25304804476150317	0.03269966736110546	0.05013133531278588	0.5943172009231662	0.06980375164143923	0.5943172009231662	4.0	3
DLBCL11449	0.2106226629446332	0.03851189866082145	0.07751803084540601	0.5944214087151567	0.07892599883398264	0.5944214087151567	1.0	3
DLBCL11526	0.2091608685320183	0.032512636349090206	0.0632138840804137	0.5948253468651917	0.10028726417328608	0.5948253468651917	2.0	3
DLBCL_DFCI_DLBCL_GOE16	0.24021606826202818	0.04219740397685909	0.07224145452348232	0.595154606628914	0.05019046660871647	0.595154606628914	2.0	3
DLBCL10502	0.22931119383436419	0.03470427868698242	0.07533435204658821	0.595179290356824	0.06547088507524111	0.595179290356824	1.0	3
DLBCL10782	0.2602766404232951	0.041620730659558666	0.05024092064645469	0.596955362557567	0.050906345713124565	0.596955362557567	3.0	3
DLBCL10850	0.2015936834803654	0.05454310274266465	0.0946452343027327	0.5970013202095993	0.05221665926463788	0.5970013202095993	1.0	3
DLBCL_MC_F210_GWC	0.2261394522425447	0.0637581479173814	0.043223741760924195	0.5973416966449391	0.06953696143421056	0.5973416966449391	1.0	3
DLBCL11519	0.25261310719774566	0.04992226521722667	0.059904719100009336	0.5980597672357593	0.039500141249259074	0.5980597672357593	0.0	3
DLBCL11491	0.23285110390191952	0.03790086409989146	0.06649443441754793	0.5991432286980888	0.06361036888255225	0.5991432286980888	3.0	3
DLBCL11657	0.2560518880964265	0.06601125843797985	0.03212461125398962	0.5994216620316504	0.04639058017995365	0.5994216620316504	3.0	3
DLBCL11437	0.24726930676897757	0.034081360455917045	0.042596064464556514	0.5994271319748411	0.07662613633570774	0.5994271319748411	3.0	3
DLBCL_DFCI_DLBCL_GOE05	0.17890760975752693	0.05400827810838731	0.0712383045959783	0.600619960627294	0.09522584691081347	0.600619960627294	1.0	3
DLBCL11461	0.25690036860279486	0.04920703496592887	0.05598121965273242	0.6007944012562461	0.03711697552229778	0.6007944012562461	0.0	3
DLBCL10903	0.2291337672715696	0.04456856235212859	0.06018539598731356	0.6027818043303308	0.06333047005865747	0.6027818043303308	1.0	3
DLBCL11457	0.26807407435637703	0.0426310520646965	0.04641755271686078	0.6028259561056957	0.040051364756370014	0.6028259561056957	0.0	3
DLBCL10459	0.18796847946520678	0.06340710052827297	0.056523054992929034	0.6034133698644992	0.08868799514909206	0.6034133698644992	2.0	3
DLBCL_LS1395	0.1916474671646844	0.03342423450449388	0.1191569103869952	0.6046135495122114	0.05115783843161514	0.6046135495122114	2.0	3
DLBCL11486	0.24563102670710435	0.04696594215485374	0.06249389050527234	0.6056489060209195	0.03926023461185009	0.6056489060209195	0.0	3
DLBCL11242	0.11897308162746226	0.06737804782080195	0.09360916240716746	0.6064054044193267	0.11363430372524169	0.6064054044193267	4.0	3
DLBCL10990	0.2463320024857455	0.05038855014889479	0.04733559293003328	0.60740539221154	0.04853846222378644	0.60740539221154	4.0	3
DLBCL_RICOVER_1061	0.25380419612078575	0.05358917288061964	0.04069254191936779	0.6083527044333628	0.04356138464586411	0.6083527044333628	3.0	3
DLBCL_RICOVER_338	0.21633818763320598	0.04806339105244745	0.03808725237719333	0.6084216261065407	0.08908954283061254	0.6084216261065407	0.0	3
DLBCL11667	0.24266523470271587	0.030609742883966378	0.07698099607158848	0.6085211284502742	0.04122289789145515	0.6085211284502742	2.0	3
DLBCL11471	0.2591875282766874	0.03860321552076367	0.0465250819055368	0.609242957692085	0.04644121660492716	0.609242957692085	3.0	3
DLBCL_C_D_1131_NULLPAIR	0.2278385839247759	0.0488372198874885	0.07527810980232906	0.6095249622541213	0.03852112413128514	0.6095249622541213	1.0	3
DLBCL_RICOVER_221	0.1964933446675093	0.05882625563235108	0.07671925266713765	0.6097146378092382	0.05824650922376384	0.6097146378092382	4.0	3
DLBCL10867	0.18864062142665122	0.04738793966339527	0.07714074223585723	0.6105894743554504	0.07624122231864586	0.6105894743554504	4.0	3
DLBCL10461	0.14977633450161124	0.06869134619552737	0.06551828911479034	0.6112137471215576	0.10480028306651341	0.6112137471215576	1.0	3
DLBCL11498	0.20595366493246248	0.04606045960557135	0.056947626695792855	0.6127893264873572	0.07824892227881618	0.6127893264873572	1.0	3
DLBCL_LS297	0.22270357041276934	0.048389365552339386	0.06695135644831572	0.6138911942140581	0.04806451337251742	0.6138911942140581	2.0	3
DLBCL10849	0.23718123967691232	0.03785601692927029	0.05144943533456491	0.6144095427757917	0.05910376528346076	0.6144095427757917	1.0	3
DLBCL10989	0.16894336161291693	0.05608363045316982	0.06658102456048834	0.6144325058443453	0.09395947752907963	0.6144325058443453	1.0	3
DLBCL10917	0.20337832725401295	0.055630093124635675	0.057261762022020636	0.6149202733783015	0.06880954422102926	0.6149202733783015	1.0	3
DLBCL_RICOVER_1287	0.2248975163478288	0.050665679143125766	0.04116755651135249	0.6150465718231534	0.06822267617453946	0.6150465718231534	4.0	3
DLBCL10852	0.22447331236568788	0.04166005431720567	0.04556972331774198	0.6151319509158223	0.07316495908354229	0.6151319509158223	4.0	3
DLBCL_C_D_1136_NULLPAIR	0.22076739215641766	0.05781210752158435	0.04202950616020986	0.6155963110763453	0.06379468308544277	0.6155963110763453	1.0	3
DLBCL_C_D_1144_NULLPAIR	0.1998834658353289	0.04856568666456066	0.06386601593795346	0.6169096293457835	0.07077520221637348	0.6169096293457835	4.0	3
DLBCL10875	0.2019816742156795	0.034462631798779675	0.052510025321144516	0.6184013650784702	0.0926443035859261	0.6184013650784702	0.0	3
DLBCL_RICOVER_948	0.20946346286008877	0.04374550241042846	0.051406871096908974	0.6195320689221822	0.07585209471039163	0.6195320689221822	1.0	3
DLBCL10548	0.24376923922409705	0.052626506363103946	0.045161115711169854	0.6204866829220006	0.03795645577962856	0.6204866829220006	0.0	3
DLBCL_LS2590	0.20861674726365287	0.03235672029848414	0.05959843487897763	0.6209227703444175	0.0785053272144678	0.6209227703444175	3.0	3
DLBCL_C_D_1109_NULLPAIR	0.20728666336498242	0.037336827503511485	0.05497468959219768	0.621759660142105	0.07864215939720336	0.621759660142105	3.0	3
DLBCL11675	0.21290668053113468	0.033815436993424035	0.06150855874839135	0.6224093303261385	0.0693599934009113	0.6224093303261385	2.0	3
DLBCL_RICOVER_1032	0.22487171347598794	0.041528045650545145	0.058005286586028486	0.6228026535428073	0.05279230074463124	0.6228026535428073	4.0	3
DLBCL10955	0.22023435115210327	0.04978230684002639	0.058930113386798204	0.6232732584215122	0.04777997019955995	0.6232732584215122	3.0	3
DLBCL_LS2089	0.2143660257226353	0.04518652574364085	0.04680936426240555	0.6234468961343117	0.07019118813700659	0.6234468961343117	1.0	3
DLBCL10847	0.21680358079677778	0.04265272416698669	0.04464053619259755	0.6234774888313438	0.07242567001229416	0.6234774888313438	4.0	3
DLBCL10566	0.14876260727379775	0.056423761235329724	0.06430491729478494	0.6238082562706828	0.10670045792540477	0.6238082562706828	4.0	3
DLBCL10542	0.23321253086530022	0.03493119715108665	0.04275834297032609	0.6254493948973343	0.06364853411595281	0.6254493948973343	0.0	3
DLBCL_RICOVER_267	0.20798797130794366	0.028613407777007247	0.07867528096490499	0.6257027910118961	0.059020548938248076	0.6257027910118961	2.0	3
DLBCL_LS2154	0.159597190950046	0.041660354485535595	0.07178132573530253	0.6258075197924384	0.10115360903667747	0.6258075197924384	0.0	3
DLBCL_RICOVER_467	0.17355157371017021	0.07009229103091583	0.059294104579063645	0.6260467441928073	0.07101528648704301	0.6260467441928073	1.0	3
DLBCL_RICOVER_1018	0.20590431396449826	0.05740190404625567	0.05849607609319419	0.6263144226810228	0.051883283215029226	0.6263144226810228	3.0	3
DLBCL10997	0.23466705252628878	0.04997101316035105	0.038088032684674464	0.6264451363510408	0.050828765277644856	0.6264451363510408	0.0	3
DLBCL11661	0.20999436473253802	0.04349828380385126	0.052332315835269344	0.6271696702799533	0.06700536534838816	0.6271696702799533	1.0	3
DLBCL10899	0.15932430149482266	0.04848094904729008	0.06524835761414018	0.6275878856437677	0.09935850619997948	0.6275878856437677	4.0	3
DLBCL10898	0.14054563302296394	0.04086753637434597	0.070138269087648	0.6276867765423813	0.12076178497266091	0.6276867765423813	4.0	3
DLBCL10844	0.20279410226806663	0.04383018406868821	0.0682968421508966	0.627916204246394	0.05716266726595448	0.627916204246394	0.0	3
DLBCL_C_D_1135_NULLPAIR	0.2032881786808413	0.04652156314240468	0.06358944883524892	0.628404653836367	0.05819615550513813	0.628404653836367	1.0	3
DLBCL10535	0.20656668389494154	0.04111465449839385	0.05383557607539923	0.6286656981549552	0.06981738737631019	0.6286656981549552	4.0	3
DLBCL_MC_F089_HCZ	0.16803002114161053	0.03528320443385295	0.07841593351140487	0.6294051591242943	0.08886568178883744	0.6294051591242943	1.0	3
DLBCL_MC_F362_MJB1	0.16460723864187773	0.05866678820806487	0.08959407594558556	0.6310982137878204	0.05603368341665147	0.6310982137878204	2.0	3
DLBCL11525	0.21286203606286305	0.040665887872409906	0.06635560407221472	0.6328741388527594	0.04724233313975296	0.6328741388527594	2.0	3
DLBCL_C_D_1117_NULLPAIR	0.21874137779564723	0.03408626999047577	0.040485336172969275	0.6332874338397011	0.0733995822012066	0.6332874338397011	1.0	3
DLBCL11566	0.13242037779814844	0.048485478448910414	0.09529882084526221	0.6337531319953549	0.09004219091232406	0.6337531319953549	2.0	3
DLBCL10957	0.22786869836633125	0.03859618504227175	0.050257711695995626	0.6350358017220432	0.048241603173358134	0.6350358017220432	0.0	3
DLBCL10964	0.15182817274396357	0.05940394442705536	0.07432876401601135	0.63561345041849	0.07882566839447967	0.63561345041849	4.0	3
DLBCL_RICOVER_839	0.17184628936386087	0.04575540337569181	0.0637252197136185	0.6357418516709372	0.08293123587589159	0.6357418516709372	1.0	3
DLBCL_MC_F815_BAT	0.2379068728031174	0.03753642142623262	0.04685255722178453	0.6359767380854909	0.04172741046337451	0.6359767380854909	2.0	3
DLBCL11448	0.2051152193965289	0.05534107441125944	0.05648508734068002	0.6360080563402504	0.04705056251128132	0.6360080563402504	3.0	3
DLBC_FF_8046_TP_NB	0.1815276136813953	0.04477157387428504	0.062316643506709804	0.6365910950018342	0.07479307393577564	0.6365910950018342	2.0	3
DLBCL_RICOVER_1329	0.22358487831740803	0.03945031733048788	0.03684959750257601	0.6376116117910676	0.0625035950584604	0.6376116117910676	4.0	3
DLBCL_RICOVER_1060	0.15890584161652854	0.07710753893752095	0.060140494804096556	0.6378207664278321	0.06602535821402176	0.6378207664278321	1.0	3
DLBCL_LS2325	0.19604492632525303	0.04253927816303222	0.06774809933765982	0.6380713691848348	0.05559632698922014	0.6380713691848348	2.0	3
DLBCL10878	0.21200417149834924	0.035167069949629384	0.041141550359373134	0.6381555801216242	0.073531628071024	0.6381555801216242	4.0	3
DLBCL_RICOVER_408	0.22238267939445916	0.048211135374216264	0.05187200907701375	0.6385096557655788	0.03902452038873198	0.6385096557655788	2.0	3
DLBCL11518	0.1860389144213821	0.040197666883526106	0.07675715447938837	0.6391015247385753	0.05790473947712819	0.6391015247385753	2.0	3
DFCIDL010_DT	0.18625427869768085	0.030142355365742106	0.059405486494739625	0.6393884969498724	0.08480938249196497	0.6393884969498724	0.0	3
DLBCL11520	0.16376149941904586	0.04352548405326033	0.054007660252403444	0.6404504027589362	0.0982549535163542	0.6404504027589362	0.0	3
DLBCL10986	0.21244668233751227	0.040001735325793895	0.0491818134547774	0.6404611678446485	0.05790860103726799	0.6404611678446485	0.0	3
DLBCL_C_D_1149_NULLPAIR	0.19174554834027752	0.03445953330327515	0.0500621817444059	0.6434899093492493	0.0802428272627921	0.6434899093492493	1.0	3
DLBCL_RICOVER_451	0.19033724144463485	0.05038925434864427	0.07463762654043743	0.6436385275453875	0.04099735012089596	0.6436385275453875	0.0	3
DLBCL10966	0.17302640276681294	0.030577024922769567	0.0735673009748691	0.6439346571842903	0.07889461415125805	0.6439346571842903	0.0	3
DLBCL_RICOVER_1165	0.2014106781341981	0.03945804464625582	0.0516419228005057	0.6440968319185155	0.06339252250052484	0.6440968319185155	1.0	3
DLBCL10911	0.228639615484515	0.041801689042355435	0.045597333782032914	0.644177666154096	0.039783695537000556	0.644177666154096	1.0	3
DLBCL_LS4616	0.1895170901469175	0.048630409060030536	0.06635700946407141	0.6449232000574898	0.05057229127149077	0.6449232000574898	2.0	3
DLBCL_BWH_DLBCL64	0.21827521140343145	0.04119841347964938	0.05291819076998927	0.6451735377557122	0.0424346465912177	0.6451735377557122	1.0	3
DLBCL_LS951	0.21372733603494	0.04299841868857983	0.03740300972731988	0.6453379091675557	0.06053332638160455	0.6453379091675557	0.0	3
DLBCL10523	0.18944286036692146	0.05812255541689937	0.06641710470299639	0.6463327489927427	0.039684730520440054	0.6463327489927427	2.0	3
DLBCL_LS2367	0.15728354400408553	0.04153700087757697	0.08208828860212898	0.6472859564901746	0.07180521002603395	0.6472859564901746	0.0	3
DLBCL11669	0.1649981908756764	0.03229067415259356	0.09965981457942356	0.6477808493344209	0.05527047105788556	0.6477808493344209	2.0	3
DLBCL11430	0.13934330908686765	0.04892835648329817	0.07565720470537353	0.648550840169398	0.08752028955506266	0.648550840169398	0.0	3
DLBCL_RICOVER_978	0.19014879035380486	0.0543790012964577	0.06266718768060146	0.6487261425370711	0.04407887813206484	0.6487261425370711	2.0	3
DLBCL11558	0.19254971035749174	0.04774539747784274	0.06790327226441809	0.6498570233247847	0.0419445965754628	0.6498570233247847	2.0	3
DLBCL10462	0.22689531460057075	0.035277748726655254	0.04321208609565547	0.6499957378960921	0.04461911268102638	0.6499957378960921	0.0	3
DLBCL11458	0.21482031171300586	0.043166378839657966	0.043225372258584506	0.6500922253251967	0.04869571186355494	0.6500922253251967	2.0	3
DLBCL11656	0.16809086416506105	0.024783285300334044	0.0817967218303738	0.6504025443806308	0.07492658432360026	0.6504025443806308	2.0	3
DLBCL_C_D_1125_NULLPAIR	0.10491807267790923	0.03532431142054907	0.12867195047537688	0.6505645896813906	0.08052107574477425	0.6505645896813906	4.0	3
DLBCL10519	0.15655300753371357	0.044834014588243654	0.07421161231970484	0.6511008870250904	0.0733004785332475	0.6511008870250904	1.0	3
DLBCL_RICOVER_1045	0.19887613721085262	0.031141999891096225	0.05609823200713138	0.6515888557147667	0.06229477517615317	0.6515888557147667	3.0	3
DLBCL10845	0.20136843931041362	0.04525758501369195	0.05527234438027385	0.654906275761447	0.04319535553417354	0.654906275761447	1.0	3
DLBCL10541	0.1828182161924165	0.05057780430102651	0.06071233069378956	0.6549975341738055	0.05089411463896194	0.6549975341738055	1.0	3
DLBCL_RICOVER_829	0.21695617208964055	0.03716516966095433	0.02877624918401745	0.6551110028290381	0.061991406236349536	0.6551110028290381	0.0	3
DLBCL11469	0.21231893195683466	0.04262911963955328	0.04826030023332555	0.6554827510627574	0.04130889710752915	0.6554827510627574	2.0	3
DLBCL_MC_F729_MAN	0.09709219946911811	0.06764005266530118	0.09112613063952908	0.656428914775915	0.08771270245013661	0.656428914775915	1.0	3
DLBCL_RICOVER_335	0.13437771519496292	0.06816610516680323	0.08326363226642482	0.656537447257121	0.05765510011468806	0.656537447257121	1.0	3
DLBCL_RICOVER_617	0.18625861818944317	0.03040431319201236	0.053915110842844914	0.6572470999494152	0.07217485782628431	0.6572470999494152	3.0	3
DLBCL10471	0.21065834168830047	0.030864837011731008	0.05798242397707243	0.6573838258257352	0.043110571497160945	0.6573838258257352	4.0	3
DLBCL_RICOVER_1192	0.1326061082084587	0.040193221859902074	0.08662763162726278	0.6576643654200386	0.08290867288433781	0.6576643654200386	4.0	3
DLBCL10919	0.16944202309973763	0.038880009420312264	0.06095759140431314	0.6588143101973478	0.07190606587828921	0.6588143101973478	3.0	3
DLBCL11679	0.1623788267783196	0.0441639513632101	0.06955677576086683	0.6590879590571909	0.06481248704041258	0.6590879590571909	1.0	3
DLBCL10869	0.19033093524064598	0.02516619653853515	0.06658104802486878	0.659092179993239	0.05882964020271106	0.659092179993239	0.0	3
DLBCL10935	0.1997717915322796	0.036458631079821203	0.04690330037810118	0.6592085024956357	0.05765777451416229	0.6592085024956357	0.0	3
DLBCL10480	0.1987677587898445	0.044964709587493774	0.04647416646079168	0.6594679777757927	0.05032538738607734	0.6594679777757927	1.0	3
DLBCL10893	0.16084525396386143	0.03589942497817069	0.06739739512355682	0.659565769621153	0.0762921563132581	0.659565769621153	4.0	3
DLBCL11595	0.19309540853993998	0.049708468309657625	0.035738019170901573	0.659628834479632	0.06182926949986879	0.659628834479632	4.0	3
DLBCL_C_D_1141_NULLPAIR	0.17901912295170494	0.03804368623811102	0.0529863012609502	0.6603721344749288	0.069578755074305	0.6603721344749288	2.0	3
DLBCL_RICOVER_575	0.1774011228459242	0.038447913325609075	0.0418893405745862	0.6604136251839767	0.08184799806990384	0.6604136251839767	3.0	3
DLBCL_RICOVER_1150	0.1792489070832652	0.041329618082573814	0.05128864597964624	0.6612480176024407	0.06688481125207411	0.6612480176024407	0.0	3
DLBCL11528	0.134844020828149	0.0631201108239435	0.08220039578396557	0.6616000488446098	0.05823542371933218	0.6616000488446098	2.0	3
DLBCL_C_D_1119_NULLPAIR	0.14745240624523112	0.051620490101041513	0.057759917377359415	0.6623450689832757	0.0808221172930922	0.6623450689832757	1.0	3
DLBCL11527	0.17277126873981133	0.0317454558412076	0.08294727011304014	0.6624310980613571	0.050104907244583816	0.6624310980613571	3.0	3
DLBCL11470	0.2010149046964485	0.041017869878768945	0.04970332935697872	0.6627785972667414	0.04548529880106248	0.6627785972667414	0.0	3
DLBCL10916	0.19341001491666354	0.04478360431084736	0.03669464830068393	0.6635924111533906	0.061519321318414505	0.6635924111533906	4.0	3
DFCIDL004_DT	0.17434645238713167	0.041624211743807156	0.05491351620473112	0.6642308567053572	0.06488496295897286	0.6642308567053572	4.0	3
DLBCL_DFCI_DLBCL_GOE07	0.1804477640199452	0.03793719713138988	0.04277899659400611	0.6647842198971258	0.0740518223575331	0.6647842198971258	1.0	3
DLBCL_C_D_1166_NULLPAIR	0.1526739902306468	0.03668475160631582	0.05321912465022775	0.6651223080472304	0.09229982546557924	0.6651223080472304	4.0	3
DLBCL11433	0.13909205384910955	0.025250985158217425	0.07726571641700193	0.667200241396009	0.09119100317966215	0.667200241396009	3.0	3
DLBCL_C_D_1152_NULLPAIR	0.15616575389447582	0.0488439317972818	0.05668309833127131	0.667367893178175	0.07093932279879614	0.667367893178175	1.0	3
DLBCL10486	0.1537738099016864	0.03130900445224642	0.05112910731284967	0.668851042879812	0.09493703545340546	0.668851042879812	0.0	3
DLBCL10945	0.14928511604732397	0.04154973205291025	0.029558109057816587	0.6690653101186173	0.11054173272333194	0.6690653101186173	0.0	3
DLBCL_RICOVER_1081	0.17153584867579466	0.03316296673985552	0.054468576676826815	0.6702117955176526	0.07062081238987034	0.6702117955176526	4.0	3
DLBCL_RICOVER_449	0.18762206966493714	0.042765731847557775	0.04962804226007438	0.6704881645045293	0.04949599172290138	0.6704881645045293	4.0	3
DLBCL_MC_F218_RAP	0.18982533663911383	0.03866340657547738	0.05540685150385048	0.6707363760566476	0.04536802922491074	0.6707363760566476	3.0	3
DLBCL10975	0.18253110461925778	0.03877062889404177	0.032450147981127504	0.6713339052332814	0.07491421327229153	0.6713339052332814	0.0	3
DLBCL11516	0.14111717335819976	0.050850597571776346	0.0790187975636953	0.6718562601993611	0.05715717130696755	0.6718562601993611	1.0	3
DLBCL_RICOVER_850	0.17891252113197423	0.046468416192965545	0.050547848114293414	0.6724933558091029	0.051577858751664	0.6724933558091029	4.0	3
DLBCL11454	0.1919562349943398	0.04351595260175308	0.04682854236061853	0.6732891666160306	0.04441010342725793	0.6732891666160306	0.0	3
DLBCL10984	0.1878498501152802	0.03807537486523794	0.0531148973569457	0.6735617545263083	0.047398123136227835	0.6735617545263083	4.0	3
DLBCL_LS3749	0.19603052010514418	0.04264979378546233	0.045948237396075634	0.6735754311703954	0.04179601754292242	0.6735754311703954	1.0	3
DLBC_FF_A7CR_TP_NB	0.1879327697243524	0.03291956884915088	0.057666882914617426	0.6737416474358041	0.047739131076075185	0.6737416474358041	4.0	3
DLBCL_RICOVER_1190	0.1568480777737031	0.04363918431668928	0.05662806635168555	0.6745216726388916	0.0683629989190305	0.6745216726388916	4.0	3
DLBCL10910	0.18755170865914328	0.051675540636553635	0.042564840706924824	0.6745735763714503	0.04363433362592793	0.6745735763714503	2.0	3
DLBCL10501	0.1441643387799347	0.04525294932097342	0.07050701834275856	0.6746534390026759	0.06542225455365742	0.6746534390026759	2.0	3
DLBCL10918	0.17160527518308485	0.03831940102543527	0.05952419605475244	0.6752992178475632	0.055251909889164244	0.6752992178475632	0.0	3
DLBCL10843	0.1930763610712822	0.03505030041965391	0.03497638628304102	0.6757830914227447	0.061113860803278186	0.6757830914227447	0.0	3
DLBCL10503	0.1389662075334728	0.03713463948527109	0.07278084751691351	0.6760092861875885	0.07510901927675417	0.6760092861875885	1.0	3
DLBCL10864	0.14928921313434707	0.03932880782169268	0.039139712625228626	0.6763415730511814	0.09590069336755029	0.6763415730511814	4.0	3
DLBCL10890	0.1876468486469555	0.03352035901526366	0.043039609875167716	0.6774522071266975	0.0583409753359156	0.6774522071266975	4.0	3
DLBCL11676	0.17434260280660416	0.030296493616446707	0.05952115822894571	0.6775778773766835	0.05826186797131992	0.6775778773766835	0.0	3
DLBCL10879	0.1666032367365882	0.04761163214002712	0.05333324520337501	0.6779800833965641	0.05447180252344557	0.6779800833965641	2.0	3
DLBCL10970	0.18485501451122885	0.0518175798606158	0.027529637302327756	0.6805688574913257	0.05522891083450186	0.6805688574913257	3.0	3
DLBCL11434	0.16516515644645183	0.03430704395565654	0.055489624550448355	0.6805971917113202	0.06444098333612308	0.6805971917113202	0.0	3
DLBCL_MC_F262_WLC	0.14842944731198351	0.047406899103777676	0.04600723176532004	0.6813163209892992	0.07684010082961956	0.6813163209892992	0.0	3
DLBCL_LS3200	0.15020372066071155	0.03419242384601713	0.06283536314650949	0.6818622109761671	0.0709062813705948	0.6818622109761671	4.0	3
DLBCL10856	0.1419568195561542	0.03190351252079609	0.07912525467969013	0.682376593459958	0.06463781978340154	0.682376593459958	2.0	3
DLBCL10887	0.13006890732967494	0.038062182488708504	0.07296053633756541	0.68243705020037	0.07647132364368106	0.68243705020037	4.0	3
DLBCL10483	0.13353751960945814	0.042608861933734914	0.053616998107138096	0.683289731674673	0.08694688867499581	0.683289731674673	1.0	3
DLBCL11466	0.13841928691353605	0.029034427764205242	0.07701660388720058	0.6839230943534136	0.07160658708164458	0.6839230943534136	1.0	3
DLBCL_RICOVER_299	0.11603948201156593	0.055123461744546506	0.08933212772380486	0.6846041233964493	0.05490080512363348	0.6846041233964493	1.0	3
DLBCL_MC_F307_JPS	0.17829268923193242	0.033001176443381415	0.04666542043264405	0.6851102827074369	0.05693043118460521	0.6851102827074369	0.0	3
DLBCL10895	0.15333168502095024	0.03328576370307871	0.04709450967613064	0.6853955901050953	0.08089245149474508	0.6853955901050953	4.0	3
DLBCL_RICOVER_1283	0.15850550343671102	0.03412898527781733	0.04907321983959434	0.6855432108578151	0.07274908058806219	0.6855432108578151	2.0	3
DLBCL10973	0.1657963672562976	0.03306332209787953	0.06921585506781758	0.6862183268435206	0.04570612873448469	0.6862183268435206	3.0	3
DLBCL10874	0.10848710115133016	0.05332015027168439	0.08086146872737222	0.6864334823348631	0.07089779751475005	0.6864334823348631	1.0	3
DLBCL10992	0.15833904207902977	0.03652012413677414	0.06003578683514024	0.6867384861639567	0.05836656078509923	0.6867384861639567	4.0	3
DLBCL10956	0.1444702056507848	0.05370198852908957	0.04009503752667792	0.6869642139204732	0.07476855437297439	0.6869642139204732	1.0	3
DLBCL10865	0.1720804351964147	0.03371783569693013	0.04550998376417432	0.6870427158531206	0.06164902948936031	0.6870427158531206	4.0	3
DLBCL10880	0.18091088680005618	0.025457902602348804	0.05834607681423717	0.6880081450291247	0.04727698875423324	0.6880081450291247	4.0	3
DLBCL10555	0.15979640353308439	0.03113135614510412	0.0689192684346297	0.6881023581443464	0.05205061374283538	0.6881023581443464	2.0	3
DLBCL11504	0.15034072382372168	0.027008557798432222	0.04857453523677067	0.6882054444971668	0.08587073864390873	0.6882054444971668	4.0	3
DLBCL_C_D_1159_NULLPAIR	0.16447565542046402	0.028500953308280497	0.053398506738490635	0.6887414163718643	0.0648834681609006	0.6887414163718643	3.0	3
DLBCL_LS155	0.16908235564964397	0.03398502449974301	0.05430465519493781	0.6898677732992093	0.05276019135646588	0.6898677732992093	2.0	3
DLBCL10906	0.11757629771977109	0.05659644737514969	0.044289452742272875	0.6899599847006833	0.09157781746212304	0.6899599847006833	1.0	3
DLBCL_RICOVER_678	0.1691619683072682	0.04570137798639778	0.047680332610181064	0.6901376601342976	0.04731866096185538	0.6901376601342976	1.0	3
DLBCL_C_D_1128_NULLPAIR	0.1810233182427189	0.034172653860978335	0.058839260741961094	0.6913233742725052	0.034641392881836416	0.6913233742725052	0.0	3
DLBCL10921	0.1309917606221609	0.043359324908313644	0.07811219311294214	0.6914294622433549	0.05610725911322848	0.6914294622433549	4.0	3
DLBCL_LS146	0.16239487907685204	0.045450959148566346	0.057859048032383745	0.6922320464968281	0.04206306724536971	0.6922320464968281	1.0	3
DLBCL11652	0.1744546662204032	0.033179962035623886	0.05446342824758255	0.6935141197023411	0.044387823794049236	0.6935141197023411	0.0	3
DLBCL10454	0.17694934944898616	0.03964414537503566	0.03796627565919394	0.6936220785642759	0.05181815095250833	0.6936220785642759	4.0	3
DLBCL_RICOVER_288	0.16061240378882685	0.04742706094378822	0.04515335484148559	0.6937971669162343	0.053010013509665055	0.6937971669162343	1.0	3
DLBCL10959	0.13690487082215905	0.04158978571136961	0.09089955312144041	0.693829248475187	0.0367765418698438	0.693829248475187	0.0	3
DLBCL11004	0.15396945389969496	0.0363777923798332	0.06623353651485288	0.6943583766099728	0.049060840595646193	0.6943583766099728	4.0	3
DLBCL11481	0.15009699174037242	0.04811646006445364	0.04645274636308083	0.694590938342331	0.060742863489762065	0.694590938342331	0.0	3
DLBCL_C_D_1163_NULLPAIR	0.1667862984639757	0.03162206050078565	0.04473526330091676	0.6949689369304027	0.06188744080391916	0.6949689369304027	4.0	3
DLBC_FF_8062_TP_NB	0.1545986504853644	0.024502204738904926	0.0673722385162947	0.695596926354061	0.05792997990537504	0.695596926354061	3.0	3
DLBCL10967	0.11904695483376962	0.03854092714931261	0.0586678437347819	0.6964717946533467	0.08727247962878906	0.6964717946533467	4.0	3
DLBCL10950	0.18269938732743335	0.028701854370281752	0.06044989111829793	0.6965630124217712	0.0315858547622158	0.6965630124217712	0.0	3
DLBCL10913	0.1570591638435102	0.04869305526119624	0.06332080163701731	0.6970234937459208	0.03390348551235554	0.6970234937459208	0.0	3
DLBCL_C_D_1130_NULLPAIR	0.11835028821377527	0.04171237455980712	0.06114944307227559	0.6984875845384539	0.0803003096156881	0.6984875845384539	0.0	3
DLBCL_LS3499	0.11580675486440677	0.04855796000676659	0.0652440526319666	0.699458664888315	0.07093256760854502	0.699458664888315	3.0	3
DLBCL11195	0.16283220169557824	0.043492103907613454	0.05224780471155861	0.6998885029089718	0.041539386776278005	0.6998885029089718	4.0	3
DLBCL10927	0.17188993851549947	0.03674328308593026	0.038427409305747375	0.7005706666480856	0.052368702444737285	0.7005706666480856	3.0	3
DLBCL11511	0.15765202590658067	0.03771991114323066	0.049271163553255344	0.7016210017959646	0.05373589760096873	0.7016210017959646	0.0	3
DLBCL11477	0.16194216540682313	0.03289551163946857	0.06148505645410478	0.7016289283156796	0.042048338183924	0.7016289283156796	0.0	3
DLBCL10450	0.16307192712024754	0.03755825590302611	0.05462680770237007	0.7016872439463516	0.04305576532800468	0.7016872439463516	0.0	3
DLBCL10965	0.18387841854309767	0.03213225413562002	0.04064066362232742	0.7018050534054846	0.04154361029347025	0.7018050534054846	3.0	3
DLBCL_LS843	0.17900818025320334	0.02673711081104043	0.03815962265621104	0.7019167043560302	0.05417838192351511	0.7019167043560302	2.0	3
DLBCL_RICOVER_522	0.13871799695838632	0.029364977118249567	0.08210975400330119	0.7019243524012913	0.04788291951877166	0.7019243524012913	2.0	3
DLBCL10487	0.16305123810524172	0.037464028083978806	0.040011883035502946	0.702572950204653	0.0568999005706235	0.702572950204653	1.0	3
DLBCL11523	0.1632988419003203	0.031185550433330926	0.047091909467475206	0.702744086450021	0.0556796117488527	0.702744086450021	0.0	3
DLBCL11541	0.16735708755465198	0.03294567922310322	0.047723240679027897	0.7028082614356377	0.049165731107579214	0.7028082614356377	2.0	3
DLBCL_RICOVER_417	0.13416555774126587	0.046235129894436115	0.04859113207767229	0.7033514738842818	0.06765670640234393	0.7033514738842818	4.0	3
DLBCL11542	0.1568917854567411	0.03135141852487376	0.04803484184807929	0.7034351402955537	0.06028681387475221	0.7034351402955537	2.0	3
DLBCL_C_D_1139_NULLPAIR	0.1718292972794412	0.04041104450826085	0.04493846031657206	0.7035503126222487	0.03927088527347714	0.7035503126222487	3.0	3
DLBCL10896	0.1802181346472613	0.03808356037018155	0.03440549234588921	0.7036160734357342	0.04367673920093369	0.7036160734357342	0.0	3
DLBCL_RICOVER_440	0.1565881859246947	0.041391655496722635	0.05457352128882088	0.7039104328407946	0.043536204448967226	0.7039104328407946	2.0	3
DLBCL11346	0.15599617808371743	0.03814210847903955	0.03812838997615748	0.7039116775612722	0.06382164589981343	0.7039116775612722	1.0	3
DLBCL_LS1304	0.13795861746353	0.029834146146267174	0.07882963934285163	0.7039318490186854	0.049445748028665734	0.7039318490186854	2.0	3
DLBCL10509	0.16449572190589679	0.047940369276445946	0.038222720318649	0.704454649242237	0.04488653925677128	0.704454649242237	0.0	3
DLBCL10781	0.1313049789176697	0.029541877224348194	0.055279458795089484	0.7045234940332861	0.07935019102960655	0.7045234940332861	4.0	3
DLBCL10889	0.12302898464705367	0.03793063006690555	0.03644093084613857	0.7048751343951214	0.09772432004478086	0.7048751343951214	4.0	3
DLBCL10912	0.15778929394972843	0.054104002296590084	0.03661595993201648	0.7059236097654907	0.045567134056174255	0.7059236097654907	0.0	3
DLBCL_C_D_1126_NULLPAIR	0.15667052282478763	0.03943283147614559	0.036267397033418684	0.7072448465766843	0.06038440208896385	0.7072448465766843	1.0	3
DLBCL10914	0.15804642317853307	0.03428285466224954	0.037260155367517575	0.7086267352509258	0.06178383154077398	0.7086267352509258	0.0	3
DLBCL_RICOVER_577	0.11391439993400687	0.03801312447559559	0.0763310512117898	0.7093733041457474	0.062368120232860334	0.7093733041457474	2.0	3
DLBCL_RICOVER_274	0.15349286058130668	0.045723212217805544	0.029778191377984865	0.7098281178638242	0.06117761795907876	0.7098281178638242	3.0	3
DLBCL_LS3245	0.12220903511183004	0.055092225122903175	0.06339733700202159	0.7100230742725795	0.04927832849066569	0.7100230742725795	1.0	3
DLBCL_RICOVER_701	0.14812642366230078	0.0364944238143968	0.04864163011973776	0.7103093875282207	0.056428134875343955	0.7103093875282207	3.0	3
DLBCL_MC_F500_ECU	0.14966469490265621	0.038145360645086494	0.04893806366450639	0.7107794159695693	0.05247246481818156	0.7107794159695693	1.0	3
DLBCL10931	0.1590342879544948	0.03993769657203322	0.03277735029329261	0.7113207938050146	0.05692987137516477	0.7113207938050146	0.0	3
DLBCL_RICOVER_1289	0.159443507511425	0.03687062211594599	0.043658967123407014	0.7118617342418735	0.04816516900734841	0.7118617342418735	4.0	3
DLBCL10922	0.17418673069694438	0.03659404499024041	0.030921059214157085	0.7119285865275661	0.04636957857109213	0.7119285865275661	1.0	3
DLBCL_LS378	0.17464824094563605	0.03119250710644299	0.037379174087293236	0.7121597831952985	0.04462029466532923	0.7121597831952985	0.0	3
DLBCL_RICOVER_151	0.12272992110252805	0.04819053182774416	0.04833872617926224	0.7127542966237853	0.06798652426668025	0.7127542966237853	3.0	3
DLBCL11460	0.1379520573022953	0.036200366451142135	0.06577516545307274	0.7129931591184999	0.04707925167498983	0.7129931591184999	3.0	3
DLBCL_C_D_1151_NULLPAIR	0.12395808755126526	0.04078952627657957	0.06204007065168161	0.714476180378955	0.05873613514151851	0.714476180378955	3.0	3
DLBCL10995	0.15950409748217254	0.033539682682422654	0.03400842602736403	0.7146491565164702	0.058298637291570615	0.7146491565164702	2.0	3
DLBCL10494	0.14361270537475157	0.032581411688389114	0.053068719880093575	0.7148101260231029	0.05592703703366296	0.7148101260231029	1.0	3
DLBCL_RICOVER_1204	0.12372311412952947	0.03667500179546936	0.06858890541316384	0.714894640162052	0.0561183384997854	0.714894640162052	3.0	3
DLBCL10870	0.16408683040185051	0.03794632594778909	0.03907898026714782	0.7151972078953537	0.04369065548785882	0.7151972078953537	4.0	3
DLBCL_RICOVER_720	0.11551658041891107	0.03144155906786574	0.08277285906785795	0.7153132997513634	0.05495570169400185	0.7153132997513634	4.0	3
DLBCL11446	0.14000267126447713	0.030134618201163647	0.06725193281491511	0.7186059412872096	0.044004836432234594	0.7186059412872096	1.0	3
DLBCL_MC_F519_ALT	0.13872113143620618	0.03542634270257534	0.05253782485146847	0.7187537256476401	0.05456097536210997	0.7187537256476401	4.0	3
DLBCL10854	0.14212536547984922	0.031787110180550394	0.047663925046473196	0.7191611063071287	0.05926249298599853	0.7191611063071287	4.0	3
DLBCL10463	0.143893380626571	0.04253976424678075	0.03524587160380583	0.7192986080697973	0.0590223754530451	0.7192986080697973	4.0	3
DLBCL_RICOVER_1278	0.1472486070514752	0.03008928783583237	0.04658692548950913	0.7199764421979692	0.0560987374252141	0.7199764421979692	4.0	3
DLBCL11671	0.1516993659424289	0.028564340242727724	0.04479613686056154	0.7199791151716887	0.05496104178259317	0.7199791151716887	0.0	3
DLBCL11666	0.15429680514226704	0.03350717429285906	0.056890911530198186	0.7207117967010898	0.03459331233358597	0.7207117967010898	2.0	3
DLBCL10491	0.1420965060102923	0.03938519240175183	0.059169899521204196	0.7211753920491484	0.03817301001760328	0.7211753920491484	3.0	3
DLBCL10495	0.1293350509536818	0.038111319122787334	0.06455261160934739	0.7218504355584637	0.04615058275571974	0.7218504355584637	0.0	3
DLBCL_RICOVER_712	0.13730243566721523	0.03334493949736168	0.04492008677663026	0.7222703048604894	0.06216223319830349	0.7222703048604894	4.0	3
DLBCL10517	0.13484786588570605	0.04331060371624961	0.05424735604163743	0.7225636581694187	0.04503051618698827	0.7225636581694187	1.0	3
DLBCL_RICOVER_506	0.1491954597622239	0.03705945626906314	0.05297961533753807	0.7228712728949732	0.03789419573620163	0.7228712728949732	4.0	3
DLBCL_C_D_1148_NULLPAIR	0.17198769204706868	0.03164875101119243	0.03603790356293157	0.7231039133749535	0.037221740003853775	0.7231039133749535	0.0	3
DLBCL_C_D_PAIR13	0.09848022854834292	0.050687929560567106	0.07974651555543055	0.7233139563039467	0.047771370031712765	0.7233139563039467	4.0	3
DLBCL10536	0.14867561872525792	0.029932745486687395	0.04962031483306298	0.7233333229797145	0.04843799797527722	0.7233333229797145	2.0	3
DLBCL10456	0.14889050514852076	0.03774153615184206	0.06081120673001869	0.7235662532064897	0.028990498763128876	0.7235662532064897	3.0	3
DLBCL10522	0.13093786395104734	0.03354697495072691	0.07330064052796198	0.7238820568909109	0.038332463679352835	0.7238820568909109	2.0	3
DLBCL10883	0.11326467228808522	0.035020169441979485	0.06309277917000704	0.72424860468565	0.06437377441427819	0.72424860468565	4.0	3
DLBCL_RICOVER_977	0.1409250850453259	0.025473860338384127	0.06268204934614575	0.7243855345754665	0.04653347069467772	0.7243855345754665	0.0	3
DLBCL11565	0.1093063409858259	0.05042179607232876	0.04419182975748783	0.7251271351462746	0.07095289803808297	0.7251271351462746	1.0	3
DLBCL10452	0.1349184672838599	0.04099722577057541	0.05315209985177145	0.7261822757249006	0.04474993136889266	0.7261822757249006	1.0	3
DLBCL11535	0.13134409161179336	0.03476927948387885	0.05499867211569033	0.7270595978223164	0.05182835896632096	0.7270595978223164	3.0	3
DLBCL_RICOVER_910	0.1433016797452255	0.04446452015076099	0.03471994261242841	0.727670762483116	0.04984309500846902	0.727670762483116	0.0	3
DLBCL10885	0.12939546498039337	0.03376875981410414	0.04732751605442558	0.7281352821631416	0.061372976987935354	0.7281352821631416	1.0	3
DLBCL10971	0.11867089653472637	0.0335006956545401	0.04843819146666215	0.7285961843742792	0.07079403196979214	0.7285961843742792	0.0	3
DLBCL_LS1683	0.14450678407544115	0.03344861052333688	0.04540392003668142	0.7293916080715508	0.04724907729298976	0.7293916080715508	1.0	3
DLBCL_RICOVER_956	0.12975394873439466	0.03448279976618697	0.055398297521047905	0.7297917136256253	0.05057324035274514	0.7297917136256253	4.0	3
DLBCL10891	0.1508987588131886	0.03383081574462308	0.04258645567896229	0.7308814197267542	0.04180255003647185	0.7308814197267542	4.0	3
DLBCL_RICOVER_258	0.14121517078466797	0.03292232166176884	0.04765451606865085	0.7323888135350001	0.04581917794991227	0.7323888135350001	2.0	3
DLBCL10924	0.12710593389890873	0.03518183238385325	0.044558695803485045	0.7324511679978444	0.060702369915908626	0.7324511679978444	4.0	3
DLBCL10900	0.1346275010808003	0.03410476131592479	0.043287173156057714	0.732646765183621	0.055333799263596134	0.732646765183621	4.0	3
DLBCL11680	0.12821427559337523	0.03400331312579926	0.07523580707419969	0.7327504700863112	0.029796134120314535	0.7327504700863112	2.0	3
DLBCL_C_D_1157_NULLPAIR	0.14303092135007914	0.02492927429527948	0.0657688247286771	0.7330440829766158	0.03322689664934852	0.7330440829766158	2.0	3
DLBCL_RICOVER_1235	0.14604616968695888	0.033949736028624514	0.04961926022895541	0.7336620944732516	0.0367227395822096	0.7336620944732516	1.0	3
DLBCL_C_D_1123_NULLPAIR	0.13487150608396842	0.0346325018579838	0.04907688480721459	0.7345203295600938	0.04689877769073942	0.7345203295600938	0.0	3
DLBCL_RICOVER_216	0.13875634704307396	0.037648423090321105	0.04558768368483254	0.7349900142744227	0.04301753190734971	0.7349900142744227	2.0	3
DLBCL_C_D_1153_NULLPAIR	0.13317201932940048	0.03473818847176788	0.043770777983892104	0.7353223409087399	0.05299667330619956	0.7353223409087399	3.0	3
DLBCL_LS2328	0.11009617564228719	0.033727696611317956	0.08814871007584804	0.7358800016408463	0.032147416029700435	0.7358800016408463	2.0	3
DLBCL_C_D_1118_NULLPAIR	0.13609420868812921	0.030429104548490866	0.04807994118936194	0.7368343927340895	0.048562352839928546	0.7368343927340895	1.0	3
DLBCL10466	0.12783569085402144	0.03245690263649573	0.058160822833782364	0.7371128394039418	0.04443374427175868	0.7371128394039418	2.0	3
DLBCL11574	0.1489307325638539	0.03642888928222468	0.03255588006813369	0.7372074578471457	0.04487704023864208	0.7372074578471457	2.0	3
DLBCL_LS1757	0.10524946131340479	0.03906638022145971	0.0599922102199738	0.7373505036964314	0.05834144454873023	0.7373505036964314	0.0	3
DLBCL11459	0.14342294558450092	0.03490495689010674	0.047007724645928124	0.7373787604389268	0.03728561244053733	0.7373787604389268	3.0	3
DLBCL_MC_F132_MLM	0.11617844015890168	0.03105479198622713	0.05318381998739332	0.7394697365213733	0.06011321134610456	0.7394697365213733	0.0	3
DLBCL_LS3809	0.13521120364028755	0.032261642420763174	0.04826488513853177	0.7401686646925065	0.04409360410791097	0.7401686646925065	0.0	3
DLBCL_C_D_1133_NULLPAIR	0.14980681678029312	0.03186555905148415	0.04810696743370676	0.7404799013323794	0.029740755402136557	0.7404799013323794	2.0	3
DLBCL10934	0.14270488211166182	0.02927603211728187	0.04142014686168649	0.7406599364162613	0.04593900249310852	0.7406599364162613	1.0	3
DLBCL_LS3820	0.11821048591628062	0.03613558603131337	0.053287177098908	0.7407865658472124	0.05158018510628566	0.7407865658472124	2.0	3
DLBCL10527	0.09008921587851974	0.029117333212677655	0.08111046236595117	0.7410197254899428	0.0586632630529086	0.7410197254899428	3.0	3
DLBCL_MAYO_DLBCL_5613	0.12043261970687566	0.025177632134481147	0.0486259146070117	0.7413708103317588	0.06439302321987267	0.7413708103317588	0.0	3
DLBCL10457	0.11383070274901361	0.025674935783217664	0.05301306811697236	0.7423193432211062	0.06516195012969025	0.7423193432211062	4.0	3
DLBCL11591	0.14524470523949165	0.034235726684342584	0.042675535222829936	0.7431921778948054	0.034651854958530424	0.7431921778948054	1.0	3
DLBCL_RICOVER_314	0.09083577488915869	0.04799761295860185	0.06596815434155637	0.7432542616626989	0.05194419614798417	0.7432542616626989	4.0	3
DFCIDL009_DT	0.1296812074264893	0.030991641511702236	0.05421657940739236	0.7443540114197121	0.04075656023470392	0.7443540114197121	2.0	3
DLBCL_RICOVER_1263	0.12927415251855914	0.03092412315075316	0.03904494475755062	0.7445405203995832	0.05621625917355386	0.7445405203995832	2.0	3
DLBCL11488	0.14050954364187768	0.03254576028879342	0.042123787704523935	0.7450849212863823	0.039735987078422706	0.7450849212863823	0.0	3
DLBCL11002	0.13993242260158897	0.03533598139327203	0.03987689368920539	0.7456394178247235	0.03921528449121002	0.7456394178247235	3.0	3
DLBCL11204	0.15088389339637948	0.02701554048595069	0.03751310638731811	0.7458092716825304	0.03877818804782132	0.7458092716825304	1.0	3
DLBCL10853	0.1139732953662287	0.03628148547368647	0.04805421928996146	0.7476362680335175	0.05405473183660595	0.7476362680335175	4.0	3
DLBCL10901	0.08787325912486593	0.030936806176313534	0.059571903675050046	0.7478326490439111	0.07378538197985934	0.7478326490439111	4.0	3
DLBCL_LS1098	0.13712622915679232	0.034398631377817075	0.044768132667345806	0.7480362294683301	0.03567077732971461	0.7480362294683301	2.0	3
DLBCL11670	0.10629202147439912	0.03184020054370043	0.06836116533976615	0.748234485299252	0.04527212734288237	0.748234485299252	2.0	3
DLBCL11467	0.10110951345872436	0.03982994397247025	0.07355947333378463	0.748291717356294	0.03720935187872682	0.748291717356294	3.0	3
DLBCL10999	0.1383678570611978	0.026637677416617576	0.037379773425930594	0.7485031299541085	0.0491115621421455	0.7485031299541085	4.0	3
DLBCL10521	0.10987253480986388	0.04133343936630163	0.05142732647463743	0.7512640636561025	0.04610263569309448	0.7512640636561025	4.0	3
DLBCL10860	0.10146767584205742	0.02738837907183363	0.06256979034877248	0.7521723726252656	0.05640178211207089	0.7521723726252656	4.0	3
DLBCL11468	0.11801786204464716	0.03279211454430588	0.058822899161549154	0.7537604645674811	0.03660665968201664	0.7537604645674811	2.0	3
DLBCL_C_D_1112_NULLPAIR	0.1107895315481507	0.032220158805457415	0.04532565710562839	0.7538664834753961	0.057798169065367354	0.7538664834753961	2.0	3
DLBCL11673	0.08378786527063198	0.0391290978982361	0.06393373823772706	0.7541840264344133	0.05896527215899166	0.7541840264344133	1.0	3
DLBCL11677	0.0988629918551625	0.04009213841717096	0.06704745504048522	0.754226480134795	0.03977093455238642	0.754226480134795	0.0	3
DLBCL10894	0.10575373214418911	0.03190717553133331	0.07189935567157114	0.7544710734241984	0.03596866322870811	0.7544710734241984	1.0	3
DLBCL10846	0.09762473540442002	0.03497983677496341	0.06911584702646205	0.7546030103019868	0.04367657049216772	0.7546030103019868	1.0	3
DLBCL10987	0.08992044367903139	0.03554039660523889	0.05420792438558347	0.754856930262877	0.06547430506726927	0.754856930262877	4.0	3
DLBCL11443	0.11472772654316613	0.03277763423573076	0.0527771117765302	0.7551451686279764	0.044572358816596484	0.7551451686279764	0.0	3
DLBCL10876	0.10178540738563917	0.03282073910398938	0.06492845006281164	0.7554801291003502	0.04498527434720952	0.7554801291003502	4.0	3
DLBCL11538	0.12803653800592124	0.03163518757560053	0.03861568813469871	0.7558769418607125	0.045835644423066944	0.7558769418607125	4.0	3
DLBCL10465	0.09379848984238061	0.025087059361627712	0.07507086182320334	0.7559682795763718	0.05007530939641652	0.7559682795763718	2.0	3
DLBCL_RICOVER_780	0.11887738487773515	0.0359292884181125	0.051807033204944654	0.757503239339001	0.03588305416020672	0.757503239339001	1.0	3
DLBCL10868	0.1190881671987602	0.029898164530257537	0.05055925108414973	0.7575512387136534	0.04290317847317918	0.7575512387136534	3.0	3
DLBCL11507	0.10325116213389397	0.029325628097386383	0.06280713235247115	0.757677836629679	0.04693824078656945	0.757677836629679	1.0	3
DLBCL11651	0.11903709962422775	0.02884823217928009	0.05000514895689145	0.758602771428696	0.04350674781090469	0.758602771428696	2.0	3
DLBCL11462	0.10890095333249136	0.03312015384331406	0.051790610493585715	0.7586646395932211	0.04752364273738777	0.7586646395932211	0.0	3
DLBCL_MC_F064AB	0.09717187064760598	0.036828845427848624	0.06116086431236215	0.7587511430622192	0.04608727654996406	0.7587511430622192	2.0	3
DLBCL10961	0.12430354456688625	0.027768217603968748	0.04801280009838461	0.7587780585548939	0.04113737917586646	0.7587780585548939	4.0	3
DLBCL11000	0.12496750334272573	0.02947149600362475	0.044339770455727776	0.7593567837202206	0.041864446477701135	0.7593567837202206	4.0	3
DLBCL10464	0.12780452711139514	0.02887958847188043	0.05248154360793915	0.759377170145941	0.031457170662844314	0.759377170145941	2.0	3
DLBCL11429	0.1353933131357074	0.02878949977816353	0.03878171527962616	0.7599005430361714	0.03713492877033146	0.7599005430361714	0.0	3
DLBCL10925	0.12305400423552901	0.030423315397432735	0.03917069737551697	0.7600260157820408	0.047325967209480506	0.7600260157820408	4.0	3
DLBCL10472	0.09661892988717412	0.032319049512279235	0.06730011292902256	0.7604319069048558	0.04333000076666825	0.7604319069048558	2.0	3
DLBCL10834	0.09759247569008254	0.029927150908669323	0.0472313401877796	0.76064932750169	0.06459970571177846	0.76064932750169	1.0	3
DLBCL10534	0.11624655524254066	0.029885210039162124	0.04044682411236816	0.7614389872223111	0.05198242338361792	0.7614389872223111	4.0	3
DLBCL10518	0.11134728266535587	0.02700864144598782	0.04949755668658479	0.7627365148074173	0.049410004394654164	0.7627365148074173	2.0	3
DLBCL11187	0.11387079554748764	0.02703600343687064	0.04019716128697575	0.7634130338820541	0.055483005846611866	0.7634130338820541	4.0	3
DLBCL11533	0.10921106929596787	0.03578079067864325	0.03939546655290493	0.7649975125626638	0.050615160909820225	0.7649975125626638	1.0	3
DLBCL_RICOVER_1248	0.10356096935540272	0.032393768873451925	0.03859040435699775	0.765147311655602	0.06030754575854562	0.765147311655602	4.0	3
DLBCL11581	0.10505430702925941	0.03130337305042972	0.05465865870081925	0.7659027147317418	0.043080946487749856	0.7659027147317418	4.0	3
DLBCL_RICOVER_866	0.11718895182992313	0.029353377859266616	0.053677376841575274	0.7660213926374325	0.03375890083180241	0.7660213926374325	2.0	3
DLBCL10549	0.12182320779347384	0.027056511265768926	0.033629898929145315	0.7660998478136792	0.05139053419793267	0.7660998478136792	1.0	3
DLBCL_LS4619	0.06772891674347371	0.03242490624545697	0.06786652280600158	0.7678576806521429	0.06412197355292484	0.7678576806521429	4.0	3
DLBCL10858	0.11571876775702498	0.033181618331016204	0.03639016819536841	0.7680897724390147	0.046619673277575796	0.7680897724390147	3.0	3
DLBCL_RICOVER_173	0.10956535574236358	0.03041710095041828	0.04385230771128257	0.7700116859502436	0.046153549645692044	0.7700116859502436	4.0	3
DLBCL10836	0.1220342178329883	0.031056950134998602	0.03666013007289078	0.7700613599819877	0.04018734197713473	0.7700613599819877	4.0	3
DLBCL11564	0.11847312043606267	0.02436232699508454	0.047171715993238474	0.7701218953112562	0.03987094126435813	0.7701218953112562	3.0	3
DLBCL11590	0.09160707045498023	0.03519320575869957	0.051265762372153426	0.7722155483365564	0.04971841307761039	0.7722155483365564	2.0	3
DLBCL10902	0.08092424376544306	0.028938517857621963	0.0501054302329178	0.772597318157774	0.06743448998624312	0.772597318157774	4.0	3
DLBCL10515	0.1106912761501245	0.026256475751429323	0.05530815996050524	0.774690236813869	0.03305385132407204	0.774690236813869	0.0	3
DLBCL10497	0.11452586437808687	0.03474120262107446	0.02918452670849957	0.774797591891113	0.04675081440122615	0.774797591891113	3.0	3
DLBCL11003	0.10759494949614937	0.024017530654075397	0.05509180779428486	0.7755732888327642	0.037722423222726106	0.7755732888327642	1.0	3
DLBCL11576	0.10497408335586197	0.03220220449110595	0.040411521865410055	0.7766842350409919	0.045727955246630085	0.7766842350409919	3.0	3
DLBCL11685	0.09936577079844115	0.024985322967365838	0.04816489394018213	0.7772276342770904	0.0502563780169205	0.7772276342770904	2.0	3
DLBCL10907	0.12232879806113782	0.0287645784664447	0.04528159821840419	0.7784834513424981	0.02514157391151517	0.7784834513424981	1.0	3
DLBCL11440	0.10151745948649957	0.03364084023376525	0.049246380213937915	0.7792723681999668	0.03632295186583037	0.7792723681999668	4.0	3
DLBCL10936	0.10748515851859676	0.021825446508509847	0.04445639473252698	0.7800733440808892	0.046159656159477196	0.7800733440808892	2.0	3
DLBCL_RICOVER_744	0.08016490051326305	0.029080485190348858	0.05216319554667946	0.7802567914294223	0.05833462732028643	0.7802567914294223	2.0	3
DLBCL11428	0.10427107837890788	0.03130168155633417	0.05380714832515511	0.7804667924443585	0.030153299295244393	0.7804667924443585	2.0	3
DLBCL11658	0.11758816328795856	0.0308385224871813	0.03486552949295938	0.7806414343481046	0.03606635038379612	0.7806414343481046	3.0	3
DLBCL11455	0.09817379534391442	0.02571238688280339	0.06390604998354113	0.7815055947172102	0.03070217307253086	0.7815055947172102	2.0	3
DLBCL10498	0.09312455664093962	0.022140917774387935	0.06955816755685733	0.7823595779087575	0.03281678011905753	0.7823595779087575	2.0	3
DLBCL10553	0.10472667404905975	0.0288075840152232	0.044890997640635734	0.7843114225020427	0.037263321793038685	0.7843114225020427	3.0	3
DLBCL10871	0.10454166064243868	0.025498062448897928	0.0473130534031804	0.7844894619846435	0.03815776152083949	0.7844894619846435	1.0	3
DLBCL10863	0.10074412649607088	0.028035100040700076	0.05137523107067792	0.7851286272200187	0.03471691517253237	0.7851286272200187	3.0	3
DLBCL10904	0.09366637886639552	0.03139680805144071	0.03850536309461129	0.7855970714211522	0.05083437856640026	0.7855970714211522	4.0	3
DLBCL_MC_F606_DMJ	0.09348584705550418	0.024181809959073583	0.053726303262871596	0.785640114299811	0.04296592542273964	0.785640114299811	2.0	3
DLBCL11681	0.0939376681295416	0.026700907403998313	0.05584959229256062	0.7857855227365236	0.03772630943737582	0.7857855227365236	0.0	3
DLBCL10467	0.09479239360684413	0.024311354471252503	0.05933249016162007	0.7864173609502099	0.03514640081007338	0.7864173609502099	4.0	3
DLBCL10512	0.06940112719444216	0.027429924497704032	0.06809822789997014	0.7867645153965995	0.04830620501128415	0.7867645153965995	2.0	3
DLBCL_LS2599	0.08737815418509806	0.03490329750440493	0.04803412213048086	0.7869766602202868	0.04270776595972932	0.7869766602202868	2.0	3
DLBCL10547	0.08914871767121509	0.04012673101216013	0.041225062817355	0.787840165999784	0.04165932249948582	0.787840165999784	3.0	3
DLBCL11569	0.104671535074696	0.02724672973435283	0.04469908295258479	0.7880158122532421	0.03536683998512424	0.7880158122532421	2.0	3
DLBCL11450	0.10275579317636636	0.03096815361817747	0.028837496239531756	0.7890933226339363	0.04834523433198816	0.7890933226339363	4.0	3
DLBCL_LS2357	0.10633746081322949	0.024013837711453188	0.04769138088880449	0.7892971527565862	0.032660167829926624	0.7892971527565862	3.0	3
DLBCL11447	0.11468491684495624	0.030608990459969027	0.030671256364260994	0.7931062419167352	0.03092859441407856	0.7931062419167352	3.0	3
DLBCL11479	0.0995763628627019	0.036548533506647767	0.031199323076468964	0.7931228775106592	0.03955290304352213	0.7931228775106592	1.0	3
DLBCL10780	0.09776655385943664	0.029268946924739046	0.04359128453164587	0.7954351699745162	0.033938044709662184	0.7954351699745162	1.0	3
DLBCL11435	0.10708246680199039	0.02509939222433758	0.03718086985037505	0.7957283611840059	0.03490890993929113	0.7957283611840059	0.0	3
DLBCL11439	0.11492005863366107	0.02813993929662932	0.03268350846637712	0.7958344802728675	0.028422013330464957	0.7958344802728675	2.0	3
DLBCL11683	0.09290242976148654	0.026479131507121254	0.04589205158047957	0.7960663886857403	0.038659998465172374	0.7960663886857403	2.0	3
DLBCL_RICOVER_1106	0.08323357190428407	0.027931370337494994	0.06013617142067716	0.7972696675921827	0.03142921874536117	0.7972696675921827	4.0	3
DLBCL11191	0.08823807229334056	0.02984206245010323	0.059290919219749195	0.7993577998693746	0.023271146167432453	0.7993577998693746	0.0	3
DLBCL_RICOVER_533	0.11137165147316463	0.025668721303835112	0.032256655750128524	0.7995610201742498	0.031141951298621993	0.7995610201742498	1.0	3
DLBCL11678	0.10045329556251986	0.02619163817418904	0.03413432000280504	0.8012921339127979	0.03792861234768816	0.8012921339127979	3.0	3
DLBCL_RICOVER_496	0.0864905121247638	0.030343726167051457	0.04167006700918776	0.8013805293886751	0.04011516531032186	0.8013805293886751	1.0	3
DLBCL10978	0.08959597307546462	0.023950825081363276	0.041892802160458355	0.8028766867368339	0.04168371294587987	0.8028766867368339	3.0	3
DLBCL_LS762	0.08318448988022369	0.02526198923940414	0.0412993407433101	0.8063162896728305	0.043937890464231584	0.8063162896728305	2.0	3
DLBCL11534	0.08559289601312314	0.024569933247456925	0.03560288551407637	0.8125410218352276	0.04169326339011598	0.8125410218352276	2.0	3
DLBCL_MC_F139_LJF	0.0842013772003197	0.02397698521027276	0.049622187677799176	0.8166663484267807	0.02553310148482776	0.8166663484267807	3.0	3
DLBCL11432	0.08072587442396026	0.022420306253393803	0.04119680138480676	0.8184187595867252	0.03723825835111408	0.8184187595867252	0.0	3
DLBCL_RICOVER_773	0.07365271476916027	0.02062956466081815	0.05259448224847034	0.8184502052903829	0.03467303303116833	0.8184502052903829	4.0	3
DLBCL10469	0.08186243181345357	0.022452207933697996	0.045175723824089624	0.8193937396109143	0.031115896817844487	0.8193937396109143	3.0	3
DLBCL_C_D_1138_NULLPAIR	0.06694785276300148	0.025849928491996937	0.05420224808051849	0.8194954247006052	0.033504545963877905	0.8194954247006052	1.0	3
DLBCL10939	0.08600831512771666	0.02286765737713474	0.03837860102379993	0.8196360697000105	0.03310935677133817	0.8196360697000105	3.0	3
DLBCL_MC_F349_BJJ	0.08069852762395067	0.027687060835297206	0.04402575600887602	0.8199857893184354	0.027602866213440703	0.8199857893184354	2.0	3
DLBCL11196	0.08365004378535852	0.021524875386284274	0.03685567721169568	0.8204392698837252	0.037530133732936365	0.8204392698837252	3.0	3
DLBCL_LS1921	0.08980842270457598	0.026553797075164837	0.038000282795893785	0.8209180046208888	0.024719492803476573	0.8209180046208888	1.0	3
DLBCL_RICOVER_985	0.08174435872553579	0.02422691794784614	0.041362105325966195	0.8234645761820795	0.02920204181857248	0.8234645761820795	3.0	3
DLBCL11203	0.07797480942044548	0.02741059604232454	0.039058309007715085	0.8235064722984919	0.03204981323102293	0.8235064722984919	1.0	3
DLBCL11436	0.08409916147444466	0.021353330412118555	0.04289850141590148	0.8243137784721292	0.02733522822540614	0.8243137784721292	1.0	3
DLBCL10915	0.05160136877198167	0.033075150574230355	0.05041615033776681	0.8256170460603154	0.03929028425570575	0.8256170460603154	4.0	3
DLBCL10932	0.09335785468383677	0.02187260915637132	0.032123305029516595	0.8263526590334535	0.026293572096821895	0.8263526590334535	3.0	3
DLBCL10848	0.06768388593264121	0.023251226022605077	0.034437792135971514	0.8287785233500318	0.045848572558750404	0.8287785233500318	4.0	3
DLBCL11501	0.07109275610253522	0.02759384722764697	0.03788073360591095	0.8315232631433529	0.03190939992055397	0.8315232631433529	0.0	3
DLBCL11495	0.0691241463480606	0.026937687930953257	0.03785337622034496	0.8318696710749867	0.034215118425654535	0.8318696710749867	4.0	3
DLBCL10866	0.07962636939449082	0.01703657124124342	0.037550232146322984	0.8331836861259295	0.03260314109201327	0.8331836861259295	4.0	3
DLBCL_RICOVER_950	0.06849028591143144	0.026662120800605038	0.04334629619752056	0.8336207987757042	0.027880498314738825	0.8336207987757042	3.0	3
DLBCL_C_D_1114_NULLPAIR	0.0801635853836685	0.025379796786943663	0.03433648365513526	0.8339019468382767	0.026218187335975834	0.8339019468382767	0.0	3
DLBCL_RICOVER_361	0.07701003220970132	0.02221458946027879	0.03411397022505932	0.8356244532712159	0.031036954833744648	0.8356244532712159	3.0	3
DLBCL10835	0.07199437935619658	0.02256363541145901	0.036623080254396076	0.8373129912188152	0.03150591375913313	0.8373129912188152	4.0	3
DLBCL11536	0.08310703267990602	0.0179693317564168	0.027474656981614564	0.8396921302528115	0.03175684832925106	0.8396921302528115	3.0	3
DLBCL10490	0.07962314608877223	0.021282134678118937	0.030350817102124984	0.8401444286511784	0.028599473479805446	0.8401444286511784	0.0	3
DLBCL11663	0.06764038086889608	0.025605699448876765	0.04016281301993282	0.8402295538780252	0.026361552784269104	0.8402295538780252	0.0	3
DLBCL11655	0.07700616956173029	0.019444619913655044	0.03276543201104665	0.8422193243421894	0.02856445417137869	0.8422193243421894	3.0	3
DLBCL_MAYO_DLBCL_234	0.07584844670444081	0.02161196104657738	0.03330442052482189	0.847757043356719	0.021478128367440917	0.847757043356719	2.0	3
DLBCL_RICOVER_711	0.05870236849468567	0.019420564167839677	0.03658092511232926	0.8496803333636801	0.035615808861465294	0.8496803333636801	3.0	3
DLBCL10513	0.061459723132072215	0.019091621600657215	0.04136546361707768	0.8542163407116411	0.023866850938551808	0.8542163407116411	3.0	3
DLBCL11472	0.0650116473487375	0.01988006602833946	0.039238635429595395	0.8547361321727218	0.021133519020605805	0.8547361321727218	0.0	3
DLBCL_MC_F496DMP	0.06252114591025479	0.0206301518032038	0.0369745541290185	0.8549247781344332	0.024949370023089674	0.8549247781344332	1.0	3
DLBCL_C_D_1140_NULLPAIR	0.05805059837808785	0.020407165138771204	0.03163175153115698	0.8627330843323786	0.027177400619605364	0.8627330843323786	4.0	3
DLBCL11483	0.05622443830859148	0.017962063976009673	0.033985943803008664	0.8680970760904416	0.02373047782194855	0.8680970760904416	1.0	3
DLBCL_C_D_1103_NULLPAIR	0.05356298127239127	0.018803086583197518	0.03555632883936969	0.868771613932063	0.023305989372978477	0.868771613932063	3.0	3
DLBCL10988	0.05671921369060087	0.017178029557192605	0.028893354281754328	0.875522818402186	0.021686584068266096	0.875522818402186	1.0	3
DLBCL11464	0.05033555516883769	0.017383833353521793	0.03256425667569895	0.8809849722464452	0.018731382555496334	0.8809849722464452	3.0	3
DLBCL11353	0.049174024551959794	0.01573487711355548	0.030112278446870304	0.8861545310451682	0.018824288842446246	0.8861545310451682	4.0	3
DLBCL10993	0.04548206014878606	0.01353570181710018	0.029407053992843345	0.8913391023794677	0.020236081661802702	0.8913391023794677	0.0	3
