	C1	C2	C3	C4	C5	Confidence	True Cluster	Predicted Cluster
DLBCL10889	0.23213438293639188	0.056523493272849404	0.05382535784729791	0.5873947649484552	0.07012200099500565	0.5873947649484552	4.0	3
DLBCL_RICOVER_440	0.2378143936862143	0.03871082048059295	0.049603153949597696	0.593404586237249	0.08046704564634606	0.593404586237249	2.0	3
DLBCL10936	0.23214440806663256	0.04271447758873274	0.06476003439732285	0.604500806176558	0.055880273770753865	0.604500806176558	2.0	3
DLBCL10460	0.22019703360361065	0.05090982585969982	0.052304479984580064	0.606059158745898	0.07052950180621143	0.606059158745898	1.0	3
DLBCL11196	0.23376279200224281	0.04192396150932635	0.05203071037278296	0.6088135200379925	0.06346901607765543	0.6088135200379925	3.0	3
DLBCL_LS378	0.21460244791464014	0.04550205335042028	0.055410367923309556	0.610558516934679	0.07392661387695107	0.610558516934679	0.0	3
DLBCL10851	0.2317224544666863	0.038374118760649244	0.055579673708866524	0.6126247635250982	0.06169898953869972	0.6126247635250982	1.0	3
DLBCL10908	0.22178286921593499	0.040947980247535855	0.05115022056830741	0.6146414449174327	0.07147748505078905	0.6146414449174327	4.0	3
DLBCL11500	0.22556596130538523	0.04560265249129595	0.05560007922289517	0.6180192198962335	0.05521208708419021	0.6180192198962335	4.0	3
DLBCL11519	0.1999000317765544	0.04539674306453196	0.06155342739351	0.6223326826935957	0.07081711507180793	0.6223326826935957	0.0	3
DLBCL_RICOVER_1106	0.22677800414720511	0.04091572996731859	0.05140825052610796	0.6244751857980761	0.05642282956129225	0.6244751857980761	4.0	3
DLBCL_MC_F815_BAT	0.2352239608928643	0.03793693193872465	0.03994946218561505	0.6253338635227617	0.06155578146003433	0.6253338635227617	2.0	3
DLBCL10995	0.19684983155738525	0.05011652429376744	0.05385448276483343	0.6264355227905356	0.07274363859347824	0.6264355227905356	2.0	3
DLBCL11507	0.21200776576783598	0.047267216576008304	0.06393518427032346	0.6276021279291661	0.04918770545666609	0.6276021279291661	1.0	3
DLBCL_LS2325	0.21395803103421124	0.03820292277598622	0.05439572767920331	0.6284225892820423	0.06502072922855688	0.6284225892820423	2.0	3
DLBCL_RICOVER_866	0.21030052695295767	0.04634479077330603	0.04810355394212571	0.6294246892490075	0.06582643908260306	0.6294246892490075	2.0	3
DLBCL10874	0.19871335697331355	0.032976826997479364	0.052860636819907575	0.6296900865170466	0.0857590926922529	0.6296900865170466	1.0	3
DLBCL10450	0.21589448761183505	0.039032871824500874	0.06537523196192965	0.6313119373743177	0.048385471227416786	0.6313119373743177	0.0	3
DLBCL11435	0.2177284307654412	0.03497738828013924	0.0478036282995539	0.6319129378564734	0.06757761479839224	0.6319129378564734	0.0	3
DLBCL11671	0.19587806633396934	0.03645932214512958	0.06305275716484696	0.6324906554372439	0.07211919891881022	0.6324906554372439	0.0	3
DLBCL_LS2089	0.214875119471374	0.036375307185721836	0.05224115065813513	0.632613729496411	0.063894693188358	0.632613729496411	1.0	3
DLBCL10534	0.19547578054777567	0.053817297002471405	0.056430533223589534	0.6328169341430518	0.0614594550831115	0.6328169341430518	4.0	3
DLBCL11457	0.1965037573851145	0.044485020537695784	0.0621484261330096	0.6328658768221326	0.0639969191220475	0.6328658768221326	0.0	3
DLBCL_RICOVER_977	0.20395541471068512	0.041095496521792355	0.06627536719635232	0.6341778628516846	0.05449585871948561	0.6341778628516846	0.0	3
DLBCL11479	0.19181401586889726	0.04327050189555288	0.053977308254927185	0.636909483862727	0.07402869011789565	0.636909483862727	1.0	3
DLBCL10981	0.21299996452535128	0.037577892694291605	0.050953832337062833	0.6376688940179657	0.06079941642532866	0.6376688940179657	1.0	3
DLBCL10984	0.21420709605718788	0.0380236569715576	0.04498944273417164	0.6380498146826177	0.06472998955446516	0.6380498146826177	4.0	3
DLBCL_C_D_1139_NULLPAIR	0.20780618841111256	0.04428548442161976	0.05420857131507817	0.6381874289305489	0.05551232692164066	0.6381874289305489	3.0	3
DLBCL_RICOVER_1263	0.20819027548533453	0.043843144742283895	0.04735071976361148	0.6382546378826385	0.06236122212613161	0.6382546378826385	2.0	3
DLBCL11515	0.20925368589073579	0.038283084366474186	0.055812865037671223	0.6390011533926053	0.05764921131251343	0.6390011533926053	2.0	3
DLBCL11566	0.191963500380784	0.04156751471056475	0.06026302224241879	0.6390332886539436	0.0671726740122888	0.6390332886539436	2.0	3
DLBCL11450	0.207093369298474	0.04040077638440961	0.05023118767596028	0.6395757464114155	0.06269892022974066	0.6395757464114155	4.0	3
DLBCL11538	0.21133080331642967	0.04082014853572724	0.04679420478308484	0.639719348415782	0.06133549494897624	0.639719348415782	4.0	3
DLBCL_LS155	0.19661885321466205	0.03856699048028434	0.0494296665594079	0.6399656235861011	0.07541886615954463	0.6399656235861011	2.0	3
DLBCL10542	0.20893747817160063	0.03888760226139865	0.05175570174897769	0.6401364557164084	0.060282762101614686	0.6401364557164084	0.0	3
DLBCL10466	0.20527044163216704	0.03906149775969228	0.05399269845594768	0.6403875365953139	0.06128782555687919	0.6403875365953139	2.0	3
DLBCL10906	0.18818335655330243	0.05080218914117538	0.054199736144363596	0.6405608227222083	0.06625389543895038	0.6405608227222083	1.0	3
DLBCL10899	0.2165736884782287	0.04599281309962128	0.04633079952670424	0.641733018664165	0.049369680231280876	0.641733018664165	4.0	3
DLBCL10544	0.21196018068177017	0.03972220143166116	0.04241057942540231	0.6422534812264523	0.06365355723471405	0.6422534812264523	3.0	3
DLBCL11470	0.2077137511054237	0.03625746702686802	0.05723926596260264	0.6422860761333737	0.05650343977173187	0.6422860761333737	0.0	3
DLBCL_RICOVER_151	0.2012991377717632	0.044680941758869636	0.0551419903213318	0.6426513219131834	0.0562266082348519	0.6426513219131834	3.0	3
DLBCL10997	0.19761435078848183	0.04452336760763077	0.047686891947379066	0.6428003471837227	0.06737504247278557	0.6428003471837227	0.0	3
DLBCL_RICOVER_1278	0.17797633852335545	0.04205669358650071	0.06696630445712463	0.6433578426013906	0.06964282083162854	0.6433578426013906	4.0	3
DLBCL_LS146	0.22283611012409354	0.03440420664149745	0.05406283368867179	0.6439183610307211	0.044778488515016236	0.6439183610307211	1.0	3
DLBCL_LS2590	0.19966239710808234	0.04824750303248161	0.046428216524746484	0.6440554018181466	0.06160648151654303	0.6440554018181466	3.0	3
DLBCL10862	0.2073961229446556	0.038555782048826884	0.05306954605463115	0.6443953898340158	0.05658315911787063	0.6443953898340158	4.0	3
DLBCL10865	0.1966204495333477	0.03866256863935717	0.05758258597070641	0.644457089389721	0.06267730646686763	0.644457089389721	4.0	3
DLBC_FF_A7CW_TP_NB	0.19907010874199862	0.04191682511506015	0.05343801964051758	0.6446992356285224	0.060875810873901336	0.6446992356285224	4.0	3
DLBCL_C_D_1105_NULLPAIR	0.19172335062146817	0.04173091268462289	0.05890585512661156	0.6448959559998881	0.06274392556740925	0.6448959559998881	1.0	3
DLBCL_RICOVER_1287	0.21053063499113991	0.037953510076619436	0.0547203175976769	0.6451185187688127	0.05167701856575103	0.6451185187688127	4.0	3
DLBCL10964	0.1996700096454544	0.042172437450290985	0.06808109823534031	0.6451302423210459	0.0449462123478685	0.6451302423210459	4.0	3
DLBCL11455	0.17156274065874993	0.041833849220311296	0.06399710620473346	0.645519445377983	0.07708685853822225	0.645519445377983	2.0	3
DLBCL11468	0.20563856446554385	0.03791663496617722	0.05518296898840063	0.6457119520371248	0.05554987954275335	0.6457119520371248	2.0	3
DLBCL_C_D_1125_NULLPAIR	0.20527356119859533	0.0386491094851031	0.05485808040872723	0.6458204886859217	0.05539876022165262	0.6458204886859217	4.0	3
DLBCL10924	0.1790307030785235	0.04624442523923888	0.06673871963470854	0.6459048557684496	0.06208129627907948	0.6459048557684496	4.0	3
DLBCL11460	0.19879542007009496	0.037461612057822	0.054859980019886	0.645927996852671	0.0629549909995262	0.645927996852671	3.0	3
DLBCL10932	0.2054457296733653	0.042478055945663916	0.04868890635879825	0.6464613717625682	0.05692593625960425	0.6464613717625682	3.0	3
DLBCL_RICOVER_1045	0.20397085725530095	0.03933715980867972	0.04885105437082375	0.646478571529224	0.06136235703597151	0.646478571529224	3.0	3
DLBCL11483	0.17495828706513739	0.04705854867323954	0.07214275152424743	0.6472944808408791	0.05854593189649652	0.6472944808408791	1.0	3
DLBCL_DFCI_DLBCL_GOE16	0.19361634370764827	0.04156864540045069	0.05794049196266862	0.6474928474900271	0.059381671439205266	0.6474928474900271	2.0	3
DLBCL10962	0.17868119021875928	0.04622211791580919	0.0534948919011201	0.6476978414818916	0.07390395848241986	0.6476978414818916	1.0	3
DLBCL10927	0.1860312031911471	0.039715211921300904	0.05392515860515069	0.6477196900175684	0.07260873626483295	0.6477196900175684	3.0	3
DLBCL10970	0.20119155460497973	0.04156134720999818	0.04460085899380872	0.6480260021129778	0.06462023707823566	0.6480260021129778	3.0	3
DLBCL11477	0.2014404996278079	0.046870702072943936	0.05683536408353514	0.6486945596204448	0.046158874595268254	0.6486945596204448	0.0	3
DLBCL10552	0.16679537585223278	0.049697047817586715	0.06535297027673735	0.6490621406205013	0.0690924654329419	0.6490621406205013	3.0	3
DLBCL_MC_F739_AMA3	0.19522277269918542	0.05183362667170728	0.04591701541047785	0.6492078552362243	0.05781872998240522	0.6492078552362243	1.0	3
DLBCL10857	0.20054149418283468	0.03862782982096466	0.0502739267796661	0.6495453756413764	0.06101137357515817	0.6495453756413764	4.0	3
DLBCL_C_D_1135_NULLPAIR	0.2056250555392382	0.04142988973586651	0.04560421248705342	0.6496248776370707	0.05771596460077112	0.6496248776370707	1.0	3
DLBCL10471	0.2117777115403216	0.03871859994712098	0.04927609420810472	0.6496277143375749	0.0505998799668777	0.6496277143375749	4.0	3
DLBCL11528	0.17947422509634406	0.04325067212119151	0.06570839483723934	0.6504819416705656	0.06108476627465953	0.6504819416705656	2.0	3
DLBC_FF_8042_TP_NB	0.18820119409676778	0.03346266422489441	0.062754025423688	0.6505930026490071	0.06498911360564265	0.6505930026490071	4.0	3
DLBCL10456	0.20663550190865318	0.03334068326418582	0.052007107943348486	0.6506694848480377	0.057347222035774886	0.6506694848480377	3.0	3
DLBCL_RICOVER_1248	0.18854747412335107	0.03760262793622124	0.044599995424429766	0.6514294166268897	0.07782048588910825	0.6514294166268897	4.0	3
DLBCL11680	0.19113887642956776	0.04486861512429245	0.053180469962546315	0.651846113479351	0.05896592500424252	0.651846113479351	2.0	3
DLBCL_LS2367	0.18872754981844064	0.044751073164239284	0.05363904383851016	0.6522761835355916	0.06060614964321828	0.6522761835355916	0.0	3
DLBCL10469	0.18734038800662653	0.035788621912162796	0.06558740962263863	0.6523625788059921	0.05892100165257989	0.6523625788059921	3.0	3
DLBCL10904	0.18698536913990313	0.04073014679125659	0.053631841925392706	0.6524672261399013	0.06618541600354627	0.6524672261399013	4.0	3
DLBCL10956	0.19774010649869841	0.040117719480967255	0.044671939700409946	0.652681494609138	0.0647887397107863	0.652681494609138	1.0	3
DLBCL_RICOVER_253	0.1947320123054034	0.039732554908272114	0.05624891753008848	0.6528499110846946	0.056436604171541435	0.6528499110846946	1.0	3
DLBCL_C_D_1157_NULLPAIR	0.19317032751993277	0.04033052709022192	0.05254903285043025	0.6534979315377992	0.06045218100161586	0.6534979315377992	2.0	3
DLBCL_LS4054	0.19922392260983024	0.03756408096128731	0.055541376153159495	0.6536003079712808	0.05407031230444219	0.6536003079712808	1.0	3
DLBCL_RICOVER_1061	0.17680783551615709	0.039856904350848855	0.05428872391092816	0.6537472584960036	0.07529927772606233	0.6537472584960036	3.0	3
DLBCL_C_D_1156_NULLPAIR	0.18917905776909508	0.038876183324785485	0.05263822094128931	0.6539810238286093	0.06532551413622074	0.6539810238286093	0.0	3
DLBCL11001	0.20775325301561018	0.03581166975125335	0.046004374650068354	0.6544621332590592	0.05596856932400889	0.6544621332590592	4.0	3
DLBCL_RICOVER_274	0.2063239451235045	0.04235034354036495	0.041661546141126896	0.6546556169205785	0.055008548274425195	0.6546556169205785	3.0	3
DLBCL_RICOVER_1046	0.20738000942568363	0.0363237184299305	0.0521008653831658	0.6547624428328541	0.049432963928366006	0.6547624428328541	1.0	3
DLBCL10883	0.20933633771353155	0.0368232923436578	0.05117951058953866	0.655146232784602	0.04751462656866995	0.655146232784602	4.0	3
DLBCL_C_D_1113_NULLPAIR	0.20199268703944526	0.034473873318088696	0.047565654608766945	0.655236817079212	0.060730967954487125	0.655236817079212	2.0	3
DLBCL10974	0.1733537644404246	0.03842092634646537	0.062317359692312495	0.6554182875607775	0.07048966196002014	0.6554182875607775	3.0	3
DLBCL_MC_F089_HCZ	0.19448092686170104	0.04215033034643318	0.052340386750089986	0.6557616299713216	0.05526672607045413	0.6557616299713216	1.0	3
DLBCL_RICOVER_1204	0.19453487006989062	0.04056735487782834	0.04837696148445394	0.6566127444314519	0.05990806913637516	0.6566127444314519	3.0	3
DLBC_FF_A7CR_TP_NB	0.2019289098474924	0.03988018517967744	0.050195603534545316	0.656847705902333	0.05114759553595187	0.656847705902333	4.0	3
DLBCL10893	0.18903411839117965	0.041677154261565215	0.0535453751087305	0.6569220003146056	0.05882135192391908	0.6569220003146056	4.0	3
DLBCL11679	0.18211180870521218	0.039908177908803646	0.06186853584012575	0.6571507304035956	0.05896074714226279	0.6571507304035956	1.0	3
DLBCL10876	0.20749847295959398	0.03705899494805047	0.05342120242370004	0.6572264465597302	0.044794883108925355	0.6572264465597302	4.0	3
DLBCL10989	0.1813439486141098	0.03916854750039956	0.0643492477826189	0.6574662902244132	0.05767196587845852	0.6574662902244132	1.0	3
DLBCL_RICOVER_744	0.1839782881411745	0.0414869448027538	0.05528564295245818	0.6583948921858781	0.06085423191773541	0.6583948921858781	2.0	3
DLBCL10957	0.19670480307591878	0.03981629839142537	0.04917789816081312	0.6584105822129673	0.055890418158875424	0.6584105822129673	0.0	3
DLBCL_MC_F927_JHS	0.18682426780724204	0.039765346598177674	0.054560259221061336	0.6584577210396391	0.06039240533387983	0.6584577210396391	4.0	3
DLBCL10523	0.20028745316329438	0.03555002966203245	0.04517853767176771	0.6586060236102276	0.0603779558926779	0.6586060236102276	2.0	3
DLBCL_RICOVER_221	0.20297824475495072	0.03653187878156281	0.05143826627821258	0.6590993360246278	0.0499522741606461	0.6590993360246278	4.0	3
DLBCL_LS3204	0.19674991585972415	0.03248160811728763	0.05510033154019624	0.6594200909657856	0.05624805351700641	0.6594200909657856	1.0	3
DLBCL_RICOVER_829	0.18537601599932635	0.0387759796583381	0.05786323412703235	0.6594502989346419	0.058534471280661346	0.6594502989346419	0.0	3
DLBCL11504	0.17656599802345277	0.037983200844802924	0.051961739107234554	0.6595757591380473	0.07391330288646246	0.6595757591380473	4.0	3
DLBCL11471	0.20005200977620397	0.03793323411618353	0.058227642921063145	0.6598016951153427	0.043985418071206636	0.6598016951153427	3.0	3
DLBCL_RICOVER_1190	0.1875643164680355	0.039424529985801524	0.0608520544180473	0.6599407045139367	0.05221839461417893	0.6599407045139367	4.0	3
DLBCL10922	0.19945233280893473	0.03748674916250999	0.05525864947730821	0.6604987298110172	0.04730353874022992	0.6604987298110172	1.0	3
DLBCL11466	0.18799539057792097	0.03784320366705058	0.04775932738678753	0.6606651612034983	0.0657369171647427	0.6606651612034983	1.0	3
DLBCL_LS3749	0.19456980920676142	0.03885939027755586	0.05204412481440616	0.6607376617655799	0.053789013935696676	0.6607376617655799	1.0	3
DLBCL11533	0.17815797252615728	0.034317668300390694	0.05995220943415926	0.6608590214167768	0.066713128322516	0.6608590214167768	1.0	3
DLBCL11651	0.18692418229225116	0.04257766465702699	0.04673039075713434	0.6613389896814595	0.06242877261212791	0.6613389896814595	2.0	3
DLBCL_C_D_1131_NULLPAIR	0.18121214387913284	0.03797104066182215	0.06122083172246496	0.6616315553554031	0.05796442838117692	0.6616315553554031	1.0	3
DLBCL10880	0.18800831824382022	0.041621139583433976	0.049361177264170844	0.6622179250731529	0.058791439835422114	0.6622179250731529	4.0	3
DLBCL_MC_F210_GWC	0.17685630290675075	0.03682686446655279	0.04921592751627745	0.662399970523495	0.07470093458692405	0.662399970523495	1.0	3
DLBCL_RICOVER_773	0.1871290254695844	0.03769168173337005	0.047769386351600183	0.6625867448002943	0.06482316164515113	0.6625867448002943	4.0	3
DLBCL11467	0.18232300240422591	0.04184007799887752	0.06415834546775724	0.6628641985515412	0.048814375577598094	0.6628641985515412	3.0	3
DLBCL_LS2328	0.196407333880858	0.0381638954727574	0.0502461533734908	0.6630626824092215	0.052119934863672356	0.6630626824092215	2.0	3
DLBCL10519	0.18296134064864633	0.04417581455863255	0.055619008111522275	0.6631236981624908	0.05412013851870801	0.6631236981624908	1.0	3
DLBCL10887	0.20099903497567	0.03518722081107912	0.04748951644251475	0.6636925927945927	0.052631634976143434	0.6636925927945927	4.0	3
DLBC_FF_A7CQ_TP_NB	0.18082091572596068	0.04129227152519891	0.05512335735579113	0.6640627074716048	0.05870074792144447	0.6640627074716048	4.0	3
DLBCL_LS1668	0.20028539398384837	0.035884662064473716	0.04569385102821751	0.6641287704155837	0.05400732250787671	0.6641287704155837	1.0	3
DLBCL_RICOVER_1289	0.18217785976768175	0.03358414831431742	0.05984433281253189	0.6643606923235128	0.06003296678195612	0.6643606923235128	4.0	3
DLBCL_LS1304	0.18160761375169757	0.04510917549242593	0.05365079324356083	0.6646204573107733	0.055011960201542344	0.6646204573107733	2.0	3
DLBCL_RICOVER_335	0.16512690536002766	0.04698211204427842	0.06043677710964157	0.6648277147807844	0.06262649070526793	0.6648277147807844	1.0	3
DLBCL10490	0.18811209004639193	0.039083060722739975	0.050602252183387104	0.6648718911250898	0.05733070592239119	0.6648718911250898	0.0	3
DLBCL11669	0.17906540840232227	0.04285192425833186	0.05539905688523187	0.6649486828768947	0.057734927577219326	0.6649486828768947	2.0	3
DLBCL11590	0.19754855511536637	0.039264570308525974	0.04622988710100302	0.6652031457359576	0.051753841739146954	0.6652031457359576	2.0	3
DLBCL11498	0.18166174325674087	0.03993212183327014	0.05546132619725776	0.665671137693943	0.057273671018788164	0.665671137693943	1.0	3
DLBCL10564	0.17301447336661857	0.03868388009767967	0.060311955718974276	0.6658406667178091	0.06214902409891844	0.6658406667178091	3.0	3
DLBCL11478	0.18704696317365324	0.036711681784722325	0.050065525101527994	0.6660516250879085	0.06012420485218796	0.6660516250879085	0.0	3
DLBCL_RICOVER_506	0.19414856205197867	0.03731339637303073	0.05017371628499472	0.6663994958042514	0.05196482948574447	0.6663994958042514	4.0	3
DLBCL_LS1921	0.18977262558300903	0.0320893183646881	0.0460724619816477	0.6664027866133968	0.06566280745725844	0.6664027866133968	1.0	3
DLBCL10934	0.17976611881922328	0.03832634509698252	0.06426244959475594	0.6665029227087841	0.05114216378025422	0.6665029227087841	1.0	3
DLBCL_RICOVER_712	0.17146481555795842	0.04176139513210671	0.05431738660524733	0.6675353037957485	0.06492109890893905	0.6675353037957485	4.0	3
DLBCL10459	0.17234220897288416	0.04153579114061912	0.05369869207888882	0.6675960020182838	0.06482730578932412	0.6675960020182838	2.0	3
DLBCL10548	0.18425301830712998	0.042845306112268486	0.043576211122142	0.6677953271736439	0.06153013728481563	0.6677953271736439	0.0	3
DLBCL10856	0.18880925545108979	0.034671930898844655	0.051857355577218434	0.6678842156159859	0.056777242456861235	0.6678842156159859	2.0	3
DLBCL11509	0.18588715171880038	0.036207650789591546	0.055106135875562824	0.668007027613069	0.05479203400297628	0.668007027613069	0.0	3
DLBCL11670	0.18542215851810587	0.04530943192506669	0.047649426628460036	0.6680743884242322	0.053544594504135234	0.6680743884242322	2.0	3
DLBCL10498	0.17844187331352596	0.03248047281082934	0.057285320547963564	0.6683324026264077	0.06345993070127347	0.6683324026264077	2.0	3
DLBCL11675	0.1745429442495937	0.03855503063048901	0.05786913566672737	0.6686440785700513	0.060388810883138654	0.6686440785700513	2.0	3
DLBCL_RICOVER_1299	0.17857851230107513	0.04223467677691615	0.05157206175787208	0.6686845897761671	0.05893015938796957	0.6686845897761671	4.0	3
DLBCL11202	0.1892970909417342	0.04262719112817592	0.04741389756193265	0.6697374307178342	0.0509243896503231	0.6697374307178342	0.0	3
DLBCL10509	0.17517225901348946	0.03491887053753172	0.06694400075114469	0.6697602749902016	0.05320459470763244	0.6697602749902016	0.0	3
DLBCL11469	0.19564914067192662	0.04082473754646867	0.04975723102382983	0.6699224520265247	0.04384643873125017	0.6699224520265247	2.0	3
DLBCL_RICOVER_850	0.18422612410500386	0.04395299306021213	0.0479309858220816	0.6699907416944678	0.05389915531823461	0.6699907416944678	4.0	3
DLBCL10843	0.17612269038324233	0.03852465575629744	0.05374507896161498	0.6704847745464122	0.06112280035243305	0.6704847745464122	0.0	3
DLBCL10999	0.1882895209979589	0.03372296434992565	0.05102685446222996	0.6706597458882949	0.056300914301590566	0.6706597458882949	4.0	3
DLBCL10835	0.17692131318266816	0.035760842376694156	0.05710610233704551	0.670863133055571	0.0593486090480212	0.670863133055571	4.0	3
DLBCL11480	0.16875198779747816	0.04173646653059793	0.05712840757972016	0.6709455022347199	0.061437635857483824	0.6709455022347199	0.0	3
DLBCL_RICOVER_826	0.18196907788675587	0.04226227349486818	0.04655428740885016	0.6712131003479684	0.05800126086155742	0.6712131003479684	0.0	3
DLBCL10954	0.17559195419885262	0.042880084147201	0.050131987169044205	0.6714160032808748	0.05997997120402739	0.6714160032808748	1.0	3
DLBCL_RICOVER_1192	0.18115048467892625	0.03611557074140533	0.04732795059265271	0.6717657877152609	0.06364020627175483	0.6717657877152609	4.0	3
DLBCL11658	0.16365607271719249	0.036828489393611843	0.06602836189094702	0.6718591480620048	0.06162792793624385	0.6718591480620048	3.0	3
DLBCL11518	0.1694985235399509	0.041786154981761914	0.07003653709361275	0.67203837891992	0.046640405464754425	0.67203837891992	2.0	3
DLBCL11433	0.18846238885404049	0.03462763642485233	0.051199943065331134	0.6720433515702897	0.05366668008548637	0.6720433515702897	3.0	3
DFCIDL009_DT	0.19190780108262506	0.035628688954300027	0.04695014033679682	0.6721267647111099	0.05338660491516819	0.6721267647111099	2.0	3
DLBCL10863	0.18364411431249403	0.04230180467378392	0.044360024085708195	0.6724305430303352	0.05726351389767862	0.6724305430303352	3.0	3
DLBCL11527	0.17937975117304644	0.03911669057564151	0.05184946120871439	0.6724466353291733	0.05720746171342444	0.6724466353291733	3.0	3
DLBCL10492	0.18967429286450302	0.03872263950439479	0.04710101353895712	0.6725216033828982	0.05198045070924688	0.6725216033828982	0.0	3
DLBCL11437	0.1740168604233701	0.03783423785946041	0.056581482015800544	0.672804780149331	0.05876263955203799	0.672804780149331	3.0	3
DLBCL_LS1757	0.17294796364126933	0.03586009829336939	0.05136615491945678	0.6729613391143757	0.06686444403152872	0.6729613391143757	0.0	3
DLBCL11429	0.17448072671165787	0.036975950163725256	0.048131073725281096	0.6730031997070375	0.06740904969229826	0.6730031997070375	0.0	3
DLBCL_C_D_1136_NULLPAIR	0.1668523994065464	0.0390201014851623	0.053271342939111434	0.6730822611685295	0.06777389500065027	0.6730822611685295	1.0	3
DLBCL10483	0.16653711646200411	0.038042632546990966	0.053551472447669723	0.6732419458267381	0.06862683271659706	0.6732419458267381	1.0	3
DLBCL_RICOVER_1060	0.18522800696238925	0.04468184103335598	0.044176488949408066	0.6732502068650814	0.05266345618976528	0.6732502068650814	1.0	3
DLBCL_RICOVER_685	0.1879255847660814	0.04326741745813689	0.04749173920630213	0.6739164579880614	0.04739880058141819	0.6739164579880614	4.0	3
DLBCL10963	0.17639729619271644	0.04395284064319346	0.05193450622934438	0.6739269294769187	0.05378842745782705	0.6739269294769187	4.0	3
DLBCL_RICOVER_267	0.18555673959360433	0.039827579228217364	0.04673619101460413	0.6743603373368533	0.0535191528267209	0.6743603373368533	2.0	3
DLBCL_C_D_1140_NULLPAIR	0.1709815923516275	0.03258258314322154	0.05560990338436568	0.6743940198857674	0.06643190123501784	0.6743940198857674	4.0	3
DLBCL_RICOVER_134	0.18558835569293655	0.035444460500951507	0.04922222584948313	0.6753803782268989	0.05436457972972986	0.6753803782268989	4.0	3
DLBCL10464	0.18244540772333429	0.037633713915769425	0.05962816936006636	0.6756321265157161	0.044660582485113814	0.6756321265157161	2.0	3
DLBCL11459	0.17207722883326612	0.050710604494481414	0.052832533797367034	0.675700016174317	0.04867961670056847	0.675700016174317	3.0	3
DLBCL10885	0.17650940836584791	0.035555329154877316	0.049422664505980415	0.6757830223995013	0.062729575573793	0.6757830223995013	1.0	3
DLBCL10875	0.1827422807897744	0.03781277095107603	0.04291245025326015	0.6760060602340955	0.06052643777179397	0.6760060602340955	0.0	3
DLBCL10530	0.17881551823417363	0.03581639230863257	0.05177448451452957	0.6760870683574443	0.05750653658521999	0.6760870683574443	4.0	3
DLBCL10890	0.18490342131787846	0.03974370277505207	0.04939766125512017	0.6761045041685094	0.04985071048343987	0.6761045041685094	4.0	3
DLBCL11195	0.1882577686574943	0.03944690214819858	0.04946074185094179	0.6762626519382736	0.046571935405091726	0.6762626519382736	4.0	3
DLBCL11188	0.18355500465838262	0.0374527141105342	0.04456215262428118	0.6763053289818354	0.058124799624966646	0.6763053289818354	1.0	3
DLBCL11431	0.1877447886165333	0.03751971679632651	0.05073340924918966	0.6763614272953914	0.047640658042559084	0.6763614272953914	4.0	3
DLBCL_RICOVER_1210	0.17885052505363838	0.03868658006844171	0.049064687611732716	0.6764302308074449	0.056967976458742374	0.6764302308074449	1.0	3
DLBCL_MAYO_DLBCL_7359	0.17714359617867104	0.042980631397255276	0.044114792558154765	0.6766472046385361	0.05911377522738276	0.6766472046385361	1.0	3
DLBCL_RICOVER_299	0.17570289947414014	0.03554090535339006	0.04249027859687186	0.6767199999882133	0.06954591658738461	0.6767199999882133	1.0	3
DLBCL10844	0.17575356159487754	0.036854385582548464	0.045453807807701564	0.6769366724826379	0.06500157253223457	0.6769366724826379	0.0	3
DLBCL_C_D_1138_NULLPAIR	0.1805963399174751	0.039747073368681586	0.05166056410719548	0.6770246469127618	0.05097137569388608	0.6770246469127618	1.0	3
DLBCL_RICOVER_338	0.17803546105997886	0.03739350230793489	0.050589890261802856	0.6772561039953875	0.056725042374895916	0.6772561039953875	0.0	3
DLBCL10850	0.18182210051263292	0.03654959709064696	0.05355474903747243	0.677496567440372	0.05057698591887575	0.677496567440372	1.0	3
DLBCL11346	0.1732897216010896	0.035698833341264134	0.051778527714487835	0.6775833690707295	0.06164954827242897	0.6775833690707295	1.0	3
DLBCL11685	0.18019501243554006	0.0386862458201335	0.043593258855094096	0.6778875031831424	0.05963797970608992	0.6778875031831424	2.0	3
DLBCL11436	0.18149799223519533	0.039628365093292046	0.05097744585902217	0.6778882552546861	0.050007941557804345	0.6778882552546861	1.0	3
DLBCL10925	0.17265806682984203	0.037636210785187904	0.05116007051071919	0.6779218061871108	0.06062384568714005	0.6779218061871108	4.0	3
DLBCL_MC_F500_ECU	0.1901252954892795	0.03574622570788902	0.04517318573326392	0.6780478743031066	0.05090741876646085	0.6780478743031066	1.0	3
DLBCL10978	0.1844696615171626	0.03216048353759024	0.05366251717655724	0.6782608004905479	0.051446537278141975	0.6782608004905479	3.0	3
DLBCL11208	0.17318055279321856	0.037996423671360184	0.05025416049449642	0.6784518429360922	0.06011702010483275	0.6784518429360922	1.0	3
DLBCL_C_D_1117_NULLPAIR	0.16641858999922168	0.041132346036486155	0.05768049983766113	0.6789641536906086	0.05580441043602237	0.6789641536906086	1.0	3
DLBCL10985	0.17468139515153341	0.036886572592600815	0.056791932596371164	0.6790572133754388	0.052582886284055795	0.6790572133754388	1.0	3
DLBCL10877	0.18046114143262632	0.03785940246476753	0.04627372156824289	0.6790610064388227	0.056344728095540475	0.6790610064388227	0.0	3
DLBCL10911	0.18751416982096147	0.03522164653613756	0.044681918144231655	0.6790938202236484	0.05348844527502087	0.6790938202236484	1.0	3
DLBCL10554	0.1800513418478784	0.03618974541481418	0.048305895637998704	0.6792147244166984	0.05623829268261022	0.6792147244166984	2.0	3
DLBCL10983	0.17658727437564942	0.0406095844078999	0.04602142217891712	0.6797793405007696	0.057002378536763966	0.6797793405007696	1.0	3
DLBCL10881	0.17454171895708978	0.036821152727249014	0.05068012756480016	0.6800824060031883	0.057874594747672724	0.6800824060031883	4.0	3
DLBCL10512	0.1770355430674239	0.042747199885951916	0.04454781848970664	0.6804251456213252	0.05524429293559243	0.6804251456213252	2.0	3
DLBC_FF_A7CX_TP_NB	0.17464363503211827	0.039600660146565596	0.052032609958630904	0.6807506343106667	0.05297246055201854	0.6807506343106667	4.0	3
DLBCL10918	0.17846723650095656	0.03589990914941908	0.052739510873848996	0.6808137499740633	0.052079593501712075	0.6808137499740633	0.0	3
DLBCL_C_D_1108_NULLPAIR	0.167621271456627	0.03945279657247124	0.04758134845118155	0.6810867099509788	0.06425787356874144	0.6810867099509788	1.0	3
DLBCL10494	0.16389681440838474	0.0348028552847446	0.05869272985641334	0.681238240896232	0.061369359554225365	0.681238240896232	1.0	3
DLBCL10453	0.16814870987131914	0.03857654906430731	0.0644954475247022	0.6814694230369334	0.04730987050273794	0.6814694230369334	1.0	3
DLBCL10968	0.1712231513705977	0.035246013797526	0.051296053899256955	0.6816792781861886	0.060555502746430775	0.6816792781861886	0.0	3
DLBCL10550	0.16719499397847076	0.04055489720744525	0.053977448936026094	0.6817439177589606	0.0565287421190972	0.6817439177589606	4.0	3
DLBCL10966	0.18365898601285296	0.04128062606092905	0.04489193724871105	0.6821077355832136	0.0480607150942934	0.6821077355832136	0.0	3
DLBCL11663	0.17457475903099567	0.03683008923034197	0.052897688581538614	0.6833158215874391	0.05238164156968464	0.6833158215874391	0.0	3
DLBCL10986	0.16388047099066774	0.04021608085570033	0.05672618647761699	0.6833841662675818	0.0557930954084331	0.6833841662675818	0.0	3
DLBCL_RICOVER_780	0.1674026753461209	0.03365508513111145	0.05485487732404597	0.6834363151338673	0.060651047064854476	0.6834363151338673	1.0	3
DLBCL10945	0.16375907809724308	0.03368565418182618	0.05346963928024054	0.6836437574067655	0.06544187103392464	0.6836437574067655	0.0	3
DLBCL10836	0.16501496846315192	0.035746882838369895	0.0512887078708604	0.6837691902231451	0.06418025060447265	0.6837691902231451	4.0	3
DLBCL11516	0.17082996770612677	0.03769622390812325	0.04875778383383785	0.683778014481628	0.05893801007028408	0.683778014481628	1.0	3
DLBCL10969	0.17703111146459738	0.03479092400497213	0.05198729977089814	0.6838972055963677	0.05229345916316471	0.6838972055963677	0.0	3
DLBCL10888	0.17198540339176158	0.03529075849106079	0.057712046871765586	0.6839090413957152	0.051102749849696844	0.6839090413957152	4.0	3
DLBCL10833	0.17531555478339989	0.0341454584079552	0.045881547880843754	0.6841136302580544	0.06054380866974682	0.6841136302580544	4.0	3
DLBCL_LS2357	0.17544488514489906	0.038241734724476555	0.04818650701731618	0.6843029314047443	0.05382394170856393	0.6843029314047443	3.0	3
DLBCL10834	0.18502818311966293	0.04106427766426719	0.04100434925146669	0.6845970195194836	0.048306170445119555	0.6845970195194836	1.0	3
DLBCL_MC_F502_RFK	0.17020901042785927	0.036738624823641375	0.053940692750135986	0.6847677548426083	0.05434391715575501	0.6847677548426083	1.0	3
DLBCL10868	0.165638195990223	0.04361287091700886	0.05019591566793694	0.6847763469067419	0.0557766705180893	0.6847763469067419	3.0	3
DLBCL_RICOVER_417	0.17091699130051852	0.04193699070541316	0.04846759104367815	0.6847777195524141	0.05390070739797611	0.6847777195524141	4.0	3
DLBCL10532	0.17822269298884988	0.043756997605357215	0.043569809399786656	0.6848551239003876	0.049595376105618656	0.6848551239003876	4.0	3
DLBCL11683	0.17410940075946985	0.033852437291756486	0.05343817170236698	0.6849032116676582	0.05369677857874847	0.6849032116676582	2.0	3
DLBCL10485	0.18432991423474465	0.03379793395708912	0.04509744255821218	0.6849081050147271	0.05186660423522694	0.6849081050147271	4.0	3
DLBCL_DFCI_DLBCL_GOE07	0.18044301305542723	0.03564010831767473	0.04861553637677479	0.685226021548653	0.05007532070147033	0.685226021548653	1.0	3
DLBCL10503	0.17015154915559544	0.03385928012944794	0.04920956460663314	0.6852420366875226	0.06153756942080085	0.6852420366875226	1.0	3
DLBCL_C_D_1119_NULLPAIR	0.17924520687897344	0.0374535720815589	0.04535234669580417	0.6855642586206718	0.05238461572299161	0.6855642586206718	1.0	3
DLBCL10914	0.16711317710770232	0.0403224374904303	0.04333963594431541	0.6856354204334875	0.06358932902406446	0.6856354204334875	0.0	3
DLBCL10515	0.16743625431705422	0.04146392205737056	0.05300644711787375	0.6857880058586173	0.052305370649084124	0.6857880058586173	0.0	3
DLBCL11486	0.18442786477641723	0.040089540235684694	0.049312592417784115	0.6859242313065003	0.040245771263613665	0.6859242313065003	0.0	3
DLBCL_LS3200	0.172944564360335	0.03463026112814486	0.05294254388831435	0.6859572258853875	0.05352540473781825	0.6859572258853875	4.0	3
DLBCL_C_D_1149_NULLPAIR	0.16102908414479125	0.03444824018580281	0.05112516806332572	0.68603544073056	0.0673620668755202	0.68603544073056	1.0	3
DLBCL11203	0.16219125029505907	0.040425148133959386	0.05074352202082797	0.6863552661004938	0.06028481344965976	0.6863552661004938	1.0	3
DLBCL11473	0.1698657794256098	0.03554617404502037	0.05169448631421317	0.6867087879906939	0.056184772224462734	0.6867087879906939	0.0	3
DLBCL10488	0.15302899147052187	0.03587552101263023	0.06870043504979308	0.6867422816088212	0.0556527708582336	0.6867422816088212	0.0	3
DLBCL11495	0.15881935132117195	0.03768322554943309	0.04487044687697864	0.6869180194698962	0.0717089567825202	0.6869180194698962	4.0	3
DLBCL10867	0.15920887843589965	0.04044497397871208	0.056283050355852876	0.6869525471268589	0.05711055010267653	0.6869525471268589	4.0	3
DLBCL_MAYO_DLBCL_5613	0.16702074712331788	0.03627922087385971	0.04780875855946962	0.6873518734605121	0.0615393999828407	0.6873518734605121	0.0	3
DLBCL_C_D_1151_NULLPAIR	0.15501789981160105	0.049607320786542924	0.05479928843048659	0.6874083445551499	0.0531671464162195	0.6874083445551499	3.0	3
DLBCL11565	0.15784395886349228	0.041696722688207184	0.05185188309581917	0.6876361063341664	0.06097132901831494	0.6876361063341664	1.0	3
DLBCL10996	0.1585162511140682	0.039670168998486674	0.05124253582907823	0.6878200536348402	0.06275099042352665	0.6878200536348402	0.0	3
DLBCL11491	0.1648364158451771	0.038751684850200384	0.048178638876029675	0.6878273290974762	0.06040593133111653	0.6878273290974762	3.0	3
DLBCL_RICOVER_910	0.1661193747825876	0.03799460888492447	0.044562141631361275	0.6883628181270012	0.06296105657412548	0.6883628181270012	0.0	3
DLBCL10990	0.1689123507760398	0.03666931879077624	0.052110559810758274	0.6885968876540501	0.05371088296837554	0.6885968876540501	4.0	3
DLBCL_RICOVER_985	0.1578944097738218	0.0404719076153254	0.065528961874399	0.688752909476167	0.047351811260286814	0.688752909476167	3.0	3
DLBCL_C_D_1144_NULLPAIR	0.15082353437153295	0.041694520149796015	0.05619842152978242	0.6887628003203856	0.06252072362850296	0.6887628003203856	4.0	3
DLBCL_RICOVER_496	0.16664252732914384	0.04195923306528195	0.053277091700558867	0.6888007817591432	0.04932036614587227	0.6888007817591432	1.0	3
DLBCL_LS1395	0.1874414956019528	0.03566746948177023	0.04114885104892926	0.6889413051045861	0.04680087876276175	0.6889413051045861	2.0	3
DLBCL10553	0.17766405507177715	0.03412555346403043	0.04189593313260761	0.6891993645945825	0.057115093737002354	0.6891993645945825	3.0	3
DLBCL10895	0.16236756048613768	0.03936533915368094	0.056623800363254734	0.6893233878126509	0.05231991218427585	0.6893233878126509	4.0	3
DLBCL10916	0.17163963791120168	0.03716565730004163	0.04779271700404125	0.6896875209449226	0.053714466839792814	0.6896875209449226	4.0	3
DLBCL10871	0.16236392558084495	0.03589297521059149	0.06270321212986157	0.6898077086695625	0.049232178409139446	0.6898077086695625	1.0	3
DLBCL_RICOVER_948	0.16805454137494633	0.037147924309831895	0.0470582400347737	0.6899889803371969	0.057750313943251176	0.6899889803371969	1.0	3
DLBCL10451	0.17999855171614204	0.037101613922425905	0.04478702252133998	0.6903293764594423	0.04778343538064978	0.6903293764594423	0.0	3
DLBCL11242	0.17101320812009846	0.036755997931086824	0.04964993922730257	0.6903666353570144	0.05221421936449782	0.6903666353570144	4.0	3
DLBCL_RICOVER_1032	0.17669276733959643	0.036146447858830776	0.04953292659050598	0.6904147253866914	0.04721313282437546	0.6904147253866914	4.0	3
DLBCL10864	0.1838233222313124	0.036776437187410894	0.044780691657660646	0.6906131479212486	0.04400640100236747	0.6906131479212486	4.0	3
DLBCL10913	0.16934830174659482	0.036634593051755454	0.04901101990052049	0.6909486909434455	0.054057394357683745	0.6909486909434455	0.0	3
DLBCL11581	0.17203305322440407	0.03804119648654398	0.049371782697234974	0.6911009005709516	0.04945306702086539	0.6911009005709516	4.0	3
DLBCL10852	0.1607408943877052	0.03545603902346996	0.05429842968235677	0.691257889671067	0.058246747235401006	0.691257889671067	4.0	3
DLBCL11676	0.16836179223554398	0.03806717541181331	0.05056188926930011	0.691366883206899	0.051642259876443664	0.691366883206899	0.0	3
DLBCL11677	0.165375666207667	0.041795258878675585	0.047732284667943395	0.6914399416307891	0.0536568486149249	0.6914399416307891	0.0	3
DLBCL_RICOVER_533	0.16901370438232616	0.03744239252239386	0.052273423847870225	0.6914876287139646	0.0497828505334451	0.6914876287139646	1.0	3
DLBCL10555	0.15823016394760014	0.032295186145425245	0.05596029687694333	0.6914940558535533	0.062020297176478015	0.6914940558535533	2.0	3
DLBCL_C_D_1130_NULLPAIR	0.14747993388294925	0.043788888697060144	0.05044908778198612	0.6916258722284281	0.06665621740957646	0.6916258722284281	0.0	3
DLBCL_LS4592	0.17824816854198372	0.03178429811282861	0.049398281938730935	0.6917653864611981	0.04880386494525858	0.6917653864611981	2.0	3
DLBCL11501	0.16344734743414804	0.03597771260591443	0.05214631938221108	0.6919147453374649	0.056513875240261593	0.6919147453374649	0.0	3
DLBCL11534	0.16109384760997533	0.035780828083824906	0.05543204900690099	0.6920179637830706	0.05567531151622828	0.6920179637830706	2.0	3
DLBCL_MC_F606_DMJ	0.16060899050692923	0.04258076650069984	0.048790153431626	0.692489387375082	0.05553070218566295	0.692489387375082	2.0	3
DLBCL11664	0.17482276876234537	0.03480546361743769	0.042102108377228845	0.692504675527336	0.05576498371565208	0.692504675527336	1.0	3
DLBCL10878	0.17301140913013072	0.038613574879966056	0.04479715026084318	0.6925921546095145	0.050985711119545446	0.6925921546095145	4.0	3
DLBCL10973	0.16849197667661028	0.034359995734863695	0.05476309360555442	0.6929128989133929	0.04947203506957875	0.6929128989133929	3.0	3
DLBCL11353	0.1527978407089885	0.03471817429003196	0.05527783915417733	0.6930128439346609	0.0641933019121413	0.6930128439346609	4.0	3
DLBCL11510	0.15085232039251636	0.038589260608803605	0.05850612019936446	0.6930675946477814	0.05898470415153409	0.6930675946477814	4.0	3
DLBCL11573	0.16082950021991219	0.03965406406794743	0.05423091338132943	0.693198312207551	0.05208721012325993	0.693198312207551	2.0	3
DLBCL_MC_F519_ALT	0.16931319086077531	0.037122541511386845	0.05266755905240911	0.6935292682998374	0.04736744027559133	0.6935292682998374	4.0	3
DLBCL_LS2208	0.17879016896592403	0.03300168527600495	0.04056521195005279	0.6935835368822295	0.054059396925788664	0.6935835368822295	4.0	3
DLBCL11576	0.15154564659583686	0.03853693547174391	0.05072038733271381	0.6937051077707471	0.06549192282895828	0.6937051077707471	3.0	3
DLBCL10461	0.16736702195834702	0.03762701778671661	0.05432337764460008	0.6937645653213217	0.04691801728901454	0.6937645653213217	1.0	3
DLBCL_LS3809	0.1716576509812445	0.04058452047636568	0.04399927754563749	0.6938117025603397	0.04994684843641258	0.6938117025603397	0.0	3
DLBCL_RICOVER_1081	0.15958097195178517	0.03597733619360401	0.05544006706093818	0.6942882185118078	0.05471340628186491	0.6942882185118078	4.0	3
DLBCL11667	0.16146830405116283	0.035814447296755016	0.053291150248404764	0.6946197203600433	0.05480637804363413	0.6946197203600433	2.0	3
DLBCL10457	0.1535493900207181	0.03426424878917983	0.05249309203599228	0.6947271436270125	0.06496612552709734	0.6947271436270125	4.0	3
DLBCL11681	0.1761631409771821	0.03471394440860132	0.04860896293473744	0.6948077934169278	0.04570615826255129	0.6948077934169278	0.0	3
DFCIDL004_DT	0.1659883455612374	0.037040607197314036	0.047315028094956094	0.6950332265843058	0.0546227925621867	0.6950332265843058	4.0	3
DLBCL11574	0.17010729781374367	0.04230490732276503	0.04615233958512045	0.6950710394142435	0.04636441586412734	0.6950710394142435	2.0	3
DLBCL_LS3499	0.16334532820266973	0.03193764851133115	0.05929548889220515	0.6952603679876506	0.050161166406143376	0.6952603679876506	3.0	3
DLBCL_MC_F362_MJB1	0.15966441154931724	0.03843285286202604	0.058357320732098726	0.6952855568275759	0.048259858028982146	0.6952855568275759	2.0	3
DLBCL10502	0.17703964488666551	0.03200786453738918	0.04918404488099848	0.6952989469398668	0.046469498755080024	0.6952989469398668	1.0	3
DLBCL11564	0.1732215242876844	0.03583489179876629	0.04554765663679232	0.6953252340392186	0.05007069323753831	0.6953252340392186	3.0	3
DLBCL_RICOVER_701	0.16489198272673902	0.04088305513233007	0.050116703394146186	0.6954386360129973	0.04866962273378751	0.6954386360129973	3.0	3
DLBCL11542	0.16552075140396671	0.0335489749140295	0.05020264315262495	0.6956436406818326	0.05508398984754623	0.6956436406818326	2.0	3
DLBCL_RICOVER_361	0.1631353078197554	0.03380860252623601	0.05540041933149843	0.6956745508699075	0.051981119452602705	0.6956745508699075	3.0	3
DLBCL10939	0.1702797000488168	0.033123875089189535	0.05068981701566757	0.6958630299692181	0.05004357787710804	0.6958630299692181	3.0	3
DLBCL11513	0.16954114624431996	0.038454706659391616	0.05179918515061134	0.6964124143421232	0.0437925476035538	0.6964124143421232	4.0	3
DLBCL10547	0.15768689071656025	0.0441852480384368	0.040989161976205626	0.6964565184084953	0.060682180860302075	0.6964565184084953	3.0	3
DLBCL10838	0.16999840428912633	0.03339490666578454	0.048140947663630154	0.6965515807596654	0.05191416062179367	0.6965515807596654	4.0	3
DLBCL_MC_F262_WLC	0.15670149506749725	0.038172750127867736	0.05151757451098393	0.6969645399578558	0.05664364033579535	0.6969645399578558	0.0	3
DLBCL_RICOVER_1283	0.1625551200518704	0.03467425355321632	0.04480223373477375	0.6970862707627893	0.06088212189735023	0.6970862707627893	2.0	3
DLBCL11672	0.1768335617285133	0.031633925488182495	0.04642874146992722	0.6973819527627397	0.04772181855063723	0.6973819527627397	2.0	3
DLBCL10566	0.16324273099091172	0.036803789761521113	0.04754174388888322	0.6974286793154446	0.05498305604323935	0.6974286793154446	4.0	3
DLBCL_RICOVER_314	0.16594288629529183	0.03685204993518078	0.0500631625725542	0.6976407530320932	0.04950114816487999	0.6976407530320932	4.0	3
DLBCL10781	0.14664003156442548	0.03699616666677667	0.052787423878764776	0.6977334712721559	0.06584290661787717	0.6977334712721559	4.0	3
DLBCL10866	0.1700352427943131	0.03684270424665535	0.05421707441175976	0.6977457867016773	0.04115919184559451	0.6977457867016773	4.0	3
DLBCL_RICOVER_1150	0.16237806730763163	0.035104992741747144	0.05424022137003774	0.69779799494621	0.05047872363437348	0.69779799494621	0.0	3
DLBCL10541	0.14521301739375	0.043686732456189856	0.05236180172584834	0.6978492463118756	0.06088920211233621	0.6978492463118756	1.0	3
DLBCL_LS1098	0.15271084098725457	0.030587232065145843	0.052780172140397964	0.6978956051639904	0.0660261496432112	0.6978956051639904	2.0	3
DLBCL10860	0.16924029186111575	0.04324558679123214	0.04199120015161988	0.6981448661551848	0.0473780550408475	0.6981448661551848	4.0	3
DLBCL_RICOVER_111	0.15705432192180985	0.033037852267805555	0.05058929273726453	0.6983253105361829	0.060993222536937154	0.6983253105361829	4.0	3
DLBCL_C_D_1103_NULLPAIR	0.16179002391897265	0.035055656924590214	0.04641646211064603	0.6988562073965402	0.05788164964925089	0.6988562073965402	3.0	3
DLBCL10472	0.1678488082096916	0.033968443089231984	0.041655394057436866	0.6990428556136382	0.05748449903000133	0.6990428556136382	2.0	3
DLBCL10845	0.16295292288838298	0.038733339436349185	0.049109970941503725	0.699071967069487	0.05013179966427708	0.699071967069487	1.0	3
DLBCL10497	0.15558900843773865	0.04200684188050651	0.04661317603167495	0.6991189131550032	0.05667206049507667	0.6991189131550032	3.0	3
DLBCL11482	0.18059350787176784	0.03741967437475797	0.04277083193838134	0.6993603809496997	0.03985560486539323	0.6993603809496997	0.0	3
DLBCL_C_D_1166_NULLPAIR	0.15496913422414463	0.037295837854916365	0.05117441238766475	0.699392275006754	0.05716834052652025	0.699392275006754	4.0	3
DLBCL11449	0.16337427634695056	0.03733754523512398	0.05191779752715001	0.6996109485798648	0.047759432310910684	0.6996109485798648	1.0	3
DLBCL_LS4616	0.15609921515204683	0.0390335630260071	0.05321710752336146	0.7000724493364361	0.051577664962148544	0.7000724493364361	2.0	3
DLBCL11520	0.15346860466323084	0.0376652879387286	0.049454156920867964	0.7004624148640486	0.058949535613123986	0.7004624148640486	0.0	3
DLBCL11428	0.1764588415696153	0.036562347767166034	0.04520210186593022	0.7006867970046967	0.04108991179259172	0.7006867970046967	2.0	3
DLBCL10458	0.1688044404878471	0.033210555532567645	0.049643864855684026	0.7008848575939084	0.04745628152999285	0.7008848575939084	0.0	3
DLBCL10859	0.1579007380378523	0.033290277795500825	0.04604067333335633	0.7010198927778348	0.06174841805545576	0.7010198927778348	1.0	3
DLBCL_RICOVER_945	0.16890613248345915	0.03532793283238669	0.04827640828994617	0.7013701960177489	0.04611933037645907	0.7013701960177489	0.0	3
DLBCL11204	0.17265489654856128	0.036440786842279145	0.04032383299826609	0.7014911973355122	0.049089286275381214	0.7014911973355122	1.0	3
DLBCL10495	0.16764157411268765	0.03443250449298419	0.0505566348285219	0.7015413679456329	0.04582791862017329	0.7015413679456329	0.0	3
DLBCL10529	0.15205766962596576	0.03906610715299928	0.05012791521276727	0.7020761320921833	0.056672175916084346	0.7020761320921833	4.0	3
DLBCL_RICOVER_478	0.16288331866104896	0.036392128943880615	0.048270184590094	0.7023607385407462	0.05009362926423028	0.7023607385407462	1.0	3
DLBCL10898	0.15849973873636292	0.03583890475140041	0.045666583640206704	0.7024947563562005	0.05750001651582941	0.7024947563562005	4.0	3
DLBCL11496	0.1665556632585039	0.031921990070818744	0.0525650027216855	0.7026140831359463	0.04634326081304551	0.7026140831359463	0.0	3
DLBCL10902	0.1568903164149303	0.036486893408742505	0.04801680883657215	0.7027520111836255	0.055853970156129584	0.7027520111836255	4.0	3
DLBCL_RICOVER_522	0.1475395653781213	0.03846210051211262	0.05917714212539247	0.7028125344467262	0.052008657537647385	0.7028125344467262	2.0	3
DLBCL_RICOVER_1018	0.1675720728398834	0.033371076164778	0.048581384032222556	0.7032679351203651	0.04720753184275092	0.7032679351203651	3.0	3
DLBCL11446	0.17757903646990808	0.02992215369146394	0.0408647335915412	0.703362742891269	0.04827133335581778	0.703362742891269	1.0	3
DLBCL11440	0.15409800568252463	0.03982314825541178	0.05282780855768368	0.70384633513422	0.049404702370159904	0.70384633513422	4.0	3
DLBCL11004	0.16012993316098914	0.03414192640163087	0.0544263253844032	0.7039865578177491	0.04731525723522775	0.7039865578177491	4.0	3
DLBCL11656	0.16815777949828553	0.03136776085879553	0.048692261865803325	0.7041688234756553	0.047613374301460315	0.7041688234756553	2.0	3
DLBCL11456	0.16037776231641057	0.037185218654438586	0.046797768679897524	0.7045310047465047	0.051108245602748605	0.7045310047465047	1.0	3
DLBCL11002	0.16177409166905887	0.040890904298173804	0.04560376834388614	0.7045881183645829	0.04714311732429826	0.7045881183645829	3.0	3
DLBCL10484	0.15759827605547055	0.03385091486715397	0.049864918490599555	0.7046387715023453	0.05404711908443057	0.7046387715023453	1.0	3
DLBCL10454	0.15666185139341413	0.041351119893862184	0.04490674903249945	0.7047045024282506	0.052375777251973635	0.7047045024282506	4.0	3
DLBCL11591	0.1711527301520457	0.03847154173266271	0.04180481707829834	0.7047455839989475	0.04382532703804568	0.7047455839989475	1.0	3
DLBCL_RICOVER_787	0.15266820731007613	0.03610479257146534	0.05908426050504097	0.7048365790989447	0.04730616051447281	0.7048365790989447	1.0	3
DLBCL11539	0.15092982085908885	0.03515491608702475	0.052661681895055316	0.7049772375140236	0.056276343644807485	0.7049772375140236	0.0	3
DLBCL10510	0.15711003678046812	0.03529932404030582	0.05156117784134976	0.7053197993546407	0.05070966198323562	0.7053197993546407	1.0	3
DLBCL11659	0.16419886875781284	0.03910712345556206	0.04293810784992067	0.705548175714393	0.04820772422231146	0.705548175714393	3.0	3
DLBCL_RICOVER_451	0.15216105311080408	0.037725717812384464	0.05809872851163684	0.7056209651897515	0.04639353537542312	0.7056209651897515	0.0	3
DLBCL10961	0.15724643939570063	0.03499958378938759	0.05476997304984475	0.7057000697163494	0.04728393404871765	0.7057000697163494	4.0	3
DLBCL_RICOVER_408	0.15268396321768468	0.034655783014866465	0.05387602450015772	0.7057088695249657	0.05307535974232537	0.7057088695249657	2.0	3
DLBC_FF_8062_TP_NB	0.15912126210710403	0.029514893049127026	0.054842974286460434	0.705719567135397	0.05080130342191149	0.705719567135397	3.0	3
DLBCL11443	0.14783213878030263	0.03714324721356894	0.05407770950720277	0.7061280524843095	0.05481885201461608	0.7061280524843095	0.0	3
DLBCL10980	0.13806786734908333	0.03412308645421641	0.05659892019689696	0.7061508588514457	0.06505926714835764	0.7061508588514457	4.0	3
DLBCL11434	0.1335411010897619	0.03996490225405589	0.066020848713961	0.7061763248560107	0.05429682308621062	0.7061763248560107	0.0	3
DLBCL_RICOVER_978	0.15423581954167606	0.03707685498258792	0.05272636378000219	0.7063741512663059	0.049586810429427926	0.7063741512663059	2.0	3
DLBCL_RICOVER_473	0.15179349837939496	0.039040594274048414	0.05247708648162579	0.7067812683752852	0.04990755248964566	0.7067812683752852	0.0	3
DLBCL11481	0.14900660041916874	0.03726122850315406	0.05616630603898462	0.7068547519728284	0.050711113065864094	0.7068547519728284	0.0	3
DLBCL10988	0.15019155515444224	0.035988706130489184	0.045311805091951346	0.7071547831118609	0.061353150511256345	0.7071547831118609	1.0	3
DLBCL11662	0.1611559714353798	0.035548402377514644	0.051803989010009543	0.7072729031160518	0.04421873406104417	0.7072729031160518	0.0	3
DLBCL10994	0.16775077102711533	0.03607234477150318	0.048934933315546804	0.7076688337760348	0.03957311710979986	0.7076688337760348	0.0	3
DLBCL11441	0.15564631917120517	0.036993201504600996	0.04842739989549441	0.7077413438243473	0.05119173560435219	0.7077413438243473	2.0	3
DLBCL11512	0.14417911402704411	0.04203465844465707	0.0538824945595661	0.7079049010476973	0.051998831921035424	0.7079049010476973	0.0	3
DLBCL10780	0.15591032458734133	0.03862784745045815	0.04496911027454204	0.7079357193106245	0.05255699837703399	0.7079357193106245	1.0	3
DLBCL10930	0.14818182523415033	0.036569302853092824	0.04780806093652685	0.7079491381594469	0.05949167281678306	0.7079491381594469	4.0	3
DLBCL10931	0.16650073544247662	0.03649707050903195	0.04055865361955703	0.7079588350320783	0.048484705396856	0.7079588350320783	0.0	3
DLBCL10900	0.15317269570224468	0.03786405812518477	0.04929131429996489	0.7080396693470417	0.05163226252556405	0.7080396693470417	4.0	3
DLBCL_LS951	0.14814961097626145	0.03324745307830296	0.055179940310963065	0.7081503221397244	0.05527267349474803	0.7081503221397244	0.0	3
DLBCL11535	0.14612246092880787	0.035862847294678264	0.05309603836734346	0.7083093567728289	0.056609296636341476	0.7083093567728289	3.0	3
DLBCL_MC_F139_LJF	0.15480884909872453	0.03245456407779769	0.05248043629191165	0.7084022084750283	0.05185394205653779	0.7084022084750283	3.0	3
DLBCL10935	0.15679699622197737	0.03112554136148906	0.04944901270217081	0.7084921602087246	0.05413628950563812	0.7084921602087246	0.0	3
DLBCL10896	0.16343548668461902	0.03594006027212028	0.04756219926719406	0.7088827948926677	0.044179458883398894	0.7088827948926677	0.0	3
DLBCL10517	0.15843827793837073	0.03302462126002218	0.050783992379895525	0.7092333788297508	0.048519729591960756	0.7092333788297508	1.0	3
DLBCL11476	0.15764885841014162	0.038957017082465045	0.041724352866467	0.7096102501837165	0.0520595214572099	0.7096102501837165	4.0	3
DLBCL10491	0.15987534079169985	0.03800098533900739	0.04454766006030356	0.7098275564694864	0.04774845733950285	0.7098275564694864	3.0	3
DLBCL10977	0.16151095874274324	0.03140310900056106	0.04386816472828595	0.7098482895593857	0.05336947796902401	0.7098482895593857	4.0	3
DLBCL_BWH_DLBCL64	0.16126387221849234	0.034168270578233115	0.04941814203964911	0.7100785290307201	0.04507118613290527	0.7100785290307201	1.0	3
DLBCL10947	0.14112973797947564	0.04173901256507613	0.048635801074967976	0.7100854889074979	0.058409959472982394	0.7100854889074979	1.0	3
DLBCL_LS843	0.15733324738654847	0.0347092428870023	0.0444437320946493	0.7101393446602443	0.05337443297155558	0.7101393446602443	2.0	3
DLBCL10894	0.14825413570263102	0.03284714704014216	0.06256764654819083	0.7103879555072607	0.045943115201775214	0.7103879555072607	1.0	3
DLBCL_MC_F064AB	0.14632684738823878	0.03635175553777806	0.05033633920019656	0.7105444075041396	0.056440650369647016	0.7105444075041396	2.0	3
DLBCL11194	0.15593187492874755	0.039087428605943525	0.04794248471944108	0.7107422105759259	0.04629600116994194	0.7107422105759259	4.0	3
DLBCL10909	0.16179360906096216	0.03321700984009179	0.048909459939290176	0.7108364103548569	0.045243510804799034	0.7108364103548569	4.0	3
DLBCL_MC_F496DMP	0.14462392482756006	0.03515600028538093	0.05639894105806961	0.7108869585487118	0.05293417528027759	0.7108869585487118	1.0	3
DLBCL_C_D_1109_NULLPAIR	0.14285084185745336	0.0380275709403817	0.05015583889191376	0.7110112197560652	0.057954528554186	0.7110112197560652	3.0	3
DLBCL11666	0.17170215414554238	0.03351451141630681	0.0411284149592847	0.7111867407833401	0.04246817869552599	0.7111867407833401	2.0	3
DLBCL11569	0.15007213414106613	0.03789640786238183	0.050096656554933054	0.7113985281864948	0.05053627325512412	0.7113985281864948	2.0	3
DLBCL10535	0.1622729670618698	0.033319325278583604	0.0414315649502011	0.7117172706972427	0.05125887201210277	0.7117172706972427	4.0	3
DLBCL_MC_F349_BJJ	0.1607721756192772	0.037407277807176724	0.044794935983208245	0.7119728652358418	0.04505274535449597	0.7119728652358418	2.0	3
DLBCL10849	0.1538894203252263	0.03438434150879261	0.05185581230355698	0.7119778784110716	0.047892547451352484	0.7119778784110716	1.0	3
DLBCL10915	0.15938975252579043	0.03423642120821109	0.040579681029169895	0.7120564715544222	0.05373767368240636	0.7120564715544222	4.0	3
DLBCL_LS2245	0.15641750740340404	0.03636423909530845	0.04704457607247846	0.7121729985069203	0.048000678921888786	0.7121729985069203	1.0	3
DLBCL_RICOVER_1293	0.15572991198232236	0.032822420477327106	0.052181518696166815	0.7121947923876195	0.04707135645656422	0.7121947923876195	4.0	3
DLBCL10907	0.1571548637358079	0.03571388633537421	0.051722293686406726	0.7122577849284739	0.04315117131393729	0.7122577849284739	1.0	3
DLBCL_RICOVER_469	0.15909395841264964	0.03268745906657483	0.04999551869974284	0.7122822230463612	0.0459408407746714	0.7122822230463612	2.0	3
DLBCL_RICOVER_288	0.14378862583023558	0.04149085080032331	0.04466453182138614	0.7124435759713552	0.0576124155766997	0.7124435759713552	1.0	3
DLBCL10951	0.1524043570788089	0.03606338225144428	0.05152609663249725	0.7124621265931366	0.04754403744411308	0.7124621265931366	4.0	3
DLBCL10992	0.15928208404778063	0.03600682735246576	0.045399423292378	0.7125535965603464	0.0467580687470291	0.7125535965603464	4.0	3
DLBCL11191	0.14707378456157807	0.03875590530711112	0.05437311372893901	0.7125663776486895	0.047230818753682347	0.7125663776486895	0.0	3
DLBCL10487	0.14970771733189742	0.034889216514192974	0.05030308009599798	0.7129292397054328	0.052170746352478835	0.7129292397054328	1.0	3
DLBCL10525	0.15505446700740078	0.03752455778001991	0.04257123696238734	0.713311198774968	0.051538539475223986	0.713311198774968	0.0	3
DLBCL_LS3820	0.1462146750163148	0.03514980050417391	0.04781056906182023	0.713570402526656	0.05725455289103504	0.713570402526656	2.0	3
DLBCL_MC_F307_JPS	0.15770519590679394	0.03616012470209403	0.05030338628609124	0.7136074397877757	0.04222385331724505	0.7136074397877757	0.0	3
DLBCL_RICOVER_1165	0.1477968084958521	0.037650148046759334	0.0509277415345862	0.7136705992704135	0.04995470265238871	0.7136705992704135	1.0	3
DLBCL11206	0.16208907282491977	0.03506898017228325	0.043296637161365156	0.713743644596161	0.04580166524527073	0.713743644596161	4.0	3
DFCIDL010_DT	0.14600795383590304	0.03304678345409854	0.04808643525730946	0.713845058990901	0.05901376846178791	0.713845058990901	0.0	3
DLBCL10919	0.13711998963507047	0.033399670975125584	0.054122173140928855	0.7141167535284585	0.06124141272041658	0.7141167535284585	3.0	3
DLBCL_C_D_1152_NULLPAIR	0.15773836183758788	0.03525075263817206	0.042800800836284264	0.7141793358196045	0.050030748868351446	0.7141793358196045	1.0	3
DLBCL_RICOVER_1269	0.15013489332610988	0.04311150723020933	0.04037217953529237	0.7141797238421616	0.05220169606622687	0.7141797238421616	2.0	3
DLBCL10955	0.14889936113872365	0.03531270996609392	0.05293265162666796	0.7142423061333074	0.04861297113520698	0.7142423061333074	3.0	3
DLBCL_RICOVER_720	0.14716665412943997	0.029619779701511483	0.06199342086153767	0.7142861394253461	0.046934005882164787	0.7142861394253461	4.0	3
DLBCL_DFCI_DLBCL_GOE05	0.15402507553175337	0.03674738905598011	0.05086844998207539	0.7144397536500543	0.043919331780136815	0.7144397536500543	1.0	3
DLBCL_C_D_1115_NULLPAIR	0.16230725296285176	0.03475911921700731	0.04243818260831821	0.7144423015166647	0.04605314369515808	0.7144423015166647	3.0	3
DLBCL_C_D_1118_NULLPAIR	0.15458950568142393	0.03197667055198494	0.048630691364980994	0.7144489208417301	0.05035421155988012	0.7144489208417301	1.0	3
DLBCL11655	0.14089759181384642	0.04222815313308478	0.049192781196037115	0.7145419325000367	0.053139541356994974	0.7145419325000367	3.0	3
DLBCL11558	0.14630886642478122	0.03154705967665286	0.05176519406146958	0.7146087647019104	0.055770115135186	0.7146087647019104	2.0	3
DLBCL_C_D_1112_NULLPAIR	0.16143256896365	0.02972159274066129	0.04558639027562329	0.7147123265173136	0.04854712150275184	0.7147123265173136	2.0	3
DLBCL10465	0.1425785180159817	0.035393261847270166	0.04856137635664886	0.7147846652974864	0.05868217848261286	0.7147846652974864	2.0	3
DLBCL11432	0.1593136328940581	0.030586081093419405	0.043613874829961104	0.7149439312517307	0.05154247993083068	0.7149439312517307	0.0	3
DLBCL_RICOVER_216	0.14674641147948753	0.036729764557529423	0.050057599213074094	0.7149847990448609	0.0514814257050481	0.7149847990448609	2.0	3
DLBCL_RICOVER_1329	0.1571360320950976	0.03445389450353019	0.042360515738503184	0.715144117709207	0.050905439953661986	0.715144117709207	4.0	3
DLBCL10486	0.15752213758276565	0.03287173016383236	0.042683327331689926	0.7153173880389473	0.05160541688276473	0.7153173880389473	0.0	3
DLBCL11461	0.158225497096362	0.03486762865906466	0.04028989152552098	0.7157169160046166	0.05090006671443567	0.7157169160046166	0.0	3
DLBCL_C_D_PAIR13	0.15244063529238439	0.03158081483325589	0.054299257212349045	0.7157432056442145	0.04593608701779623	0.7157432056442145	4.0	3
DLBCL10965	0.1557982722688654	0.036184593512687546	0.05375023907985544	0.7158548647711763	0.03841203036741529	0.7158548647711763	3.0	3
DLBCL10514	0.1577120720408465	0.03630720177258116	0.04395712590227474	0.7159861715886057	0.046037428695691905	0.7159861715886057	2.0	3
DLBCL11673	0.14597883061168876	0.03179355823201897	0.05090515387132393	0.7160497682316816	0.055272689053286764	0.7160497682316816	1.0	3
DLBCL11525	0.15079487777881428	0.03517447556905342	0.04572818909235255	0.716062673157011	0.05223978440276879	0.716062673157011	2.0	3
DLBCL10462	0.15981701137633197	0.0321179782553107	0.046203456911394956	0.7161790143540295	0.04568253910293288	0.7161790143540295	0.0	3
DLBCL10482	0.15133048225602452	0.03377813556947882	0.048828187700113275	0.7168226711410209	0.0492405233333624	0.7168226711410209	0.0	3
DLBCL11454	0.14854841548419281	0.03435424451335208	0.04446797539934554	0.7169371258085657	0.055692238794543804	0.7169371258085657	0.0	3
DLBCL_C_D_1159_NULLPAIR	0.15627412654182884	0.030521479902007393	0.04714615580555873	0.7172864370824666	0.04877180066813844	0.7172864370824666	3.0	3
DLBCL_MAYO_DLBCL_234	0.14029418553833453	0.04247253879124001	0.0466658655166199	0.7174292436723443	0.05313816648146134	0.7174292436723443	2.0	3
DLBCL11464	0.14067964476281766	0.036339596269363644	0.05443370035121697	0.717877078541182	0.05066998007541979	0.717877078541182	3.0	3
DLBCL_RICOVER_1219	0.14245201383019918	0.03947723782815357	0.04195423415185269	0.7182917036643688	0.05782481052542577	0.7182917036643688	4.0	3
DLBCL11187	0.15328502697337099	0.03333261900594903	0.045669495850932884	0.7183624752319121	0.049350382937835016	0.7183624752319121	4.0	3
DLBCL11430	0.13256069225328598	0.03974192348642509	0.04929124896564103	0.7184007759478226	0.0600053593468253	0.7184007759478226	0.0	3
DLBCL_RICOVER_678	0.1524988246714219	0.0382342218476513	0.04291999443762691	0.7185673600328955	0.04777959901040451	0.7185673600328955	1.0	3
DLBCL_LS4593	0.14567086660326278	0.03513695801758938	0.056218919350692606	0.7191241720847321	0.04384908394372307	0.7191241720847321	2.0	3
DLBCL_MC_F729_MAN	0.1567160953281415	0.03445384916138732	0.0441702985680912	0.719214149181196	0.045445607761184004	0.719214149181196	1.0	3
DLBCL11458	0.14500864390055757	0.03404251145526443	0.0497174386268152	0.7192281937243298	0.05200321229303296	0.7192281937243298	2.0	3
DLBCL10870	0.15684662148771136	0.03707149593649483	0.04076799031551654	0.7194264143490314	0.045887477911245846	0.7194264143490314	4.0	3
DLBCL10967	0.1510463311606861	0.038254998195935745	0.04421031009960831	0.7196382756177733	0.046850084925996495	0.7196382756177733	4.0	3
DLBCL10928	0.15216288781112924	0.032080514093155224	0.04452958010870225	0.7196644623774132	0.05156255560960006	0.7196644623774132	0.0	3
DLBCL_C_D_1141_NULLPAIR	0.1480427656847402	0.03299094031415113	0.051760562339383635	0.719686829242322	0.04751890241940302	0.719686829242322	2.0	3
DLBCL_RICOVER_577	0.14846865327422842	0.03403243791338172	0.05123281641454288	0.7198073303301052	0.04645876206774179	0.7198073303301052	2.0	3
DLBCL11661	0.1481620126538448	0.03355101081100158	0.05070582399259695	0.719929186242148	0.04765196630040861	0.719929186242148	1.0	3
DLBCL10987	0.1354827815988234	0.04053617856595391	0.05407664046134862	0.7199766228729569	0.04992777650091719	0.7199766228729569	4.0	3
DLBCL11595	0.11887708196203939	0.042791761141397586	0.0661832258316323	0.7200661571728119	0.052081773892118814	0.7200661571728119	4.0	3
DLBCL_RICOVER_258	0.14500190932026524	0.03794403906066673	0.050965770339389205	0.720313687780271	0.04577459349940785	0.720313687780271	2.0	3
DLBCL10854	0.14900784768669384	0.034014521055953595	0.04244109657522693	0.7204287886228595	0.05410774605926606	0.7204287886228595	4.0	3
DLBCL11205	0.15000785606735806	0.03560037368357625	0.04632012290194155	0.7205684452284724	0.04750320211865178	0.7205684452284724	0.0	3
DLBCL11652	0.14650777194451606	0.034673314289013366	0.04877217646190802	0.7206172654200724	0.049429471884490095	0.7206172654200724	0.0	3
DLBCL11462	0.15083466817504676	0.03603765269093017	0.042877979629859814	0.7208882315421259	0.049361467962037324	0.7208882315421259	0.0	3
DLBCL10873	0.16071333113180727	0.03151887151695602	0.04166658061056527	0.7209421868407575	0.0451590298999139	0.7209421868407575	1.0	3
DLBCL10527	0.1504925454025188	0.03082657376648419	0.04903665025360034	0.7212230485699908	0.048421182007405895	0.7212230485699908	3.0	3
DLBCL_RICOVER_120	0.15500036263025496	0.034874039585246444	0.0431984378790452	0.7212734906291978	0.04565366927625559	0.7212734906291978	4.0	3
DLBCL11657	0.16114910325258344	0.03193416063259949	0.04055533090204087	0.7213204304037906	0.045040974808985626	0.7213204304037906	3.0	3
DLBCL_LS297	0.1403202178376333	0.03634953203835181	0.05243521350872922	0.7214714848544861	0.0494235517607996	0.7214714848544861	2.0	3
DLBCL10869	0.1547134231675797	0.029255940027274784	0.042774630512690204	0.7214973517019114	0.051758654590543976	0.7214973517019114	0.0	3
DLBCL10842	0.15605856369161858	0.038351947714500456	0.03951679989983761	0.7216230611272517	0.04444962756679168	0.7216230611272517	4.0	3
DLBCL_C_D_1126_NULLPAIR	0.14303325315732582	0.036065194294528945	0.04594624844251612	0.7216328077728257	0.05332249633280349	0.7216328077728257	1.0	3
DLBCL11488	0.15622159175557707	0.03708564295582097	0.042524373643261684	0.7225343410330368	0.041634050612303505	0.7225343410330368	0.0	3
DLBCL_RICOVER_467	0.14994771697108966	0.04069785794754286	0.047638690267772225	0.7231615107511051	0.03855422406249015	0.7231615107511051	1.0	3
DLBCL_MAYO_DLBCL_3653	0.14808658290560206	0.03398194106098469	0.04767121703175323	0.7234293282383994	0.04683093076326049	0.7234293282383994	0.0	3
DLBCL11511	0.13753044475078777	0.0316305443496445	0.056009748645116604	0.7240653825457901	0.05076387970866105	0.7240653825457901	0.0	3
DLBCL10518	0.13527999480799266	0.03265673283875314	0.05766307412684936	0.7241118703947657	0.050288327831639223	0.7241118703947657	2.0	3
DLBCL11472	0.13356687301117226	0.03805213701823768	0.04388276911634301	0.7241625167056174	0.06033570414862975	0.7241625167056174	0.0	3
DLBCL10972	0.13813801803045844	0.03720344114996721	0.04306929080359242	0.7242165834575367	0.057372666558445196	0.7242165834575367	0.0	3
DFCIDL008_DT	0.12967054693166086	0.035326021995044615	0.051401704043717154	0.7251604191147347	0.05844130791484269	0.7251604191147347	4.0	3
DLBCL_C_D_1148_NULLPAIR	0.14727777538979644	0.0375388467245306	0.045110635061904804	0.7257575215300619	0.0443152212937063	0.7257575215300619	0.0	3
DLBCL_C_D_1133_NULLPAIR	0.14530840302080703	0.03263532517605213	0.04722280104634889	0.7259361120872517	0.04889735866954017	0.7259361120872517	2.0	3
DLBCL11003	0.14714347785367485	0.032017383140872664	0.05466589016216678	0.7260546953687836	0.040118553474502036	0.7260546953687836	1.0	3
DLBCL11526	0.1390352132337474	0.03654060972384293	0.044335443023860256	0.72609239515778	0.053996338860769405	0.72609239515778	2.0	3
DLBC_FF_8043_TP_NB	0.14026573453596602	0.037373918016555006	0.04347348811414842	0.7262999788112375	0.052586880522092955	0.7262999788112375	1.0	3
DLBCL11537	0.1485734152820916	0.0300197026288143	0.054868980920309084	0.7263017281674343	0.040236173001350704	0.7263017281674343	0.0	3
DLBCL_RICOVER_401	0.1414479482423151	0.03837961041355903	0.04833489102868441	0.7264684148943169	0.045369135421124564	0.7264684148943169	1.0	3
DLBCL11523	0.14279343932844102	0.032245948636464586	0.0420091520386862	0.7265089049846389	0.056442555011769285	0.7265089049846389	0.0	3
DLBCL10848	0.14349945863071994	0.03664211852536349	0.04850590502482673	0.7265871917108312	0.044765326108258646	0.7265871917108312	4.0	3
DLBCL_RICOVER_711	0.13562895392350818	0.0347331203274965	0.04543586317939237	0.7269973480652319	0.057204714504371104	0.7269973480652319	3.0	3
DLBCL10917	0.1419791603082747	0.02901297246835512	0.05160090688523821	0.7273760323609237	0.05003092797720821	0.7273760323609237	1.0	3
DLBCL_RICOVER_617	0.14313849343483712	0.03403426084191359	0.050396694076254814	0.7275365339860197	0.04489401766097478	0.7275365339860197	3.0	3
DLBCL11447	0.13341452667804965	0.03398567990885298	0.05585273541100754	0.7276430328416392	0.04910402516045063	0.7276430328416392	3.0	3
DLBCL_C_D_1163_NULLPAIR	0.14380404928542562	0.03514875762010091	0.048793586288929866	0.7276458929997265	0.04460771380581715	0.7276458929997265	4.0	3
DLBCL_C_D_1114_NULLPAIR	0.13818562420477826	0.03374666870127463	0.052107023551678455	0.7288301460996439	0.04713053744262476	0.7288301460996439	0.0	3
DLBCL10846	0.13956339287638125	0.033061743895747044	0.046156050201822126	0.7289947300586226	0.052224082967426984	0.7289947300586226	1.0	3
DLBCL11678	0.1542029586438634	0.029347678637546885	0.037377743616211656	0.7291844718188973	0.0498871472834807	0.7291844718188973	3.0	3
DLBCL10463	0.13593618254351153	0.03680399361320723	0.05256675780624336	0.7293142305946154	0.045378835442422445	0.7293142305946154	4.0	3
DLBCL10975	0.13998512108259492	0.0345644198582891	0.04550665471733819	0.7301775369648117	0.0497662673769661	0.7301775369648117	0.0	3
DLBCL_LS2154	0.1509410093595152	0.03224016481420768	0.038458525270184805	0.7306563428685511	0.0477039576875412	0.7306563428685511	0.0	3
DLBCL_RICOVER_173	0.13249388372243126	0.03326139448825876	0.04918430755308874	0.7307038593980311	0.05435655483819018	0.7307038593980311	4.0	3
DLBCL_MC_F132_MLM	0.1319617921174993	0.03374144190586368	0.05497492437824274	0.730876368289071	0.048445473309323264	0.730876368289071	0.0	3
DLBCL10536	0.14662605322681208	0.03483447901899391	0.042770567683458806	0.7309717952449064	0.04479710482582877	0.7309717952449064	2.0	3
DLBCL11000	0.13380439580162312	0.033638726250987905	0.05304335655272454	0.731159542197727	0.04835397919693732	0.731159542197727	4.0	3
DLBCL10912	0.12723784951003053	0.03128737392994286	0.049489111171893134	0.731187823390089	0.06079784199804445	0.731187823390089	0.0	3
DLBCL10539	0.12755767046933197	0.035050102830342274	0.052906514997550766	0.7316627234673425	0.052822988235432446	0.7316627234673425	3.0	3
DLBCL_RICOVER_583	0.13037303213896398	0.041534931991379316	0.04798627748935055	0.7317074438608694	0.04839831451943671	0.7317074438608694	1.0	3
DLBCL10480	0.1381724361572756	0.031587575291849405	0.05129967545725327	0.7322374102767932	0.04670290281682851	0.7322374102767932	1.0	3
DLBCL10891	0.1361921936785151	0.03616575871042	0.04695456947941766	0.7322759732730901	0.04841150485855714	0.7322759732730901	4.0	3
DLBCL_LS2599	0.13348489791238582	0.03642625928179199	0.05056330751427233	0.7327751069784381	0.04675042831311173	0.7327751069784381	2.0	3
DLBCL10782	0.14445385095393923	0.03647526829075601	0.044585950335047544	0.7331175513326836	0.041367379087573555	0.7331175513326836	3.0	3
DLBCL_RICOVER_950	0.13205517675974582	0.030533958764659013	0.04864314279844475	0.7332670783017828	0.05550064337536761	0.7332670783017828	3.0	3
DLBCL10884	0.13322958953907826	0.03968546033863517	0.04828668732778461	0.7333822208202803	0.04541604197422163	0.7333822208202803	0.0	3
DLBCL10910	0.13739125791650644	0.037600029313186296	0.04855358126277325	0.733498980364041	0.04295615114349297	0.733498980364041	2.0	3
DLBCL11439	0.1479306123058228	0.03236326986199826	0.04449732602220361	0.7337427462477341	0.04146604556224123	0.7337427462477341	2.0	3
DLBCL10549	0.14399560181589316	0.030537208833047953	0.042310002785072444	0.733768770987317	0.049388415578669506	0.733768770987317	1.0	3
DLBCL_RICOVER_956	0.13020278530239274	0.032202796529560866	0.044289423699575496	0.7340041973231927	0.05930079714527825	0.7340041973231927	4.0	3
DLBCL10993	0.14240160308520938	0.03014402394209701	0.04543829033303308	0.7342585421402051	0.047757540499455325	0.7342585421402051	0.0	3
DLBCL11448	0.13316989084202918	0.03459643596772331	0.05591314672299445	0.7344423479809369	0.04187817848631615	0.7344423479809369	3.0	3
DLBCL10879	0.13756932749095177	0.03203306194571938	0.04735523725995611	0.7346045801485336	0.04843779315483914	0.7346045801485336	2.0	3
DLBCL_RICOVER_449	0.1284803598691638	0.034707453431483556	0.04991991283840589	0.7347390645754017	0.05215320928554503	0.7347390645754017	4.0	3
DLBCL_RICOVER_839	0.1373562592263862	0.034074815773985134	0.042805170062134426	0.7350019431896581	0.050761811747836234	0.7350019431896581	1.0	3
DLBCL10950	0.15109825442848995	0.03267755570310694	0.03593748938214827	0.7355661012753366	0.04472059921091832	0.7355661012753366	0.0	3
DLBCL_RICOVER_320	0.13015391655355524	0.029082988181773513	0.05461415842748035	0.7358337908374364	0.050315145999754514	0.7358337908374364	2.0	3
DLBCL_LS3245	0.14376568095383047	0.030665779612078805	0.04538437145107119	0.7359057220272207	0.04427844595579886	0.7359057220272207	1.0	3
DLBCL10858	0.1392707723126423	0.035126733959158	0.04387509654991788	0.7365812735857106	0.04514612359257124	0.7365812735857106	3.0	3
DFCIDL003_DT	0.1343675538971529	0.03694252132765556	0.04574914899066557	0.7374571221023724	0.04548365368215359	0.7374571221023724	1.0	3
DLBCL11484	0.1340962750964126	0.030038917010076598	0.04608512285134728	0.7375720610836692	0.052207623958494216	0.7375720610836692	1.0	3
DLBCL_RICOVER_1235	0.14469050288462038	0.03313026961029933	0.04481183946837663	0.7387427094205194	0.03862467861618422	0.7387427094205194	1.0	3
DLBCL10501	0.1219214714185975	0.02949024847172799	0.05556009794170259	0.7392008043424371	0.05382737782553491	0.7392008043424371	2.0	3
DLBCL10521	0.13209942160794527	0.040031319753908876	0.046762413337137494	0.7400429715803076	0.041063873720700736	0.7400429715803076	4.0	3
DLBCL_C_D_1128_NULLPAIR	0.13911479179146405	0.030613512437488014	0.04750780868422174	0.7401429955079631	0.042620891578863056	0.7401429955079631	0.0	3
DLBCL10452	0.1420218537536254	0.03244165206480883	0.0450489820714312	0.740585797673431	0.03990171443670352	0.740585797673431	1.0	3
DLBCL_C_D_1106_NULLPAIR	0.12605735087764136	0.036931718016713674	0.044881776153389716	0.741117443350642	0.051011711601613254	0.741117443350642	1.0	3
DLBCL11474	0.12667078450818522	0.035602535069033624	0.04388782464906328	0.7419328279824503	0.051906027791267566	0.7419328279824503	0.0	3
DLBCL10901	0.13258175055414392	0.03210741591380599	0.04263142099618887	0.7419819277598616	0.05069748477599957	0.7419819277598616	4.0	3
DLBC_FF_8046_TP_NB	0.14084425145936524	0.03516800299051928	0.038759014643270896	0.7421422517265118	0.04308647918033271	0.7421422517265118	2.0	3
DLBCL10565	0.13276448609277336	0.027322317305654504	0.048634333419660274	0.7434657295108611	0.04781313367105073	0.7434657295108611	3.0	3
DLBCL_C_D_1153_NULLPAIR	0.12706126152560251	0.03159456358658602	0.05030273875407728	0.7442982938255063	0.046743142308227854	0.7442982938255063	3.0	3
DLBCL_C_D_1129_NULLPAIR	0.1255017773066315	0.029068637263537395	0.05377878172196555	0.7444341336323128	0.0472166700755528	0.7444341336323128	0.0	3
DLBCL10959	0.11205986334077836	0.0343035219839511	0.051140255624834347	0.7465080641886576	0.05598829486177863	0.7465080641886576	0.0	3
DLBCL10921	0.13330737233528658	0.03173077768822976	0.04448503844123614	0.746822699677508	0.043654111857739514	0.746822699677508	4.0	3
DLBCL_RICOVER_174	0.1267470294885968	0.03173202820614346	0.05232532902300459	0.7498867342469063	0.039308879035348784	0.7498867342469063	1.0	3
DLBCL_LS762	0.1242784110474189	0.031437557626170835	0.04742108079542691	0.7511243842676595	0.04573856626332383	0.7511243842676595	2.0	3
DLBCL10513	0.13260218498717088	0.027788219251757007	0.04572992279316361	0.751952946742463	0.041926726225445514	0.751952946742463	3.0	3
DLBCL10847	0.11979262071739744	0.031075914045271383	0.04188070099973296	0.756574238558934	0.05067652567866419	0.756574238558934	4.0	3
DLBCL_LS1065	0.1311177423659148	0.02891005235081744	0.03981719484608705	0.7567627232150327	0.04339228722214808	0.7567627232150327	1.0	3
DLBCL10467	0.11557110958601674	0.032017716321853705	0.052529962888349505	0.7567733198506904	0.04310789135308961	0.7567733198506904	4.0	3
DLBCL10903	0.1252545964984	0.02819063224534318	0.05045903142962628	0.7574600569055846	0.038635682921045925	0.7574600569055846	1.0	3
DLBCL_LS1683	0.1209758355797151	0.030689728244493616	0.04914053409861257	0.758782940431165	0.04041096164601375	0.758782940431165	1.0	3
DLBCL10971	0.11644244341500666	0.03486482241260083	0.043127201816464164	0.7591679240603251	0.04639760829560328	0.7591679240603251	0.0	3
DLBCL11536	0.12591013445217647	0.02713205318303276	0.045396325522619435	0.7611152811505107	0.04044620569166065	0.7611152811505107	3.0	3
DLBCL_RICOVER_575	0.12716362676987833	0.028530128461700346	0.04039573116283726	0.7622653963624414	0.04164511724314272	0.7622653963624414	3.0	3
DLBCL_MC_F218_RAP	0.11695850371803056	0.028587638613174298	0.04185124097232407	0.7635257074403287	0.04907690925614248	0.7635257074403287	3.0	3
DLBCL10897	0.1153658696222455	0.03267028823265749	0.044377620810836446	0.7655378665202569	0.04204835481400365	0.7655378665202569	0.0	3
DLBCL10522	0.11355234725429098	0.031956624084179	0.041756741035332966	0.7669274797646666	0.045806807861530505	0.7669274797646666	2.0	3
DLBCL_C_D_1123_NULLPAIR	0.11136054717937634	0.031757615807683486	0.04920379962534438	0.767081156384164	0.04059688100343178	0.767081156384164	0.0	3
DLBCL10837	0.11753119132260971	0.030077885950866832	0.041107385924979194	0.7730390468312127	0.03824448997033156	0.7730390468312127	4.0	3
DLBCL_LS4619	0.10408010787351044	0.02906577811427163	0.052239711565136626	0.7756815595098799	0.038932842937201374	0.7756815595098799	4.0	3
DLBCL11541	0.11210806026039569	0.02868259850649964	0.04188944864395221	0.7771700454742686	0.040149847114883834	0.7771700454742686	2.0	3
DLBCL10853	0.09943277775192325	0.029479289366417253	0.05026590057906187	0.7814534582346233	0.03936857406797435	0.7814534582346233	4.0	3
