	C1	C2	C3	C4	C5	Confidence	True Cluster	Predicted Cluster
DLBCL_RICOVER_720	0.18503552557818162	0.1927498274297876	0.08495406996610887	0.22441625379793134	0.31284432322799066	0.31284432322799066	4.0	4
DLBCL10566	0.31701351236666636	0.061872430526475966	0.27563560325680836	0.27185000409307875	0.07362844975697058	0.31701351236666636	4.0	0
DLBCL10838	0.15981116758224836	0.3211809348594263	0.06348154249327932	0.2052997488234957	0.25022660624155035	0.3211809348594263	4.0	1
DLBCL_RICOVER_839	0.32432710179933877	0.2299434263438914	0.034180912253870405	0.2603219240638952	0.15122663553900434	0.32432710179933877	1.0	0
DLBCL11528	0.25668514568409917	0.13770107591943404	0.14141795314373912	0.3262623196061401	0.13793350564658768	0.3262623196061401	2.0	3
DLBCL10895	0.05598640681595899	0.06189151003144984	0.29123308164701744	0.2640959434850629	0.3267930580205109	0.3267930580205109	4.0	4
DLBCL10986	0.15309757175319383	0.025170929694791514	0.3276630590386596	0.2551039407664727	0.23896449874688247	0.3276630590386596	0.0	2
DLBCL11483	0.1939966769224904	0.026237661051752972	0.24606036574665682	0.3289480780553603	0.2047572182237395	0.3289480780553603	1.0	3
DLBCL11446	0.22137534725511854	0.3312089250773831	0.035208609946078204	0.2894285506778894	0.12277856704353067	0.3312089250773831	1.0	1
DLBCL10962	0.12847692521007403	0.29167701237001553	0.06644092339315437	0.3353638278385835	0.17804131118817265	0.3353638278385835	1.0	3
DLBCL10903	0.03199517429836246	0.2831595968146091	0.1003495290920927	0.24213149227837572	0.34236420751655994	0.34236420751655994	1.0	4
DLBCL_C_D_1133_NULLPAIR	0.2019137160656634	0.11528921747943206	0.34249905112512796	0.2295308396150186	0.11076717571475782	0.34249905112512796	2.0	2
DLBCL10984	0.11810700075092234	0.2354970654351888	0.02728545829456768	0.2748830748298174	0.3442274006895038	0.3442274006895038	4.0	4
DLBCL_LS3245	0.07866372379453025	0.26269593863285756	0.2463512220967952	0.34615384874178284	0.06613526673403407	0.34615384874178284	1.0	3
DLBCL10555	0.3516159847940389	0.05488210830422324	0.2544771654494072	0.30858678245164306	0.03043795900068776	0.3516159847940389	2.0	0
DLBCL10989	0.034629509389004436	0.36015653621493654	0.14705213420155935	0.1372675000270854	0.32089432016741426	0.36015653621493654	1.0	1
DLBCL_LS2245	0.13353435175239323	0.2548578586257488	0.2142919208371771	0.3706548859008205	0.026660982883860335	0.3706548859008205	1.0	3
DLBCL_MC_F739_AMA3	0.048127358026931	0.30588021949471494	0.23352929649377363	0.3726967821305666	0.03976634385401385	0.3726967821305666	1.0	3
DLBCL11439	0.27767954549506163	0.021836691159777176	0.28484955459989597	0.3728532245788167	0.04278098416644854	0.3728532245788167	2.0	3
DLBCL10957	0.3760851551599656	0.01405810890919157	0.24960381870971762	0.3112476211229004	0.04900529609822495	0.3760851551599656	0.0	0
DLBCL10925	0.21138415223003373	0.18465930938630007	0.022123410544558703	0.20192812554822037	0.37990500229088725	0.37990500229088725	4.0	4
DLBCL_LS2325	0.2048759904521967	0.15155763907867056	0.23520634142760233	0.3818813867947412	0.026478642246789294	0.3818813867947412	2.0	3
DFCIDL008_DT	0.1419333741331791	0.07694748398057047	0.0713579781103772	0.32626236972324785	0.3834987940526255	0.3834987940526255	4.0	4
DLBCL11474	0.29517049086676517	0.018546779741949532	0.02247602216427786	0.38423038779972507	0.27957631942728245	0.38423038779972507	0.0	3
DLBCL10521	0.08658524678861326	0.3844428945467903	0.025857908617748865	0.2946383912365832	0.20847555881026436	0.3844428945467903	4.0	1
DFCIDL004_DT	0.30092787190533593	0.025471009731956224	0.020156784531784273	0.38455644589561006	0.2688878879353135	0.38455644589561006	4.0	3
DLBCL11515	0.10005442475229752	0.14265753128166056	0.38539747399257596	0.2772010632336823	0.09468950673978357	0.38539747399257596	2.0	2
DLBCL10867	0.06258370607168923	0.21493012517040005	0.18348069180951765	0.15357299274061828	0.38543248420777465	0.38543248420777465	4.0	4
DLBCL_RICOVER_120	0.3889612080502015	0.06259828892146069	0.18762840547300394	0.16189610408773314	0.19891599346760072	0.3889612080502015	4.0	0
DLBCL10487	0.11959017776652758	0.34136213272990656	0.07091180394844476	0.38948980232066216	0.07864608323445887	0.38948980232066216	1.0	3
DLBCL_RICOVER_314	0.03914883365890211	0.18178919183542014	0.32243885686851365	0.06519424185397747	0.3914288757831866	0.3914288757831866	4.0	4
DLBCL10885	0.2751180131217774	0.15376614985387826	0.04748240632527112	0.1282362669053672	0.395397163793706	0.395397163793706	1.0	4
DLBCL_DFCI_DLBCL_GOE07	0.22113854403691696	0.20712538657778598	0.13047047338152915	0.39622098450323723	0.045044611500530615	0.39622098450323723	1.0	3
DLBCL11206	0.03776938766497099	0.1617506366885738	0.1862837310844748	0.3993020970329906	0.2148941475289899	0.3993020970329906	4.0	3
DLBCL11518	0.4006455686947877	0.10262130257159435	0.0672791966170404	0.35337919051907396	0.07607474159750353	0.4006455686947877	2.0	0
DLBCL10846	0.3067686170804174	0.09108136692590177	0.1780114268408425	0.4025203361182693	0.021618253034568966	0.4025203361182693	1.0	3
DLBCL10959	0.26185501237508746	0.0643980833893837	0.08229408206880501	0.4060156526453227	0.18543716952140116	0.4060156526453227	0.0	3
DLBCL10851	0.13591144980560238	0.2239570144425292	0.026742617740678123	0.2069764572056828	0.40641246080550747	0.40641246080550747	1.0	4
DLBCL10970	0.14131219402165973	0.306061726791538	0.03591084742559677	0.40737484147742165	0.10934039028378385	0.40737484147742165	3.0	3
DLBCL_RICOVER_320	0.02304451536719255	0.2782560164045357	0.24247336358723331	0.04752765845621086	0.4086984461848274	0.4086984461848274	2.0	4
DLBCL10845	0.03915616027470039	0.41244918412456366	0.05469689443287247	0.3547744144089472	0.1389233467589163	0.41244918412456366	1.0	1
DLBC_FF_A7CW_TP_NB	0.12938265128012466	0.41293859720412646	0.11325163216500535	0.2052673094514073	0.1391598098993363	0.41293859720412646	4.0	1
DLBCL10914	0.15847465852408954	0.22068532137595281	0.41715825908976234	0.041123087561990124	0.1625586734482052	0.41715825908976234	0.0	2
DLBCL11449	0.07730775397992219	0.4236537145075029	0.11428579761382128	0.15441107038035676	0.23034166351839694	0.4236537145075029	1.0	1
DLBCL10963	0.16742491067472132	0.18751587258745078	0.0811755281292467	0.42433478490319604	0.13954890370538506	0.42433478490319604	4.0	3
DLBCL_RICOVER_506	0.05902704410220887	0.42554981258306507	0.06040926046687792	0.11873792362423956	0.33627595922360853	0.42554981258306507	4.0	1
DLBCL_RICOVER_408	0.3650932583881005	0.4283917368921169	0.09987734025650327	0.05861382624473618	0.0480238382185431	0.4283917368921169	2.0	1
DLBCL10971	0.089146351835249	0.3219117128698397	0.04417951749905695	0.11255979734476171	0.43220262045109265	0.43220262045109265	0.0	4
DLBC_FF_8043_TP_NB	0.22257242095424265	0.22276789416405185	0.07541311772860017	0.4348465254913468	0.04440004166175867	0.4348465254913468	1.0	3
DLBCL_RICOVER_780	0.04187158476193346	0.34460432547637454	0.4354809936618566	0.14068748927330557	0.03735560682652992	0.4354809936618566	1.0	2
DLBCL10865	0.08401241083255083	0.024046405119830614	0.28373568232836416	0.17057806084675534	0.4376274408724991	0.4376274408724991	4.0	4
DLBCL_MAYO_DLBCL_3653	0.11197746989814439	0.021877681362570088	0.05623017327274008	0.4393860819470983	0.37052859351944717	0.4393860819470983	0.0	3
DLBCL11468	0.03364067614137345	0.04155257796406677	0.3775518675456324	0.4402623926372956	0.10699248571163168	0.4402623926372956	2.0	3
DLBCL11458	0.2056539749816524	0.06933397830788951	0.44233289730052144	0.21151484366537365	0.07116430574456309	0.44233289730052144	2.0	2
DLBCL_RICOVER_1210	0.06175863665790823	0.3808444997675884	0.07184999997701792	0.4431129514696662	0.04243391212781921	0.4431129514696662	1.0	3
DLBCL10881	0.29257757969574244	0.04020008366550463	0.05227191416057018	0.1687848947969162	0.4461655276812665	0.4461655276812665	4.0	4
DLBCL11484	0.24289480016608966	0.4472325992944815	0.027808309734553272	0.16617449383933677	0.11588979696553896	0.4472325992944815	1.0	1
DLBCL10457	0.1003490045273979	0.07374840660011556	0.24272697867013351	0.447417541943358	0.135758068258995	0.447417541943358	4.0	3
DLBCL_LS1683	0.16918474158257504	0.23766551877139744	0.029226203427268924	0.44917544015426464	0.11474809606449393	0.44917544015426464	1.0	3
DLBCL11194	0.45100808209006393	0.026612852517945578	0.07316028493197334	0.224614464298318	0.22460431616169907	0.45100808209006393	4.0	0
DLBCL10452	0.06125324337571591	0.4514488673298751	0.08561005355629397	0.30758418342149496	0.09410365231662013	0.4514488673298751	1.0	1
DLBCL_LS1921	0.08597210209078635	0.35076234514811694	0.06550919978567141	0.45162431071005343	0.046132042265371855	0.45162431071005343	1.0	3
DLBCL10512	0.20364672413771487	0.1964588211995771	0.09006518469647154	0.05657969657592593	0.4532495733903107	0.4532495733903107	2.0	4
DLBCL10908	0.05559322517877155	0.06026495705138123	0.3430501875014893	0.4536241256312355	0.08746750463712247	0.4536241256312355	4.0	3
DLBCL10931	0.4549031269092662	0.020872685799210516	0.054741850000214885	0.30092457578714205	0.16855776150416632	0.4549031269092662	0.0	0
DLBCL10972	0.45669514281341933	0.06139489349626453	0.03874111963788778	0.307564055696343	0.1356047883560855	0.45669514281341933	0.0	0
DLBCL10833	0.29537458569406977	0.032829781029636615	0.024946885100572462	0.1883225606592682	0.4585261875164529	0.4585261875164529	4.0	4
DLBCL_RICOVER_1269	0.10088587448081764	0.45926831345360486	0.23079208781624544	0.15629207970848386	0.05276164454084824	0.45926831345360486	2.0	1
DLBCL10519	0.12987701731173368	0.2664802718111798	0.0907242037324221	0.45997428415019004	0.052944222994474266	0.45997428415019004	1.0	3
DLBCL10536	0.03961543366079389	0.15519036022584998	0.29564303834103983	0.46388569052825174	0.045665477244064424	0.46388569052825174	2.0	3
DLBCL_LS3809	0.46428476541243857	0.0631621542426272	0.020657865633943107	0.15739655550262838	0.2944986592083629	0.46428476541243857	0.0	0
DLBCL_C_D_1115_NULLPAIR	0.22135241801025463	0.46476811002915863	0.021585701929427988	0.24331247175850643	0.04898129827265224	0.46476811002915863	3.0	1
DLBCL10486	0.4671517093898104	0.26284495852850565	0.018489488372144897	0.16025474997942699	0.09125909373011207	0.4671517093898104	0.0	0
DLBCL10539	0.05560397991185841	0.46846869185890344	0.045497296793348734	0.27126222992740195	0.15916780150848747	0.46846869185890344	3.0	1
DLBCL11455	0.4698691689504709	0.022729688727500547	0.1484592636121819	0.32263666454479767	0.03630521416504899	0.4698691689504709	2.0	0
DLBCL11496	0.47154524575815604	0.07005057938625098	0.2433005060209849	0.03961544195191057	0.17548822688269752	0.47154524575815604	0.0	0
DLBCL_C_D_1119_NULLPAIR	0.30929872436106537	0.47155052558183325	0.04451319007083869	0.15536737420071925	0.019270185785543542	0.47155052558183325	1.0	1
DLBCL_C_D_1117_NULLPAIR	0.12133031106585279	0.4724188253647029	0.02834406778904666	0.34094745971605944	0.03695933606433832	0.4724188253647029	1.0	1
DLBCL_C_D_1103_NULLPAIR	0.2236146229915974	0.16666449980429282	0.07089553091286915	0.47247434267255595	0.06635100361868462	0.47247434267255595	3.0	3
DLBCL_LS2367	0.4731176999051528	0.06424836702865766	0.0380314455025445	0.19149677248895636	0.23310571507468864	0.4731176999051528	0.0	0
DLBCL10981	0.1496411006536188	0.21657942624080345	0.07949982658618242	0.4739156924325817	0.08036395408681365	0.4739156924325817	1.0	3
DLBCL10915	0.07211330260800441	0.07818018022742884	0.060224626133690035	0.31458290344398904	0.47489898758688764	0.47489898758688764	4.0	4
DLBCL10548	0.4065012438739921	0.04977779647976104	0.03912088807116083	0.47514248061768133	0.02945759095740463	0.47514248061768133	0.0	3
DLBCL10967	0.47518020846724157	0.059526617489172276	0.19827421861240715	0.07423835307254985	0.1927806023586291	0.47518020846724157	4.0	0
DLBCL_MC_F362_MJB1	0.05067608938735281	0.08067867462668322	0.33306101077877504	0.05995884272178312	0.47562538248540576	0.47562538248540576	2.0	4
DLBCL11440	0.34309770845996856	0.021961545728138715	0.09426141624600588	0.06488565359373046	0.4757936759721564	0.4757936759721564	4.0	4
DLBCL_RICOVER_478	0.09553938730976086	0.4761027542609338	0.025481456807362007	0.14754243649805399	0.2553339651238894	0.4761027542609338	1.0	1
DLBCL_RICOVER_1287	0.24900603713864394	0.4784509253210724	0.016104579336680892	0.10040646788323275	0.15603199032037005	0.4784509253210724	4.0	1
DLBCL_RICOVER_496	0.07844538758030387	0.293629018151888	0.47943224219272895	0.1206685116959921	0.027824840379087026	0.47943224219272895	1.0	2
DLBCL_RICOVER_401	0.031065893572217108	0.4803299495043677	0.38071938190224563	0.08725388898015268	0.02063088604101684	0.4803299495043677	1.0	1
DLBCL_RICOVER_1190	0.48035484489646874	0.024393419677039056	0.10246002422876796	0.24313539679903035	0.1496563143986939	0.48035484489646874	4.0	0
DLBCL10980	0.05726919822640076	0.20149299554818875	0.1299340083665782	0.13092415758188888	0.48037964027694346	0.48037964027694346	4.0	4
DLBCL10857	0.22144128348567466	0.022445986809759788	0.027745385083462727	0.2479210738130264	0.48044627080807656	0.48044627080807656	4.0	4
DLBCL10466	0.06078907053000244	0.1393808377212316	0.48090027805581964	0.23499528938269518	0.08393452431025113	0.48090027805581964	2.0	2
DLBCL_RICOVER_1235	0.026325606883903233	0.4810065815149832	0.31821582457440756	0.10507256750281944	0.06937941952388656	0.4810065815149832	1.0	1
DLBCL10947	0.10280763902205978	0.48179291698097054	0.1149960608391546	0.07995361529356493	0.22044976786425008	0.48179291698097054	1.0	1
DLBCL11202	0.32803949729734094	0.06555653254298473	0.10252808135301632	0.48354082779779917	0.020335061008858887	0.48354082779779917	0.0	3
DLBCL10835	0.03992491518992744	0.15533225401426898	0.09902192561368282	0.22088771928619852	0.4848331858959223	0.4848331858959223	4.0	4
DLBCL_LS155	0.03220216183748121	0.02444226512746033	0.48600447732623664	0.3372552902827969	0.12009580542602503	0.48600447732623664	2.0	2
DLBCL10910	0.02317247400557121	0.050768048599651276	0.3368976413451468	0.4863602898786913	0.1028015461709394	0.4863602898786913	2.0	3
DLBCL_LS4054	0.22402857187125153	0.1562843456956616	0.03889869531779685	0.4886343449804507	0.09215404213483928	0.4886343449804507	1.0	3
DLBCL10919	0.49021171877357966	0.0410766412883416	0.024335098864680042	0.40865377264306413	0.03572276843033453	0.49021171877357966	3.0	0
DLBCL11590	0.4905748134974092	0.04456065852179687	0.1910889827805742	0.23114047855586917	0.04263506664435043	0.4905748134974092	2.0	0
DLBCL_RICOVER_1289	0.04267947320320589	0.017756912220840443	0.0756603583734739	0.49450093567237946	0.36940232053010036	0.49450093567237946	4.0	3
DLBCL10994	0.4957808440790087	0.07862706659224392	0.02093512298345039	0.3207786193152127	0.08387834703008427	0.4957808440790087	0.0	0
DLBCL10936	0.11030001785262228	0.22386971479783044	0.08453453046444619	0.4968494711004945	0.08444626578460651	0.4968494711004945	2.0	3
DLBCL11591	0.065810126381034	0.498607556803269	0.13249056855138075	0.22923788892662333	0.07385385933769295	0.498607556803269	1.0	1
DLBCL10894	0.1683205990011436	0.49948942847512745	0.07611528410650693	0.21477536189243024	0.041299326524791756	0.49948942847512745	1.0	1
DLBCL10969	0.09440461643287491	0.039901215443883496	0.09667586677914049	0.5011434111341542	0.2678748902099469	0.5011434111341542	0.0	3
DLBCL_RICOVER_1081	0.13075841278948722	0.017424468258117557	0.15118236955704065	0.5031454388425016	0.19748931055285296	0.5031454388425016	4.0	3
DLBCL_MC_F064AB	0.027867291530918645	0.06746850660785624	0.5036879891447722	0.35721725503922913	0.04375895767722375	0.5036879891447722	2.0	2
DLBCL_RICOVER_1045	0.5051878830609315	0.030222958431787916	0.02140164212783923	0.3927655026092709	0.050422013770170374	0.5051878830609315	3.0	0
DLBCL_LS2599	0.2628689899125508	0.09487584733263808	0.5059968267018135	0.11129890429709906	0.024959431755898636	0.5059968267018135	2.0	2
DLBCL11651	0.074422959141322	0.026804135773709308	0.2429866713038453	0.1481263241205512	0.5076599096605722	0.5076599096605722	2.0	4
DLBCL10856	0.03923830805963626	0.09481654642898218	0.5080308301544849	0.12342203838244081	0.2344922769744558	0.5080308301544849	2.0	2
DLBCL11541	0.026199049587922598	0.06769411347224419	0.26722601254271017	0.5082396237803537	0.13064120061676932	0.5082396237803537	2.0	3
DLBCL11441	0.2826993240720349	0.08857773674429299	0.031653617057612625	0.5124900486995033	0.08457927342655612	0.5124900486995033	2.0	3
DLBCL_RICOVER_1060	0.27250254951470787	0.07968313638563139	0.048317090947711555	0.5125558941034514	0.08694132904849793	0.5125558941034514	1.0	3
DLBCL10485	0.041772946036855725	0.10119808860650331	0.0465901320096234	0.2968795195630266	0.513559313783991	0.513559313783991	4.0	4
DLBCL11448	0.02994865072992917	0.09150671494167732	0.1599607950021169	0.5139051654019479	0.20467867392432865	0.5139051654019479	3.0	3
DLBCL_RICOVER_1263	0.06364083194968868	0.07722044645207572	0.5146315545535888	0.3153989523651353	0.029108214679511447	0.5146315545535888	2.0	2
DLBCL_C_D_1129_NULLPAIR	0.515470202086503	0.08945770538355832	0.03127292126580494	0.04539958160024939	0.31839958966388443	0.515470202086503	0.0	0
DLBCL11469	0.04088233529082698	0.11263137211852386	0.5164798372541597	0.2198629581554811	0.11014349718100833	0.5164798372541597	2.0	2
DLBCL10983	0.10100804748099251	0.5167500045749931	0.09113492447236152	0.05297629036168271	0.23813073310997024	0.5167500045749931	1.0	1
DLBCL_LS4619	0.05517761914598688	0.12640004429025947	0.248054488351521	0.5176960905354039	0.05267175767682874	0.5176960905354039	4.0	3
DLBCL_MAYO_DLBCL_234	0.13712662378284968	0.015508607356256138	0.07290216435826564	0.5181630559934532	0.2562995485091753	0.5181630559934532	2.0	3
DLBCL11432	0.3567951227862822	0.015760147378618646	0.06145124293431168	0.5186498821002925	0.04734360480049483	0.5186498821002925	0.0	3
DLBCL11534	0.5189638364746711	0.02696184621082272	0.35640350991246894	0.04955748711474828	0.04811332028728891	0.5189638364746711	2.0	0
DLBCL10532	0.052684195464496805	0.1127491910780745	0.10233867512406933	0.21200916977934695	0.5202187685540124	0.5202187685540124	4.0	4
DLBCL_LS1757	0.35414870043672225	0.022463300700258475	0.06572539938433358	0.5229752605053516	0.034687338973334	0.5229752605053516	0.0	3
DLBC_FF_8062_TP_NB	0.11507970528096138	0.14161438165747844	0.0559732841653473	0.5230438478082537	0.16428878108795916	0.5230438478082537	3.0	3
DLBCL10501	0.03276821512693899	0.17544676896279593	0.5230691339880027	0.17904143505009323	0.08967444687216919	0.5230691339880027	2.0	2
DLBCL11672	0.09119869990667973	0.021259373989660754	0.5243262094130766	0.18447043234056407	0.17874528435001882	0.5243262094130766	2.0	2
DLBCL10898	0.023060293908468355	0.0732369153611862	0.30120419220980277	0.07766306094341538	0.5248355375771272	0.5248355375771272	4.0	4
DLBCL10453	0.3312677506222236	0.03197130823282859	0.04491165846647279	0.5251430475471146	0.06670623513136047	0.5251430475471146	1.0	3
DLBCL_LS3204	0.5254361466638634	0.16561411177067126	0.04758669560922318	0.23308744354029484	0.02827560241594732	0.5254361466638634	1.0	0
DLBC_FF_8046_TP_NB	0.33004094271468876	0.061605814063865325	0.0394583497938781	0.5258123057955003	0.04308258763206752	0.5258123057955003	2.0	3
DLBCL_DFCI_DLBCL_GOE05	0.03086368717809528	0.5262351987717713	0.05018985831925768	0.12783457180112393	0.26487668392975183	0.5262351987717713	1.0	1
DLBCL_C_D_1151_NULLPAIR	0.3385322323225576	0.04475762487996915	0.056711990230684343	0.530044875646176	0.029953276920613073	0.530044875646176	3.0	3
DLBCL_LS1668	0.04858950581579228	0.08646435078149173	0.211613430692438	0.5301657023020451	0.12316701040823293	0.5301657023020451	1.0	3
DLBCL_LS1304	0.023938150528546587	0.01912946364725328	0.28020922607486326	0.1462765576737001	0.5304466020756368	0.5304466020756368	2.0	4
DLBCL_MC_F210_GWC	0.2827905940952746	0.5330402399794252	0.0425378378191088	0.06000216224445934	0.08162916586173206	0.5330402399794252	1.0	1
DLBCL10858	0.04586279232542982	0.016506222523891438	0.04787061041886744	0.5338001659906293	0.3559602087411821	0.5338001659906293	3.0	3
DLBCL_LS2590	0.04801032696813899	0.021462217483872684	0.06793386527395416	0.5345277240730509	0.32806586620098316	0.5345277240730509	3.0	3
DLBCL11436	0.5357837415140008	0.07842462804236228	0.016717668153075668	0.32403020877816124	0.045043753512400087	0.5357837415140008	1.0	0
DLBCL11675	0.0626132095293159	0.01152167529255796	0.5360359477684034	0.3126804991995103	0.07714866821021252	0.5360359477684034	2.0	2
DLBCL10484	0.039490864143618756	0.5387275091068959	0.23473325004802925	0.1661031389375393	0.0209452377639168	0.5387275091068959	1.0	1
DLBCL11533	0.538743298971203	0.1816713062834431	0.20038892348585638	0.04934418376908597	0.02985228749041155	0.538743298971203	1.0	0
DLBCL_C_D_1153_NULLPAIR	0.21023769386818658	0.08828315909967444	0.07964582504781537	0.5409768993301831	0.08085642265414045	0.5409768993301831	3.0	3
DLBCL10906	0.1549921023673631	0.5418135139452058	0.05579737083298824	0.03948514715851894	0.2079118656959239	0.5418135139452058	1.0	1
DLBCL10995	0.26331262367062047	0.021370403118919305	0.5427217716852503	0.07776107586513309	0.09483412566007693	0.5427217716852503	2.0	2
DLBCL_RICOVER_288	0.21263809862205402	0.542804716682777	0.015249108357391234	0.16013454320211767	0.06917353313566008	0.542804716682777	1.0	1
DLBCL10848	0.06465362373457594	0.020303514707284403	0.10822096669876699	0.25583748370941006	0.5509844111499625	0.5509844111499625	4.0	4
DLBCL10999	0.03182196992485029	0.05462183868993741	0.07457261332157636	0.2845075141205907	0.5544760639430452	0.5544760639430452	4.0	4
DLBCL_RICOVER_773	0.01804994906182338	0.08303541514751599	0.5554796598212426	0.1496422040553941	0.19379277191402391	0.5554796598212426	4.0	2
DLBCL11574	0.06028528087346954	0.0580021819107044	0.28555145545222116	0.03957699419079538	0.5565840875728095	0.5565840875728095	2.0	4
DLBCL11525	0.556693533815519	0.019357586063699795	0.2640031343575821	0.12062354644494377	0.03932219931825536	0.556693533815519	2.0	0
DLBCL_RICOVER_1106	0.028590625453787426	0.08181940898727226	0.05620327455503342	0.27268917257002734	0.5606975184338795	0.5606975184338795	4.0	4
DLBCL11566	0.0508043267522808	0.11349247482932669	0.5611584739354885	0.22431798553618604	0.05022673894671812	0.5611584739354885	2.0	2
DLBCL11476	0.06974559394167766	0.05185497751660314	0.040441672781981235	0.27590880480245566	0.5620489509572822	0.5620489509572822	4.0	4
DLBCL11429	0.5651464785636887	0.015918991707971602	0.039297459211004276	0.29662892145535824	0.0830081490619772	0.5651464785636887	0.0	0
DLBCL10564	0.06417720267778718	0.13975826939605035	0.13273865868698	0.5662268597848038	0.09709900945437855	0.5662268597848038	3.0	3
DLBCL11542	0.059683405020184974	0.06249591163088893	0.5685999971950131	0.28667808902814557	0.02254259712576743	0.5685999971950131	2.0	2
DLBCL10517	0.024037844892970315	0.29187128266223994	0.5693366519454597	0.06937555123664116	0.045378669262688916	0.5693366519454597	1.0	2
DLBCL_MAYO_DLBCL_5613	0.5712453140514263	0.03712875195880684	0.03643653332411614	0.3340792970273734	0.021110103638277276	0.5712453140514263	0.0	0
DLBCL_LS762	0.04092564502104007	0.04888393108464566	0.2604215879000995	0.5713242523581142	0.07844458363610043	0.5713242523581142	2.0	3
DLBCL_MC_F089_HCZ	0.016593363322107313	0.5719410942177889	0.1145537194057419	0.17525889502089534	0.12165292803346647	0.5719410942177889	1.0	1
DLBCL_LS3200	0.034515559249133576	0.31822470889733206	0.027995259346510322	0.046064271742168726	0.5732002007648553	0.5732002007648553	4.0	4
DLBCL_MC_F132_MLM	0.576004636198656	0.018738517147169818	0.01828773193432111	0.3521663992467696	0.03480271547308335	0.576004636198656	0.0	0
DLBCL_C_D_1128_NULLPAIR	0.5783847349129313	0.03263456954505179	0.023781670775628073	0.31757418001657106	0.04762484474981772	0.5783847349129313	0.0	0
DLBCL_C_D_1148_NULLPAIR	0.581334083841011	0.016483766756983192	0.04872565130621085	0.3279148813703197	0.025541616725475162	0.581334083841011	0.0	0
DLBCL10878	0.17784772253562284	0.023541492928911945	0.044093434202600666	0.582715400684444	0.17180194964842058	0.582715400684444	4.0	3
DLBCL_RICOVER_866	0.04375178115746359	0.03510472669914022	0.31292387892211454	0.5828708910667088	0.02534872215457284	0.5828708910667088	2.0	3
DLBCL10888	0.02462513198385017	0.018778411914530387	0.2734812048360258	0.10022599732995835	0.5828892539356353	0.5828892539356353	4.0	4
DLBCL10869	0.5848968949860803	0.06196785048044083	0.014555617254560317	0.2360479141361041	0.10253172314281443	0.5848968949860803	0.0	0
DLBCL11346	0.04102941787292338	0.26540517560947885	0.05220932850725332	0.055965830101218486	0.585390247909126	0.585390247909126	1.0	4
DLBCL11538	0.04198086392731119	0.013606100697676851	0.5868884264223577	0.2509912829303904	0.10653332602226381	0.5868884264223577	4.0	2
DLBCL10934	0.05528010008067131	0.1680294800454171	0.027951511950076533	0.15923353833457485	0.5895053695892601	0.5895053695892601	1.0	4
DLBCL11681	0.07969563240221288	0.015246056396468463	0.23802516271073137	0.5904377820527009	0.07659536643788627	0.5904377820527009	0.0	3
DLBCL11581	0.260272845652606	0.022228107331797052	0.057839173077777896	0.5943727762885799	0.06528709764923915	0.5943727762885799	4.0	3
DLBCL11204	0.17783702730490308	0.5949332151029568	0.0299640003295921	0.039989019916660956	0.15727673734588699	0.5949332151029568	1.0	1
DLBCL_RICOVER_850	0.01885497420821824	0.06760164678100182	0.0641073153169871	0.25060740260767983	0.598828661086113	0.598828661086113	4.0	4
DLBCL_C_D_1166_NULLPAIR	0.022678247105576074	0.30390809151268505	0.03933275964874275	0.02804635284070015	0.606034548892296	0.606034548892296	4.0	4
DLBCL10891	0.08459760742675891	0.024237711198990642	0.18693933303108465	0.09772368980207571	0.6065016585410901	0.6065016585410901	4.0	4
DLBCL10467	0.07381404965602167	0.017493694006308735	0.0729558450054307	0.2272613638869309	0.608475047445308	0.608475047445308	4.0	4
DFCIDL009_DT	0.05320279797405057	0.0562519171443206	0.6119263318184954	0.25742770724054637	0.02119124582258706	0.6119263318184954	2.0	2
DLBCL10514	0.2068359128584507	0.046296129430476514	0.10409854664544034	0.6137286980878925	0.029040712977739806	0.6137286980878925	2.0	3
DLBCL10462	0.6137360630302623	0.019520282182788246	0.031705889779588034	0.2896663828316289	0.0453713821757325	0.6137360630302623	0.0	0
DLBCL10955	0.19699243437424363	0.04740107041309057	0.05510664361160256	0.6145646311791547	0.0859352204219085	0.6145646311791547	3.0	3
DLBCL10956	0.6147386108616439	0.20284032291830287	0.07611466399762988	0.03577818547434256	0.07052821674808073	0.6147386108616439	1.0	0
DLBCL_RICOVER_134	0.08497648759391975	0.20017341334363487	0.033681854952158516	0.06534832725920907	0.6158199168510777	0.6158199168510777	4.0	4
DLBCL11576	0.6195212431408698	0.05981652271752868	0.06671103432615637	0.1589693614973669	0.09498183831807822	0.6195212431408698	3.0	0
DLBCL10973	0.1194716729389218	0.018553704158545955	0.11337644054894731	0.6256447645789627	0.12295341777462222	0.6256447645789627	3.0	3
DLBCL10874	0.07486009612026738	0.08891774231178143	0.028121606720577508	0.18215659650860122	0.6259439583387725	0.6259439583387725	1.0	4
DLBCL11504	0.037500914698726344	0.04315692913961854	0.029759953366639356	0.2618985735837431	0.6276836292112726	0.6276836292112726	4.0	4
DLBCL_C_D_1112_NULLPAIR	0.227338637979938	0.0324224210002342	0.0872446554469273	0.6296354027934457	0.02335888277945479	0.6296354027934457	2.0	3
DLBCL11671	0.6307599071806032	0.12295111145726892	0.1578765542433447	0.06785020233905714	0.020562224779726006	0.6307599071806032	0.0	0
DLBCL11003	0.6312048079028306	0.07679879875910803	0.09525195167128782	0.054496683556836074	0.1422477581099374	0.6312048079028306	1.0	0
DLBCL_MC_F307_JPS	0.164551056302901	0.030953279720228863	0.045942107494256375	0.6323144901359428	0.1262390663466709	0.6323144901359428	0.0	3
DLBCL11495	0.19949238546374798	0.01841298089804712	0.04039051430539633	0.6326210917800658	0.1090830275527428	0.6326210917800658	4.0	3
DLBCL_C_D_1139_NULLPAIR	0.20359272138653617	0.10346784349487544	0.03388548292974189	0.6378411945482393	0.021212757640607236	0.6378411945482393	3.0	3
DLBCL11433	0.05870967984059611	0.043545779048543	0.03521132013177684	0.6407136990283658	0.22181952195071825	0.6407136990283658	3.0	3
DLBCL11471	0.04993504851567911	0.029954514326049644	0.05500889457481089	0.643684150249976	0.22141739233348431	0.643684150249976	3.0	3
DLBCL_C_D_1144_NULLPAIR	0.10287905284339727	0.05884123331912165	0.09181232707547786	0.10233971336414896	0.6441276733978543	0.6441276733978543	4.0	4
DLBCL_LS4592	0.009790278778110091	0.038649805790219184	0.2062065857279816	0.09943098877659007	0.645922340927099	0.645922340927099	2.0	4
DLBCL_RICOVER_467	0.01203679957781813	0.2103350502443654	0.0998650057941899	0.03167844703266754	0.6460846973509591	0.6460846973509591	1.0	4
DLBCL_C_D_1105_NULLPAIR	0.23158796132061868	0.6478772368993857	0.019478964919916828	0.0538430241536522	0.047212812706426556	0.6478772368993857	1.0	1
DLBCL10483	0.03208155331434102	0.648405863476076	0.15203361015767505	0.11950607024650836	0.04797290280539957	0.648405863476076	1.0	1
DLBCL11479	0.01688943654526486	0.06027998160065577	0.09038449670584554	0.1830637449481658	0.649382340200068	0.649382340200068	1.0	4
DLBCL10780	0.07720282659791987	0.6501703286914203	0.1269956981563048	0.10109372989567617	0.04453741665867879	0.6501703286914203	1.0	1
DLBCL_C_D_1126_NULLPAIR	0.1848185488038697	0.06613484706711834	0.05792076283518156	0.6516680785434873	0.03945776275034319	0.6516680785434873	1.0	3
DLBCL_RICOVER_1278	0.123119966132581	0.025793181240149326	0.037899301012059	0.6527277278253786	0.160459823789832	0.6527277278253786	4.0	3
DLBCL11000	0.031038921260087685	0.025086307413676748	0.06427011631733809	0.22322354381746418	0.6563811111914333	0.6563811111914333	4.0	4
DLBCL_LS4616	0.020091114265996027	0.14854401955787	0.6593532092924426	0.11037607139767391	0.061635585486017413	0.6593532092924426	2.0	2
DLBCL11516	0.6614113069666647	0.18351099441272084	0.014221844442219326	0.08595898557335883	0.05489686860503625	0.6614113069666647	1.0	0
DLBCL_LS4593	0.04406897529368067	0.033068434852567725	0.23238955321738045	0.6616341199397646	0.028838916696606546	0.6616341199397646	2.0	3
DLBCL11435	0.662529144657029	0.027619858113030856	0.024708737948027443	0.21954006185270084	0.06560219742921186	0.662529144657029	0.0	0
DLBCL10509	0.6627594092545628	0.0805355799635605	0.01650046384823092	0.20322790580691932	0.03697664112672657	0.6627594092545628	0.0	0
DLBCL10921	0.0254167170411691	0.07490949033203388	0.09307737510762985	0.1380831042559339	0.6685133132632333	0.6685133132632333	4.0	4
DLBCL10843	0.21361719196546436	0.02446230463282353	0.059622180743639744	0.6687151517310019	0.033583170927070444	0.6687151517310019	0.0	3
DLBCL11480	0.6719584545439923	0.02472745460796685	0.023387673855069093	0.21888900144093987	0.061037415552031855	0.6719584545439923	0.0	0
DLBCL11478	0.6730944521267741	0.11608378530376849	0.08029135151754511	0.061410586710503354	0.06911982434140891	0.6730944521267741	0.0	0
DLBCL_C_D_1156_NULLPAIR	0.6741323161945639	0.19622177857238116	0.01669701663437639	0.08836509807258083	0.024583790526097684	0.6741323161945639	0.0	0
DLBCL_RICOVER_1150	0.08298390657874564	0.06902725454520066	0.09930579812916841	0.6751891763254	0.07349386442148531	0.6751891763254	0.0	3
DLBCL10844	0.6777185019643621	0.07429892074791174	0.015846629347987574	0.03199019258102422	0.2001457553587143	0.6777185019643621	0.0	0
DLBCL11511	0.6787960620275089	0.013962644650039676	0.13010016634220217	0.1596979517065959	0.017443175273653324	0.6787960620275089	0.0	0
DLBCL10527	0.05654151230259782	0.025914826168465483	0.13723575711758418	0.6789285866115016	0.10137931779985088	0.6789285866115016	3.0	3
DLBCL10782	0.17987972114574927	0.057285513188303695	0.058727100203237466	0.6800529252970339	0.024054740165675714	0.6800529252970339	3.0	3
DLBCL10482	0.11002026259676212	0.02471573950598906	0.021276489059372062	0.16298377045468532	0.6810037383831914	0.6810037383831914	0.0	4
DLBCL10975	0.6815191000499153	0.014613814219572923	0.016855307182521054	0.256262809040475	0.030748969507515714	0.6815191000499153	0.0	0
DLBCL_RICOVER_1165	0.6833085911593632	0.09343900003777053	0.018650670656514528	0.0696470162067861	0.13495472193956565	0.6833085911593632	1.0	0
DLBCL_RICOVER_522	0.11977548928374265	0.023969351212423915	0.14361785711205952	0.6854665509613403	0.027170751430433494	0.6854665509613403	2.0	3
DLBCL_MC_F606_DMJ	0.14255815768353014	0.11072015346055067	0.6886387489401378	0.042759627956493226	0.015323311959288178	0.6886387489401378	2.0	2
DLBCL11510	0.1526202192188828	0.04909596257834317	0.05150137582675424	0.05799741545736294	0.6887850269186568	0.6887850269186568	4.0	4
DLBCL10549	0.02513407694000379	0.22104099975893438	0.6930498197491016	0.02557069716399029	0.0352044063879699	0.6930498197491016	1.0	2
DLBCL_LS297	0.11516111865643976	0.01314108427941164	0.6940903212344257	0.1591691459198245	0.01843832990989837	0.6940903212344257	2.0	2
DLBCL_MC_F218_RAP	0.6946580777390713	0.016143982754452457	0.0369943563039713	0.23612060337334875	0.01608297982915617	0.6946580777390713	3.0	0
DLBCL10454	0.6997780610471005	0.10399423855663843	0.03437305760939934	0.07982098167209883	0.0820336611147628	0.6997780610471005	4.0	0
DLBCL11454	0.7007335287844982	0.03725861155770739	0.0343411851308681	0.2102010482845719	0.017465626242354367	0.7007335287844982	0.0	0
DLBCL_RICOVER_1219	0.04039674838883001	0.08801895466879608	0.028892696518747277	0.14050014668806596	0.7021914537355606	0.7021914537355606	4.0	4
DLBCL11491	0.1359294980187682	0.033855584581544015	0.060211329667904344	0.7045925018923972	0.06541108583938626	0.7045925018923972	3.0	3
DLBCL10553	0.05388210097926947	0.0318635091965566	0.14752050925120333	0.708100941832521	0.05863293874044962	0.708100941832521	3.0	3
DLBCL10930	0.09712863434799679	0.036396136023556604	0.04855803720107067	0.10782713779569059	0.7100900546316854	0.7100900546316854	4.0	4
DLBCL_RICOVER_258	0.06349447465557008	0.015353848036780327	0.15689880379867688	0.7102715962467229	0.053981277262249786	0.7102715962467229	2.0	3
DLBCL11486	0.7103038743007317	0.013456692701359326	0.1078647256059523	0.11427369302363767	0.05410101436831899	0.7103038743007317	0.0	0
DLBCL10873	0.09444365755692469	0.08839441495242595	0.06907171054882415	0.7145087196195641	0.033581497322261185	0.7145087196195641	1.0	3
DLBCL11242	0.10746709663108253	0.022399690697136727	0.028427547393749714	0.7164539264367527	0.12525173884127846	0.7164539264367527	4.0	3
DLBCL10459	0.029297344821275287	0.03643946679457149	0.7194170248482893	0.191872802083867	0.022973361451996858	0.7194170248482893	2.0	2
DLBCL11001	0.08818654099988524	0.01460296064894204	0.035177914309589636	0.142331556664752	0.7197010273768311	0.7197010273768311	4.0	4
DLBCL_C_D_1118_NULLPAIR	0.7203501241433702	0.07709926437349594	0.00925930951108403	0.09630975415587072	0.09698154781617914	0.7203501241433702	1.0	0
DLBCL11683	0.07154834579371033	0.021029302548464905	0.7206372500996561	0.14166463052512826	0.04512047103304046	0.7206372500996561	2.0	2
DLBCL_LS2208	0.010970445766014398	0.08309004727379986	0.7217280030771692	0.05995262620902365	0.12425887767399285	0.7217280030771692	4.0	2
DLBCL_LS3499	0.04426866759068514	0.02774110968292207	0.05248936108194089	0.7222227209234525	0.15327814072099938	0.7222227209234525	3.0	3
DLBCL_LS378	0.1812779092167144	0.025552112628633408	0.055869485949506054	0.7224371924639695	0.014863299741176686	0.7224371924639695	0.0	3
DLBCL10965	0.16924601786074422	0.027943587629588467	0.035299005747928214	0.722657818590669	0.044853570171070056	0.722657818590669	3.0	3
DLBCL10907	0.09596772608579388	0.057050765461231924	0.03796690520731523	0.7238809098575733	0.08513369338808568	0.7238809098575733	1.0	3
DLBCL10523	0.03261879086938581	0.04409274160466814	0.724875042664417	0.18405638942497793	0.014357035436551093	0.724875042664417	2.0	2
DLBCL_C_D_1113_NULLPAIR	0.06544360195195771	0.02550586347930299	0.15878202503868943	0.7281344769616356	0.022134032568414296	0.7281344769616356	2.0	3
DLBCL_RICOVER_583	0.024784077291700804	0.7298455947941666	0.12275383919406069	0.07260621999621229	0.050010268723859656	0.7298455947941666	1.0	1
DLBCL11663	0.7302268807787847	0.02694409686440023	0.0113250099126215	0.17178919592221997	0.05971481652197364	0.7302268807787847	0.0	0
DLBCL_MC_F496DMP	0.05450398674593141	0.1433379424235966	0.7311274284046491	0.04412552370499169	0.02690511872083121	0.7311274284046491	1.0	2
DLBCL_RICOVER_985	0.05802153346803805	0.05446480204343562	0.09031098046914997	0.7314929167028217	0.06570976731655463	0.7314929167028217	3.0	3
DLBCL_RICOVER_449	0.03943016700167924	0.019169229552927578	0.10256487992458216	0.10703386922793057	0.7318018542928805	0.7318018542928805	4.0	4
DLBCL10993	0.7356674784532957	0.03543513764027504	0.03109869702288765	0.12875669358911607	0.0690419932944256	0.7356674784532957	0.0	0
DLBCL10503	0.7358436136936315	0.08962978447201037	0.04592849240644643	0.06763546476321694	0.06096264466469467	0.7358436136936315	1.0	0
DLBCL10928	0.7363168142739617	0.08162480404256121	0.03632974891559716	0.11680218767626793	0.02892644509161205	0.7363168142739617	0.0	0
DLBCL10490	0.7366600235256846	0.028507354387253696	0.01690932458384554	0.195536198829634	0.022387098673582226	0.7366600235256846	0.0	0
DLBCL_RICOVER_533	0.04824794535282943	0.7410311503455779	0.07455223848249072	0.11831719390487196	0.01785147191422998	0.7410311503455779	1.0	1
DLBCL_MC_F729_MAN	0.03580320233734121	0.16342936926754698	0.019412819101867596	0.0398122363894094	0.7415423729038348	0.7415423729038348	1.0	4
DLBCL11457	0.7425756800172965	0.01412417507450515	0.027560727320098278	0.18372875244502196	0.032010665143078154	0.7425756800172965	0.0	0
DLBCL10781	0.018709986858008208	0.020089234205021202	0.053671211166190676	0.16467302054552913	0.7428565472252509	0.7428565472252509	4.0	4
DLBCL10456	0.05170586398801887	0.05013222631927427	0.06888487118918969	0.7429646233166606	0.08631241518685666	0.7429646233166606	3.0	3
DLBCL10876	0.13456226593753998	0.06274755965721028	0.0354545327050314	0.023185366557714252	0.7440502751425041	0.7440502751425041	4.0	4
DLBCL10964	0.06532716783632295	0.04530348382844816	0.03140502870219985	0.7453860234004677	0.1125782962325613	0.7453860234004677	4.0	3
DLBCL10954	0.14024653440256662	0.7458422697353211	0.030924460267972846	0.040290015685151996	0.042696719908987456	0.7458422697353211	1.0	1
DLBCL10913	0.7462623484179491	0.04645837987460009	0.01568277411059626	0.1680541459538481	0.023542351643006443	0.7462623484179491	0.0	0
DLBCL10451	0.7468585962634521	0.026983870007615235	0.16525371934411567	0.0507193510673299	0.0101844633174871	0.7468585962634521	0.0	0
DLBCL10552	0.15797975123749544	0.0196445504337354	0.05304219713325748	0.7473322424662164	0.022001258729295304	0.7473322424662164	3.0	3
DLBCL11657	0.06505590017779692	0.03893384474930179	0.12089397260158892	0.7479616881853469	0.027154594285965433	0.7479616881853469	3.0	3
DLBCL10890	0.08509637103233494	0.04923878932884436	0.04033850505772923	0.07619270904038111	0.7491336255407103	0.7491336255407103	4.0	4
DLBCL_RICOVER_711	0.12432331213880896	0.04873273967386188	0.02552372688273526	0.754464313231451	0.0469559080731429	0.754464313231451	3.0	3
DLBCL11536	0.10457062478491728	0.7549717064538841	0.02594462980392374	0.08434438966234088	0.030168649294933972	0.7549717064538841	3.0	1
DLBCL_RICOVER_173	0.036400755986946635	0.027150109745551414	0.022426966783485786	0.15878567063125487	0.7552364968527613	0.7552364968527613	4.0	4
DLBCL11437	0.13050569022408764	0.017591606877616742	0.0277127701936953	0.7562539332465467	0.06793599945805365	0.7562539332465467	3.0	3
DLBCL10492	0.08580983476819294	0.028246317853413947	0.022009345725386285	0.10536683303343831	0.7585676686195685	0.7585676686195685	0.0	4
DLBCL11473	0.7594446460672446	0.022951667221675357	0.022058696486143056	0.1735562054317	0.021988784793237008	0.7594446460672446	0.0	0
DLBCL_RICOVER_338	0.12713663769536107	0.01736846471659228	0.05885710464692334	0.7598311864535904	0.03680660648753294	0.7598311864535904	0.0	3
DLBCL_RICOVER_1204	0.03563187064712559	0.04076138926001846	0.08233111959523333	0.7608250938551404	0.08045052664248216	0.7608250938551404	3.0	3
DLBCL_LS1395	0.1062755397438001	0.029975774741744274	0.7615642956694414	0.049013076646762875	0.05317131319825131	0.7615642956694414	2.0	2
DLBCL10918	0.7694302415323783	0.015348443818459973	0.04859042044368657	0.053313384893239016	0.11331750931223618	0.7694302415323783	0.0	0
DLBCL_MC_F815_BAT	0.053107981983895734	0.039799475652673284	0.7706150269894775	0.10782488603812267	0.028652629335830782	0.7706150269894775	2.0	2
DLBCL10450	0.10659870231093799	0.034808012921940724	0.027375942357307736	0.7706323680317153	0.06058497437809821	0.7706323680317153	0.0	3
DLBCL10852	0.012005066299697366	0.04526510599189449	0.04186561640361118	0.1271241737853643	0.7737400375194327	0.7737400375194327	4.0	4
DLBCL_RICOVER_948	0.11487951628560085	0.7742128871411664	0.06579839867037597	0.024619774954589023	0.020489422948267656	0.7742128871411664	1.0	1
DLBCL10842	0.02806258401075043	0.016014979143670408	0.03085718143875312	0.1501424198919836	0.7749228355148424	0.7749228355148424	4.0	4
DLBCL11002	0.1493687925471546	0.02178128507561921	0.033189554489816545	0.7755700574425213	0.020090310444888362	0.7755700574425213	3.0	3
DLBCL11595	0.05612534692583213	0.03039675793112322	0.0772407435836543	0.7762048127972544	0.06003233876213597	0.7762048127972544	4.0	3
DLBCL11498	0.12317840628935944	0.7778445089191703	0.016435081850570552	0.04663734924210258	0.03590465369879708	0.7778445089191703	1.0	1
DLBCL10902	0.06099542915149542	0.05312360134932798	0.019619795948502702	0.0875855126227794	0.7786756609278945	0.7786756609278945	4.0	4
DLBCL_RICOVER_910	0.047095584899671576	0.026672661073648133	0.12747127440472275	0.7791982790646814	0.019562200557276147	0.7791982790646814	0.0	3
DLBCL11569	0.041391849838457916	0.09354603441272491	0.7802799743252259	0.06400054290208723	0.020781598521504026	0.7802799743252259	2.0	2
DLBCL11500	0.051321198215436944	0.022172862335160547	0.05913012892182863	0.08661171016996756	0.7807641003576063	0.7807641003576063	4.0	4
DLBCL11512	0.7810427161067011	0.021434288878618347	0.027374546935944863	0.15271651636025907	0.017431931718476706	0.7810427161067011	0.0	0
DLBCL10904	0.038653784917725295	0.02868251870549327	0.07004624122390546	0.08064966546461226	0.7819677896882637	0.7819677896882637	4.0	4
DLBCL_RICOVER_151	0.05120765028927925	0.09197503149448796	0.03188155554682858	0.782549745768594	0.04238601690081021	0.782549745768594	3.0	3
DLBCL11456	0.030840084751287765	0.7858929400024497	0.08380875982149198	0.07693332463039507	0.02252489079437553	0.7858929400024497	1.0	1
DLBCL10849	0.04470684510359453	0.7886768695408622	0.02192347121273506	0.014537862262157926	0.13015495188065032	0.7886768695408622	1.0	1
DLBCL10863	0.06798621011958902	0.017591286132950974	0.02998769572344994	0.7887583276935556	0.09567648033045449	0.7887583276935556	3.0	3
DLBCL_C_D_1157_NULLPAIR	0.04874172035521674	0.01912397674827208	0.7907342458223634	0.1240234894484494	0.017376567625698402	0.7907342458223634	2.0	2
DLBCL11431	0.07808624871591012	0.02265841746738852	0.02691268074601356	0.7910029282938069	0.08133972477688095	0.7910029282938069	4.0	3
DLBCL10985	0.12192093652493047	0.024990914366016127	0.03362790755435987	0.7913167087453332	0.028143532809360345	0.7913167087453332	1.0	3
DLBCL_C_D_1106_NULLPAIR	0.09033815574831086	0.7915252622794445	0.017760282924049308	0.06536885766929947	0.03500744137889583	0.7915252622794445	1.0	1
DLBCL_RICOVER_111	0.07765174730610662	0.02603366276365507	0.7924934222345348	0.07595213724474191	0.027869030450961573	0.7924934222345348	4.0	2
DLBCL11464	0.13316431480747662	0.01982650344428094	0.03171708476614731	0.7933422939408484	0.021949803041246718	0.7933422939408484	3.0	3
DLBCL10535	0.015310551146150033	0.02261445676032558	0.04263966285224165	0.12491194907624507	0.7945233801650377	0.7945233801650377	4.0	4
DLBCL10837	0.029183831161359156	0.06678398468542984	0.029017145487962782	0.07958607437504488	0.7954289642902034	0.7954289642902034	4.0	4
DLBCL11662	0.7957256471435945	0.02709315338239705	0.014566207352374927	0.13381475458334	0.02880023753829352	0.7957256471435945	0.0	0
DLBCL10961	0.019320967432082142	0.0846993141547942	0.034541912572266756	0.06550761153471889	0.795930194306138	0.795930194306138	4.0	4
DLBCL11676	0.09972485935254806	0.019415539088709393	0.06686998846829614	0.7981744923971602	0.01581512069328616	0.7981744923971602	0.0	3
DLBCL11507	0.03685654795490179	0.7986593280092361	0.10629063574363028	0.03236856857688784	0.02582491971534402	0.7986593280092361	1.0	1
DLBCL10491	0.04641749864773085	0.06993860725021551	0.06284313184010876	0.7999343716843371	0.02086639057760769	0.7999343716843371	3.0	3
DLBCL_C_D_1123_NULLPAIR	0.8011678137155741	0.02624985883585414	0.014293260422526063	0.14358519279072265	0.01470387423532307	0.8011678137155741	0.0	0
DLBCL_C_D_1152_NULLPAIR	0.014794320457867913	0.8015899208862092	0.09300334789320973	0.04245917427974946	0.04815323648296372	0.8015899208862092	1.0	1
DLBCL_RICOVER_1299	0.05856865919969254	0.0153509891174663	0.024853942836005803	0.09848245085057669	0.8027439579962586	0.8027439579962586	4.0	4
DLBCL_LS1098	0.024716871565321836	0.015438876121985455	0.8032633907667363	0.12672751458492926	0.029853346961027205	0.8032633907667363	2.0	2
DLBCL_RICOVER_417	0.05214771265485537	0.02713498745077247	0.015157963918105402	0.10117732386860931	0.8043820121076575	0.8043820121076575	4.0	4
DLBCL10866	0.04598945277923953	0.017565021566788436	0.04139194027641176	0.8051382047239595	0.08991538065360083	0.8051382047239595	4.0	3
DLBCL_MC_F502_RFK	0.007858200391536407	0.805562140040078	0.12491750185141735	0.02738649037638488	0.03427566734058341	0.805562140040078	1.0	1
DLBCL10541	0.03367586836184122	0.8071854186109908	0.02167001558416578	0.09960162403909993	0.03786707340390226	0.8071854186109908	1.0	1
DLBCL11535	0.10087079573737896	0.022202298446256097	0.022190909599485706	0.8074473076350724	0.047288688581806806	0.8074473076350724	3.0	3
DLBCL_C_D_1159_NULLPAIR	0.8080857112989983	0.009770721684766628	0.02128756250892175	0.14405249693512956	0.016803507572183695	0.8080857112989983	3.0	0
DLBCL10554	0.08098986600060656	0.011120733906620255	0.8095826131674111	0.0705979208779091	0.027708866047452953	0.8095826131674111	2.0	2
DLBCL_RICOVER_216	0.8106457423430669	0.05641439544404271	0.03574645158411425	0.06427195343676687	0.03292145719200929	0.8106457423430669	2.0	0
DLBCL10909	0.04121851682954459	0.020977497675374542	0.09351046763544675	0.8114100939286015	0.03288342393103258	0.8114100939286015	4.0	3
DLBCL_RICOVER_274	0.09479055671992231	0.030488086422683268	0.02154658943981862	0.8147552831270142	0.038419484290561606	0.8147552831270142	3.0	3
DLBCL10471	0.06310646422324251	0.057223565912734094	0.03303848327945125	0.031140103839482815	0.8154913827450893	0.8154913827450893	4.0	4
DLBCL10901	0.11706390592675099	0.02414820808281914	0.01853037456293692	0.02394087743945363	0.8163166339880393	0.8163166339880393	4.0	4
DLBCL10899	0.04234630384648467	0.04728797520207624	0.013091881196197874	0.08015063634486141	0.8171232034103798	0.8171232034103798	4.0	4
DLBCL_RICOVER_1293	0.05813252114270292	0.02219516011146926	0.011871445262728085	0.09000603269700186	0.8177948407860979	0.8177948407860979	4.0	4
DLBCL11523	0.04997162140852393	0.018867027179905505	0.029914217313755806	0.8183722086235464	0.08287492547426836	0.8183722086235464	0.0	3
DLBCL_RICOVER_1018	0.06287733350759354	0.06235280220920004	0.02726981727102819	0.8187330253491183	0.028767021663059958	0.8187330253491183	3.0	3
DLBCL11519	0.8193570458565608	0.026774634803658295	0.01645669870193967	0.12307784571574766	0.014333774922093596	0.8193570458565608	0.0	0
DLBCL11191	0.8197766382895258	0.022002418751247876	0.014374274169208575	0.12103863574081819	0.02280803304919954	0.8197766382895258	0.0	0
DLBC_FF_A7CQ_TP_NB	0.03637226610399257	0.019497485923083386	0.07571111610713804	0.048586798514303385	0.8198323333514826	0.8198323333514826	4.0	4
DLBCL_RICOVER_335	0.03857209100886933	0.8213125964141211	0.036563365673349155	0.083287821124232	0.020264125779428394	0.8213125964141211	1.0	1
DLBCL_RICOVER_1329	0.02611232216910918	0.07159986899621039	0.012630913301390899	0.0674668311116712	0.8221900644216183	0.8221900644216183	4.0	4
DLBCL10939	0.05197841558895147	0.015584367521318672	0.08647217877946395	0.8232024770869405	0.022762561023325405	0.8232024770869405	3.0	3
DLBCL10987	0.024358396671606095	0.029621257502870646	0.028956687717110893	0.092781126653996	0.8242825314544163	0.8242825314544163	4.0	4
DLBCL11678	0.044703682262044596	0.02359628952183169	0.08444566773846808	0.8258287060899082	0.02142565438774746	0.8258287060899082	3.0	3
DLBCL10916	0.01467992881870975	0.06185087751075633	0.06333518411556259	0.03373483028386892	0.8263991792711024	0.8263991792711024	4.0	4
DLBCL11669	0.029329335585514524	0.04214179113416538	0.8292555644791149	0.0898288949986252	0.009444413802580088	0.8292555644791149	2.0	2
DLBCL10950	0.8305772785437481	0.016633169066583804	0.015517664108091835	0.10896920560427432	0.028302682677301953	0.8305772785437481	0.0	0
DLBCL_RICOVER_678	0.08180031926168795	0.8310693488356443	0.014252082381351257	0.01862626707914997	0.05425198244216649	0.8310693488356443	1.0	1
DLBCL10464	0.1029956140583113	0.015906439026670754	0.831286706425951	0.033952834156160266	0.015858406332906617	0.831286706425951	2.0	2
DLBCL10502	0.02211697484064589	0.8319991753639921	0.0830434383382903	0.03599138441726542	0.026849027039806243	0.8319991753639921	1.0	1
DLBCL_RICOVER_1046	0.03322169160614661	0.09346698039731224	0.8329286503750194	0.023760199881217147	0.01662247774030456	0.8329286503750194	1.0	2
DLBCL10868	0.05296246768075587	0.016842828404468626	0.025469947791956066	0.8343993308392409	0.07032542528357849	0.8343993308392409	3.0	3
DLBCL_C_D_1135_NULLPAIR	0.056416036489236564	0.8361995113796862	0.02416985146468512	0.060954201536328724	0.022260399130063422	0.8361995113796862	1.0	1
DLBCL_LS3820	0.08912358515484717	0.026689997921201924	0.836625692128425	0.029174299837385332	0.018386424958140597	0.836625692128425	2.0	2
DLBCL_C_D_1141_NULLPAIR	0.010874836997307643	0.02574808521786722	0.8385949304703306	0.07526227632442184	0.049519870990072705	0.8385949304703306	2.0	2
DLBCL_RICOVER_1032	0.02311645702350988	0.06838727076862434	0.025225181487998908	0.04460100881563519	0.8386700819042316	0.8386700819042316	4.0	4
DLBCL11466	0.05009209149555921	0.0206121224872973	0.03071088504469574	0.8395317512674705	0.05905314970497733	0.8395317512674705	1.0	3
DLBCL11656	0.0221023024164307	0.009774473850097028	0.8395794688657319	0.06874833381434627	0.05979542105339411	0.8395794688657319	2.0	2
DLBCL11664	0.06029558337968774	0.840485833448745	0.046272790842487733	0.022234037082667357	0.030711755246412197	0.840485833448745	1.0	1
DLBCL10883	0.059979090017566364	0.013699259723911872	0.02283218693635713	0.06208886175962306	0.8414006015625416	0.8414006015625416	4.0	4
DLBCL10974	0.049440803321107424	0.039690783830401144	0.028629720246923143	0.8500831058781605	0.03215558672340778	0.8500831058781605	3.0	3
DLBCL10472	0.04028103191300612	0.016580750106822577	0.06237090900033378	0.8501841568911311	0.03058315208870634	0.8501841568911311	2.0	3
DLBCL10917	0.0363697610216475	0.8511032624604751	0.02686492384233347	0.04930852274112244	0.03635352993442155	0.8511032624604751	1.0	1
DLBCL_C_D_1138_NULLPAIR	0.044195570059136845	0.037131480862718745	0.03693724971344667	0.8517067583153607	0.030028941049337052	0.8517067583153607	1.0	3
DFCIDL010_DT	0.8526190827292744	0.01139001507485009	0.02209175622950979	0.10250759935608628	0.011391546610279359	0.8526190827292744	0.0	0
DLBCL10542	0.8546354658973498	0.010701371975407853	0.01669970095065808	0.04159300267473835	0.07637045850184586	0.8546354658973498	0.0	0
DLBCL11447	0.04585365054733921	0.01324462984447408	0.028727316239492384	0.8552580749079042	0.056916328460790144	0.8552580749079042	3.0	3
DLBCL_C_D_PAIR13	0.8564768266439998	0.016310458797202193	0.024084460161528157	0.08309397370183405	0.02003428069543574	0.8564768266439998	4.0	0
DLBC_FF_A7CX_TP_NB	0.05289464427590782	0.016702766977679934	0.03295909896677049	0.8574308242184716	0.04001266556117015	0.8574308242184716	4.0	3
DLBCL10850	0.05039876628193857	0.8584702216648363	0.013581107190462956	0.03478179860965197	0.04276810625311014	0.8584702216648363	1.0	1
DLBCL10836	0.0234360664882884	0.03754771336625089	0.021561463500967448	0.0585173132268492	0.8589374434176441	0.8589374434176441	4.0	4
DLBCL11652	0.8593203575244929	0.035291845899424405	0.0122926693518504	0.04370411381715082	0.049391013407081505	0.8593203575244929	0.0	0
DLBCL10935	0.8613951803672821	0.042022238732481766	0.00826583479327751	0.07241322622141835	0.015903519885540243	0.8613951803672821	0.0	0
DLBCL10879	0.014423525519894686	0.02301105521425083	0.8614313825007703	0.07258391070053712	0.028550126064546977	0.8614313825007703	2.0	2
DLBCL_RICOVER_577	0.034357550722779476	0.054647927728694784	0.8621294965378076	0.031358927738277774	0.017506097272440416	0.8621294965378076	2.0	2
DLBCL10871	0.03687934752874297	0.8627434641607177	0.020021273068094234	0.03305263995435663	0.047303275288088524	0.8627434641607177	1.0	1
DLBCL11187	0.0419136438291113	0.012523962407387656	0.024807013987744563	0.05738865593027997	0.8633667238454765	0.8633667238454765	4.0	4
DLBCL10469	0.05017383555560223	0.01993892669778305	0.030498877483818188	0.8676636632701148	0.03172469699268177	0.8676636632701148	3.0	3
DLBCL_RICOVER_701	0.046937023527626916	0.016087767181138513	0.0223802753138968	0.8677517226690556	0.046843211308282104	0.8677517226690556	3.0	3
DLBCL10966	0.869012957236849	0.022093617014220853	0.020148966327053763	0.07860349944486253	0.01014095997701386	0.869012957236849	0.0	0
DLBCL11450	0.021988139679047655	0.02759589417275289	0.013607089139334718	0.0670066551546598	0.869802221854205	0.869802221854205	4.0	4
DLBCL11208	0.016620766970894128	0.029782284384691497	0.8715660648902774	0.06298531665687389	0.019045567097263072	0.8715660648902774	1.0	2
DLBCL11501	0.871630178967659	0.051841814217246394	0.009145433067333265	0.045728623252676515	0.02165395049508481	0.871630178967659	0.0	0
DLBCL11205	0.8728604499997794	0.024968669646564124	0.020947554370401876	0.04887512550277314	0.032348200480481454	0.8728604499997794	0.0	0
DLBCL_C_D_1109_NULLPAIR	0.05992522618337827	0.018023468303850942	0.023577912896693125	0.8744738199966311	0.023999572619446522	0.8744738199966311	3.0	3
DLBCL11467	0.03396519594640487	0.019963087043598365	0.037397711480333606	0.8748759315466804	0.03379807398298275	0.8748759315466804	3.0	3
DLBCL_BWH_DLBCL64	0.05355798996428003	0.021876516096230824	0.02899193346049136	0.8750752581502175	0.02049830232878028	0.8750752581502175	1.0	3
DLBCL10896	0.8757644654854475	0.009312563180504685	0.011012624741327819	0.07511957138858147	0.028790775204138513	0.8757644654854475	0.0	0
DLBCL10550	0.030565521730409172	0.017765949666758	0.05105502575066077	0.02427176706655251	0.8763417357856196	0.8763417357856196	4.0	4
DLBCL10544	0.030927181069361872	0.014970989689848646	0.03359398133660383	0.8781716248076169	0.0423362230965687	0.8781716248076169	3.0	3
DLBCL10927	0.05644526169096784	0.014723860260664358	0.03487874326739559	0.8787254082593198	0.015226726521652422	0.8787254082593198	3.0	3
DLBCL10853	0.025099456509896378	0.01042265373838813	0.030203731966117295	0.05507097012155973	0.8792031876640385	0.8792031876640385	4.0	4
DLBCL_MC_F927_JHS	0.033798243656642885	0.04750208530472381	0.8792371970446138	0.017953868055961164	0.021508605938058367	0.8792371970446138	4.0	2
DLBCL11481	0.8793687853665335	0.010123908962285396	0.05096713798928989	0.048250287113399584	0.011289880568491586	0.8793687853665335	0.0	0
DLBCL_C_D_1149_NULLPAIR	0.013419707532708639	0.0434967338852414	0.8794699177935975	0.015872197297569095	0.04774144349088333	0.8794699177935975	1.0	2
DLBCL11526	0.043454322211407596	0.015903991813512673	0.8796231557192811	0.05189230447043958	0.009126225785359102	0.8796231557192811	2.0	2
DLBCL_LS843	0.016900670649513564	0.011576357060309706	0.8801039432949295	0.0732117495058459	0.01820727948940136	0.8801039432949295	2.0	2
DLBCL_C_D_1140_NULLPAIR	0.020999434843500434	0.011747374149800762	0.01790482806717848	0.06811783824024142	0.8812305246992789	0.8812305246992789	4.0	4
DLBCL10968	0.8817010512257328	0.017137403217390487	0.007578987329859941	0.069643840821232	0.023938717405784793	0.8817010512257328	0.0	0
DLBCL11353	0.01645410701996797	0.03529910949527329	0.04639341374629633	0.01907425895017516	0.8827791107882872	0.8827791107882872	4.0	4
DLBCL_RICOVER_1061	0.047703707938486654	0.00974476828570658	0.040126230218518674	0.8834233673273442	0.019001926229943875	0.8834233673273442	3.0	3
DLBCL10515	0.8847526493906739	0.0177699262679544	0.008395502241479157	0.0755814277000159	0.013500494399876614	0.8847526493906739	0.0	0
DLBCL10513	0.05133406870153689	0.017003199511538388	0.03039284329634988	0.8851893788517371	0.01608050963883778	0.8851893788517371	3.0	3
DLBCL11564	0.04885186254681905	0.012616048397937608	0.025454404586827108	0.8853837267440154	0.027693957724400763	0.8853837267440154	3.0	3
DLBCL10922	0.024056014274703715	0.8857651246331032	0.013564456343729754	0.033073537743314806	0.04354086700514859	0.8857651246331032	1.0	1
DLBCL_LS2154	0.03557472475516738	0.018148298513856246	0.02957857743769961	0.8872533787284526	0.02944502056482425	0.8872533787284526	0.0	3
DLBCL11527	0.04618279908931661	0.014686398476948033	0.025951873228115846	0.8881224872645578	0.025056441941061672	0.8881224872645578	3.0	3
DLBCL_RICOVER_617	0.04599334233180876	0.010646913245458184	0.029414456541573913	0.888414013572769	0.02553127430839023	0.888414013572769	3.0	3
DLBCL10864	0.009932805448803391	0.01306528574095311	0.03328614513178699	0.05334051333243438	0.8903752503460222	0.8903752503460222	4.0	4
DLBCL10912	0.8909356363210562	0.010844534309863513	0.036244431539154486	0.048253777445837795	0.01372162038408796	0.8909356363210562	0.0	0
DLBC_FF_A7CR_TP_NB	0.04619343723443117	0.009305216753687538	0.019778827774620703	0.03376687831384464	0.890955639923416	0.890955639923416	4.0	4
DLBCL11655	0.05069370337441703	0.013485693830757142	0.02391412450645244	0.8912725677480081	0.02063391054036527	0.8912725677480081	3.0	3
DLBCL_RICOVER_575	0.04285795422209993	0.01668468471939896	0.03366393941988804	0.891776973711759	0.015016447926854047	0.891776973711759	3.0	3
DLBCL10460	0.054966599641924116	0.8925315463472397	0.016400125429140853	0.014309704039208193	0.021792024542487114	0.8925315463472397	1.0	1
DLBCL_LS2328	0.030736178255403285	0.8931779799949328	0.05150308765758755	0.015896683599633105	0.008686070492443288	0.8931779799949328	2.0	1
DLBCL10932	0.05070328304044891	0.012279698070390236	0.02481197388671906	0.8936624845230292	0.01854256047941263	0.8936624845230292	3.0	3
DLBCL10547	0.03520778543267817	0.013692749656228333	0.035124051072055844	0.8954549738261894	0.020520440012848185	0.8954549738261894	3.0	3
DLBCL11196	0.0363552619611766	0.013030971066672406	0.026050084229530777	0.8963502063888451	0.028213476353775083	0.8963502063888451	3.0	3
DLBCL_C_D_1131_NULLPAIR	0.018314077250944565	0.8971126857695048	0.027833418598840618	0.02395456489081086	0.03278525348989918	0.8971126857695048	1.0	1
DLBCL10854	0.013806364869237996	0.015429277880862865	0.014681015146159751	0.058956670031547365	0.897126672072192	0.897126672072192	4.0	4
DLBCL11460	0.03803404503347667	0.014771102071022075	0.022840869024958375	0.8971499232986971	0.02720406057184572	0.8971499232986971	3.0	3
DLBCL_RICOVER_361	0.033466592665773294	0.012269162853145957	0.03609485444787596	0.8976850022615526	0.02048438777165226	0.8976850022615526	3.0	3
DLBCL10510	0.031891467167229355	0.8978587613278124	0.010800125173129093	0.033404560483303196	0.026045085848525936	0.8978587613278124	1.0	1
DLBCL11558	0.017019838888679167	0.012690478253493079	0.8996809571968993	0.05303984219382688	0.01756888346710153	0.8996809571968993	2.0	2
DLBCL_LS2357	0.04017761365717691	0.012051508182604859	0.0226966894966175	0.90090142724927	0.02417276141433072	0.90090142724927	3.0	3
DLBCL11459	0.03924761372229105	0.013372247645277025	0.02733616566356247	0.9016738643717179	0.01837010859715154	0.9016738643717179	3.0	3
DLBCL11573	0.01736638547554949	0.029452620469838642	0.902885284688894	0.03893373409584928	0.011361975269868634	0.902885284688894	2.0	2
DLBCL_MC_F139_LJF	0.04203174584765503	0.012110429791160428	0.022270268756474206	0.9039441784160724	0.01964337718863791	0.9039441784160724	3.0	3
DLBCL_MC_F262_WLC	0.9046770974569025	0.014417625724266272	0.007844450310270977	0.05683140501773249	0.01622942149082771	0.9046770974569025	0.0	0
DLBCL10847	0.021169290479560406	0.04900049058908099	0.012996860652341994	0.011938539741825991	0.9048948185371906	0.9048948185371906	4.0	4
DLBCL11658	0.03781373823204026	0.011061858481590687	0.027222665842544597	0.9054471055659314	0.01845463187789305	0.9054471055659314	3.0	3
DLBCL_RICOVER_950	0.03634124832417201	0.009951063336041103	0.02712457471510874	0.9057784245287808	0.020804689095897392	0.9057784245287808	3.0	3
DLBCL10978	0.0352251368273025	0.013120430931891691	0.025338463719000337	0.9058114007485484	0.020504567773257064	0.9058114007485484	3.0	3
DLBCL10880	0.02290465063214714	0.010190656699421364	0.029470813677382048	0.031103877332494378	0.906330001658555	0.906330001658555	4.0	4
DLBCL11434	0.909417209549729	0.008576203149210065	0.03196097352330892	0.040905702271785103	0.009139911505966823	0.909417209549729	0.0	0
DLBCL11477	0.9103128661042117	0.006748586872724855	0.01906708678500159	0.04751028329754538	0.016361176940516472	0.9103128661042117	0.0	0
DLBCL10870	0.023021008083201608	0.01093040341765246	0.016813189737339685	0.0372127990242852	0.9120225997375211	0.9120225997375211	4.0	4
DLBCL11659	0.9123365468484855	0.010127863668224567	0.012658687269389426	0.05402152417655802	0.010855378037342447	0.9123365468484855	3.0	0
DLBCL11004	0.01010697927725888	0.011115366026323788	0.017250195362576496	0.0475350207057495	0.9139924386280913	0.9139924386280913	4.0	4
DLBCL11537	0.9141707559257632	0.012073556626922924	0.006588441017102227	0.050310069032476146	0.016857177397735425	0.9141707559257632	0.0	0
DLBCL10497	0.03364062101270777	0.01450067396153765	0.02098522669139453	0.9154007970827968	0.015472681251563305	0.9154007970827968	3.0	3
DLBCL11513	0.03495875353702803	0.010447571359015567	0.015395755519653042	0.02334147112807634	0.915856448456227	0.915856448456227	4.0	4
DLBCL_C_D_1108_NULLPAIR	0.029285258552842686	0.9168343342027572	0.013733687638455592	0.02036966724649231	0.019777052359452204	0.9168343342027572	1.0	1
DLBCL11685	0.012218028956072814	0.007729272985633239	0.9170031796890332	0.038366443596681704	0.02468307477257906	0.9170031796890332	2.0	2
DLBCL_RICOVER_826	0.9189028118546043	0.012135495489286607	0.007315200423182892	0.04845003230537523	0.013196459927550962	0.9189028118546043	0.0	0
DLBCL_LS951	0.9190060295999052	0.014309650865545828	0.013103783667566826	0.04149326094557617	0.012087274921406009	0.9190060295999052	0.0	0
DLBCL11679	0.03003790256061273	0.9214595330166915	0.024498423933183414	0.010938921959867454	0.013065218529644922	0.9214595330166915	1.0	1
DLBCL11666	0.007982566424536413	0.017224070932713238	0.9221221607257196	0.036898698063816064	0.01577250385321469	0.9221221607257196	2.0	2
DLBCL11509	0.9232916470379682	0.012819554765597058	0.01529063304625836	0.04198378197159273	0.006614383178583625	0.9232916470379682	0.0	0
DLBCL10463	0.007321242892871602	0.010315672915440192	0.01891628602961343	0.039903005611002934	0.9235437925510719	0.9235437925510719	4.0	4
DLBCL_RICOVER_440	0.007161499862214321	0.9259227538625731	0.042720103579743186	0.00971930239585032	0.01447634029961913	0.9259227538625731	2.0	1
DLBCL11488	0.9265428297773775	0.007538926368004249	0.007796583413721584	0.04350796129085049	0.01461369915004624	0.9265428297773775	0.0	0
DLBCL10518	0.02117832963726168	0.012761057494556211	0.9268202411167067	0.02994297109498589	0.009297400656489594	0.9268202411167067	2.0	2
DLBCL11461	0.9276843715800952	0.007621218062738411	0.013919820688253367	0.04551258119064233	0.0052620084782707115	0.9276843715800952	0.0	0
DLBCL10889	0.007208753621667837	0.012765050892480199	0.016169745763412676	0.03531568489125771	0.9285407648311815	0.9285407648311815	4.0	4
DLBCL10529	0.005488266658009847	0.028415128911557733	0.011816520504348645	0.0242259428452566	0.9300541410808272	0.9300541410808272	4.0	4
DLBCL11673	0.027560917481930187	0.9340998608781287	0.0196036828367351	0.008933334296359443	0.00980220450684664	0.9340998608781287	1.0	1
DLBC_FF_8042_TP_NB	0.012619483729433018	0.01751941228962903	0.01579136945317032	0.019009827167670384	0.9350599073600973	0.9350599073600973	4.0	4
DLBCL11470	0.9354378022082762	0.005274138807936466	0.013926545368790526	0.03678683261473393	0.008574681000262893	0.9354378022082762	0.0	0
DLBCL11195	0.005163913024230944	0.020063047966246327	0.015281650644201793	0.023690994604238923	0.935800393761082	0.935800393761082	4.0	4
DLBCL_RICOVER_712	0.0071910025227845216	0.01433996998789263	0.015162136752352938	0.026841678429572417	0.9364652123073975	0.9364652123073975	4.0	4
DLBCL_RICOVER_473	0.9367196303911526	0.011349098012187437	0.012813242543159773	0.03436591436346807	0.004752114690032164	0.9367196303911526	0.0	0
DLBCL11670	0.005749435907458161	0.013827838630323807	0.9375931199632903	0.03202769173991029	0.010801913759017403	0.9375931199632903	2.0	2
DLBCL10565	0.015307983064205045	0.010697419944368399	0.9390667993395839	0.02588776067402858	0.009040036977814062	0.9390667993395839	3.0	2
DLBCL_RICOVER_829	0.9391653921258433	0.010016210042195372	0.00853042037204605	0.02794060507713175	0.014347372382783585	0.9391653921258433	0.0	0
DLBCL11661	0.0074789659399306565	0.9425260943806458	0.021815679227474762	0.01976451488180882	0.008414745570139957	0.9425260943806458	1.0	1
DLBCL10887	0.006408865605862275	0.00997949836271626	0.016802424343829968	0.02426746664477452	0.942541745042817	0.942541745042817	4.0	4
DLBCL_RICOVER_744	0.017682804775994463	0.00978507531086645	0.9427902649149656	0.023241802427793615	0.006500052570379867	0.9427902649149656	2.0	2
DLBCL10488	0.942857825841568	0.008423726861728329	0.014868716418513932	0.029329549025549122	0.004520181852640682	0.942857825841568	0.0	0
DLBCL10498	0.016613113533215065	0.009659439937672947	0.9433170377246785	0.025614042466958878	0.004796366337474632	0.9433170377246785	2.0	2
DLBCL_RICOVER_685	0.006517447801672928	0.012629024624973074	0.014074939610143087	0.0229638936627518	0.9438146943004591	0.9438146943004591	4.0	4
DLBCL10480	0.017688534571432903	0.9444687732104197	0.009768369697078087	0.01476310792268804	0.013311214598381308	0.9444687732104197	1.0	1
DLBCL11430	0.9447962807166187	0.005584484772912269	0.011421580671141083	0.030994691878786278	0.007202961960541678	0.9447962807166187	0.0	0
DLBCL_RICOVER_977	0.9453141611917173	0.005363508366340548	0.005356687061844238	0.03208237367906501	0.011883269701032907	0.9453141611917173	0.0	0
DLBCL_RICOVER_978	0.9455201050050497	0.005955866153852037	0.00969571556183645	0.033078464785720546	0.005749848493541331	0.9455201050050497	2.0	0
DLBCL_RICOVER_1248	0.01421211399308934	0.019031645108118313	0.005556912529697085	0.015560503098296324	0.9456388252707989	0.9456388252707989	4.0	4
DLBCL_LS2089	0.010514155140088684	0.9468040518699775	0.008697122661335316	0.015796282835879295	0.01818838749271914	0.9468040518699775	1.0	1
DLBCL11482	0.9472127812683638	0.005722344043626142	0.0060316023318286414	0.03441252631985961	0.006620746036321754	0.9472127812683638	0.0	0
DLBCL11428	0.013556800547117106	0.00861971789276567	0.9477214402404945	0.02492160237772373	0.005180438941898945	0.9477214402404945	2.0	2
DLBCL_RICOVER_1283	0.010867091591380853	0.008228077322848908	0.9479188528146617	0.01593063955024752	0.017055338720861027	0.9479188528146617	2.0	2
DLBCL_RICOVER_221	0.010051142580748478	0.00897288575646355	0.014479729148152345	0.014284446270597523	0.9522117962440381	0.9522117962440381	4.0	4
DLBCL_RICOVER_469	0.013849202047161528	0.006082248317788543	0.9524495177339763	0.014762607752849655	0.012856424148223904	0.9524495177339763	2.0	2
DLBCL_LS3749	0.01222910893404874	0.9534931589298633	0.01401884077657425	0.014400114672101385	0.005858776687412319	0.9534931589298633	1.0	1
DLBCL10860	0.0072631436945718815	0.009243155002609341	0.017979755828512956	0.01185004618505389	0.9536638992892519	0.9536638992892519	4.0	4
DLBCL_C_D_1130_NULLPAIR	0.9541509196724668	0.006702277409109576	0.005823327355888293	0.024326540797534164	0.008996934765001133	0.9541509196724668	0.0	0
DLBCL10494	0.014694446369738967	0.9548599872573982	0.012335361648457083	0.010969136776527583	0.0071410679478781875	0.9548599872573982	1.0	1
DLBCL_RICOVER_1192	0.005850822445610836	0.01665101866430684	0.01271552734031905	0.008041003683600808	0.9567416278661625	0.9567416278661625	4.0	4
DLBCL11520	0.9592701733665482	0.00496423163540416	0.00427413796667992	0.01874687084177803	0.012744586189589723	0.9592701733665482	0.0	0
DLBCL10977	0.005491695221808046	0.006252407308506305	0.01217536759102827	0.015871064557784493	0.9602094653208729	0.9602094653208729	4.0	4
DLBCL_MC_F500_ECU	0.007164414385753276	0.9615843533243736	0.010657521433058205	0.009905743605471907	0.01068796725134302	0.9615843533243736	1.0	1
DLBCL11667	0.005049167292205722	0.01213580030191851	0.9627208448991391	0.013733923820276267	0.00636026368646039	0.9627208448991391	2.0	2
DLBCL10884	0.9631697660408565	0.004897905132587379	0.004766559715116818	0.021894232302384124	0.005271536809055248	0.9631697660408565	0.0	0
DLBCL10862	0.0037530140023196903	0.010218172503814387	0.010412348809517366	0.012351181075062936	0.9632652836092856	0.9632652836092856	4.0	4
DLBCL10530	0.007178793881827135	0.009223811573905111	0.006779407147268175	0.012817576668964995	0.9640004107280346	0.9640004107280346	4.0	4
DLBCL10522	0.007820605978199785	0.007945265592746619	0.9648898031863973	0.012246597228927838	0.007097728013728541	0.9648898031863973	2.0	2
DLBCL_LS1065	0.008697569931658834	0.9657658552272128	0.01042352723018676	0.008594291656263922	0.0065187559546776375	0.9657658552272128	1.0	1
DFCIDL003_DT	0.009934372938745254	0.9662909499487908	0.012161125641087229	0.004770138693568155	0.006843412777808479	0.9662909499487908	1.0	1
DLBCL11462	0.9666935027312987	0.004049164297886347	0.004119006923389387	0.020304338362764338	0.00483398768466116	0.9666935027312987	0.0	0
DLBCL_C_D_1136_NULLPAIR	0.011238797532991207	0.9680631942807503	0.005902173582045677	0.008100142432204147	0.006695692172008745	0.9680631942807503	1.0	1
DLBCL_RICOVER_956	0.004511759711378624	0.00880756066762074	0.007615770116293181	0.010952682229364668	0.9681122272753427	0.9681122272753427	4.0	4
DLBCL_RICOVER_174	0.010122034206446326	0.9692974747175126	0.006491034238955085	0.008280146796447684	0.005809310040638307	0.9692974747175126	1.0	1
DLBCL11677	0.9696293836930852	0.0033286595695138153	0.004387666697283852	0.0129361943832988	0.009718095656818367	0.9696293836930852	0.0	0
DLBCL_MC_F349_BJJ	0.0036988507851411197	0.00896922520391974	0.9701118480797848	0.012220977886803196	0.004999098044351208	0.9701118480797848	2.0	2
DLBCL10951	0.005813390914176561	0.01310102895794817	0.006250562206038055	0.0046681166743489785	0.9701669012474883	0.9701669012474883	4.0	4
DLBCL10465	0.0038456049388506455	0.005920775177028054	0.9704146274120448	0.013362927717171602	0.006456064754904889	0.9704146274120448	2.0	2
DLBCL11443	0.9704519942459737	0.00240700494148057	0.008269982331117098	0.013486888194349116	0.005384130287079499	0.9704519942459737	0.0	0
DLBCL10897	0.970537274071988	0.0034149608124823313	0.004361061300298338	0.014303182907926808	0.0073835209073045685	0.970537274071988	0.0	0
DLBCL10834	0.00958827789286998	0.9716178095807917	0.005354712109686059	0.006639779335634943	0.006799421081017347	0.9716178095807917	1.0	1
DLBCL_RICOVER_267	0.00745675226022326	0.005104401771694629	0.9721474519978404	0.011141474333268583	0.004149919636973221	0.9721474519978404	2.0	2
DLBCL_LS146	0.005610478178646083	0.9727791455441234	0.009233665021149067	0.006743256500983278	0.005633454755098216	0.9727791455441234	1.0	1
DLBCL11203	0.006816564878109514	0.9731011813847106	0.0068183416070914035	0.006253974198847513	0.007009937931240934	0.9731011813847106	1.0	1
DLBCL_RICOVER_787	0.9735712593354738	0.005209368690142774	0.0035577667599957417	0.014205636918792758	0.0034559682955948813	0.9735712593354738	1.0	0
DLBCL11680	0.006633782890027004	0.006627424795516773	0.9738832042982851	0.00984539626967879	0.003010191746492331	0.9738832042982851	2.0	2
DLBCL10924	0.004066735151437531	0.005888969264763321	0.004659597208349539	0.011213111310767762	0.9741715870646819	0.9741715870646819	4.0	4
DLBCL10893	0.004096492448102764	0.005069189337023256	0.004622079799711191	0.01153422248596485	0.9746780159291979	0.9746780159291979	4.0	4
DLBCL10911	0.00489712462644763	0.9756480951816289	0.008852959507213713	0.004596519639104247	0.006005301045605502	0.9756480951816289	1.0	1
DLBCL_DFCI_DLBCL_GOE16	0.006206824961952903	0.0069807736965226816	0.9758378270544527	0.007769256151954685	0.0032053181351170603	0.9758378270544527	2.0	2
DLBCL10877	0.9765583903093582	0.00530910375283881	0.0025533181457023995	0.010819096027936478	0.004760091764164138	0.9765583903093582	0.0	0
DLBCL11188	0.003561034939729652	0.9766009721150517	0.007690540979700936	0.004926227743539127	0.007221224221978536	0.9766009721150517	1.0	1
DLBCL10900	0.006134005170191784	0.005063801782475624	0.004602619220112491	0.006857764751675948	0.9773418090755441	0.9773418090755441	4.0	4
DLBCL10997	0.9788907719042784	0.0026297357640348543	0.002953255029419199	0.011129499537131798	0.004396737765135739	0.9788907719042784	0.0	0
DLBCL_RICOVER_253	0.006694940853827142	0.9790130858838872	0.004747113222958489	0.004358741762830066	0.00518611827649701	0.9790130858838872	1.0	1
DLBCL_RICOVER_299	0.003586094850094776	0.9792184198896972	0.008946512261698313	0.003989034985999107	0.004259938012510599	0.9792184198896972	1.0	1
DLBCL_RICOVER_945	0.9805937714746232	0.0038037414612467103	0.003434927016912923	0.009160653926037779	0.003006906121179304	0.9805937714746232	0.0	0
DLBCL10859	0.004636791813201655	0.9812885235885136	0.004441035135603017	0.004314560352457154	0.005319089110224557	0.9812885235885136	1.0	1
DLBCL11565	0.00419096172335884	0.9832050534886028	0.004092583715342471	0.00355460225326076	0.004956798819435158	0.9832050534886028	1.0	1
DLBCL11472	0.983333754164378	0.0021021013996952464	0.002479769808244487	0.009925486470601473	0.0021588881570808573	0.983333754164378	0.0	0
DLBCL10461	0.003249203973732469	0.9839548766493699	0.0046199845889166955	0.0026135326700756204	0.00556240211790534	0.9839548766493699	1.0	1
DLBCL10945	0.9839772466880415	0.002593491103414794	0.002140907598528804	0.007305614571569389	0.003982740038445444	0.9839772466880415	0.0	0
DLBCL_MAYO_DLBCL_7359	0.004735967578231936	0.9841996514732266	0.003810278820798719	0.0032193322091705976	0.004034769918572151	0.9841996514732266	1.0	1
DLBCL10988	0.002650637737679657	0.984421434957135	0.00427162081104908	0.0040852743880132256	0.004571032106123047	0.984421434957135	1.0	1
DLBCL_RICOVER_451	0.9865256131678012	0.0014977244694696042	0.0024233239917337735	0.006740756325232339	0.0028125820457630514	0.9865256131678012	0.0	0
DLBCL_MC_F519_ALT	0.0019472349417937592	0.0027333382080712947	0.003050412401751702	0.0027466359863859715	0.9895223784619973	0.9895223784619973	4.0	4
DLBCL10990	0.0017333620830623916	0.0030616652865416622	0.0019424047359567287	0.0020694202649159344	0.9911931476295233	0.9911931476295233	4.0	4
DLBCL11539	0.991346300629133	0.0010655766443612726	0.0017553229748021018	0.0046748990039835086	0.001157900747720093	0.991346300629133	0.0	0
DLBCL10458	0.9916080785469226	0.001035403985569831	0.002142177036890448	0.004003256191878552	0.001211084238738613	0.9916080785469226	0.0	0
DLBCL10534	0.0012478066610568071	0.002577753709966976	0.0014390279091582583	0.002260058529150511	0.9924753531906675	0.9924753531906675	4.0	4
DLBCL10996	0.9934122372034562	0.0008469991190704043	0.0013995990798226167	0.003038723851576605	0.001302440746074153	0.9934122372034562	0.0	0
DLBCL_C_D_1163_NULLPAIR	0.0010080005698925778	0.0015022965033315338	0.0015579283521171157	0.0022410073064501284	0.9936907672682086	0.9936907672682086	4.0	4
DLBCL_C_D_1114_NULLPAIR	0.9938751200639973	0.0006920965440360689	0.0012082497443364633	0.0030830416958014533	0.0011414919518287125	0.9938751200639973	0.0	0
DLBCL_C_D_1125_NULLPAIR	0.001030121258552956	0.001634156902432824	0.0014627191743509932	0.0015995052436959957	0.9942734974209673	0.9942734974209673	4.0	4
DLBCL10525	0.9946863390292426	0.0007810346365817618	0.001129748147030331	0.002594300059720288	0.0008085781274249503	0.9946863390292426	0.0	0
DLBCL10992	0.0011179653831508512	0.0012505242777004482	0.0014007828863280994	0.0015327541900095635	0.9946979732628111	0.9946979732628111	4.0	4
DLBCL10875	0.9987168391801612	0.00017844539684012275	0.00022730451438373117	0.0006519555346751645	0.00022545537393982353	0.9987168391801612	0.0	0
DLBCL10495	0.9989201177195683	0.0001427457688786622	0.0002318638111497907	0.0005155111289676787	0.00018976157143554153	0.9989201177195683	0.0	0
