	C1	C2	C3	C4	C5	Confidence	True Cluster	Predicted Cluster
DLBCL10947	0.21070880277263562	0.13543956518449235	0.3200870902016745	0.2669691437551699	0.06679539808602776	0.3200870902016745	1.0	2
DLBCL_RICOVER_134	0.2272015971041743	0.14158299218472364	0.040418602681751	0.32729018879693894	0.2635066192324121	0.32729018879693894	4.0	3
DLBCL10835	0.2733217386030611	0.06060567832923577	0.1415115933158626	0.3298322694102904	0.19472872034155	0.3298322694102904	4.0	3
DLBCL_RICOVER_473	0.2011102930248811	0.07994888237925571	0.07650717162563474	0.29837923320385146	0.34405441976637685	0.34405441976637685	0.0	4
DLBCL11206	0.3592296122087643	0.08699595707182924	0.06061737773836876	0.32000024984411063	0.17315680313692705	0.3592296122087643	4.0	0
DLBCL10907	0.30601008751178344	0.11212614446765325	0.1595154428466872	0.36359097070434027	0.058757354469535984	0.36359097070434027	1.0	3
DLBCL_RICOVER_1283	0.32475164722057953	0.14567083320687305	0.05823937020991354	0.36703488470755175	0.10430326465508216	0.36703488470755175	2.0	3
DLBCL10962	0.38112109883004736	0.05870293745389724	0.1211668327927403	0.28352199302657816	0.1554871378967369	0.38112109883004736	1.0	0
DLBCL11188	0.26563150490522675	0.1351699907146495	0.0877369647077647	0.3831141854550966	0.1283473542172624	0.3831141854550966	1.0	3
DLBCL11581	0.25491354122442056	0.06412400070717385	0.06512830134291513	0.3876052978713938	0.22822885885409666	0.3876052978713938	4.0	3
DLBCL_RICOVER_850	0.2087953659650234	0.06384506581689806	0.06206163301126747	0.3943365612884723	0.27096137391833885	0.3943365612884723	4.0	3
DLBCL10908	0.22426853603167976	0.09828163964577871	0.09740437525335006	0.3955635074129221	0.18448194165626927	0.3955635074129221	4.0	3
DLBCL10860	0.32828362259157384	0.0509826904844053	0.10275664885873137	0.4003730280932713	0.11760400997201817	0.4003730280932713	4.0	3
DLBCL_RICOVER_720	0.3381765130141321	0.05211766762897509	0.09264674727160879	0.4053000449345772	0.11175902715070692	0.4053000449345772	4.0	3
DLBCL11495	0.23946655186323107	0.06621513048577851	0.14008163684585956	0.4199729849257311	0.1342636958793997	0.4199729849257311	4.0	3
DLBCL10924	0.19316860554690715	0.057828158418732546	0.07754753918012393	0.42302764096809864	0.2484280558861376	0.42302764096809864	4.0	3
DLBCL10864	0.30847297504578103	0.06772833083970681	0.05135234431203698	0.4236895359103783	0.14875681389209694	0.4236895359103783	4.0	3
DLBCL11242	0.31257024686031104	0.0570890194525346	0.11923234473388092	0.42378276682032523	0.08732562213294826	0.42378276682032523	4.0	3
DLBCL10503	0.14367091649909758	0.07670018892122973	0.07209885228951031	0.42647077938234484	0.28105926290781735	0.42647077938234484	1.0	3
DLBCL_RICOVER_288	0.33829636809360863	0.12421469011250946	0.06480821902700688	0.4264741805957735	0.046206542171101574	0.4264741805957735	1.0	3
DLBCL11450	0.380134532896336	0.04480245318688871	0.08339851818514694	0.42828337283826096	0.06338112289336745	0.42828337283826096	4.0	3
DLBCL11478	0.42878962404844556	0.0334950949750246	0.14139360986714725	0.3128538579488114	0.08346781316057138	0.42878962404844556	0.0	0
DLBCL10535	0.4293771832941118	0.04214291742457954	0.042417329456555755	0.37389291022559307	0.11216965959915982	0.4293771832941118	4.0	0
DLBCL10954	0.33895266826170795	0.06301851763938567	0.04038446101787725	0.4304242591271055	0.12722009395392364	0.4304242591271055	1.0	3
DLBCL11455	0.43109114367576506	0.054526480523954486	0.06991508003567888	0.3650991556276532	0.07936814013694837	0.43109114367576506	2.0	0
DLBCL_RICOVER_417	0.354465352785444	0.03990728552431323	0.057149274788600865	0.43792751931216845	0.11055056758947346	0.43792751931216845	4.0	3
DLBCL_RICOVER_451	0.36975370298280097	0.04750329970131016	0.06353957514457843	0.44226657021647586	0.0769368519548345	0.44226657021647586	0.0	3
DLBCL10912	0.44501010673117525	0.12956206421750485	0.08082885165019837	0.2975584515771191	0.04704052582400245	0.44501010673117525	0.0	0
DLBCL10910	0.4532470143138868	0.06753795311803756	0.039952108025111205	0.3497424280644661	0.08952049647849829	0.4532470143138868	2.0	0
DLBCL_RICOVER_1204	0.2111799165024918	0.1335878836019694	0.06885028152794664	0.45502305369995116	0.13135886466764096	0.45502305369995116	3.0	3
DLBCL_RICOVER_401	0.18148007782180683	0.0831477094178313	0.131718084785219	0.45561911405358624	0.1480350139215566	0.45561911405358624	1.0	3
DLBCL10544	0.3039131119446554	0.05808539967054417	0.04529395686104922	0.4561556550379584	0.13655187648579284	0.4561556550379584	3.0	3
DLBCL10914	0.4568738325007503	0.04928206101069761	0.08370818569193687	0.3632441737647768	0.046891747031838356	0.4568738325007503	0.0	0
DLBCL10519	0.23292399290489488	0.10180758124132822	0.1259141995756779	0.46026589849736677	0.0790883277807323	0.46026589849736677	1.0	3
DLBCL10529	0.3002990293372699	0.068854967320923	0.07447143800078951	0.46211026019144125	0.09426430514957633	0.46211026019144125	4.0	3
DLBCL11667	0.3428627210234047	0.05402115037316277	0.07819392567249171	0.4638709908545263	0.061051212076414355	0.4638709908545263	2.0	3
DLBCL10945	0.3746911851710053	0.056819818569284974	0.03168468454394268	0.46472264233331084	0.0720816693824562	0.46472264233331084	0.0	3
DLBCL11675	0.46526551398179683	0.04208588071783066	0.14032459020224006	0.292594845721656	0.059729169376476494	0.46526551398179683	2.0	0
DLBCL11194	0.21363508121652072	0.09720746288247058	0.08531182573533817	0.46813592915279956	0.135709701012871	0.46813592915279956	4.0	3
DLBCL10909	0.3878540911663484	0.0591669438167821	0.04142135663834756	0.46876819545121984	0.042789412927302095	0.46876819545121984	4.0	3
DLBCL11436	0.36600610894428576	0.050058370279958075	0.07416517343714467	0.4694583498837808	0.04031199745483072	0.4694583498837808	1.0	3
DLBCL10895	0.17569763294036017	0.06355287657519028	0.12038483052890034	0.4701911560024654	0.17017350395308373	0.4701911560024654	4.0	3
DLBCL10984	0.34463255602698034	0.04865817885531103	0.05294315569104222	0.47243964139191424	0.08132646803475223	0.47243964139191424	4.0	3
DLBCL10844	0.47252952698080386	0.04153233844468857	0.04705391675968312	0.38410976259251256	0.05477445522231181	0.47252952698080386	0.0	0
DLBCL10884	0.47418114531868866	0.0575442528263688	0.07007891579972518	0.34357040130087463	0.05462528475434279	0.47418114531868866	0.0	0
DLBCL_LS2089	0.1863508442107595	0.09394795504916005	0.12286826906747003	0.47441895554599767	0.12241397612661278	0.47441895554599767	1.0	3
DLBCL_MC_F502_RFK	0.3278074922756809	0.0629035497573009	0.07500651156692661	0.4756361217226719	0.058646324677419676	0.4756361217226719	1.0	3
DLBC_FF_A7CQ_TP_NB	0.3711778675541562	0.026382047471635334	0.056068075763579805	0.4758504581716664	0.07052155103896228	0.4758504581716664	4.0	3
DLBCL_C_D_1156_NULLPAIR	0.3900463609017801	0.0377458190508396	0.036449372257447835	0.47676674617484005	0.05899170161509233	0.47676674617484005	0.0	3
DLBCL11496	0.47694177334542087	0.04000635959903949	0.05390631237185679	0.39031583251917196	0.0388297221645109	0.47694177334542087	0.0	0
DLBCL10780	0.15189161550327715	0.10714650942959603	0.15072327197392293	0.47727703913580505	0.11296156395739884	0.47727703913580505	1.0	3
DLBCL10456	0.4783023739737245	0.06999201186058429	0.033628720231088705	0.3762249219848824	0.041851971949720145	0.4783023739737245	3.0	0
DLBCL10451	0.3878631159946078	0.033070793845134186	0.06463133246156089	0.4799166453522974	0.03451811234639966	0.4799166453522974	0.0	3
DLBCL_RICOVER_1248	0.30965852946374406	0.02632888884556849	0.05614673719902931	0.4809663956382561	0.1268994488534021	0.4809663956382561	4.0	3
DLBCL_RICOVER_221	0.4815579003146468	0.0448135782843546	0.02865369784478745	0.3483486373145121	0.09662618624169905	0.4815579003146468	4.0	0
DLBCL11449	0.33245117859970386	0.04181981133196079	0.04780870318214416	0.48250942577412076	0.09541088111207045	0.48250942577412076	1.0	3
DLBCL10523	0.2784272894370725	0.06304748751248268	0.1367063491330964	0.48307418723785456	0.0387446866794938	0.48307418723785456	2.0	3
DLBCL10935	0.36548613860182955	0.034682945334818624	0.04970862837246672	0.48439427230226206	0.06572801538862305	0.48439427230226206	0.0	3
DLBCL_RICOVER_712	0.35569307992909455	0.04031907535122915	0.04787619589403656	0.48518395576320095	0.07092769306243879	0.48518395576320095	4.0	3
DLBCL10509	0.48782185703288933	0.05436032934734708	0.07471408482352696	0.31614212853854656	0.0669616002576901	0.48782185703288933	0.0	0
DLBCL_RICOVER_948	0.3176368829228122	0.05143621148707347	0.07773178910591956	0.49007729672239764	0.06311781976179706	0.49007729672239764	1.0	3
DLBCL11511	0.30476477009424335	0.033685710551955045	0.0742172017770353	0.4902522341778403	0.09708008339892601	0.4902522341778403	0.0	3
DLBCL_C_D_1131_NULLPAIR	0.23683081358089814	0.09329742598872473	0.10517452867097422	0.49069256876669964	0.07400466299270327	0.49069256876669964	1.0	3
DLBCL11428	0.49190358265195117	0.03980165953271393	0.07444173749895963	0.3048283715351709	0.08902464878120438	0.49190358265195117	2.0	0
DLBCL10913	0.3255213835603333	0.04450711311704872	0.04292107610443146	0.4924848565300701	0.09456557068811632	0.4924848565300701	0.0	3
DLBCL10951	0.2923064480496218	0.05494332686293456	0.055964861392110696	0.4925333221003595	0.10425204159497337	0.4925333221003595	4.0	3
DLBCL_C_D_1114_NULLPAIR	0.3628192788670792	0.035294736796647234	0.057923813553585134	0.493561535425338	0.050400635357350426	0.493561535425338	0.0	3
DLBCL11498	0.1927668981559456	0.10114778205344427	0.08739562094002168	0.4953485593086246	0.12334113954196388	0.4953485593086246	1.0	3
DLBCL10453	0.27851952329922364	0.08163718892077239	0.08804546991831044	0.49763777331546816	0.054160044546225354	0.49763777331546816	1.0	3
DLBCL11669	0.28503302547064424	0.05367625587030433	0.11507767607021877	0.4988925010613987	0.04732054152743397	0.4988925010613987	2.0	3
DLBCL10461	0.11281559629529456	0.16055509405719087	0.09287291039079967	0.4994273095618471	0.13432908969486776	0.4994273095618471	1.0	3
DLBCL11460	0.32126352896526966	0.044927147874450755	0.07470074402450312	0.5005785546474028	0.05853002448837373	0.5005785546474028	3.0	3
DLBCL10834	0.33818474423510475	0.07435825255109521	0.055804336268563175	0.5009760943172067	0.030676572628030196	0.5009760943172067	1.0	3
DLBCL11196	0.5012583298406528	0.07459545762222347	0.05621158242189592	0.3201801077414244	0.047754522373803406	0.5012583298406528	3.0	0
DLBCL10906	0.23459812838058589	0.04065289734635783	0.11440463784547339	0.5034087649849655	0.10693557144261734	0.5034087649849655	1.0	3
DLBCL11666	0.22384341041469968	0.04757560967717069	0.1481084691756865	0.5037110395498471	0.07676147118259602	0.5037110395498471	2.0	3
DLBCL10851	0.23564103502537714	0.07286979315820862	0.13704419857393074	0.504114725185518	0.05033024805696545	0.504114725185518	1.0	3
DLBCL_RICOVER_956	0.29817702706033133	0.05392405701986284	0.041606489213124216	0.5047274026345024	0.10156502407217918	0.5047274026345024	4.0	3
DLBCL10871	0.5066885393961293	0.11594324697371325	0.02401410174644733	0.2123792289284522	0.14097488295525787	0.5066885393961293	1.0	0
DLBCL_MC_F139_LJF	0.2695030748057165	0.04080772470100885	0.12044150119626763	0.5081403297952614	0.06110736950174562	0.5081403297952614	3.0	3
DLBCL10521	0.21850971457035162	0.06755732288368206	0.05863152118832446	0.5082496407469039	0.14705180061073794	0.5082496407469039	4.0	3
DLBCL10957	0.3417898725894474	0.043575526135823654	0.03293626870961382	0.508480836298631	0.07321749626648429	0.508480836298631	0.0	3
DLBCL11664	0.2571485734561641	0.1145249332030231	0.07250604521958737	0.5097292843440737	0.04609116377715175	0.5097292843440737	1.0	3
DLBCL11486	0.3271688485386947	0.04321777574712452	0.04131566480043812	0.5100074561069979	0.07829025480674466	0.5100074561069979	0.0	3
DLBCL10921	0.5115405083870044	0.0407691571949472	0.049708699519739254	0.34677622076359194	0.0512054141347173	0.5115405083870044	4.0	0
DLBCL10894	0.22473918032810802	0.09151423200939234	0.11656790263368369	0.5127213129343944	0.05445737209442161	0.5127213129343944	1.0	3
DLBCL11513	0.5132461274957102	0.058316699730495726	0.05984279834331532	0.286625370542466	0.08196900388801275	0.5132461274957102	4.0	0
DLBCL10848	0.3556597288679183	0.028782575588886677	0.04134169091835958	0.51330247399014	0.06091353063469546	0.51330247399014	4.0	3
DLBCL10877	0.35154720666975053	0.05033131813205285	0.05276721260399037	0.5151309000328078	0.030223362561398435	0.5151309000328078	0.0	3
DLBCL10996	0.5168562979372128	0.0675063001805181	0.06095382489465948	0.30241813715094223	0.052265439836667336	0.5168562979372128	0.0	0
DLBCL10462	0.21087350673853375	0.03758932729140657	0.07472578569816049	0.5176770399568422	0.15913434031505685	0.5176770399568422	0.0	3
DLBCL10534	0.2551190955187321	0.046171579375423946	0.08482268664693526	0.5186389693791716	0.09524766907973707	0.5186389693791716	4.0	3
DLBCL10867	0.3218789083894669	0.05681313681846261	0.05229168665437032	0.5186646216429783	0.05035164649472178	0.5186646216429783	4.0	3
DLBCL_MC_F729_MAN	0.5208093498189861	0.07053870808783104	0.037130372545636295	0.3137932488219968	0.057728320725549766	0.5208093498189861	1.0	0
DLBCL10870	0.25742873693244916	0.06793702756202273	0.03270225096921885	0.5218757821719333	0.12005620236437602	0.5218757821719333	4.0	3
DLBCL_LS3200	0.20386098859623666	0.06214962110032504	0.055028331578798495	0.5222021725889726	0.15675888613566719	0.5222021725889726	4.0	3
DLBCL_LS3809	0.3301417705826202	0.04471880115500378	0.04883801162415652	0.5239432371190965	0.052358179519123034	0.5239432371190965	0.0	3
DLBC_FF_8043_TP_NB	0.27273222074934494	0.07087295142951565	0.06506214062191325	0.5243969989672025	0.06693568823202356	0.5243969989672025	1.0	3
DLBCL_RICOVER_467	0.24954442622465878	0.06784820946405584	0.08276862606163539	0.5248046835913004	0.07503405465834959	0.5248046835913004	1.0	3
DLBCL10987	0.24810036559029022	0.04594782675118061	0.1195996939821278	0.5259150245202998	0.060437089156101555	0.5259150245202998	4.0	3
DLBCL10961	0.14957364634253847	0.07558086547038456	0.07909418568674514	0.5265033724051316	0.16924793009520017	0.5265033724051316	4.0	3
DLBCL11195	0.31773518389674976	0.04526549069819258	0.051966613607742684	0.5265502529946781	0.05848245880263692	0.5265502529946781	4.0	3
DLBCL_C_D_1148_NULLPAIR	0.3513695836864716	0.03414255642231288	0.03734586054768885	0.5270959158694805	0.05004608347404628	0.5270959158694805	0.0	3
DLBCL_MC_F739_AMA3	0.2690929394399817	0.05389799143797828	0.06310301471088454	0.529387282002008	0.08451877240914743	0.529387282002008	1.0	3
DLBCL_RICOVER_258	0.14815340907675562	0.08294652689679402	0.1303636920544737	0.5296033232780798	0.10893304869389689	0.5296033232780798	2.0	3
DLBCL10980	0.2061505700100754	0.08886399676938543	0.062298142268927235	0.5298415568786284	0.11284573407298346	0.5298415568786284	4.0	3
DLBCL_RICOVER_575	0.21925725205685945	0.06489444404686488	0.07805765680731065	0.5304137180852659	0.10737692900369915	0.5304137180852659	3.0	3
DLBCL11454	0.30499818837575576	0.051513418818503486	0.043294190508472545	0.5308386329645806	0.0693555693326876	0.5308386329645806	0.0	3
DLBCL10837	0.22426481369823664	0.05345391049401337	0.05953748176688315	0.5310135851863048	0.13173020885456196	0.5310135851863048	4.0	3
DLBCL11510	0.17416415042325914	0.0655901385731602	0.06488081723628719	0.5317940348722985	0.16357085889499492	0.5317940348722985	4.0	3
DFCIDL004_DT	0.26008115717839553	0.051608605991145265	0.07870896186748173	0.5345374291916967	0.07506384577128075	0.5345374291916967	4.0	3
DLBCL10876	0.12145966672968833	0.07954416755577165	0.08855063974972666	0.5346339347440935	0.17581159122071988	0.5346339347440935	4.0	3
DLBCL_C_D_1130_NULLPAIR	0.25110780432586505	0.06444901520588024	0.09168190236959116	0.5350027807350729	0.0577584973635907	0.5350027807350729	0.0	3
DLBCL_RICOVER_408	0.2807806595651825	0.06184915975350591	0.06610924309905215	0.5362688653479304	0.054992072234329	0.5362688653479304	2.0	3
DLBCL_DFCI_DLBCL_GOE05	0.20917747654835675	0.06437406131747794	0.07059677108801336	0.536653118078072	0.11919857296808002	0.536653118078072	1.0	3
DLBCL10915	0.29592957445575335	0.043382087664877306	0.0405786141987291	0.5369635929976838	0.08314613068295655	0.5369635929976838	4.0	3
DLBCL_C_D_1135_NULLPAIR	0.2383394243264808	0.052745388732263025	0.08564186418451682	0.5371855525595233	0.08608777019721608	0.5371855525595233	1.0	3
DLBCL11480	0.2415734060965912	0.06287792329733541	0.0681575618163907	0.5376969134818298	0.08969419530785282	0.5376969134818298	0.0	3
DLBCL10959	0.31135231786153383	0.03793635097779482	0.06004913638683198	0.5381481331349636	0.052514061638875696	0.5381481331349636	0.0	3
DLBCL10480	0.5383234460131395	0.07414888267313043	0.043412716911191605	0.26862086479917974	0.07549408960335871	0.5383234460131395	1.0	0
DLBCL10986	0.290912116668736	0.05190283699778655	0.056654272495454044	0.5396111263527871	0.0609196474852363	0.5396111263527871	0.0	3
DLBCL_C_D_1108_NULLPAIR	0.31057252896302806	0.06348566219830325	0.04325344895760364	0.5413684157938021	0.041319944087263	0.5413684157938021	1.0	3
DLBCL11482	0.32655198110584416	0.03584951219264233	0.04720806229549585	0.544636679529257	0.04575376487676072	0.544636679529257	0.0	3
DLBCL_LS1757	0.2930440539799156	0.0435867110933499	0.05305903524291397	0.5451975980482424	0.06511260163557812	0.5451975980482424	0.0	3
DLBCL11461	0.5459006629401476	0.036472088797337966	0.032137665627234406	0.3274692489955031	0.05802033363977695	0.5459006629401476	0.0	0
DLBCL11429	0.3274425979250994	0.046408848271892254	0.04009030714539336	0.546660142850011	0.039398103807604015	0.546660142850011	0.0	3
DLBCL_LS3499	0.2177559834545803	0.05356970271367303	0.05344756793877196	0.5479563352326577	0.12727041066031697	0.5479563352326577	3.0	3
DLBCL11535	0.2947130464843956	0.04322355004165145	0.04460809756744678	0.5483813577461927	0.06907394816031347	0.5483813577461927	3.0	3
DLBCL11528	0.22736372504684074	0.05108089318387	0.10008194821656395	0.5497098503721796	0.07176358318054575	0.5497098503721796	2.0	3
DLBCL10457	0.2505413732567589	0.05976293660598481	0.042774966228450347	0.5506033955080248	0.0963173284007811	0.5506033955080248	4.0	3
DLBCL11536	0.31495698073043255	0.051931280546094215	0.03836407894763915	0.5510281446458053	0.0437195151300287	0.5510281446458053	3.0	3
DLBCL11509	0.5519354877942928	0.05120218577664898	0.03427294635055868	0.32062407659444064	0.0419653034840588	0.5519354877942928	0.0	0
DLBCL11565	0.1705600228203343	0.10041852259222786	0.11216399510542145	0.5528284458307623	0.06402901365125406	0.5528284458307623	1.0	3
DLBCL11542	0.20790101737957983	0.046029303102808714	0.11313029560448086	0.5552484520973104	0.07769093181582015	0.5552484520973104	2.0	3
DLBCL_C_D_1125_NULLPAIR	0.22152775896330562	0.04671882470959331	0.040189948099883264	0.5555605410513219	0.13600292717589585	0.5555605410513219	4.0	3
DLBCL11484	0.23382492071635594	0.05977467526388738	0.05131984348268503	0.5556230041785997	0.09945755635847195	0.5556230041785997	1.0	3
DLBCL10541	0.2587961423332414	0.04275021865918914	0.06827626466262217	0.556100693349365	0.07407668099558232	0.556100693349365	1.0	3
DLBCL_MAYO_DLBCL_7359	0.12404947670637542	0.07365724261120689	0.13165587193219544	0.5585906473323508	0.1120467614178715	0.5585906473323508	1.0	3
DLBCL10454	0.17379446571644713	0.07967125507805252	0.06473884688935992	0.5624497587643905	0.11934567355174994	0.5624497587643905	4.0	3
DLBCL_RICOVER_866	0.1396399043579605	0.0804710820367345	0.13733687195532002	0.5627957795560442	0.07975636209394077	0.5627957795560442	2.0	3
DLBCL10490	0.1965538996156752	0.08442589188928347	0.08160884178182586	0.5648908654487523	0.07252050126446306	0.5648908654487523	0.0	3
DLBCL10515	0.2559615355179202	0.058030989791470616	0.04120820626369218	0.5650341360944279	0.07976513233248905	0.5650341360944279	0.0	3
DLBCL10865	0.265064913757323	0.06390493517570325	0.04716497531977565	0.5655126845829662	0.05835249116423194	0.5655126845829662	4.0	3
DLBCL10874	0.2104566989719176	0.049257654661061454	0.0640926203691644	0.5656182496083217	0.11057477638953475	0.5656182496083217	1.0	3
DLBCL11481	0.19859950454292477	0.07902572995046647	0.07855047666345463	0.5671572354591927	0.07666705338396138	0.5671572354591927	0.0	3
DLBCL11507	0.2320252479346816	0.06648652488428622	0.07917574874020278	0.5672897694616786	0.05502270897915078	0.5672897694616786	1.0	3
DLBCL_RICOVER_533	0.2235820722377381	0.06397690352741073	0.07428072393134438	0.5679996298762068	0.0701606704273	0.5679996298762068	1.0	3
DLBCL_RICOVER_773	0.21140908581401152	0.04692149268575545	0.06318805879399059	0.5680801625023131	0.11040120020392934	0.5680801625023131	4.0	3
DLBCL10492	0.25476990472171146	0.0450863495883694	0.03766931245655681	0.569021061028079	0.09345337220528328	0.569021061028079	0.0	3
DLBCL_C_D_1139_NULLPAIR	0.15841525357297243	0.07569299946522876	0.05590571491625166	0.5725869215699401	0.13739911047560707	0.5725869215699401	3.0	3
DLBCL_RICOVER_320	0.2556030062157884	0.034270486549822864	0.09297800448223557	0.5729056815708113	0.04424282118134182	0.5729056815708113	2.0	3
DLBCL_MAYO_DLBCL_5613	0.26678975937958627	0.049146293572779054	0.03194241896883065	0.5777257697206535	0.07439575835815058	0.5777257697206535	0.0	3
DLBCL_DFCI_DLBCL_GOE07	0.2472886246936597	0.055105101359869166	0.06950233439262367	0.5778308346080593	0.05027310494578819	0.5778308346080593	1.0	3
DLBCL_RICOVER_617	0.26919239506752735	0.03505753456012826	0.036671781888014544	0.5779051116785437	0.08117317680578613	0.5779051116785437	3.0	3
DLBCL11671	0.27988340480576285	0.04306990976426224	0.05337753405057929	0.5783064266874713	0.045362724691924254	0.5783064266874713	0.0	3
DLBCL_C_D_1152_NULLPAIR	0.10202755689706594	0.05435457909574015	0.19348205546324582	0.578420329393976	0.07171547914997203	0.578420329393976	1.0	3
DFCIDL009_DT	0.2567132431804329	0.03189046898054688	0.08169083558907274	0.5785816657072287	0.05112378654271882	0.5785816657072287	2.0	3
DLBCL_C_D_1166_NULLPAIR	0.11554820131458855	0.07580816709924869	0.07054554994567831	0.579153307739386	0.1589447739010985	0.579153307739386	4.0	3
DLBCL11656	0.22160939743547126	0.030353160565248137	0.1174904885255859	0.5800366667748931	0.05051028669880164	0.5800366667748931	2.0	3
DLBCL_C_D_1106_NULLPAIR	0.16535384432217523	0.06809168508572454	0.07797945941373371	0.5810969190797991	0.10747809209856748	0.5810969190797991	1.0	3
DLBCL11459	0.26856515854274265	0.05101186628910293	0.038187369399740385	0.5811433043603691	0.06109230140804496	0.5811433043603691	3.0	3
DLBCL10994	0.2156095949234941	0.05350647212541731	0.05058687714882129	0.5824938699034958	0.09780318589877143	0.5824938699034958	0.0	3
DLBCL11534	0.06963142858521609	0.04662027079424548	0.16157935986745742	0.5844044699841541	0.137764470768927	0.5844044699841541	2.0	3
DLBCL11479	0.23605220223083512	0.044662797364084295	0.06476076808159066	0.5846302405237375	0.0698939917997525	0.5846302405237375	1.0	3
DLBCL_RICOVER_1219	0.26041593546149333	0.04318782292363088	0.044062177205290896	0.5867468512251751	0.06558721318440974	0.5867468512251751	4.0	3
DLBCL_LS1304	0.22627383221536226	0.07610113218793237	0.05963409425754561	0.5879597557531991	0.0500311855859606	0.5879597557531991	2.0	3
DLBCL10878	0.2599465216555182	0.03754684660933441	0.06388942388183345	0.5885494571074232	0.05006775074589074	0.5885494571074232	4.0	3
DLBCL_C_D_1105_NULLPAIR	0.22205464676593717	0.07051609652087046	0.06754277783306067	0.5890624714940924	0.05082400738603929	0.5890624714940924	1.0	3
DLBCL11443	0.26015560613124367	0.04711345587470106	0.05685235315215412	0.5893388949292718	0.04653968991262935	0.5893388949292718	0.0	3
DLBCL_LS3245	0.16171400290966617	0.11995551185132104	0.08003792072540322	0.5897486633151606	0.04854390119844892	0.5897486633151606	1.0	3
DLBCL10900	0.2628536260795552	0.039594731732574794	0.04595235989329898	0.5898497880398128	0.06174949425475813	0.5898497880398128	4.0	3
DLBCL10847	0.20184214703029993	0.03888689013970068	0.05303684800821577	0.5915003374984522	0.11473377732333145	0.5915003374984522	4.0	3
DLBCL_C_D_1157_NULLPAIR	0.17278942460546187	0.059863592987932986	0.09005275318251289	0.5920081814516547	0.08528604777243766	0.5920081814516547	2.0	3
DLBCL_MC_F606_DMJ	0.06745363109368643	0.07585999553311613	0.12933105457413166	0.5927655244012044	0.1345897943978614	0.5927655244012044	2.0	3
DLBCL_LS762	0.19696438547737802	0.05873534934812478	0.04832592497131554	0.5933187611812161	0.10265557902196563	0.5933187611812161	2.0	3
DLBCL_C_D_1144_NULLPAIR	0.15393900332528562	0.02998020375241575	0.08727992556827725	0.5933648107483777	0.13543605660564367	0.5933648107483777	4.0	3
DLBCL_RICOVER_469	0.20314683620293575	0.05253192566713373	0.10589221707031042	0.5937621107255129	0.044666910334107246	0.5937621107255129	2.0	3
DLBCL_RICOVER_1329	0.18982820810477777	0.07676266822656484	0.055033801425159956	0.5942290527969648	0.08414626944653263	0.5942290527969648	4.0	3
DLBCL11432	0.20159417048684294	0.04388670748894768	0.08651425880551951	0.594775007884508	0.07322985533418183	0.594775007884508	0.0	3
DLBCL10869	0.21627600093339416	0.03114196625708843	0.07379699619038439	0.5950374000796133	0.08374763653951986	0.5950374000796133	0.0	3
DLBCL10917	0.1492814663454358	0.05534629974241221	0.13803670516384792	0.5950521851184101	0.06228334362989398	0.5950521851184101	1.0	3
DLBCL10990	0.19449410726651276	0.04969438660807278	0.07660422051607851	0.5963983381773155	0.08280894743202044	0.5963983381773155	4.0	3
DLBCL11434	0.2320898751990352	0.05520081214224198	0.06749915245778455	0.5985900382942714	0.04662012190666696	0.5985900382942714	0.0	3
DLBCL_MC_F519_ALT	0.22003297589960605	0.03761069998028651	0.053166089017058035	0.5991870097673918	0.09000322533565758	0.5991870097673918	4.0	3
DLBCL_RICOVER_685	0.25077925313693283	0.03207977257673139	0.0542767079366293	0.5997116141286931	0.06315265222101342	0.5997116141286931	4.0	3
DLBC_FF_A7CX_TP_NB	0.1785444865844888	0.05569907408135921	0.0638949257624598	0.6002473815594523	0.10161413201223987	0.6002473815594523	4.0	3
DLBCL_RICOVER_678	0.2540543921463512	0.05485226418069879	0.044092478014559656	0.6006181178739334	0.04638274778445702	0.6006181178739334	1.0	3
DLBCL_LS2154	0.21988664300832078	0.037529310055801963	0.05395110125455851	0.6006747221397497	0.08795822354156908	0.6006747221397497	0.0	3
DLBCL11466	0.20429770652654833	0.034739711379915106	0.08619836748482218	0.6009038829377773	0.07386033167093713	0.6009038829377773	1.0	3
DLBCL11187	0.1800426773592493	0.045259501058043425	0.03907150574877458	0.6016636902600041	0.13396262557392866	0.6016636902600041	4.0	3
DLBCL11204	0.2052970197117506	0.045414568631338595	0.05426374130826003	0.6018667305035529	0.09315793984509785	0.6018667305035529	1.0	3
DLBCL10885	0.1810640084221645	0.051812480661462136	0.06118410462794758	0.6028714914812797	0.10306791480714607	0.6028714914812797	1.0	3
DLBCL_DFCI_DLBCL_GOE16	0.13712913218338918	0.042563786059092994	0.12192670013864333	0.6033178256502735	0.09506255596860097	0.6033178256502735	2.0	3
DLBCL_RICOVER_829	0.18532917140711058	0.06907028490514641	0.07260305156565171	0.6036672840721992	0.06933020804989214	0.6036672840721992	0.0	3
DLBCL10934	0.12589400069824458	0.06681564986379701	0.08113820749735809	0.6039761091990644	0.12217603274153589	0.6039761091990644	1.0	3
DLBCL10883	0.1851153967925919	0.041326342203733935	0.07903579407622241	0.6039911952305532	0.09053127169689848	0.6039911952305532	4.0	3
DLBCL11539	0.24565063894824496	0.06896547841887478	0.046334161680610615	0.6041331515574372	0.03491656939483238	0.6041331515574372	0.0	3
DLBCL_RICOVER_506	0.2246928806622023	0.06192806261627012	0.06073164630036089	0.6043265269503895	0.04832088347077722	0.6043265269503895	4.0	3
DLBCL10553	0.14898067955294386	0.055647807860837326	0.08883123322472138	0.6076271412941775	0.0989131380673199	0.6076271412941775	3.0	3
DLBCL11680	0.1747308013023029	0.043636066694334244	0.12984040829584081	0.6079615611761687	0.043831162531353364	0.6079615611761687	2.0	3
DLBCL_RICOVER_977	0.27809283190825246	0.030508414376366907	0.048233919921945236	0.6080192588651852	0.03514557492825021	0.6080192588651852	0.0	3
DLBCL_RICOVER_1165	0.2303625090375086	0.05347887544026411	0.050056768807665464	0.6092544136254555	0.05684743308910635	0.6092544136254555	1.0	3
DLBCL10936	0.10060024025802959	0.05621693076878676	0.07190517777048694	0.6094476708881547	0.16182998031454213	0.6094476708881547	2.0	3
DLBCL10530	0.22458107729671262	0.04900787480686347	0.04087212264423686	0.6096579346769495	0.07588099057523753	0.6096579346769495	4.0	3
DLBCL11564	0.13364471211599066	0.07636324326914815	0.09861564273583337	0.6099901736988709	0.08138622818015699	0.6099901736988709	3.0	3
DLBCL10552	0.2696807996807507	0.03982811614491129	0.05469214269952922	0.6106739186273468	0.025125022847462024	0.6106739186273468	3.0	3
DLBCL_LS4619	0.16072701581202556	0.06474062724266673	0.08375146186837527	0.6120533931975568	0.07872750187937566	0.6120533931975568	4.0	3
DLBCL10890	0.14161997125796746	0.06218513938594361	0.09528247298933348	0.6124646894545965	0.08844772691215903	0.6124646894545965	4.0	3
DLBCL10518	0.13630424715994713	0.046307845640849235	0.1490112439032403	0.6127494627032214	0.05562720059274195	0.6127494627032214	2.0	3
DLBCL10485	0.2027006176542507	0.0474354642844631	0.05104633429901247	0.6129762508391534	0.08584133292312038	0.6129762508391534	4.0	3
DLBCL11439	0.14471928503663037	0.05067213161807744	0.05116125321768682	0.614103664662698	0.13934366546490737	0.614103664662698	2.0	3
DLBCL_RICOVER_787	0.21014531582650187	0.05790970992986345	0.05005901421569897	0.6141353489525498	0.06775061107538587	0.6141353489525498	1.0	3
DLBCL10931	0.15347775648449696	0.053779369146151654	0.04980374693424645	0.6149467977928821	0.1279923296422229	0.6149467977928821	0.0	3
DLBCL11462	0.14145553899624672	0.06197823724616505	0.09777019638755287	0.6154740348225624	0.08332199254747301	0.6154740348225624	0.0	3
DLBCL10968	0.1207223521409221	0.025633720083441575	0.0875716415924555	0.6155965108720894	0.15047577531109138	0.6155965108720894	0.0	3
DLBCL10833	0.2161053251272458	0.0353664596461517	0.06264007157605066	0.6167478394869084	0.06914030416364347	0.6167478394869084	4.0	3
DLBCL10896	0.2515099074344579	0.029355082886408205	0.04202729408499162	0.6168872349414694	0.060220480652672874	0.6168872349414694	0.0	3
DLBCL10969	0.2172301974822325	0.03906881724072332	0.06759556592570785	0.6169330595822439	0.05917235976909245	0.6169330595822439	0.0	3
DLBCL10993	0.1499164137150645	0.06111380811896984	0.0799147944318201	0.6171283204298157	0.09192666330432986	0.6171283204298157	0.0	3
DLBCL_LS4593	0.216925310471651	0.04107650234959955	0.07175202167246442	0.6178514277953192	0.05239473771096581	0.6178514277953192	2.0	3
DLBCL10930	0.11414082140755596	0.053916547227286386	0.09564706956607524	0.6188241984220757	0.1174713633770067	0.6188241984220757	4.0	3
DLBCL11467	0.1894477964916962	0.06236995409950802	0.06293501451780552	0.6188982916323994	0.06634894325859082	0.6188982916323994	3.0	3
DLBCL11472	0.21906396765586092	0.03888517337916758	0.039394411673269694	0.6191354405098813	0.08352100678182046	0.6191354405098813	0.0	3
DLBCL10502	0.2418752996000167	0.03808546712724319	0.04245494177599243	0.6195703974584249	0.05801389403832269	0.6195703974584249	1.0	3
DLBCL10555	0.23695358860148502	0.03538751252782877	0.06569047833492456	0.6200847081649855	0.041883712370776094	0.6200847081649855	2.0	3
DLBCL11474	0.24808112624160195	0.03961268374106524	0.03349094786740174	0.6203430833727638	0.05847215877716733	0.6203430833727638	0.0	3
DLBCL11477	0.23493075302323935	0.05121970232276136	0.04479674729558854	0.620518657733851	0.048534139624559734	0.620518657733851	0.0	3
DLBCL11003	0.16232896427005167	0.0667257267756949	0.07173386090797633	0.6233937924479154	0.07581765559836172	0.6233937924479154	1.0	3
DLBCL11673	0.07389114115557312	0.05936978906803193	0.10206184944637817	0.6234908205670464	0.1411863997629704	0.6234908205670464	1.0	3
DLBCL_RICOVER_1106	0.20453990176211223	0.06737707642402956	0.04212753027014933	0.6235516674649367	0.06240382407877224	0.6235516674649367	4.0	3
DLBCL_RICOVER_335	0.20081078107785327	0.07562809643639394	0.05230245846738466	0.6239350841042671	0.04732357991410094	0.6239350841042671	1.0	3
DLBCL_LS1098	0.12998455688116425	0.0352273158861141	0.13009175296515954	0.6241995319254106	0.08049684234215154	0.6241995319254106	2.0	3
DFCIDL008_DT	0.19273617734964832	0.042018088143337656	0.0620566953099198	0.6253753228013724	0.0778137163957218	0.6253753228013724	4.0	3
DLBCL10974	0.18936975637684586	0.03690764623376664	0.09787023009627573	0.6253992627751433	0.05045310451796848	0.6253992627751433	3.0	3
DLBCL11651	0.25365072964886665	0.03877269216485624	0.04846929938164733	0.6273319461093387	0.03177533269529107	0.6273319461093387	2.0	3
DLBCL_RICOVER_111	0.18796858532918043	0.018827773598952147	0.10285905134881451	0.6281474978208847	0.06219709190216815	0.6281474978208847	4.0	3
DLBCL10859	0.1952683262614696	0.050074350184886096	0.04681299860505137	0.6288457532151369	0.07899857173345602	0.6288457532151369	1.0	3
DLBCL11679	0.1345253328785343	0.07260432947547354	0.0550816212206164	0.6295671448983505	0.10822157152702513	0.6295671448983505	1.0	3
DLBCL10857	0.23941648988472133	0.03814718723965337	0.03904197389114708	0.6306368547272774	0.05275749425720094	0.6306368547272774	4.0	3
DLBCL_LS3204	0.18663732081355797	0.03443568177105897	0.05938715774095201	0.6308841705488403	0.08865566912559081	0.6308841705488403	1.0	3
DLBCL11541	0.17485786049862145	0.04766336379105032	0.08767292061527754	0.6309660302645762	0.058839824830474445	0.6309660302645762	2.0	3
DLBCL11681	0.20655809158493307	0.03361515566581611	0.06217109012720151	0.6316277379943501	0.0660279246276992	0.6316277379943501	0.0	3
DLBCL10465	0.16964111224980438	0.0522051978273683	0.09293313235248042	0.6320808475718968	0.05313970999845019	0.6320808475718968	2.0	3
DLBCL_RICOVER_985	0.19227021568818678	0.06578062515210233	0.053019005983787226	0.6344840160071397	0.05444613716878407	0.6344840160071397	3.0	3
DLBCL11473	0.1797204345388838	0.0392948102145034	0.07511590661666354	0.6348249752766311	0.07104387335331817	0.6348249752766311	0.0	3
DLBCL_RICOVER_253	0.1693165057221264	0.05904589097237308	0.07530210717274424	0.6353448794506724	0.060990616682083894	0.6353448794506724	1.0	3
DLBCL_RICOVER_744	0.17157129347814912	0.042194691347748385	0.07339869611996591	0.635442179668474	0.07739313938566261	0.635442179668474	2.0	3
DLBCL11346	0.17930041942538816	0.04399032834627039	0.07067087491632917	0.636274516172438	0.06976386113957428	0.636274516172438	1.0	3
DLBCL11573	0.13353151434731525	0.0563762833888208	0.11288553406051383	0.6383946124346996	0.05881205576865048	0.6383946124346996	2.0	3
DLBCL_BWH_DLBCL64	0.20969321168758284	0.05443753487745445	0.054524650483776985	0.6386177293537478	0.042726873597437924	0.6386177293537478	1.0	3
DLBCL11203	0.2046211698672696	0.04994314819348683	0.0601720190631554	0.6391670990441453	0.04609656383194289	0.6391670990441453	1.0	3
DLBCL_C_D_1136_NULLPAIR	0.18343949635083281	0.049597122277984095	0.05290817361669949	0.6396761464093916	0.07437906134509195	0.6396761464093916	1.0	3
DLBCL11569	0.09456474612342614	0.046199569147434394	0.12070834025898963	0.6407645003051378	0.09776284416501209	0.6407645003051378	2.0	3
DLBCL11662	0.16013217766367516	0.04171761637292989	0.10796042692313691	0.6409292163408931	0.049260562699364976	0.6409292163408931	0.0	3
DLBCL11471	0.223409859887119	0.042412118344786004	0.0559465263669265	0.6414740546984563	0.03675744070271219	0.6414740546984563	3.0	3
DLBCL_RICOVER_950	0.19093115398622357	0.0605442955321492	0.05663104876759992	0.6434661927495465	0.04842730896448078	0.6434661927495465	3.0	3
DLBCL10517	0.1700408503584674	0.049883875072878725	0.06324242600288144	0.6463700531493486	0.07046279541642382	0.6463700531493486	1.0	3
DLBC_FF_8062_TP_NB	0.17084886253407888	0.04346237242266842	0.07769710263338434	0.6466681873286795	0.061323475081188836	0.6466681873286795	3.0	3
DLBCL11488	0.22420857348488873	0.028741599014050535	0.04512821835352391	0.6470570783873337	0.05486453076020308	0.6470570783873337	0.0	3
DLBCL11520	0.202920695693335	0.033623810656291574	0.03802834772973887	0.6478983137310577	0.07752883218957685	0.6478983137310577	0.0	3
DLBC_FF_A7CR_TP_NB	0.12397201504616022	0.05011739334339684	0.04675139803815007	0.6483286116383854	0.13083058193390745	0.6483286116383854	4.0	3
DLBCL_RICOVER_440	0.19850375370614878	0.04156051133307582	0.06345891053230332	0.6494963443549185	0.04698048007355357	0.6494963443549185	2.0	3
DLBCL_C_D_1118_NULLPAIR	0.20069401947079074	0.044933627653953374	0.059718878373193604	0.6495221239679271	0.045131350534135264	0.6495221239679271	1.0	3
DLBCL_MC_F349_BJJ	0.1722025297286694	0.03317306851104987	0.07302376013299071	0.6503262573528875	0.07127438427440248	0.6503262573528875	2.0	3
DLBCL10967	0.18375705909768084	0.043203157074543	0.054245696338326405	0.6508900596069485	0.06790402788250133	0.6508900596069485	4.0	3
DLBCL10932	0.18521723591469288	0.04059330581771536	0.051792341664567976	0.6514806644979727	0.07091645210505114	0.6514806644979727	3.0	3
DLBCL10971	0.17974823270840967	0.03904613995063785	0.059135365614003205	0.6523735965537683	0.069696665173181	0.6523735965537683	0.0	3
DLBCL10850	0.19008821747560162	0.05081417988835262	0.05235094769240417	0.6527227574151648	0.054023897528476764	0.6527227574151648	1.0	3
DLBCL10512	0.07275062066779238	0.07098309723630868	0.08875425748313631	0.6534149482576433	0.11409707635511931	0.6534149482576433	2.0	3
DLBCL_MC_F132_MLM	0.216723497303973	0.04210880495295249	0.0433840461021726	0.6546349871345906	0.04314866450631131	0.6546349871345906	0.0	3
DLBCL_C_D_1153_NULLPAIR	0.1147826836356828	0.036792912745220764	0.08029300512018357	0.6546525732971034	0.1134788252018095	0.6546525732971034	3.0	3
DLBCL10950	0.1770308237268227	0.037173034906270615	0.057843391676489275	0.6558549064046566	0.0720978432857609	0.6558549064046566	0.0	3
DLBCL10781	0.1816238549251783	0.04366230669389905	0.055658076316487684	0.6559862509232941	0.06306951114114087	0.6559862509232941	4.0	3
DLBCL10536	0.1827378262355568	0.05202040768368752	0.06031812306671434	0.6573241485133209	0.04759949450072048	0.6573241485133209	2.0	3
DLBCL11685	0.1206951459091716	0.03343271692698764	0.13168005127325677	0.6575024464951001	0.05668963939548385	0.6575024464951001	2.0	3
DLBCL_C_D_PAIR13	0.10813106346312515	0.036410056954693265	0.07751489654597526	0.6581544263581727	0.11978955667803359	0.6581544263581727	4.0	3
DLBCL_RICOVER_478	0.1690006530561805	0.03917136601089672	0.0578002989351965	0.6582766378518053	0.0757510441459209	0.6582766378518053	1.0	3
DLBCL11431	0.18867578693465545	0.03659599325914801	0.04622437212122387	0.6585401134928934	0.06996373419207923	0.6585401134928934	4.0	3
DLBCL_LS1395	0.175218583105251	0.04498015618643508	0.08401425574103753	0.6588238616423024	0.036963143324973934	0.6588238616423024	2.0	3
DLBCL10849	0.17437396372778538	0.05365101047681923	0.06647317870196835	0.6588560116686587	0.04664583542476836	0.6588560116686587	1.0	3
DLBCL10554	0.19173802939213216	0.034529230972636084	0.07374607738620029	0.6601875330984606	0.03979912915057085	0.6601875330984606	2.0	3
DLBCL_C_D_1129_NULLPAIR	0.15889568762462936	0.037850898816349156	0.05098313520385651	0.660800759094853	0.0914695192603119	0.660800759094853	0.0	3
DLBCL11469	0.20869103775057035	0.028767582479911406	0.06104454728153804	0.6620849884746665	0.03941184401331371	0.6620849884746665	2.0	3
DLBCL10891	0.16845624276530613	0.036092667365389935	0.08383632451733183	0.6644860639291696	0.047128701422802476	0.6644860639291696	4.0	3
DLBCL10525	0.194897096432846	0.03411625682636685	0.06327708742878213	0.6648435307840731	0.04286602852793191	0.6648435307840731	0.0	3
DLBCL11676	0.19405097237487637	0.035206028538616894	0.06127623658543363	0.6649388543155801	0.044527908185493056	0.6649388543155801	0.0	3
DLBCL11457	0.16950733092245207	0.037882602256770675	0.05976404630577007	0.6651848229733519	0.06766119754165528	0.6651848229733519	0.0	3
DLBCL_RICOVER_274	0.17377734285883414	0.05159552213135753	0.05074830385097181	0.665545761740246	0.05833306941859044	0.665545761740246	3.0	3
DLBCL10472	0.14826994932971999	0.050151426645639124	0.05726115966305266	0.6663641848949358	0.07795327946665251	0.6663641848949358	2.0	3
DLBC_FF_A7CW_TP_NB	0.1714732080089839	0.043897596358612775	0.054318989773198635	0.6665114505381513	0.06379875532105332	0.6665114505381513	4.0	3
DLBCL11464	0.14668925106361191	0.04744033260969941	0.06252527117932964	0.6669261091174268	0.07641903602993219	0.6669261091174268	3.0	3
DLBCL_LS2590	0.18718624595179545	0.0420701844493912	0.06500124870663113	0.6675144712896338	0.03822784960254844	0.6675144712896338	3.0	3
DLBCL10464	0.18812010939062979	0.033985391913532885	0.07459630394136027	0.6679353009773638	0.035362893777113324	0.6679353009773638	2.0	3
DLBCL11537	0.1869318221926311	0.03135823861330191	0.04247666526129296	0.6680744972068494	0.07115877672592466	0.6680744972068494	0.0	3
DLBCL_RICOVER_711	0.16682549364751556	0.042190930744535504	0.06404881910152134	0.668314149408065	0.058620607098362545	0.668314149408065	3.0	3
DLBCL10972	0.163591822152442	0.029374414768723257	0.053924338493587916	0.6685785856556363	0.08453083892961057	0.6685785856556363	0.0	3
DLBCL10995	0.12671113616408902	0.048764284625995184	0.07055762238092163	0.6693535306514289	0.08461342617756529	0.6693535306514289	2.0	3
DLBCL10845	0.1522678087209459	0.038313657921582325	0.07687951676716939	0.669406796300878	0.06313222028942446	0.669406796300878	1.0	3
DLBCL10966	0.18128705230898154	0.037211554775658066	0.04529716325298515	0.6697541975004108	0.0664500321619645	0.6697541975004108	0.0	3
DLBCL10539	0.18679251631565605	0.026162788755011285	0.08435534741541352	0.6704665100755021	0.03222283743841716	0.6704665100755021	3.0	3
DLBCL10927	0.20355487241057676	0.04290323547469611	0.032784714982980606	0.67168687716299	0.049070299968756455	0.67168687716299	3.0	3
DLBCL10838	0.17665942555374312	0.03961922181741396	0.03474752630325684	0.6718741491329301	0.07709967719265598	0.6718741491329301	4.0	3
DLBCL11595	0.18192851540649307	0.05290851603068572	0.05159328777418527	0.6720614120834655	0.0415082687051704	0.6720614120834655	4.0	3
DLBCL11661	0.15719815808875312	0.058832405090561216	0.0672574567363991	0.6720820984467607	0.04462988163752588	0.6720820984467607	1.0	3
DLBCL11353	0.14230716789050404	0.03949931988014112	0.0840515512399351	0.672324917257117	0.06181704373230287	0.672324917257117	4.0	3
DLBCL_RICOVER_338	0.16214317674568515	0.05084428221637987	0.052747643882355415	0.6726756852486787	0.06158921190690084	0.6726756852486787	0.0	3
DLBCL10488	0.18395308479030986	0.03973500843498308	0.0698180586609935	0.673263167589954	0.03323068052375964	0.673263167589954	0.0	3
DLBCL10458	0.18709352774346283	0.030478241674371014	0.06563006202936218	0.6732658058854832	0.04353236266732072	0.6732658058854832	0.0	3
DLBCL10881	0.14327727282730623	0.04446680958206677	0.05358532140440117	0.6732913617693707	0.08537923441685515	0.6732913617693707	4.0	3
DLBCL_C_D_1126_NULLPAIR	0.14168761020550566	0.04312808424158478	0.08165802477775111	0.6733232404154159	0.060203040359742555	0.6733232404154159	1.0	3
DLBCL_LS146	0.13790879415695945	0.06402141294705196	0.09220912935246893	0.673631345107373	0.03222931843614666	0.673631345107373	1.0	3
DLBCL10985	0.20482234231797977	0.03870058661607859	0.0409969716577348	0.6736570912767491	0.04182300813145767	0.6736570912767491	1.0	3
DLBCL_C_D_1128_NULLPAIR	0.1586083725989316	0.035071879223925226	0.062042871493795206	0.6737590290647949	0.07051784761855298	0.6737590290647949	0.0	3
DLBCL_C_D_1163_NULLPAIR	0.17665697388879312	0.0416833279380659	0.04149350437907802	0.6738696540558669	0.06629653973819612	0.6738696540558669	4.0	3
DLBCL_MC_F496DMP	0.1377801089014186	0.03519251941253028	0.10410391596028436	0.6740349387131914	0.04888851701257538	0.6740349387131914	1.0	3
DLBCL_MAYO_DLBCL_3653	0.1468083752211662	0.03291904949166734	0.05623450418446839	0.6746146503187141	0.08942342078398396	0.6746146503187141	0.0	3
DLBCL_LS4054	0.16973288020367444	0.03747896675820041	0.05555487374351396	0.6756961915310233	0.061537087763587794	0.6756961915310233	1.0	3
DLBCL_MC_F362_MJB1	0.11481647447286036	0.04271035133969943	0.1103009917149685	0.6786204598100308	0.05355172266244089	0.6786204598100308	2.0	3
DLBCL10484	0.16294639257515592	0.04656981771919772	0.06453812551643325	0.6786484394393665	0.047297224749846684	0.6786484394393665	1.0	3
DLBCL_LS1921	0.19779429252855554	0.03138332182445952	0.058166715156983864	0.6812791075058626	0.03137656298413847	0.6812791075058626	1.0	3
DLBCL10853	0.15977016873767197	0.04573001432961711	0.057691053676547054	0.6817637486021096	0.05504501465405429	0.6817637486021096	4.0	3
DLBCL10842	0.15619372423118222	0.03872107961805251	0.04126011386583302	0.6820157751867829	0.08180930709814936	0.6820157751867829	4.0	3
DLBCL11440	0.15957400528808374	0.04668497397539585	0.04919067824161426	0.683132817413565	0.061417525081341046	0.683132817413565	4.0	3
DLBCL11441	0.18130580773236937	0.03175220800425074	0.04710904052856543	0.6847011304566514	0.05513181327816311	0.6847011304566514	2.0	3
DLBCL_LS2325	0.15186350338295776	0.03687855027595752	0.06216598438456831	0.6851118643179055	0.06398009763861096	0.6851118643179055	2.0	3
DLBCL11515	0.15294590032174488	0.02227022237781651	0.08915225088036373	0.6851657978821906	0.05046582853788438	0.6851657978821906	2.0	3
DLBCL11433	0.1965277639065919	0.03654914602956134	0.0400056828581255	0.6851995250272425	0.041717882178478806	0.6851995250272425	3.0	3
DLBCL_RICOVER_577	0.12146406846332211	0.029120404748616005	0.08138852929101244	0.6859399698431853	0.08208702765386412	0.6859399698431853	2.0	3
DLBCL10904	0.13782809454526565	0.036690961589208565	0.06854111658573186	0.6863669917910706	0.07057283548872334	0.6863669917910706	4.0	3
DLBCL11652	0.15494581475839136	0.04941268577669045	0.04293518726001226	0.6888861583879079	0.06382015381699803	0.6888861583879079	0.0	3
DLBCL_LS2208	0.11936157401689144	0.03855221292763296	0.04413404817529706	0.6906902779337496	0.1072618869464289	0.6906902779337496	4.0	3
DLBCL11191	0.150423780237252	0.03650006337321285	0.05809975052411997	0.6913929395066218	0.06358346635879335	0.6913929395066218	0.0	3
DLBCL_MC_F500_ECU	0.16038235134097079	0.034075568246305026	0.056616847718836384	0.6914730283061931	0.057452204387694765	0.6914730283061931	1.0	3
DLBCL10970	0.17478160387810548	0.04609528217581135	0.03759444633162521	0.6919985631427814	0.04953010447167658	0.6919985631427814	3.0	3
DLBCL_RICOVER_978	0.1825199736233653	0.049774278130946446	0.034943920329935464	0.6922813629776389	0.04048046493811388	0.6922813629776389	2.0	3
DLBCL10486	0.6944732524222705	0.021120483052491135	0.05366155596907578	0.19678770252015967	0.033957006036002865	0.6944732524222705	0.0	0
DLBCL11512	0.1370283664618209	0.04503979860611442	0.06773640087326277	0.694948409335372	0.055247024723429905	0.694948409335372	0.0	3
DLBCL11658	0.17210324023734183	0.042004022750759706	0.04942008113140168	0.6956640380980461	0.04080861778245071	0.6956640380980461	3.0	3
DLBCL10925	0.1368970355987759	0.04224397030568959	0.07420939860790167	0.695925818091097	0.05072377739653597	0.695925818091097	4.0	3
DLBCL_RICOVER_299	0.1251195033707769	0.07040026495696784	0.06643586447084288	0.6959277512767241	0.042116615924688246	0.6959277512767241	1.0	3
DLBCL11500	0.12876379378641964	0.029651108018216788	0.05346258895741333	0.6960389889487572	0.09208352028919313	0.6960389889487572	4.0	3
DLBCL10975	0.18139567443835924	0.0359191751479198	0.039803988357046294	0.6967503587965386	0.046130803260136015	0.6967503587965386	0.0	3
DLBCL11659	0.17095910161247566	0.0343012879854355	0.04874114396047758	0.6969259307630937	0.04907253567851754	0.6969259307630937	3.0	3
DLBCL10501	0.13917356452448482	0.04687469605618774	0.07268603928768966	0.6975866622421076	0.043679037889530134	0.6975866622421076	2.0	3
DLBCL_RICOVER_1235	0.12374821772148983	0.05759021739501267	0.06094667294100001	0.697631906927194	0.060082985015303465	0.697631906927194	1.0	3
DLBCL_RICOVER_839	0.16433742862575473	0.04847293187933021	0.04415556237415363	0.6979268512704221	0.04510722585033928	0.6979268512704221	1.0	3
DLBCL_MC_F089_HCZ	0.15763557124633842	0.044952239673962995	0.05417337781701587	0.6986557065507305	0.04458310471195228	0.6986557065507305	1.0	3
DLBCL10902	0.1422533542201437	0.05471734481149487	0.060044824143249124	0.6992615417038971	0.04372293512121516	0.6992615417038971	4.0	3
DLBCL10854	0.11684126515516038	0.04380456662952583	0.06518497348557474	0.7000914512697033	0.0740777434600357	0.7000914512697033	4.0	3
DLBCL_LS3749	0.12275806242792119	0.051048191220026844	0.08005503336032892	0.7001555900905838	0.04598312290113924	0.7001555900905838	1.0	3
DLBCL10483	0.13432273695556007	0.05743912087168403	0.058291681569267784	0.7012350804659192	0.04871138013756891	0.7012350804659192	1.0	3
DLBCL_LS1683	0.16347089091054953	0.04092318073853141	0.04425192447694479	0.7014598320522525	0.04989417182172175	0.7014598320522525	1.0	3
DLBCL10875	0.16264646778195482	0.03581407799736644	0.04304139062808669	0.7027927780690518	0.055705285523540204	0.7027927780690518	0.0	3
DLBCL11518	0.15377010876062047	0.044277826136694544	0.060924703617331565	0.7034293036215902	0.037598057863763294	0.7034293036215902	2.0	3
DLBCL_LS1668	0.12735786163734342	0.047206613266217515	0.04671173444840402	0.7036943698705717	0.07502942077746334	0.7036943698705717	1.0	3
DLBCL_RICOVER_1032	0.1431557656635556	0.03643003338646209	0.04811663729723828	0.7042408450504991	0.06805671860224491	0.7042408450504991	4.0	3
DLBCL_LS843	0.08448495393414214	0.04933064755697996	0.06970936249092036	0.704975056340516	0.09149997967744151	0.704975056340516	2.0	3
DLBCL10873	0.12618045537827005	0.038609920582950964	0.08104497157747535	0.7052756849039937	0.04888896755730992	0.7052756849039937	1.0	3
DLBCL_LS2367	0.1551174384328379	0.03442104221177538	0.06178548143103957	0.7061813451752821	0.042494692749065095	0.7061813451752821	0.0	3
DLBC_FF_8042_TP_NB	0.1520565248885631	0.04020115337566684	0.06035258207252322	0.7067501362774544	0.040639603385792436	0.7067501362774544	4.0	3
DLBCL_RICOVER_1293	0.13884388794470712	0.037632384653122374	0.03996163714571907	0.7068830995397382	0.07667899071671327	0.7068830995397382	4.0	3
DLBCL10922	0.16711392642693643	0.03609402378118254	0.035141897054649915	0.7080017611087995	0.05364839162843154	0.7080017611087995	1.0	3
DLBCL_RICOVER_1278	0.15029541196025625	0.029455710563166867	0.07482214593599694	0.708951341569621	0.036475389970958894	0.708951341569621	4.0	3
DLBCL_LS2328	0.14690475033832393	0.04505032044506269	0.06916492074996115	0.7093450377758614	0.029534970690790762	0.7093450377758614	2.0	3
DLBCL10992	0.09164866611053529	0.02971504795374285	0.07562489687908336	0.710346186003198	0.09266520305344048	0.710346186003198	4.0	3
DLBCL11491	0.16724618341228015	0.0427002240503127	0.03737068143977439	0.7106806699788334	0.042002241118799404	0.7106806699788334	3.0	3
DLBCL10514	0.15294370840967295	0.038883128353168345	0.05699775964268732	0.7109938158793385	0.04018158771513286	0.7109938158793385	2.0	3
DLBCL10989	0.10729216625175858	0.04807313227443726	0.0996186897019868	0.7111722835536297	0.033843728218187666	0.7111722835536297	1.0	3
DLBCL11516	0.11310633095266574	0.047222756812771854	0.08130613496091199	0.7115648857779459	0.046799891495704564	0.7115648857779459	1.0	3
DLBCL11483	0.1622319520943704	0.03543768200498049	0.04861665529280858	0.7123556121773653	0.04135809843047519	0.7123556121773653	1.0	3
DLBCL10549	0.17162223018509692	0.03180895608104175	0.04134478118202772	0.7123972558053602	0.04282677674647342	0.7123972558053602	1.0	3
DLBCL11538	0.1274277604625637	0.028498681886730493	0.04802281991069807	0.7124079461143524	0.08364279162565522	0.7124079461143524	4.0	3
DLBCL11470	0.1473369140018645	0.029226303520442563	0.05986046737109257	0.7135135201284625	0.050062794978137815	0.7135135201284625	0.0	3
DFCIDL010_DT	0.17272133149954663	0.03244424667552716	0.03301350091401302	0.7139541660065022	0.04786675490441108	0.7139541660065022	0.0	3
DLBCL10978	0.08189873626497743	0.03466543581782051	0.07944411653409374	0.7139729515103541	0.09001875987275418	0.7139729515103541	3.0	3
DLBCL11001	0.1274949105415269	0.04022507630634915	0.07329632691710598	0.7142700245128513	0.04471366172216676	0.7142700245128513	4.0	3
DLBCL10897	0.1368513787235394	0.04486952385320036	0.03328112979849207	0.7142949530293138	0.07070301459545439	0.7142949530293138	0.0	3
DLBCL10903	0.11420963460057919	0.03995694687677912	0.04760936121061298	0.714436155876746	0.0837879014352827	0.714436155876746	1.0	3
DLBCL_C_D_1138_NULLPAIR	0.15276334031343522	0.04422602577415064	0.05191743512980254	0.715385666576864	0.03570753220574762	0.715385666576864	1.0	3
DLBCL_RICOVER_216	0.11467823044314537	0.03308927577159133	0.06815179120288574	0.7158692219124139	0.06821148066996374	0.7158692219124139	2.0	3
DLBCL_LS3820	0.14067188293329333	0.03079920722588033	0.06583081512893521	0.7159711707153074	0.046726923996583666	0.7159711707153074	2.0	3
DLBCL10956	0.0701766646707031	0.04452624536472161	0.06517200830296224	0.7160408287731719	0.10408425288844116	0.7160408287731719	1.0	3
DLBCL11574	0.07554838813794874	0.03592536544924402	0.08497687729825304	0.717424751665768	0.08612461744878622	0.717424751665768	2.0	3
DLBCL11448	0.1570466005530144	0.034929184761694924	0.05140638490827887	0.7176949800471712	0.038922849729840565	0.7176949800471712	3.0	3
DLBCL10889	0.11819672313522331	0.04662774170526972	0.047685404953283925	0.717982302035823	0.06950782817040006	0.717982302035823	4.0	3
DLBCL11202	0.13441759377189716	0.04475722762310017	0.04029436514430288	0.7180824905383111	0.06244832292238873	0.7180824905383111	0.0	3
DLBCL10460	0.09539057140522587	0.06153220928594821	0.05874890888843736	0.7185247136946818	0.06580359672570675	0.7185247136946818	1.0	3
DLBCL_C_D_1149_NULLPAIR	0.11592651960182995	0.03936295915155718	0.06125909873754521	0.7188624718737694	0.06458895063529828	0.7188624718737694	1.0	3
DLBCL10862	0.1396772201876678	0.03166898101521309	0.0559054776505556	0.7192715282854305	0.05347679286113298	0.7192715282854305	4.0	3
DLBCL_C_D_1103_NULLPAIR	0.16760671737465438	0.044024107754437866	0.03892499933666144	0.7193506978241071	0.030093477710139253	0.7193506978241071	3.0	3
DLBCL10467	0.13888331014251382	0.027275502337067523	0.0452748751951264	0.7194094240445023	0.06915688828079	0.7194094240445023	4.0	3
DLBCL10494	0.08811991224421817	0.04048155401655903	0.06318061882951016	0.7218484973719751	0.08636941753773758	0.7218484973719751	1.0	3
DLBCL11000	0.12054353017523929	0.03111417894856104	0.05304258768708185	0.7231278226302066	0.07217188055891119	0.7231278226302066	4.0	3
DLBCL10510	0.15015538862069142	0.03885162576646753	0.037057977074842305	0.7234875817707429	0.05044742676725584	0.7234875817707429	1.0	3
DLBCL11591	0.14904202704914232	0.04210837478564474	0.04687485686200545	0.7235748841782516	0.038399857124955944	0.7235748841782516	1.0	3
DLBCL10471	0.13335514476746835	0.04090375584693669	0.059831692389129554	0.7236214796987448	0.04228792729772062	0.7236214796987448	4.0	3
DLBCL10482	0.16077166728409964	0.032362402307451146	0.04973196272221716	0.72483297169225	0.03230099599398198	0.72483297169225	0.0	3
DLBCL10911	0.13806859600392976	0.05637401583032348	0.050917440837592184	0.7253174300856937	0.02932251724246089	0.7253174300856937	1.0	3
DLBCL_MC_F307_JPS	0.13376095092503218	0.033518349347301156	0.05616813142120527	0.7256383741792533	0.05091419412720819	0.7256383741792533	0.0	3
DLBCL10893	0.10900315977953319	0.03782775049458705	0.043935312945432896	0.7257592689994711	0.0834745077809758	0.7257592689994711	4.0	3
DLBCL10463	0.084432196017902	0.039776083969081714	0.07899868742503219	0.7257826286184651	0.071010403969519	0.7257826286184651	4.0	3
DLBCL_RICOVER_174	0.0947366921760446	0.04940042039052125	0.06629573334856326	0.7270013067626059	0.06256584732226499	0.7270013067626059	1.0	3
DLBCL_RICOVER_314	0.14681445015542544	0.03811844136474788	0.04050094818596125	0.7270676807994361	0.047498479494429334	0.7270676807994361	4.0	3
DLBCL10836	0.1194040759964793	0.04017946298651782	0.0765886657473079	0.7283962194403493	0.035431575829345745	0.7283962194403493	4.0	3
DLBCL11590	0.11593683488556854	0.03539641182612621	0.042730156542379945	0.7294950383196118	0.07644155842631345	0.7294950383196118	2.0	3
DLBCL_RICOVER_522	0.12201951564348894	0.03915876051407749	0.06341601981801347	0.7297674805258112	0.04563822349860897	0.7297674805258112	2.0	3
DLBCL_MC_F927_JHS	0.1455996584531617	0.03304776274717792	0.04489162278048211	0.7300009039901648	0.04646005202901342	0.7300009039901648	4.0	3
DLBCL10964	0.11603623021501631	0.03557664917554797	0.04981141930974115	0.7302143371019035	0.06836136419779101	0.7302143371019035	4.0	3
DLBCL_RICOVER_826	0.1360180637226918	0.03725172268234735	0.053492690840176826	0.7302947052635597	0.042942817491224416	0.7302947052635597	0.0	3
DLBCL_RICOVER_583	0.12894267655956484	0.03623852870039321	0.05395915368652772	0.7306435332051687	0.05021610784834555	0.7306435332051687	1.0	3
DLBCL_RICOVER_1210	0.13526156095127745	0.03512821615201363	0.04572140528471573	0.7313066861149163	0.05258213149707682	0.7313066861149163	1.0	3
DLBCL11655	0.13619884012053038	0.031545421475133915	0.044964502970925226	0.7316936891248745	0.05559754630853597	0.7316936891248745	3.0	3
DLBCL11558	0.11305116211851564	0.03090134963059944	0.08359227673791089	0.731770497415392	0.04068471409758195	0.731770497415392	2.0	3
DLBCL_RICOVER_449	0.09215756625665153	0.04858865147439355	0.07899736594833018	0.7319286478036113	0.0483277685170134	0.7319286478036113	4.0	3
DLBCL11468	0.11588632100447549	0.037338513127702554	0.0782084043157954	0.7324288061865883	0.03613795536543824	0.7324288061865883	2.0	3
DLBCL10887	0.12381185565057151	0.030571246766978234	0.03328892082543828	0.732562835175317	0.07976514158169495	0.732562835175317	4.0	3
DLBCL10918	0.133515900774547	0.026716972145220987	0.05015114639494968	0.7338607892551797	0.05575519143010264	0.7338607892551797	0.0	3
DLBCL10498	0.11086223988942182	0.027616222755872888	0.06468180971464475	0.7341164303063246	0.06272329733373601	0.7341164303063246	2.0	3
DLBCL10965	0.14740604047417016	0.033831547597549104	0.04595891006011784	0.7342273825501245	0.03857611931803841	0.7342273825501245	3.0	3
DLBCL_MC_F262_WLC	0.14125975410170455	0.030245310696806953	0.04680637915304823	0.7350202645073907	0.046668291541049525	0.7350202645073907	0.0	3
DLBCL10999	0.10430885042522488	0.03659335496638373	0.05252375468360613	0.7350660230590776	0.07150801686570764	0.7350660230590776	4.0	3
DLBCL_C_D_1117_NULLPAIR	0.13502028700500338	0.0325072147967931	0.040677756443592	0.7366629767820102	0.05513176497260131	0.7366629767820102	1.0	3
DLBCL11527	0.1351464377219278	0.02948688603978966	0.034800796981513935	0.7369178353000465	0.06364804395672198	0.7369178353000465	3.0	3
DLBCL_RICOVER_267	0.060483972152526454	0.03403290222844959	0.08669925610434477	0.7376316052672257	0.0811522642474534	0.7376316052672257	2.0	3
DLBCL10495	0.12697351011582372	0.02900359754259337	0.04471596844421202	0.7377627847626888	0.06154413913468214	0.7377627847626888	0.0	3
DLBCL10452	0.09209587148235598	0.037209769238695976	0.07098489039779211	0.7386447094734344	0.0610647594077215	0.7386447094734344	1.0	3
DLBCL_RICOVER_1045	0.1140272439380207	0.030383494098378695	0.046217288176943414	0.738762025106621	0.07060994868003612	0.738762025106621	3.0	3
DLBCL11447	0.0982626425409895	0.021350414244726817	0.054873589595609	0.7387738620772453	0.08673949154142947	0.7387738620772453	3.0	3
DLBCL10899	0.12849173989025528	0.02453086009701521	0.06237455227659241	0.7388447166030103	0.045758131133126864	0.7388447166030103	4.0	3
DLBCL11657	0.10075074473940324	0.04317320390646741	0.06186015267103363	0.7396764653291478	0.054539433353947966	0.7396764653291478	3.0	3
DLBCL11004	0.10052327988182021	0.028779987555013774	0.06647262340255157	0.7405144222789881	0.06370968688162627	0.7405144222789881	4.0	3
DLBCL11526	0.12928474051127575	0.029809242263761918	0.056462965795080464	0.7408737417834207	0.043569309646461205	0.7408737417834207	2.0	3
DLBCL_LS378	0.08923929607817761	0.02968662490377051	0.07133082173665899	0.7408991219086479	0.06884413537274506	0.7408991219086479	0.0	3
DLBCL11677	0.14360620676320635	0.0333956210861667	0.039441707067127796	0.7416507329867582	0.041905732096740964	0.7416507329867582	0.0	3
DLBCL10522	0.09818264845630363	0.03848375431315226	0.04905424368435428	0.741992008414312	0.07228734513187787	0.741992008414312	2.0	3
DLBCL_LS4592	0.10484162233560755	0.04385620719706357	0.043361444576208566	0.7425072919394697	0.06543343395165056	0.7425072919394697	2.0	3
DLBCL10879	0.11632219970906407	0.0368656768780776	0.05882997754226023	0.7431210295276574	0.04486111634294077	0.7431210295276574	2.0	3
DLBCL11678	0.10847618390394749	0.026429778898679368	0.08008640033890016	0.7442859657499032	0.04072167110856981	0.7442859657499032	3.0	3
DLBCL10547	0.11146515758535465	0.03825333168273883	0.06048668469687781	0.7447730547763732	0.045021771258655516	0.7447730547763732	3.0	3
DLBCL10527	0.07636242850872448	0.030257235634836097	0.06264560407987149	0.744855087936055	0.08587964384051293	0.744855087936055	3.0	3
DLBCL_C_D_1112_NULLPAIR	0.13867975333425983	0.029103074612526602	0.03957337292734344	0.7448631627773912	0.0477806363484789	0.7448631627773912	2.0	3
DLBCL10565	0.10976177000067384	0.03737312128873317	0.05252207187645864	0.7451425638133066	0.05520047302082783	0.7451425638133066	3.0	3
DLBCL_RICOVER_1046	0.1283584757738841	0.03480113190858251	0.04432853388219616	0.7453166991403859	0.047195159294951376	0.7453166991403859	1.0	3
DLBCL10939	0.09756227232681733	0.029074775511134045	0.05911356331757863	0.7457811965541421	0.06846819229032794	0.7457811965541421	3.0	3
DLBCL10497	0.1101425164042173	0.03277795407482688	0.05109738832073227	0.7457877020191033	0.06019443918112033	0.7457877020191033	3.0	3
DLBCL_RICOVER_701	0.13571935200529736	0.02978641215868139	0.05247114455642414	0.7464618595600978	0.03556123171949939	0.7464618595600978	3.0	3
DLBCL10863	0.1364989861645298	0.034853762821777524	0.029749431593420562	0.7473363016771272	0.05156151774314496	0.7473363016771272	3.0	3
DLBCL11519	0.11734653213893063	0.02764675383436282	0.05557687047459459	0.7489886174624113	0.0504412260897007	0.7489886174624113	0.0	3
DLBCL_RICOVER_120	0.12556121532999998	0.04133273113449884	0.03995582870012035	0.7510732275562992	0.042076997279081624	0.7510732275562992	4.0	3
DLBCL_RICOVER_780	0.12410457138745326	0.028092053692650838	0.06134801691805801	0.7516059578023807	0.03484940019945722	0.7516059578023807	1.0	3
DLBCL_RICOVER_1287	0.13325487287168253	0.02735509647826938	0.03868369136195433	0.7527762480388916	0.04793009124920211	0.7527762480388916	4.0	3
DLBCL10566	0.12655060482856778	0.03686568695638064	0.03464340616959129	0.7546923458057444	0.04724795623971588	0.7546923458057444	4.0	3
DLBCL_RICOVER_1299	0.1001189441525057	0.03378487850970484	0.06013356175000893	0.7561258385470423	0.04983677704073817	0.7561258385470423	4.0	3
DLBCL_C_D_1133_NULLPAIR	0.10590978167984128	0.034917410999094484	0.058689312766134864	0.7576670913015053	0.04281640325342398	0.7576670913015053	2.0	3
DLBCL_MC_F815_BAT	0.08979728629443534	0.04069845759261144	0.07129837356019501	0.7580506061166543	0.04015527643610384	0.7580506061166543	2.0	3
DLBCL10846	0.1364601042607649	0.03231194666848706	0.031672307420923904	0.7582869274438233	0.04126871420600083	0.7582869274438233	1.0	3
DLBCL_C_D_1115_NULLPAIR	0.12290457097115128	0.02613466344172505	0.060330367058257	0.7583954538669138	0.032234944661952994	0.7583954538669138	3.0	3
DLBCL10880	0.08483322651090852	0.03877885452976169	0.07721148160027538	0.7587462807639666	0.04043015659508792	0.7587462807639666	4.0	3
DLBCL10856	0.10271300535047162	0.03162682767700546	0.05716294940548224	0.7607872321512328	0.0477099854158079	0.7607872321512328	2.0	3
DLBCL11002	0.11529705471185467	0.037280761448946126	0.040603280523697216	0.7611228631875886	0.04569604012791342	0.7611228631875886	3.0	3
DLBCL10550	0.09487483658867489	0.04326572130886527	0.03943834198104626	0.7617233946116652	0.06069770550974843	0.7617233946116652	4.0	3
DLBCL_C_D_1119_NULLPAIR	0.08230502095762311	0.03997219375677854	0.06882298319063397	0.7617685331391594	0.04713126895580504	0.7617685331391594	1.0	3
DLBCL_RICOVER_1081	0.11296133972802107	0.023696162486060025	0.051569030526887646	0.7622589192767727	0.0495145479822586	0.7622589192767727	4.0	3
DLBCL11437	0.11330993287588506	0.033902325435119035	0.041705412305599425	0.7626028079370859	0.048479521446310604	0.7626028079370859	3.0	3
DLBCL_LS4616	0.09247874988320777	0.04782739906180164	0.050622730434000715	0.7629417466205264	0.0461293740004635	0.7629417466205264	2.0	3
DLBCL10901	0.06733640935779274	0.03535561744562593	0.05769140609300108	0.7646252717801181	0.07499129532346219	0.7646252717801181	4.0	3
DLBCL_RICOVER_151	0.08255239356532172	0.03572530480572002	0.08046531762499412	0.7654806684269211	0.03577631557704307	0.7654806684269211	3.0	3
DLBCL10988	0.12226861381049911	0.035361310472687035	0.036967500115404305	0.767060641245252	0.0383419343561575	0.767060641245252	1.0	3
DLBCL10487	0.10707167343754732	0.03575212555591246	0.03719842156179276	0.7672934454835904	0.05268433396115715	0.7672934454835904	1.0	3
DLBCL10997	0.09590509430719443	0.0300269184218044	0.04142958178854661	0.7681239800222892	0.06451442546016536	0.7681239800222892	0.0	3
DLBCL_LS2599	0.09001697254756286	0.03329814947163462	0.05401870582877288	0.769559189643143	0.0531069825088867	0.769559189643143	2.0	3
DLBCL_MAYO_DLBCL_234	0.10596153500028754	0.03221667298110591	0.050034017950933846	0.7702568948537233	0.04153087921394938	0.7702568948537233	2.0	3
DLBCL_LS2245	0.10299876341107927	0.042656104041956765	0.041981683831530774	0.7716575175328458	0.04070593118258735	0.7716575175328458	1.0	3
DLBCL11523	0.09426225600291545	0.028447210227287304	0.056997118010238476	0.7729526200441819	0.04734079571537693	0.7729526200441819	0.0	3
DLBCL10981	0.12094428722951737	0.03402877974708026	0.033047801374278436	0.7731066071391592	0.038872524509964736	0.7731066071391592	1.0	3
DLBCL_RICOVER_945	0.08577129303185956	0.03906768969796048	0.06584754957641581	0.7752473971079478	0.03406607058581638	0.7752473971079478	0.0	3
DLBCL_MC_F064AB	0.07339609239313208	0.024193096832189426	0.05435159533619978	0.7754874872690947	0.07257172816938406	0.7754874872690947	2.0	3
DLBCL11208	0.10197486399990865	0.025725359925995513	0.04661896573317747	0.7757774695829716	0.04990334075794676	0.7757774695829716	1.0	3
DLBCL_RICOVER_910	0.07160973542780799	0.02746419453832642	0.05691823705991712	0.7778922309872252	0.0661156019867233	0.7778922309872252	0.0	3
DLBCL11456	0.11024896429074132	0.02925347897318216	0.04013120936572769	0.7798803858138917	0.040485961556457145	0.7798803858138917	1.0	3
DLBCL10916	0.09506779015070033	0.03644444999917479	0.03405028737609015	0.7815522223042173	0.05288525016981742	0.7815522223042173	4.0	3
DLBCL10973	0.11791290531801843	0.03288287469552406	0.036906200688233345	0.7821582799094213	0.03013973938880282	0.7821582799094213	3.0	3
DLBCL_C_D_1109_NULLPAIR	0.09315889035662006	0.043179451486827065	0.043692559305915334	0.7822084369772255	0.037760661873412066	0.7822084369772255	3.0	3
DLBCL_LS951	0.0905859579613784	0.03506182497902872	0.041653252610461884	0.7839980239477774	0.048700940501353644	0.7839980239477774	0.0	3
DLBCL11430	0.10012378368330643	0.029351645359455742	0.04353611511767657	0.7852900467714898	0.04169840906807139	0.7852900467714898	0.0	3
DLBCL10843	0.10426674970653976	0.029493070580466334	0.04132225054565642	0.7863760561808021	0.03854187298653542	0.7863760561808021	0.0	3
DLBCL11501	0.10040806211988136	0.02736013225145013	0.03879615962008623	0.7880453678764225	0.04539027813215973	0.7880453678764225	0.0	3
DLBCL_RICOVER_496	0.11753514774723368	0.025372989462987813	0.0415814668346105	0.7890680027995184	0.02644239315564958	0.7890680027995184	1.0	3
DLBCL10868	0.08581290201232529	0.03173731030429249	0.038781138315154576	0.789375744400583	0.05429290496764463	0.789375744400583	3.0	3
DLBCL_C_D_1159_NULLPAIR	0.10164786164280158	0.02537179842635735	0.038893176243797435	0.7895645906157801	0.04452257307126358	0.7895645906157801	3.0	3
DLBCL_LS1065	0.08658391908569865	0.025251154770084314	0.04198946674000184	0.7898831594930764	0.05629229991113879	0.7898831594930764	1.0	3
DLBCL_C_D_1113_NULLPAIR	0.07332901040930641	0.027839997159520704	0.0724012334741948	0.7901940034500023	0.03623575550697571	0.7901940034500023	2.0	3
DLBCL_C_D_1141_NULLPAIR	0.10745238600374762	0.027511674778185606	0.043087701655184524	0.7903045961947079	0.03164364136817431	0.7903045961947079	2.0	3
DLBCL10466	0.07235794140556723	0.03581586143697559	0.052813777861492904	0.7903837838520111	0.04862863544395312	0.7903837838520111	2.0	3
DLBCL_C_D_1123_NULLPAIR	0.10815245930076946	0.03771779489590398	0.03584117644103361	0.7911391209817915	0.027149448380501442	0.7911391209817915	0.0	3
DLBCL11458	0.08372609410260437	0.030850061847795342	0.06646811041016021	0.7911771589232659	0.027778574716174207	0.7911771589232659	2.0	3
DLBCL_MC_F218_RAP	0.08758471145337975	0.026574987730628098	0.05044166478709212	0.7912864757016034	0.044112160327296646	0.7912864757016034	3.0	3
DLBCL10782	0.0936594386213337	0.03146533708862241	0.05163046741454672	0.7925750523146371	0.030669704560860104	0.7925750523146371	3.0	3
DLBCL10542	0.08554261553898163	0.028972961510478665	0.05035656866219549	0.7926601067353577	0.0424677475529865	0.7926601067353577	0.0	3
DLBCL_RICOVER_1192	0.07279476884622108	0.033003573211452225	0.052120131666011794	0.7927432886319324	0.04933823764438243	0.7927432886319324	4.0	3
DLBCL10564	0.08399591929172472	0.033592064874700886	0.04963594997368379	0.7933537805116004	0.03942228534829019	0.7933537805116004	3.0	3
DLBCL11670	0.07993541406661507	0.025963850986514946	0.059497208416955	0.7961146283563845	0.038488898173530524	0.7961146283563845	2.0	3
DLBCL_RICOVER_1150	0.08891434889384572	0.030491036634091955	0.04849952472446868	0.7972247800774347	0.03487030967015895	0.7972247800774347	0.0	3
DLBCL10469	0.10439491925975534	0.022022468169283778	0.045495986339857394	0.7989065535569366	0.029180072674166932	0.7989065535569366	3.0	3
DLBCL11576	0.0703899154245873	0.03874021392015216	0.05367057548138715	0.7993390079799241	0.03786028719394938	0.7993390079799241	3.0	3
DLBCL10888	0.09166466658269534	0.023392299811088292	0.04108145105608297	0.7998044839591546	0.04405709859097879	0.7998044839591546	4.0	3
DLBCL_RICOVER_173	0.05912859968710003	0.01880911680095613	0.06504562748755022	0.7999052918472936	0.05711136417710003	0.7999052918472936	4.0	3
DLBCL10459	0.08177568037589904	0.023340057499024524	0.05787639842723204	0.800622939519846	0.03638492417799839	0.800622939519846	2.0	3
DLBCL_LS155	0.08897162966872108	0.02255291361182688	0.0507475752911448	0.8021964386406757	0.035531442787631505	0.8021964386406757	2.0	3
DLBCL10852	0.10212560150560189	0.022303870142478987	0.03606675365928517	0.8025304694910095	0.03697330520162453	0.8025304694910095	4.0	3
DLBCL10955	0.0930260836778545	0.024545702838815246	0.044093501867459896	0.8029410755640641	0.0353936360518062	0.8029410755640641	3.0	3
DLBCL_RICOVER_1269	0.08886505202219436	0.029885516118093793	0.04064906043696507	0.803692300005049	0.03690807141769775	0.803692300005049	2.0	3
DLBCL10450	0.07656827779390567	0.026364327957724743	0.041054252101471525	0.8040901036321143	0.05192303851478376	0.8040901036321143	0.0	3
DLBCL11566	0.07999264962051694	0.02682683414102003	0.044687957703449056	0.8072499330541488	0.04124262548086511	0.8072499330541488	2.0	3
DLBCL_RICOVER_1190	0.07424459603777178	0.030731245949971075	0.053472524688712705	0.8081325196135825	0.03341911370996197	0.8081325196135825	4.0	3
DLBCL11533	0.07918215070582825	0.034173239789715495	0.0446777925729752	0.8082967315205013	0.033670085410979794	0.8082967315205013	1.0	3
DLBCL_RICOVER_1263	0.08602276248204556	0.02641657722135144	0.03844811110094113	0.8111570337042143	0.03795551549144754	0.8111570337042143	2.0	3
DLBCL_RICOVER_1018	0.0857643316863033	0.029885777394061105	0.04278042426968244	0.8121650458579759	0.029404420791977255	0.8121650458579759	3.0	3
DLBCL11205	0.08662500491346171	0.02941900539247417	0.04344890529816652	0.812466666077037	0.02804041831886058	0.812466666077037	0.0	3
DLBCL10898	0.07522097345954973	0.031547532981607694	0.036883915939477416	0.8157265861450123	0.04062099147435291	0.8157265861450123	4.0	3
DLBCL11525	0.0787501190880362	0.0241460290715464	0.036200527982417	0.8192796424449847	0.04162368141301565	0.8192796424449847	2.0	3
DLBCL11476	0.06352337687570699	0.020280595839119564	0.04697400683818043	0.8194773101166442	0.04974471033034884	0.8194773101166442	4.0	3
DLBCL_LS2357	0.06132265177149789	0.031493457685207366	0.04890737545773245	0.8200843147593158	0.0381922003262465	0.8200843147593158	3.0	3
DLBCL11435	0.0753395057323064	0.024189850180374613	0.03108239056735758	0.8236904208017547	0.04569783271820674	0.8236904208017547	0.0	3
DLBCL10919	0.06951418770919386	0.024489630345290506	0.03835968138979937	0.8259201072979259	0.04171639325779042	0.8259201072979259	3.0	3
DLBCL_RICOVER_1060	0.07651738814291484	0.024980391897006564	0.045930296323324946	0.8262684836307703	0.026303440005983347	0.8262684836307703	1.0	3
DLBCL10548	0.08359131454457196	0.02103767360718351	0.03972960824209447	0.8268775935461135	0.028763810060036633	0.8268775935461135	0.0	3
DLBCL11663	0.08781816856885755	0.01849312174051765	0.043561598420324414	0.8269183347547563	0.023208776515544094	0.8269183347547563	0.0	3
DLBCL10858	0.0683985077834141	0.02460217707958031	0.042001758597441416	0.8324403928168574	0.03255716372270675	0.8324403928168574	3.0	3
DLBCL10977	0.07432816057800037	0.019648316354382543	0.03576910707053194	0.8328568204764896	0.03739759552059554	0.8328568204764896	4.0	3
DLBCL10513	0.062122314898978404	0.022673914209531604	0.058409681180179036	0.8338812900901234	0.02291279962118758	0.8338812900901234	3.0	3
DLBCL_C_D_1140_NULLPAIR	0.07537563874907777	0.02252629521205304	0.043241308304934445	0.8343451173541468	0.024511640379787904	0.8343451173541468	4.0	3
DLBCL11672	0.08505678888090841	0.017116701110856967	0.03290303056389213	0.8347826038066422	0.030140875637700293	0.8347826038066422	2.0	3
DFCIDL003_DT	0.06322948634633843	0.027280997496671233	0.04623154274642058	0.8360870245600451	0.0271709488505246	0.8360870245600451	1.0	3
DLBCL11504	0.060650279563410674	0.02020659375026104	0.04325254281071535	0.8362755971600345	0.039614986715578414	0.8362755971600345	4.0	3
DLBCL10866	0.07378829644240449	0.016810138280641162	0.044248774417030096	0.8380833654939754	0.027069425365948776	0.8380833654939754	4.0	3
DLBCL10532	0.057723979798224426	0.0287194671892031	0.0332480959367682	0.8414136958221831	0.03889476125362121	0.8414136958221831	4.0	3
DLBCL_RICOVER_1289	0.0721022026892887	0.023636436915389965	0.035297615760097774	0.8423068231121672	0.026656921523056393	0.8423068231121672	4.0	3
DLBCL_LS297	0.06734536642855664	0.023183555654625213	0.03774370645757374	0.8428443512025117	0.02888302025673274	0.8428443512025117	2.0	3
DLBCL10491	0.06873912386027574	0.022323777323055106	0.04137085516611871	0.8449264728985831	0.022639770751967284	0.8449264728985831	3.0	3
DLBCL_RICOVER_1061	0.06946703563666719	0.01855879452218827	0.03783170816334983	0.8454853343548113	0.028657127322983336	0.8454853343548113	3.0	3
DLBCL10928	0.07492503854991685	0.022261972020268878	0.02907344880724401	0.8463129504377186	0.027426590184851683	0.8463129504377186	0.0	3
DLBCL_MC_F210_GWC	0.07425762333028088	0.0207766381891806	0.02650768848337173	0.8497114435182771	0.02874660647888968	0.8497114435182771	1.0	3
DLBCL10963	0.06597054074079761	0.02486657301248141	0.03223803197238866	0.8497683685715846	0.027156485702747722	0.8497683685715846	4.0	3
DLBCL10983	0.048266169874608356	0.026767048524805836	0.0456998528706541	0.8568404069789507	0.022426521750981015	0.8568404069789507	1.0	3
DLBCL_C_D_1151_NULLPAIR	0.04899380642294497	0.019904125409319642	0.036903355729140094	0.8614006641651902	0.032798048273405066	0.8614006641651902	3.0	3
DLBCL_RICOVER_361	0.0586891700464147	0.022376309802405698	0.030690008859009445	0.8628119065944243	0.02543260469774586	0.8628119065944243	3.0	3
DLBCL11446	0.05073218781983247	0.01983847573330697	0.03277200108404289	0.8694146269158978	0.02724270844691989	0.8694146269158978	1.0	3
DLBC_FF_8046_TP_NB	0.049768619290700436	0.018032802310877998	0.027762090870739546	0.8795803654296546	0.024856122098027487	0.8795803654296546	2.0	3
DLBCL11683	0.042350767020930165	0.01668677356744604	0.03817108760189742	0.8798153482133482	0.022976023596378216	0.8798153482133482	2.0	3
