	C1	C2	C3	C4	C5	Confidence	True Cluster	Predicted Cluster
DLBCL_LS3809	0.301660155917639	0.06092075552611055	0.051653084980513325	0.5212900147147704	0.06447598886096667	0.5212900147147704	0.0	3
DLBCL11454	0.27546587315308757	0.05604352814701789	0.06402420991465532	0.526068562640498	0.07839782614474126	0.526068562640498	0.0	3
DLBCL11439	0.2643360499450323	0.055695602538596505	0.08140641249361043	0.5261172352979099	0.07244469972485092	0.5261172352979099	2.0	3
DLBCL10848	0.24847844452618037	0.044259079807929584	0.07519150672214542	0.5398948671988731	0.09217610174487152	0.5398948671988731	4.0	3
DLBCL_LS3204	0.23631104866807462	0.050532142337077965	0.08353953690970876	0.5488984789151446	0.0807187931699939	0.5488984789151446	1.0	3
DLBCL10996	0.24285719098120648	0.0636280132604557	0.07378564454763141	0.556027847251297	0.06370130395940944	0.556027847251297	0.0	3
DLBCL_LS1757	0.24266376392510491	0.056805571329518745	0.057859734294975755	0.5586795797378068	0.08399135071259371	0.5586795797378068	0.0	3
DLBCL_LS843	0.251670027699005	0.05026282954414653	0.05929408242535514	0.5611596417089121	0.07761341862258131	0.5611596417089121	2.0	3
DLBCL11449	0.2481331789384303	0.05289672664179328	0.06681641110207549	0.5626058092277265	0.06954787408997434	0.5626058092277265	1.0	3
DLBCL_C_D_1125_NULLPAIR	0.268343353206717	0.04695298070140728	0.0639335621048162	0.5642868152596724	0.05648328872738713	0.5642868152596724	4.0	3
DLBCL_RICOVER_1106	0.2608310098817373	0.04491825121870886	0.05659515586689118	0.5730877175370125	0.06456786549565018	0.5730877175370125	4.0	3
DLBCL11678	0.23973302440886	0.04127641676542417	0.07157693566145054	0.5739161051381805	0.07349751802608476	0.5739161051381805	3.0	3
DLBCL11656	0.22802740757456347	0.054844459147678104	0.07451039095484775	0.5789607068977685	0.06365703542514219	0.5789607068977685	2.0	3
DLBCL10876	0.2244668765142956	0.04558687461030174	0.07811925717073	0.5792225326662923	0.07260445903838036	0.5792225326662923	4.0	3
DLBCL10888	0.23957714603213578	0.06279339424814998	0.05780772308972114	0.5792413611120876	0.060580375517905516	0.5792413611120876	4.0	3
DLBCL_RICOVER_335	0.23714888344728385	0.05317524313152525	0.06149902596813623	0.5804365315354205	0.06774031591763416	0.5804365315354205	1.0	3
DLBCL10836	0.24169197406863108	0.06419626622095562	0.06242608192102558	0.5824258226075038	0.049259855181883916	0.5824258226075038	4.0	3
DLBCL10994	0.26227114473040614	0.05100394438446853	0.049690038638635005	0.58654373990393	0.05049113234256022	0.58654373990393	0.0	3
DLBCL11573	0.23647296444792645	0.05279231573272777	0.06450528440306784	0.5883773185407999	0.057852116875478046	0.5883773185407999	2.0	3
DLBCL_MC_F262_WLC	0.2307156060205951	0.048453383806089295	0.0631554765724348	0.5924952405464728	0.06518029305440803	0.5924952405464728	0.0	3
DLBCL11461	0.2574872182087564	0.04826796322991101	0.04603330646621844	0.5939253826987426	0.054286129396371535	0.5939253826987426	0.0	3
DLBCL11194	0.23682309860928438	0.046030372358901284	0.06562160188434538	0.5952202759279681	0.05630465121950078	0.5952202759279681	4.0	3
DLBCL10917	0.24031520626611708	0.04180887442139816	0.06782555864399546	0.5957733483632561	0.05427701230523321	0.5957733483632561	1.0	3
DLBCL_C_D_1156_NULLPAIR	0.22643562685890797	0.05090194879118123	0.07034442972235895	0.5974752966541669	0.05484269797338502	0.5974752966541669	0.0	3
DLBCL11443	0.22807402594689846	0.05275488116016972	0.062203229156522495	0.5976506404218075	0.059317223314601826	0.5976506404218075	0.0	3
DLBCL11432	0.2124564683361255	0.03627483926299062	0.06770055744747111	0.5987511231816476	0.08481701177176512	0.5987511231816476	0.0	3
DLBCL11664	0.21976483483356607	0.04999318725860876	0.0604042075652557	0.5996582696592273	0.07017950068334224	0.5996582696592273	1.0	3
DLBCL10482	0.21461566410102306	0.04623945084866385	0.05135666270686937	0.5998617923610967	0.08792642998234698	0.5998617923610967	0.0	3
DLBCL_DFCI_DLBCL_GOE07	0.2562255833075527	0.043952357940313595	0.05059080456366551	0.5999395610186443	0.049291693169823854	0.5999395610186443	1.0	3
DLBCL_RICOVER_533	0.21413805752662088	0.05003998675680229	0.05981411977717364	0.6028178229118866	0.07319001302751672	0.6028178229118866	1.0	3
DLBCL10485	0.20230824428023847	0.05147025744343293	0.07788095398067278	0.6028888896730182	0.06545165462263754	0.6028888896730182	4.0	3
DLBCL10975	0.2421616405449771	0.051659188919744053	0.04593471530073637	0.6033015066741776	0.05694294856036495	0.6033015066741776	0.0	3
DLBCL10896	0.1906348371768456	0.04954599084729216	0.08232403761714151	0.6043274359147959	0.0731676984439249	0.6043274359147959	0.0	3
DLBCL11431	0.2245319342149126	0.04743354344492559	0.05794798239930473	0.6061677329304446	0.0639188070104125	0.6061677329304446	4.0	3
DLBCL10931	0.23830928094778742	0.037941625257998955	0.053372248952417066	0.6068570971873485	0.0635197476544481	0.6068570971873485	0.0	3
DLBCL_RICOVER_253	0.21656617898110617	0.055206259443419115	0.0677827008551936	0.6075158801557293	0.05292898056455179	0.6075158801557293	1.0	3
DLBCL10893	0.20565115350692256	0.053624274774722036	0.0587836276195145	0.6076684995737569	0.07427244452508396	0.6076684995737569	4.0	3
DLBCL10480	0.19552229732426604	0.03287096431444275	0.08365697583424903	0.6077651992428938	0.08018456328414836	0.6077651992428938	1.0	3
DLBCL11480	0.2199028964897989	0.051522668369938004	0.06467308584893751	0.6082954149109405	0.05560593438038504	0.6082954149109405	0.0	3
DLBCL10898	0.2064995735131974	0.05032020864360314	0.056203445683149486	0.6100319914093535	0.07694478075069658	0.6100319914093535	4.0	3
DLBCL11448	0.21483128928456474	0.040282904794085056	0.06597289079430319	0.6104602609883096	0.06845265413873733	0.6104602609883096	3.0	3
DLBCL_C_D_1119_NULLPAIR	0.20083257894172876	0.04800263979211793	0.07249734323733707	0.6126661336227368	0.0660013044060794	0.6126661336227368	1.0	3
DLBCL10453	0.21702640954053581	0.04760605554975188	0.07343774394423686	0.6141780149659575	0.047751775999518006	0.6141780149659575	1.0	3
DLBCL_RICOVER_1046	0.22259362232689145	0.04142182173838508	0.05242408186017901	0.6144494214970905	0.06911105257745406	0.6144494214970905	1.0	3
DLBCL_MC_F927_JHS	0.1785799374020537	0.04586333912125425	0.07857529718606096	0.6148657987518208	0.08211562753881035	0.6148657987518208	4.0	3
DLBCL10904	0.21715180057616387	0.04305151130889223	0.06147564403188686	0.6155297284477999	0.06279131563525721	0.6155297284477999	4.0	3
DLBCL_BWH_DLBCL64	0.20960697052692456	0.04682555584602492	0.05690393505042708	0.6157954322808769	0.07086810629574657	0.6157954322808769	1.0	3
DLBCL_C_D_1115_NULLPAIR	0.22976174868338026	0.050016175422375665	0.0453655617726919	0.6167888676403214	0.058067646481230785	0.6167888676403214	3.0	3
DLBCL10483	0.16589637492465242	0.0584668622058476	0.06593622655436499	0.6170301031860161	0.09267043312911881	0.6170301031860161	1.0	3
DLBCL11533	0.18669657081386576	0.04935086767590193	0.08316687261679619	0.6171923786347803	0.06359331025865579	0.6171923786347803	1.0	3
DLBCL_RICOVER_1269	0.17915996785028757	0.03964542894547245	0.06994316695775546	0.6175633420307275	0.09368809421575704	0.6175633420307275	2.0	3
DLBCL_C_D_1166_NULLPAIR	0.22192282895009552	0.05077038965891106	0.05147198752910597	0.6178138330817469	0.05802096078014061	0.6178138330817469	4.0	3
DLBCL11477	0.20354750817972989	0.04245386394958593	0.07409215795788164	0.6182926410178442	0.0616138288949583	0.6182926410178442	0.0	3
DLBCL10995	0.20342679795022464	0.04693745888082868	0.05147369736487259	0.6186775414689341	0.07948450433514005	0.6186775414689341	2.0	3
DLBCL11679	0.2033312200090313	0.050581318612713484	0.06808579224402182	0.6194283818269611	0.058573287307272334	0.6194283818269611	1.0	3
DLBCL10903	0.1981994185392479	0.05114793593001584	0.06913612672897901	0.6203688324554872	0.06114768634626999	0.6203688324554872	1.0	3
DLBC_FF_A7CQ_TP_NB	0.204725315261841	0.036539805533023745	0.05937077268257011	0.6205630212311041	0.0788010852914611	0.6205630212311041	4.0	3
DLBCL_RICOVER_467	0.20013622609402582	0.06305581322068012	0.06287142935456534	0.6209936938028965	0.05294283752783226	0.6209936938028965	1.0	3
DLBCL_MC_F500_ECU	0.2341113413626653	0.038057049965594315	0.050877585676192855	0.6213928191318941	0.055561203863653444	0.6213928191318941	1.0	3
DLBCL11519	0.20279025447924975	0.04161410450068157	0.06765975697235833	0.6218674688032673	0.06606841524444308	0.6218674688032673	0.0	3
DLBCL10838	0.21627088437449596	0.0438622484360374	0.06633617965908715	0.6220000979484975	0.051530589581882016	0.6220000979484975	4.0	3
DLBCL11437	0.22349908442346447	0.049480303196377626	0.05953011320008384	0.6220503147199701	0.04544018446010392	0.6220503147199701	3.0	3
DLBCL10890	0.2021156584841318	0.045552770244426236	0.04651557365345324	0.6223880889424231	0.08342790867556557	0.6223880889424231	4.0	3
DLBCL_RICOVER_701	0.21198732745376328	0.057503797138445445	0.05345964141381048	0.6227712122116558	0.05427802178232505	0.6227712122116558	3.0	3
DLBCL10961	0.2034309109554516	0.045253385900583906	0.05489483698467713	0.6228174181816761	0.07360344797761122	0.6228174181816761	4.0	3
DLBCL10490	0.16063133079409495	0.05356976505084206	0.07347434992804334	0.6229791661150063	0.0893453881120133	0.6229791661150063	0.0	3
DLBCL11242	0.21667754904277697	0.03793615220048545	0.04832017073921619	0.6233651893223152	0.07370093869520623	0.6233651893223152	4.0	3
DLBCL11346	0.18439988238731797	0.050020231940587544	0.07910663157080955	0.6234826969570719	0.06299055714421303	0.6234826969570719	1.0	3
DLBCL10889	0.21012445405183308	0.048695422028852305	0.05244887437520808	0.6239988072343654	0.0647324423097412	0.6239988072343654	4.0	3
DLBCL_C_D_1157_NULLPAIR	0.1963627487668585	0.055640453729819135	0.061157179674818214	0.6253271169580044	0.06151250087049976	0.6253271169580044	2.0	3
DLBCL_C_D_1140_NULLPAIR	0.15959791566549164	0.055250687167761395	0.06466500590824574	0.6272909110916002	0.09319548016690102	0.6272909110916002	4.0	3
DLBCL_RICOVER_829	0.19752354472458386	0.0559201365586648	0.056707334353879396	0.6276653266047388	0.06218365775813308	0.6276653266047388	0.0	3
DLBCL_LS2328	0.1994767674974385	0.04370773855916133	0.06966626058986104	0.6290267369839999	0.05812249636953931	0.6290267369839999	2.0	3
DLBCL_RICOVER_451	0.20635618847395432	0.04496346563526654	0.05970314035999068	0.6297179968323763	0.05925920869841219	0.6297179968323763	0.0	3
DLBCL_RICOVER_440	0.23586153421152786	0.04061938510674775	0.04487693755256076	0.6298494624744319	0.04879268065473176	0.6298494624744319	2.0	3
DLBCL10875	0.20793284949520013	0.0441491600754743	0.04796590356885378	0.6299117187141313	0.07004036814634046	0.6299117187141313	0.0	3
DLBCL10465	0.19347967398613702	0.04318303704214594	0.054025375785787366	0.6304926890453908	0.07881922414053887	0.6304926890453908	2.0	3
DLBCL_MC_F210_GWC	0.18242953082675473	0.04169285516351028	0.06167772348606295	0.6309944211947185	0.08320546932895351	0.6309944211947185	1.0	3
DLBCL10497	0.19672080322415358	0.05193551876972362	0.06271860008315042	0.6310611481057709	0.057563929817201535	0.6310611481057709	3.0	3
DLBCL10849	0.19424269596084168	0.046690900790728414	0.06605783788245723	0.633296483622569	0.05971208174340377	0.633296483622569	1.0	3
DLBCL11512	0.15324164359110934	0.05391718200828951	0.08132042753823039	0.6338933281056673	0.07762741875670338	0.6338933281056673	0.0	3
DLBCL_RICOVER_1150	0.20299072231441243	0.048973759928813164	0.06663155918254791	0.6339077282234201	0.047496230350806364	0.6339077282234201	0.0	3
DLBCL11436	0.18517891904343473	0.048351843447353604	0.06669856542272355	0.6345967181750393	0.0651739539114489	0.6345967181750393	1.0	3
DLBCL10915	0.2163291124275382	0.041439562968969	0.047985638296972985	0.6346672966112465	0.05957838969527319	0.6346672966112465	4.0	3
DLBCL10965	0.21208207465241258	0.04483817087447235	0.059858726077576904	0.6349419427448423	0.048279085650695976	0.6349419427448423	3.0	3
DLBCL10857	0.1925232128894917	0.04586017011551226	0.05774363677479792	0.6357491361822625	0.06812384403793555	0.6357491361822625	4.0	3
DLBCL11472	0.19005828064154015	0.04493505909937244	0.06067521923504135	0.6369107390561118	0.06742070196793429	0.6369107390561118	0.0	3
DLBCL10891	0.20619531437902847	0.04869179589230964	0.048202916393626706	0.6371546021219413	0.05975537121309396	0.6371546021219413	4.0	3
DLBCL10913	0.1566908932847335	0.044930037749874266	0.07055330956698615	0.637389652670895	0.09043610672751108	0.637389652670895	0.0	3
DLBCL11000	0.19030599348395286	0.04308132833677586	0.05566848477632422	0.6378197971685293	0.07312439623441774	0.6378197971685293	4.0	3
DLBCL_LS762	0.17774387816889808	0.047984455008642554	0.07586301484516843	0.6384383184732403	0.05997033350405066	0.6384383184732403	2.0	3
DLBCL10959	0.1756110169348818	0.04315196420175681	0.062108577598811186	0.6388972383830633	0.08023120288148684	0.6388972383830633	0.0	3
DLBCL11474	0.2028750269978355	0.04700805864818096	0.05232560664011749	0.6394744929591409	0.05831681475472509	0.6394744929591409	0.0	3
DLBCL_C_D_1139_NULLPAIR	0.1997864349436821	0.04997845919439633	0.05509554832526295	0.6396934111458715	0.055446146390787154	0.6396934111458715	3.0	3
DLBCL_LS4593	0.19041495920760504	0.04717257853771878	0.07066426668188727	0.6397743481685499	0.05197384740423885	0.6397743481685499	2.0	3
DLBCL11466	0.20617711575667363	0.04270327122886883	0.052697985035080726	0.6402924627091668	0.058129165270209913	0.6402924627091668	1.0	3
DLBCL10883	0.20270411731662827	0.04383794207946491	0.04997764908376013	0.6403353979078977	0.06314489361224897	0.6403353979078977	4.0	3
DLBCL10934	0.17815088541818902	0.040258069499013345	0.09399637989821502	0.6410699132236808	0.04652475196090188	0.6410699132236808	1.0	3
DLBCL_C_D_1128_NULLPAIR	0.1926524303641847	0.039476504161184145	0.05656797244403849	0.6422944958052116	0.06900859722538104	0.6422944958052116	0.0	3
DLBCL_C_D_1159_NULLPAIR	0.18694351730067202	0.040362516289505275	0.0658350225351666	0.6430994416549326	0.0637595022197235	0.6430994416549326	3.0	3
DLBCL_C_D_1108_NULLPAIR	0.18517864292142355	0.046343107537933186	0.05894756465878485	0.6436259438026941	0.06590474107916432	0.6436259438026941	1.0	3
DLBCL_RICOVER_314	0.20969073505909075	0.038984692641908694	0.058336211773640255	0.6443588385789318	0.04862952194642854	0.6443588385789318	4.0	3
DLBCL10842	0.1991962266602677	0.041703667294979936	0.05586370726689215	0.6445387354696491	0.058697663308211065	0.6445387354696491	4.0	3
DLBCL10970	0.1983549096066842	0.04027681798874044	0.05053191408300987	0.6448409726798292	0.06599538564173626	0.6448409726798292	3.0	3
DLBCL11195	0.20903311089270063	0.04462701905798105	0.056170772989599105	0.6449858742812651	0.04518322277845414	0.6449858742812651	4.0	3
DLBCL10548	0.2050040389386876	0.04707275788394311	0.04862217774419814	0.6449997678357402	0.05430125759743089	0.6449997678357402	0.0	3
DLBCL_C_D_1135_NULLPAIR	0.17727742664651697	0.044794246646883244	0.05905646393678971	0.6453683338660017	0.07350352890380833	0.6453683338660017	1.0	3
DLBCL11672	0.1995948771824715	0.046071829023380084	0.05968701373378302	0.6457621274897921	0.048884152570573304	0.6457621274897921	2.0	3
DLBCL10881	0.19100519877787944	0.037361799312703434	0.056934159918227756	0.6457723252435201	0.06892651674766924	0.6457723252435201	4.0	3
DLBCL11462	0.20065070558103645	0.05086905258206951	0.050514185668752896	0.6459403253003094	0.05202573086783161	0.6459403253003094	0.0	3
DLBCL_LS1683	0.19859290250729364	0.04897020634115502	0.05858747843979345	0.6467068971758769	0.04714251553588106	0.6467068971758769	1.0	3
DLBCL11527	0.198923513543059	0.04179470348176801	0.06332629774898894	0.6467384845669941	0.04921700065918989	0.6467384845669941	3.0	3
DLBCL11205	0.19278703967875346	0.040557756954432145	0.056588645312287085	0.6470729034911725	0.06299365456335486	0.6470729034911725	0.0	3
DLBCL_RICOVER_1190	0.17559610512812762	0.04823772498928697	0.060918647430434056	0.647274009072466	0.06797351337968527	0.647274009072466	4.0	3
DLBCL11525	0.1761997232266605	0.05346942250229737	0.049896685847488666	0.6477223224819222	0.07271184594163128	0.6477223224819222	2.0	3
DLBCL11534	0.17305718403002612	0.043822819225869954	0.06391372921615021	0.6480212150095868	0.07118505251836692	0.6480212150095868	2.0	3
DLBCL10899	0.2147381250369863	0.04628965710041471	0.045280331997491784	0.6481548050805712	0.045537080784536034	0.6481548050805712	4.0	3
DLBCL10541	0.18354737387795095	0.04769623417504458	0.0627618466532556	0.6481758024935934	0.05781874280015546	0.6481758024935934	1.0	3
DLBCL11516	0.20529790752074203	0.03156570051269687	0.05395582326617132	0.6482630412863645	0.060917527414025334	0.6482630412863645	1.0	3
DLBCL_LS155	0.17324390522604316	0.051204025888373195	0.060254568453243555	0.6488258254651704	0.06647167496716964	0.6488258254651704	2.0	3
DLBCL10868	0.1715031340406119	0.04719070549027809	0.06130105775575822	0.6492626958843598	0.07074240682899194	0.6492626958843598	3.0	3
DLBCL10553	0.20643862458130113	0.03399359861148136	0.047885223877519464	0.649474177532209	0.06220837539748891	0.649474177532209	3.0	3
DLBCL10495	0.20363462920456551	0.045054973647679256	0.05210311111386744	0.6497899447270653	0.049417341306822495	0.6497899447270653	0.0	3
DLBCL_LS2367	0.17205169468457368	0.049362995738593145	0.07122173612205031	0.6502451340356072	0.057118439419175694	0.6502451340356072	0.0	3
DLBCL11440	0.1894628259552012	0.04531965329915857	0.05399423539421349	0.6505677592503757	0.06065552610105109	0.6505677592503757	4.0	3
DLBCL10781	0.1783035660290764	0.04444070630521384	0.07751115869045415	0.6508082050793654	0.04893636389589019	0.6508082050793654	4.0	3
DLBCL11669	0.1889190721615849	0.049040994546846656	0.05169839832890667	0.651044528641431	0.059297006321230736	0.651044528641431	2.0	3
DLBCL10534	0.1648405688970249	0.05590363718701882	0.07451426865617747	0.6512255339610834	0.05351599129869535	0.6512255339610834	4.0	3
DLBCL10539	0.18710555650754324	0.03804041253884638	0.05464649640842584	0.6514353745562286	0.068772159988956	0.6514353745562286	3.0	3
DLBCL_RICOVER_401	0.17960849717055197	0.0513420263331418	0.04807100199428424	0.6518906351819199	0.06908783932010211	0.6518906351819199	1.0	3
DLBCL10877	0.2088328326179795	0.038080629903690745	0.04341167538212201	0.6522156263940028	0.05745923570220499	0.6522156263940028	0.0	3
DLBCL11566	0.1588690620961964	0.05059294027477067	0.07169928579916839	0.6522159443080554	0.06662276752180915	0.6522159443080554	2.0	3
DLBCL11430	0.19420836952543713	0.04306099199702415	0.05319599142181204	0.6524073755005324	0.05712727155519422	0.6524073755005324	0.0	3
DLBCL10992	0.1708432797411878	0.050865555611660306	0.05968530426429841	0.6527038850696133	0.06590197531324024	0.6527038850696133	4.0	3
DLBCL11429	0.19307290594168788	0.0437051515346802	0.042539927473573505	0.6527301738000669	0.06795184124999148	0.6527301738000669	0.0	3
DLBCL_RICOVER_744	0.17446921467219656	0.04333836572409041	0.06087477410536526	0.6530238139613566	0.06829383153699123	0.6530238139613566	2.0	3
DLBCL11500	0.1767629886650585	0.044819034678877885	0.05280855744347556	0.6535453761094626	0.07206404310312545	0.6535453761094626	4.0	3
DLBCL11495	0.18327486003306312	0.03526471951166244	0.04404787985961438	0.6543912466688074	0.08302129392685259	0.6543912466688074	4.0	3
DLBCL10514	0.18854135986483866	0.039740708539626746	0.05158256292598947	0.6545028859837007	0.06563248268584444	0.6545028859837007	2.0	3
DLBCL_MC_F502_RFK	0.16762442333394975	0.04118419877285289	0.06258243285307918	0.6545708443228231	0.07403810071729507	0.6545708443228231	1.0	3
DLBC_FF_8046_TP_NB	0.17120391403497165	0.04974342168856193	0.062432469106139	0.6546811757442528	0.06193901942607467	0.6546811757442528	2.0	3
DLBCL_MC_F349_BJJ	0.192073284029462	0.03968459749495272	0.06765548124899916	0.6548985864931735	0.04568805073341269	0.6548985864931735	2.0	3
DLBCL11671	0.1871706856848465	0.048674857011990286	0.05244854254098423	0.6549558720832059	0.05675004267897309	0.6549558720832059	0.0	3
DLBCL_RICOVER_826	0.1899301249380902	0.053489147691244555	0.049189170892371736	0.6551056015403746	0.05228595493791897	0.6551056015403746	0.0	3
DLBCL10492	0.18308491612339428	0.04242545282886536	0.0584669422548244	0.6551067514745335	0.06091593731838244	0.6551067514745335	0.0	3
DLBCL_RICOVER_1192	0.2025159984936021	0.04386824534239732	0.039164347772897935	0.6553508643698847	0.059100544021218	0.6553508643698847	4.0	3
DLBCL_C_D_1163_NULLPAIR	0.16222596933031053	0.04046595937550053	0.06144539330040844	0.6557115937748506	0.0801510842189299	0.6557115937748506	4.0	3
DLBCL11504	0.18281350513495767	0.04260059388827884	0.05208544261489474	0.6557466100561974	0.06675384830567135	0.6557466100561974	4.0	3
DLBCL_RICOVER_985	0.19030668070647339	0.05132417369820492	0.05129517269623229	0.6557829609699501	0.05129101192913927	0.6557829609699501	3.0	3
DLBCL11515	0.18437124929503834	0.04330770227554072	0.06217776969845334	0.6559178378625152	0.054225440868452435	0.6559178378625152	2.0	3
DLBCL10501	0.16550974402004778	0.03862641172526144	0.07479858998865106	0.6560995424653748	0.06496571180066484	0.6560995424653748	2.0	3
DLBCL10887	0.16516718985686804	0.05357065499013142	0.05765266765751176	0.6565610176602793	0.06704846983520951	0.6565610176602793	4.0	3
DLBCL_RICOVER_1289	0.20034389967941607	0.033495211500464625	0.04972047711301947	0.6569691070002205	0.059471304706879335	0.6569691070002205	4.0	3
DLBCL11558	0.17067448013820705	0.03998922557263333	0.07331552103736518	0.6570094948557349	0.05901127839605956	0.6570094948557349	2.0	3
DLBCL10989	0.19348978812367215	0.04548343446868792	0.05709314615329995	0.6574151087283332	0.04651852252600677	0.6574151087283332	1.0	3
DLBCL_RICOVER_1278	0.19984205783943995	0.040402418445521115	0.05130287165404394	0.6574888401248481	0.05096381193614689	0.6574888401248481	4.0	3
DLBCL_C_D_1112_NULLPAIR	0.20417097406596552	0.03501321375362222	0.058163974857319514	0.6576512904542774	0.045000546868815335	0.6576512904542774	2.0	3
DLBCL10925	0.1751746956197217	0.049324368375899215	0.05737743405612965	0.6577949389970361	0.06032856295121331	0.6577949389970361	4.0	3
DLBCL10969	0.1761545719280014	0.04366566577716799	0.05721986276804036	0.6578758285281602	0.06508407099863	0.6578758285281602	0.0	3
DLBCL10897	0.16999777788258016	0.05227993862466937	0.06109362833926395	0.6581051829640214	0.05852347218946508	0.6581051829640214	0.0	3
DLBCL_RICOVER_111	0.1876331999371031	0.04057233782027119	0.0645215053077697	0.658158499776641	0.049114457158215004	0.658158499776641	4.0	3
DLBCL_C_D_1151_NULLPAIR	0.16474677689894343	0.0464486267430812	0.06641566215082911	0.6586160714850424	0.06377286272210382	0.6586160714850424	3.0	3
DLBCL10907	0.16794302826132657	0.045588162683596514	0.0673533816947614	0.6586312582465174	0.060484169113798225	0.6586312582465174	1.0	3
DLBCL10863	0.16400413850752288	0.044882666433338075	0.06679263694295914	0.6588518648976888	0.06546869321849116	0.6588518648976888	3.0	3
DLBCL_RICOVER_1032	0.19307035516331786	0.04284947710992617	0.0529499316814048	0.6588666698909201	0.05226356615443101	0.6588666698909201	4.0	3
DLBCL_LS3245	0.18665876655206134	0.039254307582865175	0.05895110034564734	0.658961816705954	0.05617400881347215	0.658961816705954	1.0	3
DLBCL10924	0.18197627282388443	0.045012738754048584	0.0685010218816112	0.6595899872568937	0.044919979283562166	0.6595899872568937	4.0	3
DLBCL11537	0.19344175645643466	0.03945314596915487	0.06117480973370855	0.6595957618308232	0.04633452600987857	0.6595957618308232	0.0	3
DLBCL10458	0.1921517620516448	0.03890252087446765	0.05721914638554052	0.6600483044629732	0.05167826622537384	0.6600483044629732	0.0	3
DLBCL10906	0.17513150530058927	0.047633681102687786	0.05607897047947729	0.6600525847690196	0.06110325834822608	0.6600525847690196	1.0	3
DLBCL10454	0.17584548155377197	0.04785119384117075	0.0487525524519649	0.6601045607234495	0.06744621142964281	0.6601045607234495	4.0	3
DLBCL11651	0.19056355854063722	0.04227784030937876	0.05561145784651446	0.6602936570874391	0.0512534862160304	0.6602936570874391	2.0	3
DLBCL11457	0.17275995609923556	0.04937266097407935	0.06038397118962601	0.6606909733473929	0.05679243838966614	0.6606909733473929	0.0	3
DLBCL11659	0.18559359339263454	0.04590631553646496	0.05805214186554679	0.6607273058232481	0.04972064338210565	0.6607273058232481	3.0	3
DLBCL_RICOVER_274	0.19038589702488426	0.04388187106649683	0.049568741451240364	0.6607900412886497	0.055373449168728765	0.6607900412886497	3.0	3
DLBCL_RICOVER_267	0.1631239359397241	0.039760343054557536	0.06140380171607201	0.6611297528472524	0.07458216644239395	0.6611297528472524	2.0	3
DLBCL_C_D_1144_NULLPAIR	0.1560842038728301	0.04955063942596055	0.06405965411908071	0.6611965314003817	0.06910897118174698	0.6611965314003817	4.0	3
DLBCL11353	0.15990509190070598	0.041509168072614795	0.06759772352848102	0.6613812705938426	0.06960674590435562	0.6613812705938426	4.0	3
DLBCL10484	0.15007551242303804	0.050175893913082234	0.0715181719893897	0.661445798925287	0.06678462274920295	0.661445798925287	1.0	3
DFCIDL010_DT	0.19586159846553033	0.037680401208072006	0.05266234060865319	0.6614960439123303	0.052299615805414146	0.6614960439123303	0.0	3
DLBCL10844	0.17537182838648271	0.049074205994608405	0.048655674944067244	0.6617377984329611	0.06516049224188056	0.6617377984329611	0.0	3
DLBCL_C_D_PAIR13	0.16765984859818467	0.041735378481975005	0.0650607742453155	0.6621709905713968	0.06337300810312804	0.6621709905713968	4.0	3
DLBCL10564	0.18553586196715047	0.044497252970038016	0.04893012154554658	0.6622509095188204	0.0587858539984445	0.6622509095188204	3.0	3
DLBCL10510	0.20209044401611923	0.04001124607604532	0.0530544260299775	0.6630158792129222	0.04182800466493576	0.6630158792129222	1.0	3
DLBCL_RICOVER_1263	0.17960504512892536	0.046297291783182815	0.053662109905473675	0.6635163256581177	0.05691922752430045	0.6635163256581177	2.0	3
DLBCL11491	0.1540882029373435	0.04655446731639008	0.05716478126850056	0.6636092457976996	0.07858330268006619	0.6636092457976996	3.0	3
DLBCL_DFCI_DLBCL_GOE05	0.15856382403123914	0.05174077684597296	0.05852043897459629	0.6636214010814651	0.06755355906672647	0.6636214010814651	1.0	3
DLBCL10451	0.19805163847096868	0.04139188181819396	0.045318376803378455	0.6637464452268204	0.05149165768063848	0.6637464452268204	0.0	3
DLBCL_LS297	0.18020058377793333	0.040587669981377555	0.047165845367303706	0.6639115125404429	0.06813438833294248	0.6639115125404429	2.0	3
DLBCL10885	0.18708511265009084	0.03718859074558592	0.049727454191995514	0.6645042393860461	0.06149460302628165	0.6645042393860461	1.0	3
DLBCL11662	0.17276278244507767	0.0367290395963928	0.05630433896778825	0.664744583527237	0.06945925546350429	0.664744583527237	0.0	3
DLBCL_LS1098	0.18708340534915488	0.03919288253751032	0.045809503776467864	0.665455370146803	0.062458838190063974	0.665455370146803	2.0	3
DLBCL_MC_F496DMP	0.18457417762875805	0.03864754178196342	0.054762690355482514	0.6655440209153687	0.05647156931842726	0.6655440209153687	1.0	3
DLBCL10503	0.16673542938893324	0.034016745372871623	0.0552169021099442	0.6655593508698664	0.07847157225838454	0.6655593508698664	1.0	3
DLBCL10853	0.16448869779684916	0.040167795278175836	0.07099507136987193	0.6656215513967845	0.05872688415831863	0.6656215513967845	4.0	3
DLBCL11471	0.17535051140362382	0.04701689055228129	0.053485073764499264	0.6657295582063971	0.05841796607319851	0.6657295582063971	3.0	3
DLBCL11685	0.19178994413127975	0.03351536214561969	0.04953199429489278	0.6662128175777724	0.058949881850435384	0.6662128175777724	2.0	3
DLBCL10491	0.18145892957266252	0.041426058986432	0.056061267403718786	0.6663321074229038	0.05472163661428284	0.6663321074229038	3.0	3
DLBCL10835	0.16950242513348673	0.04698676919144191	0.050588117344378625	0.6664459547358981	0.06647673359479468	0.6664459547358981	4.0	3
DLBCL10486	0.19234786547936572	0.042225960424793665	0.048604940893230426	0.6671265723255606	0.0496946608770495	0.6671265723255606	0.0	3
DLBCL10542	0.1769307552669568	0.036041543622007094	0.06212725965183239	0.6672114469169164	0.05768899454228735	0.6672114469169164	0.0	3
DLBCL_RICOVER_1018	0.19020952587702813	0.038222487838953094	0.046760878789505946	0.6674809137572764	0.057326193737236415	0.6674809137572764	3.0	3
DLBCL10494	0.16684710898693825	0.04149729110982511	0.061433603132163436	0.6674837733873947	0.0627382233836785	0.6674837733873947	1.0	3
DLBCL11683	0.18167716083736185	0.03927618692033678	0.0645844506596555	0.6675106709276492	0.04695153065499671	0.6675106709276492	2.0	3
DLBCL10450	0.18271624497308664	0.03828761536924695	0.053357408330843584	0.667605749658152	0.05803298166867089	0.667605749658152	0.0	3
DLBCL10909	0.19936696190143263	0.039469435299418695	0.05463682090220329	0.667840310126191	0.038686471770754356	0.667840310126191	4.0	3
DLBCL_LS146	0.1786696096060883	0.04566376235667502	0.055687781321699964	0.6682039202331584	0.051774926482378344	0.6682039202331584	1.0	3
DLBCL11541	0.18176395075475765	0.0363475297177363	0.048186213865258495	0.6685550353520651	0.06514727031018254	0.6685550353520651	2.0	3
DLBC_FF_8042_TP_NB	0.1786262150744165	0.042040069771643054	0.042877264579247024	0.6689217706427666	0.0675346799319268	0.6689217706427666	4.0	3
DLBCL10523	0.16629134226071102	0.036480292757184875	0.06476872530912106	0.6693364190851894	0.06312322058779371	0.6693364190851894	2.0	3
DLBCL10851	0.15560837466370306	0.03881364262838442	0.05508514129204263	0.6697617382014407	0.08073110321442921	0.6697617382014407	1.0	3
DLBCL_LS2208	0.1813967753110937	0.03769833734125118	0.04630938638674726	0.6698817539090863	0.06471374705182155	0.6698817539090863	4.0	3
DLBCL_MC_F089_HCZ	0.1900383084726664	0.04113299050178156	0.04781308891955334	0.6701197766311697	0.05089583547482894	0.6701197766311697	1.0	3
DLBCL11523	0.14820600884278415	0.03881878698047284	0.0455673236789322	0.6703223467881476	0.09708553370966327	0.6703223467881476	0.0	3
DLBC_FF_8043_TP_NB	0.15921062426864818	0.04688661306680687	0.057588840535512116	0.6706421725553726	0.06567174957366023	0.6706421725553726	1.0	3
DLBCL_LS378	0.16507586428045415	0.03865005343829167	0.061279787951725916	0.6713194134556065	0.06367488087392181	0.6713194134556065	0.0	3
DLBCL10469	0.17768574817103788	0.04328315792280733	0.05231611175686117	0.6715069024499775	0.05520807969931613	0.6715069024499775	3.0	3
DLBCL10927	0.17569761686328592	0.04127128848690348	0.05614443516220927	0.6724500236603084	0.054436635827292884	0.6724500236603084	3.0	3
DLBCL_RICOVER_866	0.17801891169269965	0.04259497190193368	0.04923427107546274	0.6736578656684483	0.05649397966145559	0.6736578656684483	2.0	3
DLBCL_RICOVER_1165	0.1739127244332691	0.03684353457370394	0.058360390565292596	0.6737669768362914	0.057116373591442934	0.6737669768362914	1.0	3
DLBCL11187	0.1682084882796067	0.039215803400846565	0.04569889168701727	0.6739628596236819	0.07291395700884763	0.6739628596236819	4.0	3
DLBCL11450	0.1805522397399606	0.03394323950013661	0.054790068263318725	0.6743494420739757	0.05636501042260839	0.6743494420739757	4.0	3
DLBCL10879	0.1780973528599309	0.041685720017608056	0.06381825773758165	0.6745269558464738	0.04187171353840561	0.6745269558464738	2.0	3
DLBCL_C_D_1126_NULLPAIR	0.1724507775318065	0.03896416820583451	0.055862492018036364	0.6746362671173873	0.05808629512693533	0.6746362671173873	1.0	3
DLBCL11510	0.15662408821687754	0.046982347562801445	0.06229621441409979	0.6746763144704293	0.05942103533579197	0.6746763144704293	4.0	3
DLBCL10865	0.1710963781162713	0.034781777757230875	0.06186994663552469	0.6748848569896926	0.05736704050128052	0.6748848569896926	4.0	3
DLBCL_RICOVER_417	0.17084766393477163	0.034737620177535386	0.056832372347830326	0.6753685345262	0.06221380901366261	0.6753685345262	4.0	3
DLBCL10914	0.18950656820590783	0.03538447353722365	0.0495002274958839	0.6754855041494902	0.050123226611494466	0.6754855041494902	0.0	3
DLBCL11675	0.1671345657884297	0.04189834450782869	0.054245292132238436	0.6755807172930647	0.061141080278438474	0.6755807172930647	2.0	3
DLBCL10856	0.19286197557711837	0.034460662075840115	0.05125498072267226	0.6756718201423758	0.045750561481993385	0.6756718201423758	2.0	3
DLBCL10999	0.186041443521083	0.038648074092094906	0.042635845328219964	0.675776994539719	0.05689764251888321	0.675776994539719	4.0	3
DLBCL_MC_F739_AMA3	0.15987769145270847	0.047119772608792534	0.05162655521851759	0.6759798194749181	0.06539616124506327	0.6759798194749181	1.0	3
DLBCL11658	0.17238293013362463	0.036908442596477686	0.0513028755632201	0.6762235356761087	0.06318221603056881	0.6762235356761087	3.0	3
DLBCL11539	0.16707975607140868	0.03646610653670029	0.0609360846393986	0.676234167718152	0.05928388503434046	0.676234167718152	0.0	3
DLBCL11507	0.1636982222201591	0.04727712227739792	0.05679559250440649	0.6765336337362681	0.055695429261768466	0.6765336337362681	1.0	3
DLBCL_LS4619	0.16265567773298045	0.04798135354620036	0.05958224888494617	0.6767213940311323	0.05305932580474074	0.6767213940311323	4.0	3
DLBCL10555	0.17772386883191563	0.03682907379983877	0.05132944774280993	0.6768102431467782	0.05730736647865747	0.6768102431467782	2.0	3
DLBCL10515	0.16984981389628565	0.03650900105025557	0.05563893828177978	0.6768585434943487	0.061143703277330236	0.6768585434943487	0.0	3
DLBCL_RICOVER_1219	0.17672282057629662	0.047099968031511265	0.04194501294141792	0.6771118011080034	0.057120397342770746	0.6771118011080034	4.0	3
DLBCL11470	0.1660435046068156	0.032879661157437554	0.0635700423405271	0.6773551957235254	0.060151596171694285	0.6773551957235254	0.0	3
DLBCL10919	0.1785508858593023	0.04173784791314173	0.04705419362961431	0.6773826396162	0.05527443298174163	0.6773826396162	3.0	3
DLBCL_C_D_1152_NULLPAIR	0.169950727704022	0.032997737022185794	0.0552648908735667	0.6775866088983167	0.06420003550190884	0.6775866088983167	1.0	3
DLBCL10955	0.18366778014440582	0.04209714556628649	0.04530384805068716	0.6783645741973351	0.05056665204128544	0.6783645741973351	3.0	3
DLBCL_RICOVER_134	0.15210351920428636	0.0472724734430395	0.0579839534949789	0.6785802275192888	0.06405982633840646	0.6785802275192888	4.0	3
DLBCL10854	0.16448836985361898	0.04659730573769272	0.053124030439460554	0.6786655111765545	0.05712478279267325	0.6786655111765545	4.0	3
DLBCL10846	0.16069876755315143	0.03725820238425847	0.06747319673214494	0.6793283502429542	0.0552414830874909	0.6793283502429542	1.0	3
DLBCL10457	0.15970741331473762	0.04297002054136703	0.05917827783120907	0.6794259904045042	0.058718297908182004	0.6794259904045042	4.0	3
DLBCL10910	0.17800939148554115	0.04283168575072327	0.050232198679577775	0.6794262267448281	0.04950049733932979	0.6794262267448281	2.0	3
DLBCL_RICOVER_978	0.17620164515722964	0.03864055493914531	0.0557620671939769	0.6795502457909675	0.04984548691868063	0.6795502457909675	2.0	3
DLBC_FF_A7CR_TP_NB	0.1633379662580052	0.04069803489111124	0.05840739073669455	0.6797982114087397	0.057758396705449244	0.6797982114087397	4.0	3
DLBCL10859	0.17300335261889574	0.044448032113151445	0.04929828928007171	0.6798705979561781	0.053379728031702975	0.6798705979561781	1.0	3
DLBCL11595	0.16649932503756293	0.04207014070154769	0.06458005026427642	0.6799097814418359	0.04694070255477705	0.6799097814418359	4.0	3
DLBCL10502	0.17786284173283975	0.03561850368715019	0.05420759850365776	0.680019250352783	0.05229180572356926	0.680019250352783	1.0	3
DLBCL11484	0.1771822936234255	0.03456628044565433	0.04931539728582849	0.6801526703321666	0.05878335831292506	0.6801526703321666	1.0	3
DLBCL11576	0.15395377864231727	0.04173878652953161	0.06272857738048113	0.6801977830785312	0.06138107436913878	0.6801977830785312	3.0	3
DLBCL10509	0.16814379962621304	0.041571708810126076	0.06266948640786862	0.6805276242159517	0.04708738093984056	0.6805276242159517	0.0	3
DLBCL_RICOVER_120	0.15772140535051707	0.050461311463762606	0.06332067918380885	0.6808124013756458	0.04768420262626568	0.6808124013756458	4.0	3
DLBCL_C_D_1105_NULLPAIR	0.1573757926101909	0.04474404137060153	0.05109278184682397	0.6808546504211874	0.06593273375119618	0.6808546504211874	1.0	3
DLBCL11526	0.1687990119038978	0.038475054001850695	0.05444115836364003	0.681021323108985	0.05726345262162648	0.681021323108985	2.0	3
DLBCL_C_D_1141_NULLPAIR	0.17325244741477214	0.03504528752488668	0.059834535920534324	0.6811935254100725	0.05067420372973436	0.6811935254100725	2.0	3
DLBCL_LS3499	0.1409235224520473	0.0463242765027376	0.05300903403021388	0.6813032626682566	0.07843990434674465	0.6813032626682566	3.0	3
DLBCL10456	0.16716749807872366	0.03557833556184552	0.0549357559453395	0.6827623599822624	0.05955605043182888	0.6827623599822624	3.0	3
DLBCL11191	0.13461862609879552	0.045472744097636734	0.066130504882613	0.6827708508336519	0.07100727408730288	0.6827708508336519	0.0	3
DLBCL_RICOVER_1329	0.1687284074251796	0.039215632293883904	0.057573405969475126	0.6829059118657397	0.051576642445721715	0.6829059118657397	4.0	3
DLBCL10936	0.179656766370057	0.03581646240318145	0.04946246995269329	0.6832995126897826	0.05176478858428566	0.6832995126897826	2.0	3
DLBCL10860	0.16296353424068766	0.03840784867354207	0.061701817239506934	0.6833155687462478	0.053611231100015574	0.6833155687462478	4.0	3
DLBCL_RICOVER_522	0.14754120473568683	0.04807907516979853	0.06948224707355663	0.683477813944089	0.05141965907686899	0.683477813944089	2.0	3
DLBCL10471	0.16975623829713268	0.04091872741020814	0.045816376593163184	0.6843761748831887	0.059132482816307355	0.6843761748831887	4.0	3
DLBCL_RICOVER_174	0.15004403886239934	0.041329564393638725	0.061952241328694826	0.6848113804639877	0.061862774951279426	0.6848113804639877	1.0	3
DLBCL10947	0.14386462003745643	0.04377549939801281	0.0643082066532744	0.685233166128772	0.06281850778248434	0.685233166128772	1.0	3
DLBCL_RICOVER_173	0.16325412902686937	0.044209875322570986	0.05161132093183147	0.6853652779752388	0.055559396743489343	0.6853652779752388	4.0	3
DLBCL10983	0.16401870765510942	0.04517907179052072	0.04358590933572363	0.6856225034883113	0.06159380773033491	0.6856225034883113	1.0	3
DLBCL10463	0.14063060280054906	0.04823522550349319	0.057611819078645585	0.6861977494509987	0.06732460316631347	0.6861977494509987	4.0	3
DLBCL11459	0.15638013325874003	0.03870497213691409	0.056788157066700935	0.6863744298464888	0.06175230769115611	0.6863744298464888	3.0	3
DLBCL11667	0.16074670475560499	0.04158626972321589	0.06022062026673233	0.686479047116017	0.05096735813842976	0.686479047116017	2.0	3
DLBCL10986	0.15556550176542036	0.038367478874768664	0.05851534939783111	0.6865142595095475	0.06103741045243233	0.6865142595095475	0.0	3
DLBCL_RICOVER_712	0.16971055113600808	0.04206752218447518	0.0392065869438664	0.6865528320702345	0.06246250766541581	0.6865528320702345	4.0	3
DLBCL10951	0.1688743829810734	0.043593287997517584	0.05347232467417095	0.6866319379941734	0.047428066353064756	0.6866319379941734	4.0	3
DLBCL11188	0.1811289739450301	0.032269531631653796	0.04884319249421478	0.6866590423421883	0.05109925958691299	0.6866590423421883	1.0	3
DLBCL_C_D_1117_NULLPAIR	0.15995475561580674	0.03221936143724229	0.04687993303271801	0.6867253683287401	0.07422058158549287	0.6867253683287401	1.0	3
DLBCL11569	0.16019658774292656	0.037744202092611104	0.060042256966527006	0.6867542320193477	0.05526272117858757	0.6867542320193477	2.0	3
DLBCL10525	0.15672521662225705	0.03597433503534472	0.056054760723024094	0.6871300734763852	0.06411561414298897	0.6871300734763852	0.0	3
DLBCL10911	0.19350241232851112	0.035124341303458116	0.03828534147145416	0.6872037686356469	0.04588413626092975	0.6872037686356469	1.0	3
DLBCL_C_D_1133_NULLPAIR	0.1617757650809208	0.0440260129944653	0.059529084167342095	0.6874452352536947	0.047223902503577095	0.6874452352536947	2.0	3
DLBCL_C_D_1114_NULLPAIR	0.17187015842456912	0.03810260566046012	0.05010097509360893	0.6874496268256686	0.05247663399569323	0.6874496268256686	0.0	3
DLBCL11498	0.16413252174756596	0.04105055012997576	0.0505048674255983	0.6874540822518335	0.056857978445026575	0.6874540822518335	1.0	3
DLBCL_RICOVER_678	0.1417787156070785	0.04374174170362871	0.06756259225948191	0.6875086357604938	0.05940831466931713	0.6875086357604938	1.0	3
DLBCL10782	0.16628442103174879	0.042700125341332065	0.05600943281405758	0.6882880117582231	0.04671800905463862	0.6882880117582231	3.0	3
DLBC_FF_8062_TP_NB	0.15939524940627256	0.02883004993610435	0.058573222518057785	0.6885445298466789	0.06465694829288635	0.6885445298466789	3.0	3
DLBCL11455	0.17323362904267428	0.03565137751532016	0.0431333095650781	0.6886464896644204	0.05933519421250695	0.6886464896644204	2.0	3
DLBCL11435	0.1690832249931997	0.037614640760145736	0.04340196001731015	0.6888150961763871	0.06108507805295722	0.6888150961763871	0.0	3
DLBCL_RICOVER_496	0.170450456693518	0.04164217575124599	0.04249845055183418	0.6888216037166096	0.05658731328679225	0.6888216037166096	1.0	3
DLBCL11001	0.15811082399366322	0.040158929983360854	0.062199619764568385	0.6889356322956881	0.050594993962719464	0.6889356322956881	4.0	3
DLBCL10864	0.17008526166706883	0.03964738850621208	0.04514887305380225	0.6890550024374645	0.05606347433545231	0.6890550024374645	4.0	3
DLBCL_RICOVER_720	0.15394216096491042	0.0396456423728303	0.06043425651379731	0.6892254262397022	0.056752513908759766	0.6892254262397022	4.0	3
DLBCL11196	0.1765537715293411	0.04055968260091575	0.047672190708177076	0.6892781769051023	0.04593617825646378	0.6892781769051023	3.0	3
DLBCL10974	0.15152275095043982	0.040435403044445005	0.061650722018512544	0.6897975738374151	0.05659355014918741	0.6897975738374151	3.0	3
DLBCL11591	0.16702911490256245	0.040526936201877466	0.054975739428928354	0.6900348007766455	0.04743340868998633	0.6900348007766455	1.0	3
DLBCL11434	0.15347419644514906	0.03983573992888137	0.061736646201754605	0.6906301595323588	0.054323257891856096	0.6906301595323588	0.0	3
DLBCL10566	0.1640401135350748	0.0443089064401611	0.049124096922106106	0.6907906231982762	0.05173625990438174	0.6907906231982762	4.0	3
DLBCL10461	0.1703326276069163	0.037190406732079816	0.0560872103376297	0.6908533154024635	0.04553643992091065	0.6908533154024635	1.0	3
DLBCL10552	0.15915423651989807	0.04471807091386222	0.04826025284560904	0.6911607054862077	0.056706734234422934	0.6911607054862077	3.0	3
DLBCL11680	0.16996544193342394	0.03393268214307811	0.05437373617678513	0.6918780074282257	0.04985013231848712	0.6918780074282257	2.0	3
DLBCL_C_D_1148_NULLPAIR	0.1604169777505423	0.03674323702507006	0.04952300036012368	0.6920173525577025	0.061299432306561465	0.6920173525577025	0.0	3
DLBCL11464	0.14569101770737752	0.05280002555667777	0.05351180594059477	0.6920727495802237	0.0559244012151262	0.6920727495802237	3.0	3
DLBCL_RICOVER_338	0.15633120736816408	0.04416193039731183	0.05213193786663312	0.6929076550979201	0.054467269269970864	0.6929076550979201	0.0	3
DLBCL10884	0.16076721801781485	0.04249330626008709	0.05199747694690279	0.6935423641583648	0.05119963461683052	0.6935423641583648	0.0	3
DLBCL_RICOVER_1283	0.1458569552973413	0.04664578347485805	0.060828307337759104	0.693726531457729	0.0529424224323125	0.693726531457729	2.0	3
DLBCL_MC_F139_LJF	0.1366120658173747	0.039760809314189	0.06410909112348916	0.6938278612740605	0.0656901724708867	0.6938278612740605	3.0	3
DLBCL10918	0.14902829442542195	0.04094975754499055	0.06024024518304643	0.6939847980335653	0.055796904812975834	0.6939847980335653	0.0	3
DLBCL_RICOVER_839	0.15510622151027492	0.0436327401133904	0.053951477720240656	0.694721292749446	0.052588267906647924	0.694721292749446	1.0	3
DLBCL10488	0.1533456393643841	0.03648945300193972	0.0659402714196196	0.695101713350143	0.049122922863913523	0.695101713350143	0.0	3
DLBCL_RICOVER_1061	0.15022705985996113	0.04443587610355823	0.04575840703257571	0.6954042570604392	0.06417439994346581	0.6954042570604392	3.0	3
DLBCL10895	0.13387676259110493	0.04576905979341197	0.0708027626283469	0.69612999537824	0.05342141960889611	0.69612999537824	4.0	3
DLBCL11208	0.16363982526133086	0.038064459410881046	0.046950813079989696	0.6962588197715099	0.05508608247628841	0.6962588197715099	1.0	3
DLBCL10512	0.13443068832345761	0.049683480122625766	0.0506541585465081	0.6963741576009536	0.06885751540645493	0.6963741576009536	2.0	3
DLBCL10902	0.14858328688249084	0.04036843917549408	0.05852353281130432	0.6963783016581203	0.05614643947259042	0.6963783016581203	4.0	3
DLBCL10544	0.16846096053795162	0.03743181680579071	0.043735071184422485	0.6966576428307317	0.05371450864110349	0.6966576428307317	3.0	3
DLBCL10874	0.15745342463762196	0.04012641328542507	0.04802051228245778	0.6982990049084863	0.05610064488600883	0.6982990049084863	1.0	3
DLBCL10452	0.169002632892204	0.03440865710453085	0.044482348058757754	0.6989312298812725	0.05317513206323491	0.6989312298812725	1.0	3
DLBCL10988	0.15608339886652267	0.03873969407387175	0.03537564999922835	0.6989427772731412	0.07085847978723597	0.6989427772731412	1.0	3
DLBCL10862	0.1576604309437866	0.031443831336553305	0.043762392841764496	0.6989745652462355	0.06815877963166007	0.6989745652462355	4.0	3
DLBCL10527	0.16538771650770123	0.03467037440655965	0.05221886468916587	0.699378493687467	0.04834455070910628	0.699378493687467	3.0	3
DLBCL10847	0.14976185599357167	0.040696874821343244	0.05576075560253154	0.6995783510789653	0.054202162503588246	0.6995783510789653	4.0	3
DLBCL_RICOVER_506	0.15020980597348813	0.034759435248354856	0.059226192108489395	0.7002502069956515	0.05555435967401613	0.7002502069956515	4.0	3
DLBCL11663	0.15384798850897544	0.03455668109863995	0.0642487088024212	0.7002948227169583	0.04705179887300512	0.7002948227169583	0.0	3
DLBCL10908	0.15296423398891934	0.03993957215923086	0.040002519536492614	0.7007938146435044	0.06629985967185281	0.7007938146435044	4.0	3
DLBCL_RICOVER_956	0.14248956587623532	0.037921386791014915	0.05149145539243309	0.7008693308444707	0.06722826109584598	0.7008693308444707	4.0	3
DLBCL11481	0.14771233848734255	0.04420143102351625	0.052169715967148894	0.700910970321943	0.05500554420004927	0.700910970321943	0.0	3
DLBCL_MAYO_DLBCL_7359	0.138218903463923	0.04566310017270403	0.057724137924178125	0.7010315629522028	0.057362295486992045	0.7010315629522028	1.0	3
DLBCL10464	0.14189132133705373	0.04055608722257732	0.05395366780355178	0.7013897947004946	0.06220912893632257	0.7013897947004946	2.0	3
DLBCL11590	0.15281210793685324	0.035181686323900625	0.047303258543542295	0.7020063483383153	0.0626965988573886	0.7020063483383153	2.0	3
DLBCL10980	0.14756941867240808	0.04138638932308666	0.05393121294093797	0.7023687294117447	0.054744249651822584	0.7023687294117447	4.0	3
DLBCL10472	0.16082616616667766	0.03783968460079751	0.050518992934820595	0.7025817243240988	0.048233431973605495	0.7025817243240988	2.0	3
DLBCL11652	0.16304990568085842	0.045433256613054376	0.05012876618322313	0.7027258363684651	0.03866223515439899	0.7027258363684651	0.0	3
DFCIDL008_DT	0.16522348849345592	0.03243096802742926	0.051363428807989706	0.7027288049497965	0.0482533097213286	0.7027288049497965	4.0	3
DLBCL_LS1395	0.1615587069189772	0.037810285479941634	0.05948156848495056	0.7028120855010962	0.03833735361503452	0.7028120855010962	2.0	3
DLBCL_RICOVER_1045	0.14451760386624865	0.03962410436478015	0.0544174374409676	0.7028783192183421	0.05856253510966154	0.7028783192183421	3.0	3
DLBCL_RICOVER_850	0.1350668832553718	0.049548024963207954	0.05528962596788802	0.7029377511871815	0.05715771462635078	0.7029377511871815	4.0	3
DLBCL11681	0.13133218712242453	0.03974904634156063	0.0648668500943715	0.7033091231701322	0.06074279327151119	0.7033091231701322	0.0	3
DLBCL11657	0.1648735341832185	0.036784513372892146	0.04564038911219851	0.7037219405138151	0.0489796228178757	0.7037219405138151	3.0	3
DLBCL_RICOVER_910	0.15678421835110296	0.032795660558224235	0.04957745042067627	0.703866528591174	0.056976142078822505	0.703866528591174	0.0	3
DLBCL11488	0.1631264288749032	0.039326367787346814	0.04095800593225519	0.703897575456566	0.05269162194892882	0.703897575456566	0.0	3
DLBCL_C_D_1113_NULLPAIR	0.14488441428029375	0.03325149892914093	0.051529146564880154	0.7042943710654113	0.06604056916027391	0.7042943710654113	2.0	3
DLBCL11486	0.16267198976678857	0.03745152889161062	0.05041908128735987	0.7043823800993592	0.045075019954881695	0.7043823800993592	0.0	3
DLBCL_LS2154	0.16269197627246382	0.03699044516498433	0.038969046398802554	0.7047828446901916	0.05656568747355776	0.7047828446901916	0.0	3
DLBCL10990	0.14925967106847854	0.03836070743513387	0.05408001048421414	0.7048183145757465	0.05348129643642701	0.7048183145757465	4.0	3
DLBCL_RICOVER_361	0.15643747884354892	0.03488350824955113	0.049794107642727584	0.7049185797032635	0.05396632556090879	0.7049185797032635	3.0	3
DLBCL11518	0.15828040551698228	0.03501897811686187	0.05199683252232406	0.7050503203174285	0.0496534635264033	0.7050503203174285	2.0	3
DLBCL_C_D_1123_NULLPAIR	0.13973549570110197	0.03776519461288799	0.05179988371058835	0.7052731189233356	0.06542630705208614	0.7052731189233356	0.0	3
DLBCL_RICOVER_258	0.1439197849094799	0.03907659938868012	0.05019742823856022	0.7054144495589671	0.06139173790431262	0.7054144495589671	2.0	3
DLBCL10916	0.13828742672642852	0.040341826741855234	0.050165072186368335	0.7054547496149692	0.06575092473037865	0.7054547496149692	4.0	3
DLBCL_LS1304	0.13697665460655856	0.046510138367414494	0.05180401956584563	0.706210485354536	0.05849870210564537	0.706210485354536	2.0	3
DLBCL10880	0.15574363304981995	0.03718560697477887	0.05270640688434421	0.7064345329484154	0.04792982014264154	0.7064345329484154	4.0	3
DLBCL11479	0.14365171258312012	0.03663034932462631	0.057779553009673565	0.7067000259030272	0.05523835917955277	0.7067000259030272	1.0	3
DLBCL11447	0.13558442063806406	0.037566090470225855	0.06057914608247389	0.7069229775993566	0.05934736520987964	0.7069229775993566	3.0	3
DFCIDL003_DT	0.13159193871251862	0.04241079494160329	0.05429038762526501	0.707614631827179	0.06409224689343404	0.707614631827179	1.0	3
DLBCL_RICOVER_1210	0.15411129713328783	0.039770271270514516	0.04498000488004191	0.708013603826301	0.053124822889854845	0.708013603826301	1.0	3
DLBCL_LS3749	0.14965712428125377	0.03807007069927013	0.05711953238988101	0.7083376722255998	0.04681560040399528	0.7083376722255998	1.0	3
DLBCL10985	0.15367369984384233	0.04189520387960616	0.04297657641475451	0.7084657397072553	0.052988780154541656	0.7084657397072553	1.0	3
DLBCL11528	0.1318141041185622	0.03810252157807229	0.06727820101344197	0.7085985498791165	0.05420662341080705	0.7085985498791165	2.0	3
DLBCL_RICOVER_151	0.15999864776520817	0.03281443102275246	0.05041360918985586	0.708661161467388	0.04811215055479549	0.708661161467388	3.0	3
DLBCL10967	0.1496324711147237	0.03895436837911065	0.04758266497588935	0.7092898361471643	0.05454065938311196	0.7092898361471643	4.0	3
DLBCL11666	0.1687825912546512	0.027636135758700518	0.053052766690738516	0.7095926656049643	0.04093584069094554	0.7095926656049643	2.0	3
DLBCL_MAYO_DLBCL_5613	0.1461168405876913	0.038784424096382296	0.0463095012953058	0.709858949792818	0.058930284227802464	0.709858949792818	0.0	3
DLBCL_RICOVER_221	0.1604408214273171	0.03735447891073616	0.04710374496642303	0.709940935620581	0.04516001907494269	0.709940935620581	4.0	3
DLBCL10521	0.14033014372264843	0.04454154516642852	0.04600602278475315	0.7099636302779954	0.05915865804817459	0.7099636302779954	4.0	3
DLBCL10878	0.157155887192139	0.03674023394309952	0.04745465924711977	0.7099978846192101	0.04865133499843169	0.7099978846192101	4.0	3
DLBCL_RICOVER_1204	0.15000091782014294	0.034663934868814174	0.06432936171040601	0.7103127384596842	0.040693047140952635	0.7103127384596842	3.0	3
DLBCL10977	0.14416009057997284	0.03178613689633973	0.05458835001830344	0.7106051734130308	0.05886024909235321	0.7106051734130308	4.0	3
DLBC_FF_A7CX_TP_NB	0.15196904208261935	0.03661067216818997	0.046809874716477164	0.7109076543865844	0.05370275664612913	0.7109076543865844	4.0	3
DLBCL_MC_F362_MJB1	0.13703810748224218	0.03964005093565783	0.05526762958757208	0.7110600550241907	0.05699415697033724	0.7110600550241907	2.0	3
DLBCL11460	0.13722078598758375	0.03372967791078279	0.05921379003769578	0.7116029682577183	0.05823277780621932	0.7116029682577183	3.0	3
DLBCL10957	0.15653240096008475	0.03975180912800856	0.04522801743469027	0.7116780069889727	0.046809765488243726	0.7116780069889727	0.0	3
DLBCL_RICOVER_1235	0.13748321581137068	0.04841935304417453	0.049826250145532346	0.7120396325875069	0.052231548411415515	0.7120396325875069	1.0	3
DLBCL_LS2599	0.16213494357398575	0.03696148753881686	0.04607458469027625	0.7120921315875773	0.042736852609343734	0.7120921315875773	2.0	3
DLBCL11002	0.1482100638137084	0.03571250604134353	0.0504360075436498	0.7128781908043716	0.052763231796926616	0.7128781908043716	3.0	3
DLBCL10963	0.14061176754395233	0.03854687518849785	0.05113641679442208	0.7132072302524263	0.05649771022070146	0.7132072302524263	4.0	3
DLBCL_RICOVER_1081	0.15145127781403278	0.03182476708165884	0.05071077851325175	0.7132980080839061	0.05271516850715053	0.7132980080839061	4.0	3
DLBCL_MAYO_DLBCL_3653	0.1470655545656996	0.03271305425912324	0.05153974514202666	0.7135315733045635	0.05515007272858708	0.7135315733045635	0.0	3
DLBCL10870	0.14074062540359386	0.0406905131231406	0.04639517194853727	0.713849785556204	0.05832390396852419	0.713849785556204	4.0	3
DLBCL10987	0.14163128737579103	0.03658314026490894	0.062073919511652455	0.7138973310674214	0.04581432178022615	0.7138973310674214	4.0	3
DLBCL_LS2325	0.14416335922044135	0.03379976334233377	0.049474584576614834	0.7147787088670228	0.05778358399358729	0.7147787088670228	2.0	3
DLBCL_LS3200	0.14222095122651598	0.03291008010397764	0.05907105907885384	0.7148964912743443	0.050901418316308226	0.7148964912743443	4.0	3
DLBCL10930	0.13621619273921304	0.04262901224969894	0.05714736187611282	0.7149800404921518	0.04902739264282342	0.7149800404921518	4.0	3
DLBCL_MC_F218_RAP	0.15377211123116316	0.03570179739177777	0.0423331784464556	0.7153562617219891	0.052836651208614395	0.7153562617219891	3.0	3
DLBCL_LS4592	0.15103131505442582	0.030888381608764	0.04567543980252214	0.7154687233192248	0.056936140215063255	0.7154687233192248	2.0	3
DLBCL11565	0.12522026288383672	0.04448104747436977	0.05285395551761277	0.7157002666767474	0.06174446744743336	0.7157002666767474	1.0	3
DLBC_FF_A7CW_TP_NB	0.1540390993004848	0.03583656394683106	0.04203661048030964	0.7158103825104652	0.05227734376190924	0.7158103825104652	4.0	3
DLBCL10950	0.15176093169283306	0.03762253654687327	0.04282032181057773	0.715845029794407	0.05195118015530899	0.715845029794407	0.0	3
DLBCL_RICOVER_948	0.13556973659250843	0.03866488688025215	0.047235888146154446	0.7159881822699207	0.06254130611116433	0.7159881822699207	1.0	3
DLBCL10869	0.15441823861894433	0.029191486800168972	0.050341307456605026	0.7161655144570636	0.049883452667218144	0.7161655144570636	0.0	3
DLBCL11483	0.13294221448138174	0.04372938558761175	0.060361846470306	0.7162008714803362	0.04676568198036433	0.7162008714803362	1.0	3
DLBCL10894	0.1501856501699301	0.03685584510795631	0.052851472201167315	0.716487454995271	0.0436195775256753	0.716487454995271	1.0	3
DLBCL11004	0.13424586495301272	0.038711578837190015	0.05834740900055309	0.7167926621436841	0.051902485065560076	0.7167926621436841	4.0	3
DLBCL10928	0.14623825280868408	0.03411862378179675	0.04652590305087162	0.7168372809778826	0.05627993938076499	0.7168372809778826	0.0	3
DLBCL11677	0.14920370771222985	0.04032317406573337	0.03878565260951619	0.7168783056991328	0.05480915991338775	0.7168783056991328	0.0	3
DLBCL_MC_F064AB	0.1326560319746234	0.043992644426818404	0.04464491915283736	0.7170326925213447	0.06167371192437612	0.7170326925213447	2.0	3
DLBCL_RICOVER_320	0.15327134436669482	0.036319895752837034	0.0480852128289966	0.717136877498001	0.045186669553470574	0.717136877498001	2.0	3
DLBCL_MC_F519_ALT	0.1495057601753027	0.030772178940092938	0.05636081584293084	0.7171548388837028	0.04620640615797078	0.7171548388837028	4.0	3
DLBCL10530	0.12838971848779276	0.03754362926099875	0.04999706575873335	0.7173332762272534	0.06673631026522174	0.7173332762272534	4.0	3
DLBCL_RICOVER_408	0.12867407692734967	0.03481200116959637	0.05123928194664927	0.7174504370140273	0.0678242029423774	0.7174504370140273	2.0	3
DLBCL_MC_F132_MLM	0.12772042971413633	0.0385585644270509	0.06850744750238923	0.7188237690505331	0.04638978930589045	0.7188237690505331	0.0	3
DLBCL11520	0.13230943083551502	0.037726021403955784	0.0521436397517625	0.7188437412047038	0.05897716680406287	0.7188437412047038	0.0	3
DLBCL10536	0.13707875497464073	0.03621407931804287	0.050663454415337435	0.7188472301976904	0.05719648109428854	0.7188472301976904	2.0	3
DLBCL10462	0.15516689217240617	0.03141000330101011	0.04511687034868335	0.7188909272168267	0.04941530696107356	0.7188909272168267	0.0	3
DLBCL11513	0.143271830157879	0.03794020140571455	0.05161089371865752	0.7189458103727472	0.04823126434500173	0.7189458103727472	4.0	3
DLBCL_RICOVER_711	0.1298826751283469	0.032826961497927604	0.052865733570729705	0.7190306885559011	0.06539394124709463	0.7190306885559011	3.0	3
DLBCL_MC_F606_DMJ	0.1392850666123402	0.04498362048489061	0.044932946606181544	0.7194144099393573	0.05138395635723033	0.7194144099393573	2.0	3
DLBCL10547	0.12544750831799423	0.040953294954415645	0.06074793805077048	0.7194344282281809	0.0534168304486387	0.7194344282281809	3.0	3
DLBCL10901	0.12124901236345963	0.033383621034351545	0.05923349129545373	0.7194533222043396	0.06668055310239546	0.7194533222043396	4.0	3
DLBCL11478	0.14661150947154902	0.034401788768436664	0.04908551566242093	0.7196416727513805	0.050259513346212974	0.7196416727513805	0.0	3
DLBCL10945	0.13757024275676563	0.03457873693588908	0.05732744083164587	0.7199370090795225	0.0505865703961769	0.7199370090795225	0.0	3
DLBCL11473	0.11612452836036771	0.03216971112583677	0.06641148050236315	0.7203504129239482	0.06494386708748413	0.7203504129239482	0.0	3
DLBCL10921	0.12679506887807893	0.03482235103964204	0.06528848107064059	0.720467208943657	0.05262689006798142	0.720467208943657	4.0	3
DLBCL_LS4054	0.14346856708656563	0.03518420238779111	0.04666721962970001	0.7204922969359612	0.054187713959982065	0.7204922969359612	1.0	3
DLBCL_LS1065	0.13386646223514104	0.034668676151797244	0.058903722987342665	0.720850228888827	0.051710909736892054	0.720850228888827	1.0	3
DLBCL_C_D_1103_NULLPAIR	0.13750134088878074	0.03192846128718043	0.05516899564588187	0.7210792892761395	0.0543219129020174	0.7210792892761395	3.0	3
DLBCL_LS2089	0.13854559230775218	0.03562540376903187	0.06427726473567326	0.7211416654819001	0.04041007370564263	0.7211416654819001	1.0	3
DLBCL10845	0.13076419828948996	0.04281337659892113	0.05601868487415282	0.721304938572578	0.04909880166485807	0.721304938572578	1.0	3
DLBCL10973	0.13893925211631017	0.0364874246689306	0.05119383970865691	0.7216053048549671	0.05177417865113528	0.7216053048549671	3.0	3
DLBCL11456	0.14308957894966914	0.037335455842695695	0.04761732108091392	0.7216981122919021	0.05025953183481907	0.7216981122919021	1.0	3
DLBCL_RICOVER_288	0.14732902012974614	0.03793215206545463	0.048943140507248725	0.7217628098369524	0.044032877460598065	0.7217628098369524	1.0	3
DLBCL10978	0.14533700310842396	0.03153708633307777	0.05030584157213115	0.722261408740954	0.05055866024541308	0.722261408740954	3.0	3
DLBCL_C_D_1149_NULLPAIR	0.11946548549535999	0.033899051210866914	0.05830609195989602	0.7227237362296706	0.06560563510420647	0.7227237362296706	1.0	3
DLBCL11476	0.15232152006114028	0.03245061332813296	0.039424069499739034	0.7230815803032062	0.052722216807781455	0.7230815803032062	4.0	3
DLBCL_LS1921	0.15185342312727038	0.02984205622357626	0.043135839556805666	0.7231100082687792	0.052058672823568485	0.7231100082687792	1.0	3
DLBCL11467	0.14780145216661492	0.030716962083558563	0.05972266385798115	0.7231370988881431	0.03862182300370222	0.7231370988881431	3.0	3
DLBCL10922	0.1520513968212948	0.030286709277253125	0.043630308532045546	0.7231488118220016	0.05088277354740486	0.7231488118220016	1.0	3
DLBCL_DFCI_DLBCL_GOE16	0.14648900180129001	0.031051483050603446	0.057021337704029944	0.7232776231251624	0.042160554318914134	0.7232776231251624	2.0	3
DLBCL_RICOVER_780	0.1410054452945161	0.028912510483261787	0.05238942625685195	0.7239592525642964	0.05373336540107376	0.7239592525642964	1.0	3
DFCIDL004_DT	0.12679381522048083	0.04079664382795248	0.046730710079426425	0.7240895304385848	0.06158930043355541	0.7240895304385848	4.0	3
DLBCL_RICOVER_478	0.12765953178203454	0.03854168702548093	0.045344863701038074	0.7243185217835535	0.06413539570789292	0.7243185217835535	1.0	3
DLBCL10932	0.14132086064737429	0.035411303011977466	0.05346747772851454	0.7245874373227935	0.045212921289340215	0.7245874373227935	3.0	3
DLBCL10962	0.14161870097460796	0.03774844412056611	0.0492125441379383	0.7249457892765996	0.04647452149028798	0.7249457892765996	1.0	3
DLBCL11676	0.1463784766877082	0.0323614188961616	0.04521220535762475	0.7252392254636583	0.05080867359484719	0.7252392254636583	0.0	3
DLBCL_C_D_1131_NULLPAIR	0.1366804960870894	0.04359012643633168	0.042876452470696776	0.7259519265116829	0.05090099849419913	0.7259519265116829	1.0	3
DLBCL10852	0.13619533915333207	0.03491530889827411	0.05033435264872552	0.7259815612416448	0.052573438058023496	0.7259815612416448	4.0	3
DLBCL10966	0.14820624364134047	0.03404593369935186	0.04935781348621571	0.7263472997684276	0.042042709404664334	0.7263472997684276	0.0	3
DLBCL11538	0.12842681843664347	0.03918654617956876	0.0527189994558078	0.7272360207201561	0.05243161520782382	0.7272360207201561	4.0	3
DLBCL10866	0.152711766794305	0.028726892189617492	0.048295619566282706	0.7286945874058363	0.041571134043958534	0.7286945874058363	4.0	3
DLBCL10837	0.11782924512947678	0.03917564839794981	0.05737438576984835	0.7288145842764956	0.05680613642622948	0.7288145842764956	4.0	3
DLBCL_RICOVER_299	0.11784508947510856	0.03724550317578078	0.058460551022150566	0.7288574385799486	0.057591417747011577	0.7288574385799486	1.0	3
DLBCL_LS2245	0.1440801008488433	0.032775038566980524	0.04570792140401126	0.7289947228553254	0.04844221632483959	0.7289947228553254	1.0	3
DLBCL_RICOVER_787	0.1468539199214045	0.030374124305317524	0.05037915936199251	0.7294498662686675	0.04294293014261797	0.7294498662686675	1.0	3
DLBCL10554	0.11839002799602363	0.03625332663133282	0.06110496501708168	0.7298805267081637	0.054371153647398196	0.7298805267081637	2.0	3
DLBCL10459	0.1242921007740205	0.03440176944289782	0.0528537128461278	0.7308060251994575	0.057646391737496444	0.7308060251994575	2.0	3
DLBCL10871	0.1374013680237806	0.03273317775938653	0.05555931036080206	0.7316714150271245	0.04263472882890626	0.7316714150271245	1.0	3
DLBCL11509	0.13834379697641844	0.029867438922427953	0.05695551000863183	0.7318259501506946	0.04300730394182718	0.7318259501506946	0.0	3
DLBCL_RICOVER_577	0.15453512179466286	0.03000812175060532	0.04338506157530478	0.732420982930764	0.03965071194866314	0.732420982930764	2.0	3
DLBCL11469	0.1345495582326405	0.031120756699967927	0.04895093979634354	0.7329988186597958	0.052379926611252244	0.7329988186597958	2.0	3
DLBCL_RICOVER_583	0.1285562714524677	0.04337554897833378	0.04380480467972743	0.7332503419138098	0.051013032975661295	0.7332503419138098	1.0	3
DLBCL11003	0.12304912293941254	0.03409823462506524	0.0561634535987952	0.7336402292175677	0.0530489596191594	0.7336402292175677	1.0	3
DLBCL10549	0.14113118093021212	0.0307251788996035	0.05254877317221527	0.7339022342966409	0.041692632701328156	0.7339022342966409	1.0	3
DLBCL_LS2590	0.1255776129014096	0.03549796824741378	0.05345525623114756	0.7344096257630838	0.051059536856945274	0.7344096257630838	3.0	3
DLBCL10498	0.13055618458309948	0.03159317225764277	0.05955723682621437	0.7348238376822944	0.043469568650748976	0.7348238376822944	2.0	3
DLBCL11482	0.13125415873707927	0.037686557530010704	0.04733198337127606	0.7349422105812456	0.04878508978038834	0.7349422105812456	0.0	3
DLBCL_LS3820	0.13079580476113206	0.03181671854158179	0.051673148513758135	0.7351510201706621	0.05056330801286589	0.7351510201706621	2.0	3
DLBCL10900	0.11054373872808301	0.04069207435134616	0.06409142140812682	0.7352498413952891	0.04942292411715484	0.7352498413952891	4.0	3
DLBCL11574	0.13021527304528532	0.03528727506845484	0.04288477738459329	0.7359890877478882	0.055623586753778397	0.7359890877478882	2.0	3
DLBCL10460	0.11773268834555882	0.04006141474100058	0.047762247113071206	0.7368765733604774	0.057567076439891944	0.7368765733604774	1.0	3
DLBCL_C_D_1138_NULLPAIR	0.13323514578602208	0.03753118033860188	0.04960188221478809	0.7375637894027666	0.04206800225782143	0.7375637894027666	1.0	3
DLBCL_RICOVER_1299	0.10043630924979276	0.03729964561457014	0.05564835574412752	0.7376065772978609	0.06900911209364859	0.7376065772978609	4.0	3
DLBCL10833	0.1323971901608472	0.033780801929659994	0.04832366439955095	0.7380539008077237	0.047444442702218106	0.7380539008077237	4.0	3
DLBCL10518	0.11949302381672779	0.032536242408357265	0.05420573970074414	0.7384756673162508	0.05528932675791998	0.7384756673162508	2.0	3
DLBCL10968	0.13983715736008603	0.028593791344306944	0.04409099099274091	0.7388371254571695	0.04864093484569658	0.7388371254571695	0.0	3
DLBCL10981	0.13199089179657567	0.028996636277010667	0.05533482852758714	0.738840415783805	0.04483722761502146	0.738840415783805	1.0	3
DLBCL11206	0.11932658726251326	0.03555783628527732	0.053793923148193035	0.7389975178458462	0.052324135458170065	0.7389975178458462	4.0	3
DLBCL11581	0.1263125113455292	0.03260251640880856	0.050281111767702225	0.7399771968575082	0.05082666362045183	0.7399771968575082	4.0	3
DLBCL_MC_F307_JPS	0.11688858098217562	0.03682762071517718	0.06190929173637032	0.7405988407119682	0.043775665854308594	0.7405988407119682	0.0	3
DLBCL10912	0.11535108106783046	0.03595701419551548	0.04983513664341715	0.7408258543330116	0.05803091376022533	0.7408258543330116	0.0	3
DLBCL10843	0.12725461604908894	0.03798902104823969	0.043907028350090166	0.7408357571601956	0.05001357739238557	0.7408357571601956	0.0	3
DLBCL_RICOVER_685	0.13135349022435328	0.03223174223854059	0.05185758156854872	0.7409979051400314	0.04355928082852611	0.7409979051400314	4.0	3
DLBCL11542	0.12025676806929898	0.026910345601252477	0.05563454917009734	0.7412701830813248	0.05592815407802646	0.7412701830813248	2.0	3
DLBCL10535	0.1280661447392045	0.032047733719829455	0.05434737176862985	0.7418345897153018	0.043704160057034286	0.7418345897153018	4.0	3
DLBCL_C_D_1136_NULLPAIR	0.09737390332009091	0.04007327294571478	0.06332317715017051	0.7419073118963307	0.057322334687693016	0.7419073118963307	1.0	3
DLBCL11428	0.12388033741400277	0.038239596774904655	0.04857239883294412	0.7419352013316219	0.047372465646526606	0.7419352013316219	2.0	3
DLBCL10487	0.1172056160286781	0.03738556294063529	0.04913935540338528	0.7420685561797309	0.05420090944757046	0.7420685561797309	1.0	3
DLBCL_MC_F815_BAT	0.12600081005118813	0.03143633889821167	0.05000214617440985	0.7425816274764475	0.0499790773997428	0.7425816274764475	2.0	3
DLBCL10780	0.1217290386834754	0.040245113957179335	0.04466840063026284	0.7431916972799142	0.05016574944916822	0.7431916972799142	1.0	3
DLBCL_LS951	0.11082847891958332	0.039728960452458266	0.05057556260160196	0.7433627213115456	0.055504276714810875	0.7433627213115456	0.0	3
DLBCL11535	0.12052269838398479	0.03175707125041669	0.04913910899450771	0.7438719773203605	0.05470914405073037	0.7438719773203605	3.0	3
DLBCL10993	0.13524499569227813	0.02955287099043745	0.04195339888932659	0.7446527822152449	0.04859595221271293	0.7446527822152449	0.0	3
DLBCL_RICOVER_945	0.11961674687079676	0.03778421491346358	0.05324050930864276	0.744664042263255	0.04469448664384201	0.744664042263255	0.0	3
DLBCL11670	0.12874464565856505	0.032745747130754434	0.04616461978162423	0.7447609938371746	0.04758399359188162	0.7447609938371746	2.0	3
DLBCL10964	0.12754241260813104	0.032861190218202926	0.05133455924098105	0.745200324717972	0.043061513214712945	0.745200324717972	4.0	3
DLBCL_C_D_1106_NULLPAIR	0.11827485025788789	0.03925002445315136	0.0460713572188007	0.7452173822476026	0.05118638582255746	0.7452173822476026	1.0	3
DLBCL10529	0.12238782624773734	0.03286042365214978	0.05249424839019821	0.7455440863084455	0.0467134154014692	0.7455440863084455	4.0	3
DLBCL10834	0.13244473082599076	0.03158680659165329	0.046422587683431854	0.7462737894925903	0.04327208540633382	0.7462737894925903	1.0	3
DLBCL11661	0.12066959560326049	0.03367580130929995	0.052016534512845644	0.7463201505085677	0.04731791806602623	0.7463201505085677	1.0	3
DLBCL11501	0.1181726732414672	0.033895725371237535	0.04825662997371539	0.7467389457219602	0.05293602569161966	0.7467389457219602	0.0	3
DLBCL_C_D_1109_NULLPAIR	0.12415121149038601	0.04218092373659422	0.042914146496101174	0.748025893095315	0.04272782518160355	0.748025893095315	3.0	3
DLBCL11511	0.12244930314604117	0.02670287575266731	0.05146002987166396	0.7482958162536862	0.051091974975941354	0.7482958162536862	0.0	3
DLBCL10956	0.12284845942571214	0.03326086761438442	0.046425895380416284	0.7495081627759003	0.04795661480358693	0.7495081627759003	1.0	3
DLBCL10984	0.11559771893565679	0.030992257009798928	0.04594698215994332	0.7495198100995776	0.057943231795023385	0.7495198100995776	4.0	3
DLBCL10513	0.11474303945304809	0.02951522192903202	0.04355094899364798	0.7497767354181355	0.06241405420613649	0.7497767354181355	3.0	3
DLBCL_RICOVER_617	0.12431825916248551	0.029470455878391907	0.04473738238178447	0.7498567685049252	0.05161713407241294	0.7498567685049252	3.0	3
DLBCL10867	0.11297053486827274	0.03722398222356023	0.05236030225106332	0.7502300620201132	0.047215118636990475	0.7502300620201132	4.0	3
DLBCL10858	0.1278285587019463	0.03399901705021686	0.045652122986262325	0.7505408051672354	0.04197949609433917	0.7505408051672354	3.0	3
DLBCL10467	0.12225634750404381	0.02878126040929292	0.051042097529968106	0.750862133902477	0.04705816065421817	0.750862133902477	4.0	3
DLBCL_C_D_1129_NULLPAIR	0.11867910395550957	0.031577547717325884	0.046437346427838026	0.751611011063407	0.051694990835919524	0.751611011063407	0.0	3
DLBCL10997	0.11184976714388098	0.036002554925521374	0.04621671499477652	0.7517067471728044	0.054224215763016725	0.7517067471728044	0.0	3
DLBCL_LS4616	0.11540981298685457	0.03622122333554816	0.0552768450643881	0.7518677705207042	0.041224348092504956	0.7518677705207042	2.0	3
DLBCL11433	0.13024844166979677	0.02736382293257259	0.047802673881629905	0.7521680933822434	0.042416968133757296	0.7521680933822434	3.0	3
DLBCL11203	0.10915892781341627	0.032299323687650386	0.044158171274690204	0.7526642164996313	0.0617193607246118	0.7526642164996313	1.0	3
DLBCL_C_D_1118_NULLPAIR	0.10685374026386335	0.03368038214605328	0.057253272458010096	0.7526767172345692	0.049535887897504134	0.7526767172345692	1.0	3
DLBCL_RICOVER_1293	0.10955264393585888	0.030477817428525147	0.05229267691414995	0.7526777112846847	0.05499915043678129	0.7526777112846847	4.0	3
DFCIDL009_DT	0.11818255677226268	0.033414218151624556	0.05145534038922571	0.7534315467235325	0.04351633796335455	0.7534315467235325	2.0	3
DLBCL11446	0.13218442890259272	0.02968555889858084	0.04382662432327549	0.753983378392075	0.04032000948347591	0.753983378392075	1.0	3
DLBCL_RICOVER_216	0.10384630238720617	0.042719572419658035	0.05110967082836663	0.7543349939682022	0.04798946039656689	0.7543349939682022	2.0	3
DLBCL_RICOVER_977	0.1267875986329281	0.030436768773907084	0.04397529872266912	0.7543483473162229	0.04445198655427276	0.7543483473162229	0.0	3
DLBCL10939	0.11724732025541383	0.03249317465869755	0.050309731916812366	0.7556536877296094	0.04429608543946693	0.7556536877296094	3.0	3
DLBCL_MAYO_DLBCL_234	0.12388367428904021	0.031637135456364554	0.048901903028375604	0.7564570484788609	0.03912023874735878	0.7564570484788609	2.0	3
DLBCL10850	0.12135934021751664	0.03061052695410867	0.04837321265971551	0.7570847590401735	0.042572161128485726	0.7570847590401735	1.0	3
DLBCL11458	0.11165227392855734	0.02804179199563307	0.053842554280386146	0.7582037814652308	0.048259598330192596	0.7582037814652308	2.0	3
DLBCL10971	0.1024707346596842	0.03413755343053094	0.054568184752521114	0.758302657604462	0.05052086955280177	0.758302657604462	0.0	3
DLBCL_LS1668	0.10893293789829948	0.03511441977832425	0.05017598315488171	0.7587403281166625	0.0470363310518321	0.7587403281166625	1.0	3
DLBCL10972	0.12119405841902171	0.03518021127605347	0.03912115581152488	0.7590019444035314	0.0455026300898685	0.7590019444035314	0.0	3
DLBCL11202	0.09873564791601057	0.04305273294377352	0.05176191113972588	0.7597103491021443	0.046739358898345705	0.7597103491021443	0.0	3
DLBCL11673	0.10292151381158442	0.029430961920060308	0.05613387261205908	0.7597853284490012	0.051728323207295084	0.7597853284490012	1.0	3
DLBCL_RICOVER_469	0.12667606637793796	0.027071703329073132	0.04765407485373546	0.7605197848592931	0.038078370579960365	0.7605197848592931	2.0	3
DLBCL10565	0.11566432542376204	0.02790802130486563	0.04943934902527942	0.760703136900276	0.04628516734581687	0.760703136900276	3.0	3
DLBCL_RICOVER_575	0.11621043110803343	0.03624789972351372	0.04852362096170716	0.7607094799361394	0.03830856827060635	0.7607094799361394	3.0	3
DLBCL11655	0.1030703698499996	0.0313859331547322	0.052282847730679885	0.761241696634891	0.052019152629697224	0.761241696634891	3.0	3
DLBCL10550	0.10087208994543016	0.038717582118444144	0.055807547485527874	0.7613089979942076	0.04329378245639021	0.7613089979942076	4.0	3
DLBCL_RICOVER_1287	0.1185364688806661	0.03278795790774317	0.04264146420856575	0.7634721730074028	0.04256193599562215	0.7634721730074028	4.0	3
DLBCL11204	0.11495550255669312	0.02994407589542674	0.0496679612823437	0.7647526122019932	0.0406798480635433	0.7647526122019932	1.0	3
DLBCL_RICOVER_773	0.10282685097376858	0.03477486356683259	0.04669453242600654	0.7653327308779825	0.050371022155409846	0.7653327308779825	4.0	3
DLBCL11536	0.12199703852107134	0.031993721405683746	0.04269020367139382	0.7654438623924231	0.03787517400942797	0.7654438623924231	3.0	3
DLBCL_RICOVER_950	0.10547168001209546	0.02932044219447327	0.05062775094308539	0.7663502041475629	0.04822992270278292	0.7663502041475629	3.0	3
DLBCL_C_D_1130_NULLPAIR	0.0985038993154831	0.038515072100270456	0.04744659893837331	0.7671346934292581	0.04839973621661507	0.7671346934292581	0.0	3
DLBCL_MC_F729_MAN	0.11121259897011065	0.03289592881660214	0.04071948134274249	0.767426760103559	0.04774523076698568	0.767426760103559	1.0	3
DLBCL10522	0.1028651570445493	0.033443064084426724	0.04523497474016749	0.7675960113832175	0.05086079274763889	0.7675960113832175	2.0	3
DLBCL_RICOVER_449	0.09299202114664641	0.03826241955924208	0.0553180302611715	0.7677951529692368	0.045632376063703184	0.7677951529692368	4.0	3
DLBCL10532	0.10140719332758756	0.037221794948624855	0.044950714512800534	0.7684923245184174	0.04792797269256962	0.7684923245184174	4.0	3
DLBCL10954	0.10438744274841207	0.03525533777174905	0.05093734327062313	0.7685904530847095	0.040829423124506214	0.7685904530847095	1.0	3
DLBCL10519	0.11138065666242011	0.03171412054978246	0.0451668192682976	0.7686571101552406	0.04308129336425921	0.7686571101552406	1.0	3
DLBCL10873	0.11038249134303817	0.03417547131977976	0.04021844135979142	0.7702565720707888	0.044967023906601886	0.7702565720707888	1.0	3
DLBCL_RICOVER_1060	0.10860329861303514	0.02729545762696479	0.04888053259863412	0.7717201212989789	0.043500589862387	0.7717201212989789	1.0	3
DLBCL10935	0.11582508177615355	0.027071710931937342	0.04232188165088883	0.7724322859718007	0.04234903966921961	0.7724322859718007	0.0	3
DLBCL11496	0.10102554979598062	0.027183085215725458	0.05074002342945341	0.7759624356982632	0.045088905860577365	0.7759624356982632	0.0	3
DLBCL_RICOVER_1248	0.09507257239316437	0.029154735104161198	0.04986161311811092	0.7763338001783463	0.04957727920621716	0.7763338001783463	4.0	3
DLBCL10466	0.10423834893675013	0.029882084554592455	0.042415737055793656	0.7775597221015298	0.0459041073513339	0.7775597221015298	2.0	3
DLBCL_C_D_1153_NULLPAIR	0.08940869073162418	0.030247529000599814	0.05618967498732493	0.7777654979783403	0.04638860730211082	0.7777654979783403	3.0	3
DLBCL11441	0.10705869434707188	0.02901067605602347	0.03997138531192424	0.7802886219386539	0.04367062234632651	0.7802886219386539	2.0	3
DLBCL10517	0.09859033608017571	0.029064721267275096	0.03977469675778945	0.7826233316573715	0.04994691423738819	0.7826233316573715	1.0	3
DLBCL_LS2357	0.097422794423754	0.028202860617980025	0.04834129297147107	0.7855992440884698	0.040433807898325014	0.7855992440884698	3.0	3
DLBCL_RICOVER_473	0.09479063851677587	0.030477071063085313	0.045679891402961754	0.7885251101589672	0.04052728885820989	0.7885251101589672	0.0	3
DLBCL11468	0.08668039489430591	0.03029383121143388	0.0377790643279168	0.8064191772606788	0.03882753230566464	0.8064191772606788	2.0	3
DLBCL11564	0.08442930330753128	0.02500718122216666	0.03940446837933456	0.8144189838565514	0.03674006323441611	0.8144189838565514	3.0	3
