	C1	C2	C3	C4	C5	Confidence	True Cluster	Predicted Cluster
DLBCL_DFCI_DLBCL_GOE05	0.23036106	0.117201135	0.22262684	0.25500128	0.17480971	0.25500128	1.0	3
DLBCL11507	0.2663806	0.18411896	0.19380943	0.23778906	0.11790195	0.2663806	1.0	0
DLBCL10849	0.24403031	0.12211396	0.12769338	0.2278334	0.27832893	0.27832893	1.0	4
DLBCL_RICOVER_320	0.09187915	0.15569231	0.1980564	0.29662237	0.25774977	0.29662237	2.0	3
DLBCL11533	0.20050378	0.17819418	0.19840276	0.3030732	0.11982606	0.3030732	1.0	3
DLBCL10880	0.24010924	0.11366567	0.06891146	0.30380195	0.27351168	0.30380195	4.0	3
DLBCL_C_D_1106_NULLPAIR	0.30435848	0.2648929	0.13154815	0.25669947	0.042500988	0.30435848	1.0	0
DLBCL_MC_F496DMP	0.3094077	0.11013611	0.2712631	0.28203875	0.027154353	0.3094077	1.0	0
DFCIDL008_DT	0.31001592	0.064787254	0.26203853	0.154977	0.20818129	0.31001592	4.0	0
DLBCL10850	0.15510777	0.32226196	0.22189546	0.23502271	0.065712094	0.32226196	1.0	1
DLBCL_RICOVER_1235	0.036473915	0.2877109	0.28683656	0.3245109	0.06446769	0.3245109	1.0	3
DLBCL_LS2089	0.24297734	0.22321624	0.025752963	0.17870076	0.3293527	0.3293527	1.0	4
DLBCL11206	0.104630224	0.25425887	0.083128326	0.33386427	0.2241183	0.33386427	4.0	3
DLBCL10554	0.2936696	0.050610345	0.28002012	0.33510354	0.040596414	0.33510354	2.0	3
DLBCL10887	0.16254032	0.07136804	0.12322538	0.33779395	0.3050723	0.33779395	4.0	3
DLBCL_LS2328	0.3386829	0.070689835	0.28471753	0.29342556	0.012484188	0.3386829	2.0	0
DLBCL_RICOVER_299	0.08823891	0.3390746	0.2576716	0.17006557	0.14494933	0.3390746	1.0	1
DLBCL_RICOVER_473	0.15877545	0.23807016	0.33952314	0.20598131	0.057649963	0.33952314	0.0	2
DLBCL_C_D_1135_NULLPAIR	0.34056365	0.19087966	0.23174004	0.17676143	0.060055215	0.34056365	1.0	0
DLBCL11353	0.09094947	0.024327662	0.26153168	0.34058225	0.28260896	0.34058225	4.0	3
DLBCL_RICOVER_948	0.3436334	0.23213954	0.09229603	0.28394258	0.047988426	0.3436334	1.0	0
DLBCL11576	0.14787158	0.25241345	0.19011164	0.34554514	0.06405816	0.34554514	3.0	3
DLBCL10983	0.25859416	0.19298282	0.083857104	0.3492226	0.1153433	0.3492226	1.0	3
DLBCL11346	0.06804702	0.16112521	0.12818772	0.2893227	0.35331735	0.35331735	1.0	4
DLBCL_RICOVER_335	0.19685718	0.35357088	0.08977366	0.3177468	0.04205148	0.35357088	1.0	1
DLBCL10961	0.025595227	0.16949852	0.18203339	0.26854745	0.3543254	0.3543254	4.0	4
DLBCL11440	0.3546096	0.04247363	0.039130133	0.31871438	0.24507226	0.3546096	4.0	0
DLBCL10534	0.3594248	0.041037485	0.03977463	0.31423452	0.24552855	0.3594248	4.0	0
DLBCL_RICOVER_1210	0.16163936	0.22151677	0.36158144	0.22225632	0.03300609	0.36158144	1.0	2
DLBCL10954	0.28513375	0.12501353	0.07386506	0.36198497	0.15400268	0.36198497	1.0	3
DLBCL10535	0.0736332	0.09268063	0.24299234	0.22827385	0.36242	0.36242	4.0	4
DLBCL10502	0.15003875	0.2894591	0.36326155	0.15671451	0.0405261	0.36326155	1.0	2
DLBCL11541	0.28420153	0.035165858	0.28546092	0.36604005	0.029131649	0.36604005	2.0	3
DLBCL_RICOVER_678	0.16125077	0.18782169	0.19738644	0.36667022	0.08687087	0.36667022	1.0	3
DLBCL10987	0.28658104	0.03833425	0.18833292	0.36907306	0.11767874	0.36907306	4.0	3
DLBCL_MC_F210_GWC	0.36923686	0.12939768	0.06355499	0.33070177	0.1071087	0.36923686	1.0	0
DLBCL10833	0.37104246	0.029187951	0.05338235	0.25943545	0.28695178	0.37104246	4.0	0
DLBCL_LS2208	0.12371144	0.37110314	0.23340887	0.14946319	0.122313365	0.37110314	4.0	1
DLBCL10480	0.3727247	0.16339374	0.06052257	0.33952767	0.0638313	0.3727247	1.0	0
DLBC_FF_A7CQ_TP_NB	0.37778664	0.02806105	0.059225075	0.33725753	0.19766971	0.37778664	4.0	0
DLBCL_LS3809	0.3192174	0.028781664	0.06474863	0.37840715	0.20884517	0.37840715	0.0	3
DLBCL10521	0.0740636	0.24643578	0.06717324	0.23322715	0.37910023	0.37910023	4.0	4
DLBCL10910	0.116069004	0.13748285	0.26627788	0.38116437	0.09900592	0.38116437	2.0	3
DLBCL_C_D_1157_NULLPAIR	0.38366318	0.035955936	0.23631781	0.30278274	0.041280314	0.38366318	2.0	0
DLBCL11496	0.33073297	0.024279777	0.20934288	0.38385764	0.051786717	0.38385764	0.0	3
DLBCL_RICOVER_506	0.07009648	0.12048585	0.08932189	0.3361378	0.38395798	0.38395798	4.0	4
DLBCL_RICOVER_1283	0.24294645	0.025025537	0.38549843	0.2698804	0.07664918	0.38549843	2.0	2
DLBCL10847	0.2233632	0.042103283	0.044685047	0.30216214	0.3876863	0.3876863	4.0	4
DLBCL_C_D_1136_NULLPAIR	0.30805537	0.13838504	0.07160032	0.38863888	0.09332036	0.38863888	1.0	3
DLBCL11000	0.057201724	0.07554704	0.26479983	0.21345663	0.38899475	0.38899475	4.0	4
DLBCL10867	0.29181954	0.09385897	0.07745812	0.389162	0.14770135	0.389162	4.0	3
DLBCL_RICOVER_449	0.38918132	0.026538018	0.03499968	0.32721567	0.22206531	0.38918132	4.0	0
DLBCL11471	0.38944885	0.028913679	0.11179749	0.16593565	0.30390432	0.38944885	3.0	0
DLBCL_LS3200	0.060582217	0.13497421	0.09521714	0.39132687	0.31789955	0.39132687	4.0	3
DLBCL10899	0.39162683	0.04118125	0.04621231	0.24982591	0.2711537	0.39162683	4.0	0
DLBCL11569	0.23851447	0.027333582	0.39288166	0.32015553	0.021114746	0.39288166	2.0	2
DLBCL10836	0.21526383	0.035165135	0.07987617	0.39637417	0.27332067	0.39637417	4.0	3
DLBCL11538	0.18455642	0.048746645	0.3480988	0.40105212	0.017545978	0.40105212	3.0	3
DLBCL11663	0.4013737	0.1496357	0.18623117	0.22347987	0.03927956	0.4013737	0.0	0
DLBCL10457	0.045735948	0.404661	0.09885005	0.22247532	0.22827768	0.404661	4.0	1
DLBCL10485	0.40526423	0.0927841	0.100592926	0.30323276	0.09812599	0.40526423	4.0	0
DLBCL10482	0.21328449	0.16091277	0.094177194	0.4055245	0.12610103	0.4055245	0.0	3
DLBCL_RICOVER_496	0.4091121	0.014887001	0.14605796	0.3474703	0.08247264	0.4091121	1.0	0
DLBCL11669	0.13021511	0.04734256	0.41108063	0.3674839	0.043877777	0.41108063	2.0	2
DLBCL11573	0.18843463	0.11025955	0.41344315	0.27050522	0.01735745	0.41344315	2.0	2
DLBCL10911	0.15471432	0.41464624	0.046484713	0.30715746	0.07699726	0.41464624	1.0	1
DLBCL10890	0.06564389	0.0399737	0.102793775	0.41616294	0.3754257	0.41616294	4.0	3
DLBCL_C_D_1105_NULLPAIR	0.41710684	0.12040667	0.17753573	0.20320104	0.08174973	0.41710684	1.0	0
DLBCL_RICOVER_1263	0.11197109	0.07327828	0.34163457	0.42104307	0.052072983	0.42104307	2.0	3
DLBCL10877	0.32897243	0.04042448	0.05126806	0.42205626	0.15727876	0.42205626	0.0	3
DLBCL10989	0.119164914	0.09224891	0.06768278	0.29857302	0.42233038	0.42233038	1.0	4
DLBCL10484	0.095274836	0.27279145	0.10945224	0.42281523	0.09966623	0.42281523	1.0	3
DLBCL10970	0.2975452	0.14633425	0.09281503	0.42378074	0.039524782	0.42378074	3.0	3
DLBCL_LS2367	0.42384702	0.039895814	0.07521555	0.35366896	0.10737265	0.42384702	0.0	0
DLBCL_RICOVER_253	0.23996276	0.2109746	0.058025345	0.42444986	0.066587456	0.42444986	1.0	3
DLBCL10451	0.32885274	0.02697168	0.17339188	0.42465386	0.046129826	0.42465386	0.0	3
DLBCL_LS1098	0.2487327	0.026531687	0.42593995	0.27020574	0.028589921	0.42593995	2.0	2
DLBCL_MC_F502_RFK	0.0458336	0.2701687	0.42673075	0.16959892	0.08766803	0.42673075	1.0	2
DLBCL10990	0.10014979	0.15338239	0.21130122	0.10791619	0.4272504	0.4272504	4.0	4
DLBCL_MC_F729_MAN	0.049002256	0.15059078	0.30946004	0.42776784	0.06317909	0.42776784	1.0	3
DLBCL11205	0.42912135	0.0205744	0.24566394	0.24991253	0.054727785	0.42912135	0.0	0
DLBCL10912	0.27554515	0.025795281	0.24410698	0.42963555	0.024917023	0.42963555	0.0	3
DLBCL10464	0.32296404	0.019533781	0.43002206	0.19984148	0.027638623	0.43002206	2.0	2
DLBCL_RICOVER_467	0.43221182	0.19508912	0.10899356	0.14367345	0.12003206	0.43221182	1.0	0
DLBCL_C_D_1156_NULLPAIR	0.43321255	0.026400877	0.28202954	0.23688354	0.021473492	0.43321255	0.0	0
DLBCL_C_D_1114_NULLPAIR	0.43579438	0.03409563	0.0996808	0.37636453	0.054064643	0.43579438	0.0	0
DLBCL10922	0.35202476	0.04913128	0.07042358	0.43690616	0.09151422	0.43690616	1.0	3
DLBCL_RICOVER_120	0.3778232	0.061177403	0.02738376	0.43731692	0.0962987	0.43731692	4.0	3
DLBCL11681	0.27825794	0.020619031	0.4384986	0.24260154	0.020022906	0.4384986	0.0	2
DLBCL10888	0.15633874	0.018638331	0.09090234	0.29455522	0.4395654	0.4395654	4.0	4
DLBCL10997	0.26596177	0.08125413	0.06302475	0.44140348	0.14835589	0.44140348	0.0	3
DLBCL10992	0.11672144	0.027514072	0.12804171	0.28434935	0.44337344	0.44337344	4.0	4
DLBCL10781	0.32417604	0.040262233	0.047572438	0.4440344	0.14395489	0.4440344	4.0	3
DLBCL10529	0.11330247	0.24609399	0.093389794	0.44493926	0.10227448	0.44493926	4.0	3
DLBCL_C_D_1140_NULLPAIR	0.44761845	0.03108756	0.112255864	0.08369562	0.3253425	0.44761845	4.0	0
DLBCL10916	0.18069112	0.047793243	0.11655583	0.44832608	0.2066337	0.44832608	4.0	3
DLBCL11203	0.24546058	0.14683785	0.09934309	0.45058414	0.057774335	0.45058414	1.0	3
DLBCL11450	0.04084901	0.084050074	0.06101311	0.36257496	0.4515128	0.4515128	4.0	4
DLBCL10875	0.35949993	0.027769465	0.12597021	0.4533463	0.033414073	0.4533463	0.0	3
DLBCL_RICOVER_469	0.45379943	0.014060876	0.14801617	0.3494659	0.034657605	0.45379943	2.0	0
DLBCL_MC_F362_MJB1	0.08952378	0.06499211	0.27527964	0.45528588	0.114918604	0.45528588	2.0	3
DLBCL_RICOVER_850	0.298835	0.11551863	0.05052811	0.45630345	0.07881481	0.45630345	4.0	3
DLBCL10501	0.45677763	0.08558121	0.17279358	0.20600669	0.07884089	0.45677763	2.0	0
DLBCL10857	0.09046874	0.031860705	0.08503169	0.33387032	0.45876855	0.45876855	4.0	4
DLBCL_RICOVER_478	0.33130455	0.055355508	0.05866304	0.46017972	0.09449717	0.46017972	1.0	3
DLBCL_RICOVER_1293	0.33742583	0.02376357	0.03634318	0.46047074	0.1419967	0.46047074	4.0	3
DLBCL11659	0.31021345	0.02390763	0.03589579	0.4606206	0.16936252	0.4606206	0.0	3
DLBCL_RICOVER_829	0.46326762	0.043285288	0.036614742	0.34832257	0.10850977	0.46326762	0.0	0
DLBCL11477	0.4637854	0.02352569	0.08826778	0.38205788	0.04236326	0.4637854	0.0	0
DLBCL10542	0.25493097	0.055684544	0.046483025	0.4645883	0.17831314	0.4645883	0.0	3
DLBCL11469	0.46475896	0.026720852	0.119033076	0.287996	0.10149114	0.46475896	2.0	0
DLBCL10925	0.4649796	0.049508475	0.040481232	0.34642982	0.09860086	0.4649796	4.0	0
DLBCL10900	0.104878135	0.035928644	0.04179158	0.3515804	0.46582124	0.46582124	4.0	4
DLBCL11455	0.40167636	0.02890509	0.05828182	0.4678691	0.04326765	0.4678691	3.0	3
DLBCL10780	0.46815157	0.10892435	0.1255932	0.24729933	0.05003155	0.46815157	1.0	0
DFCIDL010_DT	0.3816791	0.026987622	0.03238998	0.46997818	0.088965125	0.46997818	0.0	3
DLBCL10552	0.27296093	0.038383845	0.19717418	0.47050008	0.020980977	0.47050008	3.0	3
DLBCL_C_D_1131_NULLPAIR	0.20006667	0.09092062	0.062643655	0.47287703	0.17349201	0.47287703	1.0	3
DLBCL_RICOVER_111	0.08839738	0.05950488	0.11073973	0.26837835	0.47297964	0.47297964	4.0	4
DLBCL_LS155	0.2772278	0.01997037	0.19981386	0.47409526	0.02889272	0.47409526	2.0	3
DLBCL_RICOVER_577	0.09997431	0.065637924	0.4744801	0.22975485	0.13015282	0.4744801	2.0	2
DLBCL10488	0.47750375	0.049315263	0.037709147	0.38589934	0.049572498	0.47750375	0.0	0
DLBCL11480	0.26998484	0.0926766	0.05911445	0.47761145	0.10061265	0.47761145	0.0	3
DLBCL_RICOVER_173	0.17947835	0.020559413	0.07935332	0.47875428	0.24185464	0.47875428	4.0	3
DLBCL_LS762	0.09712286	0.04900029	0.038635418	0.33537203	0.4798694	0.4798694	2.0	4
DLBCL11188	0.092847474	0.10541624	0.2882773	0.48184034	0.03161864	0.48184034	1.0	3
DLBCL10460	0.26558414	0.13766734	0.06836128	0.48309538	0.045291845	0.48309538	1.0	3
DLBCL10859	0.48421538	0.1397217	0.03442151	0.14970553	0.1919359	0.48421538	1.0	0
DLBCL11479	0.14066944	0.05688643	0.14738066	0.48446584	0.17059763	0.48446584	1.0	3
DLBCL10518	0.21935694	0.022252968	0.23973383	0.4850209	0.033635337	0.4850209	2.0	3
DLBCL11509	0.36432374	0.033824928	0.0504103	0.4852476	0.066193424	0.4852476	0.0	3
DLBCL10541	0.4860365	0.04032769	0.020245515	0.34855264	0.10483764	0.4860365	1.0	0
DLBCL_RICOVER_773	0.35696617	0.03802682	0.09154268	0.48743537	0.02602895	0.48743537	4.0	3
DFCIDL009_DT	0.4876988	0.08343325	0.28340447	0.10131826	0.044145223	0.4876988	2.0	0
DLBCL_LS1304	0.07125822	0.09701859	0.48853058	0.2595711	0.08362153	0.48853058	2.0	2
DLBCL10471	0.044696152	0.06303402	0.053307444	0.49017254	0.34878984	0.49017254	4.0	3
DFCIDL004_DT	0.49221689	0.025831899	0.023607897	0.35511953	0.10322379	0.49221689	4.0	0
DLBCL11671	0.40018487	0.028373173	0.028423734	0.49293256	0.050085668	0.49293256	0.0	3
DLBCL_LS2245	0.4944079	0.08751909	0.18933968	0.18455145	0.044181895	0.4944079	1.0	0
DLBCL_LS3499	0.4130975	0.03355532	0.02603773	0.49471396	0.0325955	0.49471396	3.0	3
DLBCL10878	0.49499896	0.021149548	0.056019776	0.37438038	0.053451356	0.49499896	4.0	0
DLBCL11539	0.49678	0.021934476	0.04592458	0.4148104	0.020550538	0.49678	0.0	0
DLBCL_LS2599	0.35887238	0.049629677	0.06053863	0.49733523	0.033624075	0.49733523	2.0	3
DLBCL10465	0.03443146	0.09170746	0.49749073	0.32154942	0.054820925	0.49749073	2.0	2
DLBCL11672	0.06322075	0.05104609	0.34049454	0.49777603	0.0474626	0.49777603	2.0	3
DLBCL10904	0.49920768	0.016798154	0.09119211	0.25789142	0.13491066	0.49920768	4.0	0
DLBCL11439	0.19130701	0.036545295	0.50105923	0.24249801	0.028590446	0.50105923	2.0	2
DLBCL10931	0.2209567	0.02845884	0.19410561	0.5021428	0.05433609	0.5021428	0.0	3
DLBCL10924	0.0610239	0.057189327	0.11620242	0.5027249	0.26285946	0.5027249	4.0	3
DLBCL11526	0.5031029	0.08012891	0.15341413	0.2311609	0.03219316	0.5031029	2.0	0
DLBCL11436	0.19377749	0.06283084	0.044958003	0.5049456	0.1934881	0.5049456	1.0	3
DLBCL_LS297	0.14196827	0.04281814	0.5070018	0.29141158	0.016800206	0.5070018	2.0	2
DLBCL_RICOVER_258	0.10761387	0.059859365	0.060227547	0.50763375	0.26466548	0.50763375	2.0	3
DLBCL11481	0.50933284	0.021544103	0.03893889	0.3517941	0.078390084	0.50933284	0.0	0
DLBCL10463	0.056266192	0.030806668	0.12136949	0.5098641	0.28169355	0.5098641	4.0	3
DLBCL10851	0.5110195	0.098226465	0.08065348	0.25617015	0.053930372	0.5110195	1.0	0
DLBCL10885	0.3170251	0.053949866	0.029627712	0.51169056	0.08770675	0.51169056	1.0	3
DLBCL10553	0.1585099	0.028853567	0.26069486	0.51174176	0.04019991	0.51174176	3.0	3
DLBCL11558	0.21919581	0.027110696	0.51364374	0.2210179	0.019031864	0.51364374	2.0	2
DLBCL11491	0.27909875	0.034526777	0.077424094	0.5151274	0.09382295	0.5151274	3.0	3
DLBCL10891	0.086257994	0.052268658	0.059706632	0.51652265	0.28524408	0.51652265	4.0	3
DLBCL10921	0.06655555	0.113773406	0.09267631	0.20940916	0.5175856	0.5175856	4.0	4
DLBCL_RICOVER_1106	0.039656647	0.07170904	0.09041322	0.2800923	0.5181288	0.5181288	4.0	4
DLBCL11501	0.51812905	0.04769635	0.15626448	0.19738197	0.08052812	0.51812905	0.0	0
DLBCL11472	0.5193475	0.027041638	0.12673782	0.27111244	0.05576062	0.5193475	0.0	0
DLBCL_C_D_1152_NULLPAIR	0.13732809	0.15628448	0.14336686	0.5210331	0.041987464	0.5210331	1.0	3
DLBCL11466	0.34469917	0.03901056	0.033242475	0.52364594	0.059401885	0.52364594	1.0	3
DLBCL11187	0.05673627	0.040307727	0.108216286	0.5239056	0.27083415	0.5239056	4.0	3
DLBCL10994	0.1761333	0.069723815	0.037614316	0.5250652	0.19146341	0.5250652	0.0	3
DLBCL10487	0.28930706	0.067850724	0.053736627	0.52506584	0.06403974	0.52506584	1.0	3
DLBCL11595	0.0940805	0.14313875	0.1290593	0.5255768	0.10814469	0.5255768	4.0	3
DLBCL10903	0.23750213	0.06246086	0.09044277	0.5256383	0.08395599	0.5256383	1.0	3
DLBCL11565	0.25075197	0.09438634	0.075610764	0.52658045	0.052670456	0.52658045	1.0	3
DLBCL11666	0.52704775	0.02826763	0.20594983	0.20992501	0.028809795	0.52704775	2.0	0
DLBCL10854	0.20221907	0.037046343	0.03415146	0.52711517	0.19946794	0.52711517	4.0	3
DLBCL_MC_F349_BJJ	0.03827285	0.076933526	0.27383417	0.52787745	0.08308201	0.52787745	2.0	3
DLBCL_C_D_1133_NULLPAIR	0.14833051	0.035034187	0.23298405	0.5282564	0.055394825	0.5282564	2.0	3
DLBCL_C_D_1166_NULLPAIR	0.1744907	0.0902038	0.060248654	0.5282702	0.14678665	0.5282702	4.0	3
DLBC_FF_8043_TP_NB	0.12485996	0.054353148	0.20884544	0.5283348	0.083606645	0.5283348	1.0	3
DLBCL10906	0.19188716	0.09765039	0.07766044	0.5291661	0.10363593	0.5291661	1.0	3
DLBCL10486	0.21100909	0.04900313	0.16576853	0.52957296	0.0446463	0.52957296	0.0	3
DLBCL10901	0.13023329	0.068183325	0.036644652	0.23528898	0.52964973	0.52964973	4.0	4
DLBCL10975	0.32971194	0.053961154	0.03179466	0.5299419	0.05459035	0.5299419	0.0	3
DLBCL11484	0.530864	0.14280765	0.08115609	0.20625228	0.038919967	0.530864	1.0	0
DLBCL11001	0.26347187	0.07379839	0.04468299	0.5317436	0.08630317	0.5317436	4.0	3
DLBCL_C_D_1118_NULLPAIR	0.53211296	0.13265339	0.027070256	0.26454258	0.043620802	0.53211296	1.0	0
DLBCL10842	0.53276455	0.0964918	0.054829966	0.18304695	0.13286673	0.53276455	4.0	0
DLBCL_C_D_1112_NULLPAIR	0.26944894	0.029399276	0.06324963	0.5329421	0.10496002	0.5329421	2.0	3
DLBCL10843	0.53327554	0.016709387	0.09353353	0.30942363	0.04705792	0.53327554	0.0	0
DLBCL_LS3820	0.17900947	0.13436514	0.5336471	0.12687826	0.02610003	0.5336471	2.0	2
DLBCL10883	0.0610708	0.051574785	0.14787191	0.5355659	0.20391658	0.5355659	4.0	3
DLBCL10853	0.5361417	0.06300265	0.04649932	0.118987374	0.23536897	0.5361417	4.0	0
DLBCL_RICOVER_1287	0.18276142	0.02671614	0.06966383	0.53639954	0.1844591	0.53639954	4.0	3
DLBCL_C_D_1113_NULLPAIR	0.01744979	0.1888342	0.53697217	0.19450569	0.062238134	0.53697217	2.0	2
DLBCL_RICOVER_440	0.048168197	0.08155908	0.21110374	0.53712547	0.12204352	0.53712547	2.0	3
DLBCL_LS1921	0.08146933	0.19946828	0.10903096	0.5392167	0.070814736	0.5392167	1.0	3
DLBCL_RICOVER_720	0.09553223	0.121565074	0.05517621	0.542152	0.18557449	0.542152	4.0	3
DLBCL_RICOVER_1046	0.0415647	0.06899581	0.54339725	0.3153394	0.030702848	0.54339725	1.0	2
DLBCL10539	0.2494647	0.060310494	0.052287046	0.54443693	0.09350082	0.54443693	3.0	3
DLBCL10977	0.54484487	0.034209613	0.03262311	0.2915342	0.09678826	0.54484487	4.0	0
DLBCL_RICOVER_533	0.54545254	0.09222753	0.053182323	0.28418225	0.02495537	0.54545254	1.0	0
DLBCL10896	0.34950343	0.031074597	0.02762884	0.5458443	0.045948822	0.5458443	0.0	3
DLBCL_MAYO_DLBCL_5613	0.21218239	0.014847027	0.1571932	0.5477727	0.06800468	0.5477727	0.0	3
DLBCL10871	0.17634106	0.038493924	0.15107292	0.54913735	0.08495476	0.54913735	1.0	3
DLBCL11473	0.29963315	0.0561408	0.0630842	0.55026287	0.030878995	0.55026287	0.0	3
DLBCL_RICOVER_1150	0.26557145	0.07412017	0.055538327	0.5506188	0.054151215	0.5506188	0.0	3
DLBCL11457	0.55230045	0.040504277	0.090807796	0.27791464	0.038472857	0.55230045	0.0	0
DLBCL10986	0.116906814	0.062313445	0.55417126	0.25133583	0.0152726425	0.55417126	0.0	2
DLBCL_RICOVER_288	0.15332843	0.10447403	0.10167205	0.55481076	0.08571471	0.55481076	1.0	3
DLBCL11428	0.16237535	0.027469832	0.55523103	0.21604574	0.03887807	0.55523103	2.0	2
DLBCL11002	0.55638856	0.23490041	0.04491698	0.08840577	0.075388305	0.55638856	3.0	0
DLBCL_LS1395	0.06141773	0.038017794	0.28290644	0.55737305	0.06028502	0.55737305	2.0	3
DLBCL10909	0.2557439	0.031357035	0.057575226	0.55961466	0.095709234	0.55961466	4.0	3
DLBCL10907	0.5599761	0.17563176	0.09247199	0.08978787	0.082132265	0.5599761	1.0	0
DLBCL10972	0.23277178	0.10178298	0.049847543	0.5604021	0.05519557	0.5604021	0.0	3
DLBCL11446	0.56183314	0.04704235	0.033130754	0.2605038	0.09748992	0.56183314	1.0	0
DLBCL11454	0.2658247	0.03553676	0.031639375	0.562916	0.10408317	0.562916	0.0	3
DLBCL_C_D_1141_NULLPAIR	0.0638083	0.03996193	0.30771464	0.56315094	0.02536421	0.56315094	2.0	3
DLBCL10514	0.24988756	0.07119009	0.07435188	0.56404597	0.04052449	0.56404597	2.0	3
DLBC_FF_A7CW_TP_NB	0.5653493	0.03938014	0.026651058	0.07425502	0.2943645	0.5653493	4.0	0
DLBCL_C_D_1126_NULLPAIR	0.32528418	0.02737124	0.0573032	0.56627476	0.02376662	0.56627476	1.0	3
DLBCL10934	0.10643489	0.102175	0.056418847	0.5671805	0.16779074	0.5671805	1.0	3
DLBCL11518	0.1826483	0.037378505	0.18673311	0.5696826	0.023557467	0.5696826	2.0	3
DLBCL_RICOVER_338	0.18163645	0.030904423	0.08660721	0.5699907	0.13086124	0.5699907	0.0	3
DLBCL_RICOVER_744	0.22344129	0.06732567	0.5725173	0.0949841	0.04173169	0.5725173	2.0	2
DLBCL_MC_F927_JHS	0.16220686	0.018500235	0.18823439	0.5741374	0.056921124	0.5741374	4.0	3
DLBCL10945	0.5745862	0.052375767	0.03351893	0.25838563	0.08113346	0.5745862	0.0	0
DLBCL10472	0.1316337	0.044027872	0.22398658	0.57512397	0.025227884	0.57512397	2.0	3
DLBCL11430	0.27904788	0.019202162	0.055745114	0.57651895	0.0694859	0.57651895	0.0	3
DLBCL11685	0.5765481	0.022946006	0.14868554	0.2153232	0.03649715	0.5765481	2.0	0
DLBCL10889	0.200914	0.062803306	0.036468748	0.57668763	0.12312633	0.57668763	4.0	3
DLBCL11676	0.26116502	0.032125946	0.07010916	0.5769307	0.059669152	0.5769307	0.0	3
DLBCL10845	0.12201891	0.07907406	0.13250667	0.57834035	0.088060044	0.57834035	1.0	3
DLBCL11441	0.5792017	0.04772026	0.102423795	0.24027	0.030384261	0.5792017	2.0	0
DLBCL10483	0.5805501	0.12813932	0.05962785	0.18598056	0.04570222	0.5805501	1.0	0
DLBCL_LS4616	0.061254922	0.090360805	0.5806403	0.22100446	0.046739515	0.5806403	2.0	2
DLBCL11458	0.11423241	0.024330651	0.5822185	0.24970524	0.029513191	0.5822185	2.0	2
DLBCL10908	0.5822228	0.020238066	0.044871774	0.16301163	0.18965574	0.5822228	4.0	0
DLBCL10466	0.093958005	0.050260518	0.1804777	0.5829996	0.092304185	0.5829996	2.0	3
DLBCL11456	0.03546703	0.09300639	0.16910198	0.58317834	0.119246274	0.58317834	1.0	3
DLBCL11486	0.5860655	0.026351595	0.045188233	0.21354851	0.1288462	0.5860655	0.0	0
DLBCL10467	0.18003318	0.018127257	0.042252414	0.5877018	0.17188537	0.5877018	4.0	3
DLBCL10837	0.21073368	0.04057252	0.07517534	0.58843386	0.085084595	0.58843386	4.0	3
DLBCL10873	0.5890116	0.0490614	0.12702036	0.16254432	0.07236235	0.5890116	1.0	0
DLBC_FF_A7CR_TP_NB	0.17675391	0.021835567	0.05404536	0.5890135	0.15835163	0.5890135	4.0	3
DLBCL_C_D_1144_NULLPAIR	0.10576334	0.0884812	0.06355449	0.589342	0.15285894	0.589342	4.0	3
DLBCL11591	0.11037404	0.13500988	0.13031094	0.5905969	0.033708207	0.5905969	1.0	3
DLBCL_RICOVER_1299	0.15219712	0.037713554	0.03788957	0.5944486	0.17775112	0.5944486	4.0	3
DLBCL11534	0.19849947	0.06471409	0.09378252	0.595051	0.047952916	0.595051	2.0	3
DLBCL10870	0.5953954	0.022594122	0.06137692	0.21780829	0.102825254	0.5953954	4.0	0
DLBCL_RICOVER_1204	0.19229344	0.065475985	0.056929328	0.5954215	0.08987979	0.5954215	4.0	3
DLBCL10884	0.25175065	0.018223915	0.080036305	0.59617156	0.053817537	0.59617156	0.0	3
DLBCL10495	0.5970763	0.038581178	0.09838665	0.09627001	0.16968584	0.5970763	0.0	0
DLBCL11652	0.20135696	0.097605646	0.05363286	0.597163	0.050241496	0.597163	0.0	3
DLBCL11449	0.06833646	0.041619137	0.03993576	0.24977043	0.6003382	0.6003382	1.0	4
DLBCL_RICOVER_826	0.22440134	0.05044321	0.06785402	0.60039985	0.056901563	0.60039985	0.0	3
DLBCL10894	0.25388488	0.035363913	0.06610572	0.60091066	0.043734793	0.60091066	0.0	3
DLBCL10993	0.15095231	0.029320637	0.065968424	0.6014833	0.15227535	0.6014833	0.0	3
DLBCL10834	0.15594436	0.12513106	0.056359187	0.6041823	0.05838308	0.6041823	1.0	3
DLBCL_RICOVER_1329	0.6052932	0.092174314	0.038058937	0.1847323	0.07974122	0.6052932	4.0	0
DLBCL11512	0.25812954	0.040828027	0.050374147	0.605946	0.04472227	0.605946	0.0	3
DLBCL_C_D_1123_NULLPAIR	0.60616237	0.031669874	0.03678672	0.27701238	0.04836866	0.60616237	0.0	0
DLBCL_RICOVER_978	0.20637229	0.03698448	0.07658194	0.6066856	0.07337572	0.6066856	2.0	3
DLBCL_LS1683	0.21432327	0.07391706	0.057651337	0.60710776	0.04700057	0.60710776	1.0	3
DLBCL_RICOVER_522	0.14691766	0.044674642	0.17493139	0.6083511	0.02512521	0.6083511	2.0	3
DLBCL_MAYO_DLBCL_7359	0.13401282	0.609539	0.03988755	0.15126546	0.0652952	0.609539	1.0	1
DLBCL_RICOVER_221	0.09216342	0.09080702	0.0541494	0.60959196	0.15328819	0.60959196	4.0	3
DLBCL11520	0.12575623	0.028337955	0.20921232	0.6105548	0.02613865	0.6105548	0.0	3
DLBCL_MC_F815_BAT	0.61218274	0.03393819	0.093118876	0.19792074	0.062839456	0.61218274	2.0	0
DLBCL10955	0.21048242	0.0302922	0.08686143	0.6134773	0.058886647	0.6134773	3.0	3
DLBCL10898	0.112590894	0.040709868	0.047869705	0.61407363	0.18475592	0.61407363	4.0	3
DLBCL_RICOVER_417	0.16048019	0.044333734	0.039736573	0.6171788	0.13827072	0.6171788	4.0	3
DLBCL11195	0.07281093	0.081124544	0.073557526	0.6176139	0.1548931	0.6176139	4.0	3
DLBCL11443	0.62123084	0.02217214	0.05987544	0.2601497	0.036571898	0.62123084	0.0	0
DLBCL10939	0.071060896	0.059333485	0.1387752	0.6228727	0.107957706	0.6228727	3.0	3
DLBCL10959	0.110213086	0.01926223	0.109380834	0.6232784	0.13786548	0.6232784	0.0	3
DLBCL_LS951	0.17904606	0.028970087	0.056969516	0.62515235	0.10986199	0.62515235	0.0	3
DLBCL_RICOVER_1248	0.11573298	0.041382585	0.051103693	0.6255914	0.16618937	0.6255914	4.0	3
DLBCL10917	0.19318229	0.09719619	0.051506408	0.6279061	0.030209031	0.6279061	1.0	3
DLBCL_C_D_PAIR13	0.06711688	0.033236325	0.11070053	0.62811667	0.16082959	0.62811667	4.0	3
DLBCL10835	0.067031786	0.041333664	0.08005802	0.6292831	0.18229347	0.6292831	4.0	3
DLBCL10967	0.06666085	0.028036047	0.051879484	0.6293061	0.22411755	0.6293061	4.0	3
DLBCL_C_D_1139_NULLPAIR	0.16840935	0.08943527	0.037955992	0.6306155	0.073583886	0.6306155	3.0	3
DLBCL10461	0.10818962	0.11822042	0.054942563	0.6310362	0.087611146	0.6310362	1.0	3
DLBCL_LS3245	0.11635668	0.08343686	0.13912413	0.63168997	0.029392356	0.63168997	1.0	3
DLBCL_RICOVER_267	0.06537706	0.02147716	0.20000668	0.632484	0.08065507	0.632484	2.0	3
DLBCL_RICOVER_1060	0.63255054	0.057481732	0.037707526	0.15472803	0.11753221	0.63255054	1.0	0
DLBCL11679	0.19415317	0.07830561	0.04576763	0.635775	0.04599855	0.635775	1.0	3
DLBCL_LS146	0.16385849	0.056403898	0.050313544	0.63611984	0.09330424	0.63611984	1.0	3
DLBCL_RICOVER_712	0.0823601	0.04551335	0.08840807	0.6361737	0.14754479	0.6361737	4.0	3
DLBCL_LS4593	0.12269587	0.05366908	0.055386066	0.63747174	0.13077724	0.63747174	2.0	3
DLBCL10860	0.019975098	0.040352553	0.086091585	0.21608119	0.6374996	0.6374996	4.0	4
DLBCL_RICOVER_956	0.06554193	0.051877856	0.06414342	0.63957316	0.17886363	0.63957316	4.0	3
DFCIDL003_DT	0.12467682	0.109005004	0.08920184	0.64123285	0.035883456	0.64123285	1.0	3
DLBCL11498	0.64694726	0.11957084	0.017575845	0.117891796	0.09801423	0.64694726	1.0	0
DLBC_FF_8046_TP_NB	0.11383962	0.018372748	0.19606371	0.64792806	0.023795875	0.64792806	2.0	3
DLBCL11208	0.054613497	0.07997399	0.15864307	0.6482515	0.05851798	0.6482515	1.0	3
DLBCL11528	0.19001958	0.042071473	0.05122717	0.64865613	0.068025626	0.64865613	2.0	3
DLBCL10519	0.64928716	0.057251867	0.024549449	0.24069889	0.028212605	0.64928716	1.0	0
DLBCL_MC_F262_WLC	0.6497641	0.046969	0.06550241	0.1897362	0.048028287	0.6497641	0.0	0
DLBCL10956	0.15860207	0.07623549	0.040460702	0.65047884	0.07422289	0.65047884	1.0	3
DLBCL11478	0.15884785	0.034104187	0.05517886	0.650821	0.10104811	0.650821	0.0	3
DLBCL10512	0.08083113	0.07306349	0.083171256	0.65115196	0.11178218	0.65115196	2.0	3
DLBCL10980	0.18114972	0.07209307	0.049841654	0.65244776	0.044467796	0.65244776	4.0	3
DLBCL10555	0.6525597	0.023137523	0.15053764	0.14145018	0.03231496	0.6525597	2.0	0
DLBCL10544	0.07215342	0.01633405	0.042285327	0.65306467	0.21616252	0.65306467	3.0	3
DLBCL11683	0.18348666	0.032444116	0.075471625	0.65458083	0.05401675	0.65458083	2.0	3
DLBCL10988	0.13665017	0.07850543	0.066981815	0.6549482	0.062914416	0.6549482	1.0	3
DLBCL11464	0.20156805	0.04548949	0.048466913	0.6570296	0.047445897	0.6570296	3.0	3
DLBCL10864	0.041782368	0.038770344	0.04962752	0.21196374	0.65785605	0.65785605	4.0	4
DLBCL_RICOVER_977	0.6599987	0.020035893	0.06795008	0.20492828	0.047087014	0.6599987	0.0	0
DLBCL_C_D_1109_NULLPAIR	0.22203441	0.021806255	0.05434227	0.6612135	0.040603522	0.6612135	3.0	3
DLBCL10838	0.66218066	0.0378181	0.044083834	0.20156957	0.054347847	0.66218066	4.0	0
DLBCL10517	0.11948315	0.66231096	0.11224335	0.06685406	0.03910846	0.66231096	1.0	1
DLBCL11204	0.13105777	0.03974521	0.10870135	0.6637856	0.05671008	0.6637856	1.0	3
DLBCL11515	0.14776395	0.050082847	0.06821074	0.66525596	0.06868648	0.66525596	2.0	3
DLBCL11542	0.03823012	0.038789354	0.6655358	0.2401777	0.017266998	0.6655358	2.0	2
DLBCL_MC_F519_ALT	0.66622186	0.044042915	0.028063245	0.16211018	0.09956179	0.66622186	4.0	0
DLBCL10915	0.1555927	0.04660019	0.08090699	0.6678632	0.049036954	0.6678632	4.0	3
DLBCL11468	0.1602206	0.030810867	0.09700158	0.66793793	0.04402902	0.66793793	2.0	3
DLBCL10902	0.048696324	0.02711043	0.668362	0.20630817	0.04952304	0.668362	4.0	2
DLBCL10971	0.66924465	0.11141958	0.015894251	0.105780244	0.09766128	0.66924465	0.0	0
DLBCL_RICOVER_685	0.052852772	0.028901665	0.07165939	0.6695819	0.17700426	0.6695819	4.0	3
DLBCL10527	0.027995944	0.037176963	0.14086132	0.66964483	0.12432093	0.66964483	3.0	3
DLBCL_LS4592	0.094044775	0.056966767	0.11016411	0.66996837	0.068855956	0.66996837	2.0	3
DLBCL_RICOVER_866	0.053491365	0.037555598	0.211609	0.6714596	0.025884405	0.6714596	2.0	3
DLBCL_RICOVER_1192	0.6733982	0.06778998	0.036708917	0.09235121	0.1297517	0.6733982	4.0	0
DLBCL_LS1065	0.113491714	0.09292211	0.08080577	0.6741759	0.038604476	0.6741759	1.0	3
DLBCL11495	0.16622403	0.025955394	0.047791902	0.6744532	0.085575484	0.6744532	4.0	3
DLBCL10930	0.09052161	0.026526866	0.043628864	0.16432522	0.67499745	0.67499745	4.0	4
DLBCL10984	0.20409578	0.034875393	0.03816124	0.67550576	0.0473618	0.67550576	4.0	3
DLBCL11523	0.050920255	0.11398017	0.6769778	0.13098447	0.027137294	0.6769778	0.0	2
DLBCL10532	0.11541672	0.031463467	0.104558505	0.67834073	0.07022058	0.67834073	4.0	3
DLBCL_RICOVER_408	0.13172005	0.036287744	0.10933003	0.6792	0.043462176	0.6792	2.0	3
DLBCL11476	0.119421266	0.042463902	0.07031551	0.679796	0.08800333	0.679796	4.0	3
DLBCL11680	0.082405105	0.030133393	0.68021435	0.19390883	0.013338338	0.68021435	2.0	2
DLBCL10881	0.14282425	0.023890683	0.04888289	0.6805598	0.10384235	0.6805598	4.0	3
DLBCL10846	0.18292959	0.046054922	0.04389797	0.68126756	0.045849938	0.68126756	1.0	3
DLBCL10536	0.06893174	0.03946443	0.1751933	0.6823004	0.03411015	0.6823004	2.0	3
DLBCL_RICOVER_787	0.19528826	0.02640862	0.028391706	0.68234926	0.06756216	0.68234926	1.0	3
DLBCL_C_D_1163_NULLPAIR	0.071946114	0.028621493	0.039483078	0.68251777	0.17743158	0.68251777	4.0	3
DLBCL_BWH_DLBCL64	0.15389898	0.045164622	0.09770737	0.68253714	0.020691875	0.68253714	3.0	3
DLBCL_LS843	0.051166385	0.02095212	0.19208114	0.68532753	0.050472844	0.68532753	2.0	3
DLBCL10547	0.19751912	0.028803531	0.053979684	0.6854716	0.034226082	0.6854716	3.0	3
DLBCL10782	0.13189739	0.03237338	0.124107376	0.68733007	0.024291774	0.68733007	3.0	3
DLBCL11519	0.17145684	0.02620638	0.08679814	0.68734163	0.028196994	0.68734163	0.0	3
DLBCL11536	0.13923486	0.06868401	0.071736604	0.6880023	0.032342255	0.6880023	3.0	3
DLBCL11447	0.10445355	0.031180982	0.07604003	0.68818617	0.10013925	0.68818617	3.0	3
DLBCL11242	0.11067937	0.048052795	0.08127844	0.6887143	0.07127508	0.6887143	4.0	3
DLBCL_RICOVER_401	0.070779435	0.12839396	0.6887219	0.09198708	0.020117627	0.6887219	1.0	2
DLBCL11678	0.14677675	0.03389074	0.09437194	0.689075	0.035885587	0.689075	3.0	3
DLBCL_LS1668	0.08430845	0.08315161	0.076748244	0.6892707	0.06652104	0.6892707	1.0	3
DLBCL_RICOVER_1219	0.034875542	0.057652276	0.050526988	0.1676199	0.6893253	0.6893253	4.0	4
DLBCL11474	0.20313054	0.029775653	0.035513695	0.68941176	0.042168368	0.68941176	0.0	3
DLBCL11656	0.68996	0.017738162	0.05631426	0.17282097	0.06316662	0.68996	2.0	0
DLBCL11677	0.18663417	0.03570327	0.05322667	0.6926789	0.031756945	0.6926789	0.0	3
DLBCL11516	0.12736845	0.039810576	0.045705047	0.69425607	0.09285985	0.69425607	1.0	3
DLBCL_MC_F739_AMA3	0.061625503	0.05896173	0.08318876	0.6971783	0.09904571	0.6971783	1.0	3
DLBCL11004	0.13377133	0.029301703	0.054835517	0.6972541	0.08483732	0.6972541	4.0	3
DLBCL_MC_F218_RAP	0.6974507	0.023167662	0.021786982	0.23642969	0.021164982	0.6974507	3.0	0
DLBCL11664	0.15854672	0.041895606	0.062293798	0.69822854	0.039035328	0.69822854	1.0	3
DLBCL10957	0.14365491	0.070958935	0.044092037	0.6994117	0.04188242	0.6994117	0.0	3
DLBCL_LS378	0.70049554	0.022712551	0.071350046	0.1776884	0.027753469	0.70049554	0.0	0
DLBCL_RICOVER_216	0.14926827	0.033875164	0.03244581	0.7008297	0.083581045	0.7008297	2.0	3
DLBCL_RICOVER_151	0.095199145	0.054807752	0.0816568	0.70359665	0.06473964	0.70359665	3.0	3
DLBCL_RICOVER_575	0.08656679	0.022423206	0.14817455	0.7041509	0.038684532	0.7041509	3.0	3
DLBCL_MC_F089_HCZ	0.14358294	0.066319235	0.04428418	0.70509434	0.04071929	0.70509434	1.0	3
DLBCL10549	0.037502456	0.063209936	0.7058679	0.14678714	0.046632595	0.7058679	2.0	2
DLBCL10848	0.07009729	0.017567858	0.073818535	0.70721817	0.13129817	0.70721817	4.0	3
DLBCL_C_D_1130_NULLPAIR	0.7072654	0.019742295	0.120571926	0.13104741	0.021372974	0.7072654	0.0	0
DLBCL_RICOVER_617	0.15652415	0.01841996	0.095892385	0.7078798	0.021283709	0.7078798	3.0	3
DLBCL10895	0.10840138	0.056959227	0.04957258	0.7107321	0.07433469	0.7107321	4.0	3
DLBCL10876	0.065831065	0.040717077	0.08515681	0.71127355	0.097021505	0.71127355	4.0	3
DLBCL10999	0.12707974	0.018072013	0.084941134	0.7120044	0.05790267	0.7120044	4.0	3
DLBCL10919	0.16867888	0.044466846	0.034474466	0.7122241	0.04015567	0.7122241	3.0	3
DLBCL_RICOVER_1032	0.055362605	0.055634536	0.062048927	0.71346736	0.11348659	0.71346736	4.0	3
DLBCL10866	0.71355116	0.015690314	0.049398202	0.13788441	0.08347593	0.71355116	4.0	0
DLBCL10869	0.08419576	0.019684918	0.13636316	0.7160157	0.043740485	0.7160157	0.0	3
DLBCL11434	0.7173944	0.021196403	0.0690363	0.17691511	0.015457773	0.7173944	0.0	0
DLBCL10968	0.17357083	0.027270356	0.033107013	0.71940196	0.04664983	0.71940196	0.0	3
DLBCL10510	0.06185261	0.03687559	0.091181085	0.7194193	0.090671405	0.7194193	1.0	3
DLBCL11662	0.1493345	0.024428047	0.06374889	0.7215762	0.040912334	0.7215762	0.0	3
DLBCL10515	0.16013283	0.024541823	0.033234995	0.72161853	0.060471814	0.72161853	0.0	3
DLBCL10456	0.086229704	0.02831176	0.11817012	0.7238568	0.043431617	0.7238568	3.0	3
DLBCL_LS2154	0.7255558	0.029454414	0.031477716	0.19432361	0.019188464	0.7255558	0.0	0
DLBCL10525	0.7309062	0.03417269	0.086357884	0.11693784	0.03162539	0.7309062	0.0	0
DLBCL11535	0.109254055	0.0435343	0.064917184	0.73150617	0.050788295	0.73150617	3.0	3
DLBCL_RICOVER_780	0.06096758	0.042316552	0.7329731	0.15375443	0.009988315	0.7329731	1.0	2
DLBCL10963	0.041821685	0.039062787	0.07260696	0.73305416	0.113454424	0.73305416	4.0	3
DLBCL_RICOVER_583	0.025210196	0.0277741	0.056702983	0.1564487	0.733864	0.733864	1.0	4
DLBCL_MAYO_DLBCL_234	0.7340196	0.01883281	0.03997409	0.17611423	0.03105928	0.7340196	2.0	0
DLBCL10865	0.0709794	0.049400862	0.07164524	0.73404807	0.07392645	0.73404807	4.0	3
DLBCL11675	0.08780225	0.018478503	0.10494008	0.7362846	0.052494563	0.7362846	2.0	3
DLBCL11483	0.071042396	0.03850163	0.052609753	0.7368914	0.10095481	0.7368914	1.0	3
DLBCL10550	0.06570492	0.025973164	0.03704248	0.7376908	0.13358866	0.7376908	4.0	3
DLBCL10969	0.73990035	0.022058211	0.059853148	0.1386689	0.03951941	0.73990035	0.0	0
DLBCL10965	0.1407337	0.024630303	0.05098647	0.7404982	0.04315136	0.7404982	3.0	3
DLBCL11590	0.092995	0.02071351	0.10005064	0.74056613	0.045674693	0.74056613	2.0	3
DLBCL11510	0.10984153	0.021000478	0.051938288	0.7414248	0.07579491	0.7414248	4.0	3
DLBCL10844	0.7426943	0.018301593	0.05203922	0.15000261	0.036962274	0.7426943	0.0	0
DLBCL10852	0.11936125	0.02458648	0.03605751	0.74511606	0.07487872	0.74511606	4.0	3
DLBCL11661	0.0719455	0.045446366	0.096171916	0.74619395	0.040242285	0.74619395	1.0	3
DLBCL11537	0.7463622	0.014125909	0.037931986	0.15666716	0.044912733	0.7463622	0.0	0
DLBCL11435	0.7477534	0.030043466	0.063381165	0.12143452	0.037387446	0.7477534	0.0	0
DLBCL_C_D_1149_NULLPAIR	0.04482219	0.05041103	0.08068572	0.74777555	0.076305516	0.74777555	1.0	3
DLBCL11194	0.0553373	0.0241231	0.0747921	0.7494474	0.096300095	0.7494474	4.0	3
DLBC_FF_8042_TP_NB	0.047170248	0.049822893	0.07439763	0.7495335	0.079075746	0.7495335	4.0	3
DLBCL11461	0.7510029	0.016830489	0.08323959	0.13575377	0.013173244	0.7510029	0.0	0
DLBCL_MC_F064AB	0.1039733	0.015719129	0.07504709	0.7540085	0.051252	0.7540085	2.0	3
DLBCL10503	0.14299262	0.029109793	0.04217314	0.75548905	0.030235413	0.75548905	1.0	3
DLBCL_LS4054	0.1024916	0.027343856	0.03661267	0.75562304	0.07792882	0.75562304	1.0	3
DLBCL10522	0.067403756	0.021458775	0.078353025	0.7557948	0.076989636	0.7557948	2.0	3
DLBCL_LS2325	0.121200025	0.038307842	0.055490587	0.75644803	0.028553508	0.75644803	2.0	3
DLBCL_MC_F500_ECU	0.0630511	0.027101604	0.06006089	0.7570632	0.09272322	0.7570632	1.0	3
DLBCL11191	0.13348758	0.025329234	0.047474872	0.7606565	0.033051834	0.7606565	0.0	3
DLBCL10565	0.062294245	0.035867587	0.12085096	0.76068777	0.020299431	0.76068777	3.0	3
DLBCL_RICOVER_134	0.069539614	0.033117015	0.0426666	0.7612257	0.09345105	0.7612257	4.0	3
DLBCL10897	0.7612809	0.022617819	0.038551595	0.146098	0.031451724	0.7612809	0.0	0
DLBCL10454	0.76209253	0.027097728	0.031777367	0.13882527	0.04020713	0.76209253	4.0	0
DLBCL_RICOVER_314	0.07522491	0.043435454	0.05832231	0.7652695	0.05774779	0.7652695	4.0	3
DLBCL10973	0.12060698	0.024719797	0.058880363	0.76632833	0.029464522	0.76632833	3.0	3
DLBCL10947	0.05566192	0.04113748	0.08466656	0.76680106	0.051732976	0.76680106	1.0	3
DLBCL_RICOVER_701	0.07981318	0.0389059	0.044520147	0.7680925	0.06866824	0.7680925	3.0	3
DLBCL11500	0.05206028	0.029193673	0.06155784	0.76925445	0.087933734	0.76925445	4.0	3
DLBCL_C_D_1119_NULLPAIR	0.123034604	0.037330773	0.029973565	0.77154243	0.03811862	0.77154243	1.0	3
DLBCL_C_D_1148_NULLPAIR	0.7719232	0.014276195	0.043561783	0.13543452	0.034804344	0.7719232	0.0	0
DLBCL10995	0.089925304	0.026369581	0.061045013	0.7719584	0.050701715	0.7719584	2.0	3
DLBCL10974	0.09332307	0.037805345	0.04625835	0.7742025	0.048410717	0.7742025	3.0	3
DLBCL10936	0.09557743	0.035414252	0.044407357	0.775556	0.049044926	0.775556	2.0	3
DLBCL10453	0.07287953	0.042006984	0.06006051	0.7765301	0.048522897	0.7765301	1.0	3
DLBCL11431	0.10485214	0.038222477	0.05379597	0.77688074	0.026248652	0.77688074	4.0	3
DLBCL10950	0.11501208	0.022635182	0.026769344	0.777374	0.05820935	0.777374	0.0	3
DLBCL_RICOVER_839	0.08124096	0.041497428	0.0536783	0.7781968	0.045386482	0.7781968	1.0	3
DLBCL11527	0.10601082	0.034312617	0.048251573	0.7782601	0.03316486	0.7782601	3.0	3
DLBCL11581	0.05666079	0.018146288	0.10489259	0.77916735	0.04113299	0.77916735	4.0	3
DLBCL10962	0.10680845	0.018314576	0.040765252	0.7808601	0.05325159	0.7808601	1.0	3
DLBCL10879	0.073417224	0.021732088	0.06945118	0.78282315	0.052576333	0.78282315	2.0	3
DLBCL10918	0.11919945	0.027474565	0.038019694	0.7831524	0.032153886	0.7831524	0.0	3
DLBCL_RICOVER_1165	0.06449535	0.050220847	0.051812034	0.7834676	0.05000417	0.7834676	1.0	3
DLBCL10450	0.05108817	0.041406766	0.06449685	0.7851917	0.05781651	0.7851917	0.0	3
DLBCL10492	0.7854726	0.014563522	0.05993349	0.08799858	0.05203185	0.7854726	0.0	0
DLBCL10966	0.78620553	0.009887131	0.042052142	0.12884024	0.033014957	0.78620553	0.0	0
DLBCL11566	0.05498369	0.039044976	0.7862235	0.10824365	0.0115041835	0.7862235	2.0	2
DLBCL_RICOVER_274	0.08899868	0.038015965	0.04099844	0.78789306	0.044093825	0.78789306	3.0	3
DLBC_FF_A7CX_TP_NB	0.09358533	0.027760789	0.040576722	0.78843343	0.04964374	0.78843343	4.0	3
DLBCL_RICOVER_1045	0.11147445	0.03601762	0.031924266	0.7884839	0.032099776	0.7884839	3.0	3
DLBCL10863	0.06706347	0.021808587	0.054841258	0.79281217	0.063474506	0.79281217	3.0	3
DLBCL10452	0.06070866	0.05183726	0.044215683	0.7928988	0.050339647	0.7928988	1.0	3
DLBCL10498	0.06771621	0.017155884	0.09376751	0.79425955	0.027100867	0.79425955	2.0	3
DLBCL10964	0.072692975	0.035529938	0.031715922	0.7967636	0.06329758	0.7967636	4.0	3
DLBCL11504	0.084328875	0.033417296	0.03816178	0.7983654	0.045726664	0.7983654	3.0	3
DLBCL11513	0.04632432	0.02400991	0.055300016	0.7987337	0.07563205	0.7987337	4.0	3
DLBCL11670	0.036721826	0.02828364	0.8004005	0.10164103	0.032952998	0.8004005	2.0	2
DLBCL_C_D_1117_NULLPAIR	0.09951419	0.036206976	0.034243315	0.80076635	0.029269157	0.80076635	1.0	3
DLBCL10893	0.028854644	0.017145803	0.04903778	0.103109986	0.8018518	0.8018518	4.0	4
DLBCL10874	0.06710818	0.03386063	0.035793778	0.80540687	0.05783054	0.80540687	1.0	3
DLBCL_DFCI_DLBCL_GOE07	0.080405705	0.033559844	0.04269531	0.8060802	0.037258934	0.8060802	1.0	3
DLBCL_RICOVER_1289	0.80683905	0.016094953	0.01695189	0.095921956	0.06419215	0.80683905	4.0	0
DLBCL_C_D_1108_NULLPAIR	0.037306897	0.056378912	0.024196599	0.072141424	0.80997616	0.80997616	1.0	4
DLBCL_C_D_1128_NULLPAIR	0.106121145	0.027471723	0.029603412	0.8108528	0.025950894	0.8108528	0.0	3
DLBCL10856	0.05130023	0.029046286	0.055778757	0.81093824	0.052936457	0.81093824	2.0	3
DLBCL_RICOVER_945	0.8114641	0.021204505	0.011573141	0.1135406	0.042217698	0.8114641	0.0	0
DLBCL_C_D_1159_NULLPAIR	0.08063762	0.021067884	0.04305598	0.812337	0.042901523	0.812337	3.0	3
DLBCL11488	0.8139823	0.020064373	0.02893958	0.09462449	0.042389262	0.8139823	0.0	0
DLBCL11482	0.81401503	0.023813356	0.019082792	0.122988105	0.020100694	0.81401503	0.0	0
DLBCL_LS2590	0.05972799	0.019694101	0.044149026	0.815285	0.061143868	0.815285	3.0	3
DLBCL10548	0.8171206	0.02665314	0.024377305	0.10401695	0.027831994	0.8171206	0.0	0
DLBCL_RICOVER_1269	0.046367127	0.02912802	0.06405902	0.82079375	0.039652064	0.82079375	2.0	3
DLBCL11467	0.082429595	0.014067871	0.051398616	0.82214797	0.029955944	0.82214797	3.0	3
DLBCL10951	0.8257091	0.022357928	0.0153309265	0.10441669	0.032185335	0.8257091	4.0	0
DLBCL_LS3749	0.03975884	0.045656625	0.0680568	0.8261966	0.020331146	0.8261966	1.0	3
DLBCL_C_D_1103_NULLPAIR	0.055160243	0.021867981	0.071517676	0.82740915	0.024044968	0.82740915	3.0	3
DLBCL10985	0.082635865	0.026098205	0.03474508	0.82751656	0.029004272	0.82751656	1.0	3
DLBCL10566	0.054883577	0.02552617	0.04697963	0.82768595	0.044924684	0.82768595	4.0	3
DLBCL_RICOVER_1190	0.8294952	0.031103084	0.029235791	0.06458218	0.045583785	0.8294952	4.0	0
DLBCL10459	0.057319824	0.02298296	0.0664241	0.8297702	0.023502909	0.8297702	2.0	3
DLBCL10981	0.051298168	0.022168009	0.051846467	0.8306007	0.044086657	0.8306007	1.0	3
DLBCL10462	0.06585903	0.026298422	0.037251145	0.831379	0.03921239	0.831379	0.0	3
DLBCL_LS1757	0.83143204	0.014992407	0.013098381	0.11403048	0.026446719	0.83143204	0.0	0
DLBCL10494	0.06455349	0.02106895	0.056805074	0.83183867	0.025733827	0.83183867	1.0	3
DLBCL11574	0.06630829	0.019884726	0.05283172	0.8331684	0.027806873	0.8331684	2.0	3
DLBCL_C_D_1138_NULLPAIR	0.039340533	0.03063118	0.07394825	0.83352107	0.02255895	0.83352107	1.0	3
DLBCL_RICOVER_361	0.029358188	0.021957602	0.050360724	0.83469766	0.06362584	0.83469766	3.0	3
DLBCL_RICOVER_174	0.03913561	0.83483624	0.022223838	0.05022447	0.053579815	0.83483624	1.0	1
DLBCL11655	0.07625165	0.015087205	0.031556122	0.83504945	0.042055566	0.83504945	3.0	3
DLBCL_RICOVER_950	0.058701217	0.013942559	0.058093335	0.83653784	0.032725032	0.83653784	3.0	3
DLBCL10491	0.065247566	0.026589355	0.045739044	0.83696723	0.025456829	0.83696723	3.0	3
DLBCL11196	0.06079419	0.017746972	0.042201087	0.8388349	0.040422883	0.8388349	3.0	3
DLBCL10978	0.06917649	0.021756615	0.037545305	0.83907676	0.03244482	0.83907676	3.0	3
DLBCL11525	0.0642195	0.014399985	0.04593017	0.8398627	0.035587676	0.8398627	2.0	3
DLBCL11658	0.05884978	0.021324232	0.04790215	0.84006995	0.031853918	0.84006995	3.0	3
DLBCL_MC_F606_DMJ	0.058784552	0.022516169	0.05286754	0.8401273	0.025704458	0.8401273	2.0	3
DLBCL11437	0.06760823	0.01775047	0.033510864	0.84027207	0.040858395	0.84027207	3.0	3
DLBCL10932	0.06759195	0.013744805	0.04474702	0.84122634	0.032689862	0.84122634	3.0	3
DLBCL_RICOVER_1081	0.0493808	0.018104566	0.04432089	0.84181124	0.046382517	0.84181124	4.0	3
DLBCL11448	0.053977206	0.02076934	0.048608784	0.842213	0.034431666	0.842213	3.0	3
DLBCL10858	0.04317247	0.014813913	0.03631851	0.8427626	0.062932536	0.8427626	3.0	3
DLBCL11667	0.04413505	0.026707398	0.8430744	0.07047812	0.015605077	0.8430744	2.0	2
DLBCL_LS4619	0.05913699	0.021857237	0.0478642	0.8432583	0.027883245	0.8432583	4.0	3
DLBCL_LS3204	0.03901021	0.034119878	0.041664325	0.8466527	0.038552873	0.8466527	1.0	3
DLBCL_MC_F307_JPS	0.064095035	0.02355885	0.039745227	0.84712344	0.025477463	0.84712344	0.0	3
DLBCL_RICOVER_1061	0.044196244	0.014379582	0.057969153	0.848965	0.034490053	0.848965	3.0	3
DLBCL_MC_F139_LJF	0.06676891	0.02192638	0.033018764	0.84923136	0.029054603	0.84923136	3.0	3
DLBCL10564	0.052883707	0.027386717	0.039460383	0.8510634	0.029205792	0.8510634	3.0	3
DLBCL11651	0.051095627	0.017732939	0.0492569	0.8580207	0.023893828	0.8580207	2.0	3
DLBCL10935	0.061637416	0.018937675	0.032688536	0.8587921	0.027944237	0.8587921	0.0	3
DLBCL10868	0.054171268	0.019782905	0.024608329	0.8598693	0.041568227	0.8598693	3.0	3
DLBCL11511	0.0546511	0.0144555755	0.049294647	0.8605222	0.021076497	0.8605222	0.0	3
DLBCL_C_D_1115_NULLPAIR	0.056393635	0.02172935	0.03604646	0.86075366	0.025076909	0.86075366	3.0	3
DLBCL11462	0.8612387	0.03137681	0.01311881	0.061415963	0.032849707	0.8612387	0.0	0
DLBC_FF_8062_TP_NB	0.044123206	0.0151588945	0.042434018	0.86193496	0.03634894	0.86193496	3.0	3
DLBCL_C_D_1153_NULLPAIR	0.05893929	0.01734259	0.028943667	0.86426884	0.03050563	0.86426884	3.0	3
DLBCL11003	0.037401702	0.015692666	0.050670616	0.86465263	0.031582374	0.86465263	1.0	3
DLBCL11657	0.04108411	0.013933834	0.05259259	0.8660366	0.026352901	0.8660366	3.0	3
DLBCL_DFCI_DLBCL_GOE16	0.016675359	0.02501233	0.86841005	0.08046022	0.009442057	0.86841005	2.0	2
DLBCL_RICOVER_1278	0.044903405	0.018165322	0.03259253	0.86864483	0.035693888	0.86864483	4.0	3
DLBCL_RICOVER_910	0.046312317	0.017664418	0.04524857	0.8688478	0.021926897	0.8688478	0.0	3
DLBCL11202	0.05547109	0.0141150495	0.031022437	0.87004197	0.029349428	0.87004197	0.0	3
DLBCL10513	0.057659067	0.019518187	0.030414404	0.8701815	0.022226835	0.8701815	3.0	3
DLBCL11459	0.05035377	0.01812236	0.03112734	0.87023133	0.030165188	0.87023133	3.0	3
DLBCL_C_D_1151_NULLPAIR	0.052839722	0.016862879	0.034294706	0.87273836	0.023264311	0.87273836	3.0	3
DLBCL10927	0.050738573	0.016091077	0.034585163	0.87370765	0.02487756	0.87370765	3.0	3
DLBCL11460	0.041318227	0.02307426	0.0373906	0.8741122	0.024104727	0.8741122	3.0	3
DLBCL11433	0.03657791	0.015639525	0.03543657	0.8747026	0.037643448	0.8747026	3.0	3
DLBCL11673	0.038235158	0.021208728	0.040812775	0.87634337	0.023399977	0.87634337	1.0	3
DLBCL_RICOVER_711	0.048637696	0.014650563	0.031854212	0.8777418	0.027115697	0.8777418	3.0	3
DLBCL_RICOVER_1018	0.039509032	0.018862173	0.032866836	0.8798882	0.028873757	0.8798882	3.0	3
DLBCL10523	0.042189147	0.01226904	0.03775651	0.8798962	0.02788907	0.8798962	2.0	3
DLBCL10469	0.043588717	0.013514714	0.038436573	0.87999016	0.02446985	0.87999016	3.0	3
DLBCL10530	0.024678541	0.024640623	0.01726403	0.051416956	0.88199985	0.88199985	4.0	4
DLBCL10458	0.8832684	0.014607856	0.014936227	0.068584785	0.01860271	0.8832684	0.0	0
DLBCL10497	0.04027811	0.013280474	0.029046195	0.8883245	0.029070731	0.8883245	3.0	3
DLBCL_LS2357	0.04016265	0.012856771	0.031820573	0.89413357	0.021026427	0.89413357	3.0	3
DLBCL10509	0.033927977	0.013679464	0.03305148	0.89486754	0.02447351	0.89486754	0.0	3
DLBCL_RICOVER_985	0.03660962	0.013468122	0.033029627	0.89623773	0.020654928	0.89623773	3.0	3
DLBCL_C_D_1125_NULLPAIR	0.024767216	0.019764837	0.0098554585	0.047808915	0.8978036	0.8978036	4.0	4
DLBCL11564	0.03528613	0.01261322	0.029058432	0.9009999	0.022042332	0.9009999	3.0	3
DLBCL10914	0.91226286	0.021019587	0.010350631	0.03527486	0.021092085	0.91226286	0.0	0
DLBCL_MAYO_DLBCL_3653	0.9122787	0.007035668	0.01884561	0.048403174	0.013436835	0.9122787	0.0	0
DLBCL10928	0.9185799	0.018903384	0.012117995	0.036390055	0.014008677	0.9185799	0.0	0
DLBCL_C_D_1129_NULLPAIR	0.9237834	0.0109423	0.024033852	0.025698349	0.015542061	0.9237834	0.0	0
DLBCL_RICOVER_451	0.93031424	0.0059008086	0.023884982	0.0318411	0.008058864	0.93031424	0.0	0
DLBCL10913	0.9445279	0.010058394	0.0056516062	0.027527915	0.012234142	0.9445279	0.0	0
DLBCL10996	0.945966	0.006805038	0.006487505	0.030683905	0.010057552	0.945966	0.0	0
DLBCL_MC_F132_MLM	0.9460849	0.0075269113	0.006127593	0.030915055	0.009345545	0.9460849	0.0	0
DLBCL11432	0.94818306	0.004583521	0.010875948	0.026041685	0.010315774	0.94818306	0.0	0
DLBCL10862	0.0060681333	0.01091408	0.011495749	0.017188683	0.95433336	0.95433336	4.0	4
DLBCL11470	0.9558982	0.0037537056	0.007071457	0.025224661	0.008051962	0.9558982	0.0	0
DLBCL10490	0.9565791	0.00618664	0.004541659	0.022158055	0.01053457	0.9565791	0.0	0
DLBCL11429	0.9673313	0.0028803495	0.007733033	0.013995624	0.008059706	0.9673313	0.0	0
