	C1	C2	C3	C4	C5	Confidence	True Cluster	Predicted Cluster
DLBCL10566	0.260446429262291	0.052662252367044984	0.08877948151457739	0.37470797863327177	0.22340385822281492	0.37470797863327177	4.0	3
DLBCL10888	0.34596968087281826	0.05686067872068036	0.09905776652699594	0.4081125984327255	0.0899992754467799	0.4081125984327255	4.0	3
DLBCL10918	0.3699358659925106	0.0577494534144905	0.054633230036101835	0.4188503781689115	0.0988310723879856	0.4188503781689115	0.0	3
DLBCL_RICOVER_829	0.42844085903201273	0.05384859889610981	0.07876568959930397	0.3447521882534625	0.09419266421911102	0.42844085903201273	0.0	0
DLBCL10459	0.44208632473666354	0.055156847281471716	0.05716026761984361	0.3735506074346754	0.07204595292734581	0.44208632473666354	2.0	0
DLBCL11448	0.3641863453042843	0.04562026167798277	0.053482218623426836	0.45025046167015925	0.0864607127241468	0.45025046167015925	3.0	3
DLBCL_C_D_1106_NULLPAIR	0.35968623735442395	0.07953711110235766	0.04194345323983942	0.4513938006968419	0.06743939760653707	0.4513938006968419	1.0	3
DLBCL10947	0.3181404488064895	0.058403054250337885	0.05724651006822865	0.4558282191669244	0.11038176770801955	0.4558282191669244	1.0	3
DLBCL11566	0.2093868934721567	0.08486770521137348	0.09218619899097348	0.4573297692189228	0.15622943310657353	0.4573297692189228	2.0	3
DLBCL10522	0.3781917235351755	0.034649696421207715	0.0701082436166752	0.4583241724393505	0.05872616398759105	0.4583241724393505	2.0	3
DLBCL10518	0.37967922801398785	0.038525185210025376	0.06773781465083177	0.46597155090580045	0.04808622121935463	0.46597155090580045	2.0	3
DLBCL10457	0.32130168432465733	0.06029056824391073	0.05953531782864743	0.4680282845334203	0.09084414506936417	0.4680282845334203	4.0	3
DLBCL11523	0.3206001886417203	0.04167759491985207	0.06522934424622465	0.4802731025228126	0.09221976966939038	0.4802731025228126	0.0	3
DLBCL_LS2245	0.31642682281827006	0.07505911026076792	0.05532694723009476	0.481203664125203	0.07198345556566431	0.481203664125203	1.0	3
DLBCL10994	0.48331972211910007	0.06266258951381491	0.051663716362045524	0.34057456595823915	0.06177940604680043	0.48331972211910007	0.0	0
DLBCL10897	0.3175131528369817	0.04230281264563312	0.09383833480155516	0.48582297629631227	0.06052272341951773	0.48582297629631227	0.0	3
DLBCL11449	0.2980363592533116	0.05678655828059883	0.06784040429634723	0.4943678114641808	0.08296886670556154	0.4943678114641808	1.0	3
DLBCL10954	0.2521171666769176	0.07263970172539924	0.06617527749087314	0.49797333623521284	0.11109451787159723	0.49797333623521284	1.0	3
DLBCL_C_D_1139_NULLPAIR	0.2857678109967114	0.06547841679493488	0.06063295693945038	0.5000134252192827	0.08810739004962058	0.5000134252192827	3.0	3
DLBCL11195	0.5025403389091766	0.04120757775694736	0.05833698988071642	0.3374302599206837	0.06048483353247594	0.5025403389091766	4.0	0
DLBCL10981	0.3260756015063774	0.06139358111907279	0.06722366214819155	0.5025833985375816	0.04272375668877665	0.5025833985375816	1.0	3
DLBCL_C_D_1157_NULLPAIR	0.30489633036101177	0.06038565049939233	0.04948402943814755	0.504281330552566	0.08095265914888242	0.504281330552566	2.0	3
DFCIDL009_DT	0.33057629744347844	0.055568925824478074	0.0382525131719279	0.5042898145768673	0.07131244898324826	0.5042898145768673	2.0	3
DLBCL_RICOVER_253	0.28086832612294865	0.07073981151924441	0.054338311051970206	0.5045273022031946	0.08952624910264213	0.5045273022031946	1.0	3
DLBCL10527	0.27475883998041223	0.05893907518554555	0.09926438132289966	0.5046240382191728	0.062413665291969816	0.5046240382191728	3.0	3
DLBCL11000	0.28494468565776065	0.0940509881485044	0.0504046122972603	0.5092283319406954	0.0613713819557793	0.5092283319406954	4.0	3
DLBCL11486	0.3425446972312303	0.03729272351755773	0.052573525624949845	0.5119346688922836	0.05565438473397855	0.5119346688922836	0.0	3
DLBCL10914	0.3123608087620172	0.055612703893662484	0.04914107038129104	0.5128388309100596	0.07004658605296975	0.5128388309100596	0.0	3
DLBCL10485	0.3079170957116667	0.05305530490080799	0.057252408378009705	0.5136377699503968	0.06813742105911877	0.5136377699503968	4.0	3
DLBCL11676	0.3461450084609523	0.03836472629875053	0.04609929239998069	0.5143019830023601	0.05508898983795636	0.5143019830023601	0.0	3
DLBCL11590	0.3154061624468209	0.040432071000380765	0.06684799615117235	0.5151069329391849	0.06220683746244112	0.5151069329391849	2.0	3
DLBCL11208	0.29042120525293547	0.05780478177472004	0.056781232800605874	0.5183076787784894	0.0766851013932493	0.5183076787784894	1.0	3
DLBCL10967	0.23458013456034812	0.041357402439509694	0.09666129822704628	0.5184692166651359	0.10893194810795993	0.5184692166651359	4.0	3
DLBCL11498	0.24599231006656977	0.056529757882207876	0.07811641017778644	0.5201854673853917	0.09917605448804423	0.5201854673853917	1.0	3
DLBCL11446	0.3059232313674922	0.06672589539308538	0.051727194071353205	0.5289394946983427	0.046684184469726595	0.5289394946983427	1.0	3
DLBCL11652	0.2614626355879841	0.056956936030860376	0.05881204264248297	0.530630964208753	0.09213742152991958	0.530630964208753	0.0	3
DLBCL_RICOVER_1081	0.24730749920206194	0.05714813391505257	0.07674381224374947	0.5320792793599727	0.08672127527916325	0.5320792793599727	4.0	3
DLBCL11500	0.237885452434853	0.04432783739810338	0.0892639661037344	0.5329823665362137	0.09554037752709556	0.5329823665362137	4.0	3
DLBCL11477	0.2985857813668596	0.03920159211430364	0.07812296537816409	0.5344318214640035	0.04965783967666915	0.5344318214640035	0.0	3
DLBCL_C_D_1123_NULLPAIR	0.27890100255112166	0.05638165838457911	0.07035963696138332	0.539640608922516	0.05471709318040004	0.539640608922516	0.0	3
DLBCL_MC_F362_MJB1	0.2114690682659186	0.04382083812128254	0.09636901204002049	0.5407071446472133	0.10763393692556507	0.5407071446472133	2.0	3
DLBCL11510	0.2806920194652437	0.044179882322300586	0.061355258918799616	0.5418319782208616	0.0719408610727946	0.5418319782208616	4.0	3
DLBCL_RICOVER_451	0.2575519078983297	0.05227460054127036	0.08203987947042668	0.5425090692080418	0.06562454288193144	0.5425090692080418	0.0	3
DLBCL11440	0.2388962423085077	0.06143567348456808	0.07115292269924872	0.54797851280382	0.08053664870385549	0.54797851280382	4.0	3
DLBCL_RICOVER_1150	0.23811827366279523	0.057296595007244	0.08674967476214854	0.5500564440886488	0.06777901247916342	0.5500564440886488	0.0	3
DLBCL10977	0.24856445259453205	0.04778760422904413	0.054979783156137885	0.551383100673177	0.09728505934710896	0.551383100673177	4.0	3
DLBCL10452	0.24922660184881362	0.056382313615843234	0.053298297086479395	0.5516035008990372	0.08948928654982656	0.5516035008990372	1.0	3
DLBCL_C_D_1114_NULLPAIR	0.22580852816128547	0.05042512848775	0.05225736632895325	0.5519997069375493	0.11950927008446208	0.5519997069375493	0.0	3
DLBCL10916	0.2263094440590624	0.04122821580196921	0.05875835032061781	0.554162631991501	0.11954135782684956	0.554162631991501	4.0	3
DLBCL_MAYO_DLBCL_3653	0.2767225455877826	0.047011864908476274	0.049888165535781695	0.5552191483117238	0.0711582756562357	0.5552191483117238	0.0	3
DLBCL10451	0.2301844738214687	0.052110225936284595	0.08811430330964781	0.5559224488016826	0.07366854813091632	0.5559224488016826	0.0	3
DLBCL_RICOVER_1106	0.27644474454725004	0.038022804439267345	0.046994551079473874	0.5570549734063152	0.0814829265276936	0.5570549734063152	4.0	3
DLBCL_RICOVER_577	0.29435771911529446	0.041666788140068044	0.045498375584713445	0.5589722812533202	0.059504835906603847	0.5589722812533202	2.0	3
DLBCL10529	0.23511450365271452	0.06279952967428247	0.07951896817305613	0.5596871067594207	0.06287989174052618	0.5596871067594207	4.0	3
DLBCL_RICOVER_1269	0.19893081016526803	0.07779935939675464	0.06961536349727149	0.5598752799575605	0.09377918698314533	0.5598752799575605	2.0	3
DLBCL10844	0.275048295775162	0.036822604143992084	0.06861947887928375	0.5600356294854347	0.059473991716127425	0.5600356294854347	0.0	3
DLBCL10845	0.2670604252790478	0.053102498264052334	0.05386592894419193	0.5617990550324092	0.0641720924802987	0.5617990550324092	1.0	3
DLBCL10482	0.26882941026239876	0.05047514178149451	0.058293653381505925	0.5622042775942637	0.06019751698033704	0.5622042775942637	0.0	3
DLBCL10550	0.2502579161474672	0.040309688212754095	0.06149090900062915	0.5634176897399488	0.08452379689920084	0.5634176897399488	4.0	3
DLBCL_MC_F349_BJJ	0.22300045638508834	0.058380430079038474	0.06471273317610995	0.5656489948787202	0.08825738548104305	0.5656489948787202	2.0	3
DLBCL10945	0.23415796159268334	0.04198289476405087	0.05452359226299075	0.5657122808973556	0.10362327048291942	0.5657122808973556	0.0	3
DLBCL_C_D_1119_NULLPAIR	0.26748774704367884	0.04720101541285916	0.05087476328182662	0.5658527271225213	0.06858374713911404	0.5658527271225213	1.0	3
DLBCL11539	0.23982239447093884	0.05484133861601916	0.08143236953029048	0.5662476257679272	0.057656271614824256	0.5662476257679272	0.0	3
DLBCL11187	0.2565777756311564	0.04916241230874922	0.048765532244333165	0.5668090831753296	0.07868519664043153	0.5668090831753296	4.0	3
DLBCL10890	0.18170069864082236	0.05840929997736358	0.07371628511393519	0.5675557904341685	0.11861792583371031	0.5675557904341685	4.0	3
DLBCL11491	0.24699924532162396	0.052941923112674316	0.06378698763906616	0.5704253523528849	0.06584649157375057	0.5704253523528849	3.0	3
DLBCL10962	0.24390551176081093	0.05679817569957912	0.06317453962365413	0.5718323324644992	0.06428944045145664	0.5718323324644992	1.0	3
DLBCL11659	0.23877979192250962	0.043944792412536675	0.06232050262620007	0.5760061983917178	0.07894871464703578	0.5760061983917178	3.0	3
DLBCL_RICOVER_1046	0.21932928902712426	0.05034003539128687	0.09377126981855322	0.5766873824691343	0.05987202329390126	0.5766873824691343	1.0	3
DLBCL10480	0.1968505857591496	0.05295626492181659	0.09323457506527842	0.578344822806143	0.07861375144761243	0.578344822806143	1.0	3
DLBCL_MC_F502_RFK	0.18864805267416032	0.0782748245379352	0.09228737984245565	0.5783977579579087	0.06239198498754016	0.5783977579579087	1.0	3
DLBCL_RICOVER_440	0.25871865463865107	0.04766520994182552	0.050281602212996164	0.5786701122449489	0.06466442096157833	0.5786701122449489	2.0	3
DLBCL10542	0.25043248542690477	0.048978673249507935	0.06724752057914563	0.5797264315770424	0.0536148891673992	0.5797264315770424	0.0	3
DFCIDL004_DT	0.23187225720770951	0.045579423839096765	0.047842170082786586	0.5803631330120692	0.09434301585833797	0.5803631330120692	4.0	3
DLBCL10950	0.24591784765856473	0.054502375614239554	0.048333375537972824	0.5810911190160487	0.07015528217317425	0.5810911190160487	0.0	3
DLBCL11204	0.2676544154504311	0.05325839798143427	0.044238782172800396	0.5811882751648793	0.053660129230455	0.5811882751648793	1.0	3
DLBCL_C_D_1135_NULLPAIR	0.2537203139035063	0.050009333591228965	0.05613738226988685	0.5832265892116826	0.056906381023695315	0.5832265892116826	1.0	3
DLBCL11526	0.2584481702268461	0.046998672039303455	0.05318756855744979	0.5849594149171835	0.056406174259217165	0.5849594149171835	2.0	3
DLBCL_RICOVER_134	0.20429045405451568	0.04434970865280217	0.06784926323265769	0.5867194713439954	0.09679110271602906	0.5867194713439954	4.0	3
DLBCL11458	0.22341575474237976	0.04447246748065948	0.06207399253235309	0.5869920049565176	0.0830457802880901	0.5869920049565176	2.0	3
DLBC_FF_8062_TP_NB	0.24848990596604448	0.03793637695324935	0.07503321208242625	0.5870694247444231	0.05147108025385675	0.5870694247444231	3.0	3
DLBCL11469	0.2468402148884363	0.03664218257069754	0.07972788714840183	0.587388239136191	0.04940147625627339	0.587388239136191	2.0	3
DLBCL_MC_F210_GWC	0.24174493482562784	0.04153267364816702	0.04425113680697874	0.5876172755232654	0.08485397919596106	0.5876172755232654	1.0	3
DLBCL10883	0.21113198551431056	0.04012551994518799	0.06706043580947571	0.5882624619351856	0.09341959679584025	0.5882624619351856	4.0	3
DLBCL10503	0.19874213440242308	0.05652038623800146	0.07859001018699047	0.5884158140382728	0.07773165513431218	0.5884158140382728	1.0	3
DLBCL_LS378	0.20876088785661143	0.04501899105381173	0.08543257841169298	0.5890624245755355	0.0717251181023484	0.5890624245755355	0.0	3
DLBCL11480	0.2226372249546054	0.03814695523824343	0.07979427336683592	0.5894738372005942	0.06994770923972116	0.5894738372005942	0.0	3
DLBCL11504	0.21984132825028305	0.03872391278518407	0.07008843055257385	0.5920946702699351	0.07925165814202394	0.5920946702699351	4.0	3
DLBCL11196	0.1754841631546933	0.06434057870737886	0.05627844888887277	0.5922043327239497	0.11169247652510533	0.5922043327239497	3.0	3
DLBCL11507	0.20427693746930076	0.04242633855285238	0.08205732097490881	0.5924211003585206	0.07881830264441747	0.5924211003585206	1.0	3
DLBCL11483	0.25766486702370806	0.038791118184035425	0.06522019556610387	0.5940483505877767	0.04427546863837591	0.5940483505877767	1.0	3
DLBCL10955	0.2359231491762475	0.06249198595392176	0.05786518829324441	0.5949781863149088	0.048741490261677484	0.5949781863149088	3.0	3
DLBCL11471	0.24980231323122132	0.05010348693401005	0.061786842945904	0.5951797249770163	0.043127631911848305	0.5951797249770163	3.0	3
DLBCL10912	0.19810696237339076	0.052783650241352786	0.07767042828261743	0.5960920599977395	0.0753468991048996	0.5960920599977395	0.0	3
DLBCL11527	0.2321974051264166	0.04482052704103666	0.07528407659035598	0.5968645183640512	0.05083347287813961	0.5968645183640512	3.0	3
DLBCL11664	0.21264170126200174	0.07016348801989868	0.033392530160331606	0.5975521225159975	0.08625015804177044	0.5975521225159975	1.0	3
DLBCL11680	0.22638571085436446	0.04202365387464419	0.07349133951761629	0.5981479707643077	0.05995132498906738	0.5981479707643077	2.0	3
DLBCL10908	0.21748678623109294	0.033957085398781055	0.05837027500362092	0.5982675415267313	0.0919183118397738	0.5982675415267313	4.0	3
DLBCL10862	0.20317335391120903	0.039810890479833154	0.060656628375320265	0.5991173121571037	0.09724181507653389	0.5991173121571037	4.0	3
DLBCL11455	0.18916525041564317	0.03818208489885698	0.08506525608806469	0.5992527345697601	0.08833467402767495	0.5992527345697601	2.0	3
DLBCL10521	0.17161947562399876	0.07385374483789674	0.0843359803297139	0.599349926282033	0.07084087292635764	0.599349926282033	4.0	3
DLBCL10921	0.2059386223544733	0.04138610452189079	0.08198600580325287	0.5993875245405771	0.07130174277980601	0.5993875245405771	4.0	3
DLBCL_LS2367	0.21695457497319567	0.050672665105639086	0.06378749366015185	0.5994390007973851	0.06914626546362829	0.5994390007973851	0.0	3
DLBCL_LS3809	0.2572173125445051	0.044091314456802415	0.03786260163307322	0.5999884858076873	0.06084028555793206	0.5999884858076873	0.0	3
DLBCL_LS1098	0.23159396190393766	0.036455309924594566	0.05131238138843839	0.602750169596658	0.07788817718637142	0.602750169596658	2.0	3
DLBCL11004	0.1711691915232376	0.03824465116649885	0.0699138046526793	0.6032402137664403	0.11743213889114394	0.6032402137664403	4.0	3
DLBCL10877	0.14601805158217715	0.05285127183829454	0.11386367502791922	0.6044925566487038	0.0827744449029052	0.6044925566487038	0.0	3
DLBCL11242	0.23108863983808764	0.05250007007219582	0.04637186783814528	0.6047366372053544	0.06530278504621687	0.6047366372053544	4.0	3
DLBCL11519	0.20879455418065043	0.05606287865103083	0.054920882947560826	0.6050965319373875	0.07512515228337038	0.6050965319373875	0.0	3
DLBCL10975	0.23981213570581564	0.035287655764456104	0.03925893563867742	0.606079204322221	0.07956206856882989	0.606079204322221	0.0	3
DLBCL10464	0.21885278758530533	0.03883021468413768	0.05902489911328272	0.6062192564322088	0.07707284218506547	0.6062192564322088	2.0	3
DLBCL10838	0.19215013050182847	0.05669378875123541	0.07294727392656833	0.6066956959381524	0.07151311088221536	0.6066956959381524	4.0	3
DLBCL_RICOVER_314	0.2293808135368545	0.03925849917096727	0.06746696208369107	0.6071614929252472	0.05673223228323992	0.6071614929252472	4.0	3
DLBCL11474	0.25469411765512334	0.04512471283596853	0.038667813807190275	0.6073178373188985	0.05419551838281922	0.6073178373188985	0.0	3
DLBCL_MAYO_DLBCL_7359	0.09943347191061828	0.09159678175293676	0.07470709017296909	0.6075051972811369	0.12675745888233894	0.6075051972811369	1.0	3
DLBCL_LS2325	0.24502380466752005	0.03376480415009259	0.0425302378438222	0.6081842941099643	0.07049685922860084	0.6081842941099643	2.0	3
DLBCL_RICOVER_773	0.2075590180924516	0.05127020134377277	0.07105716178178645	0.6089228883394734	0.06119073044251576	0.6089228883394734	4.0	3
DLBCL11462	0.2298485219716686	0.044234805548879035	0.047435935183141716	0.6096125292129307	0.06886820808337996	0.6096125292129307	0.0	3
DLBCL10956	0.1843932357363197	0.05393094125483169	0.05934658662581645	0.6103446564130527	0.09198457996997954	0.6103446564130527	1.0	3
DLBCL11346	0.18454133076179263	0.04784703848647469	0.08130241656707685	0.6110108284311886	0.07529838575346733	0.6110108284311886	1.0	3
DLBCL10532	0.20258371393749283	0.04876941805351236	0.06163665208691943	0.6111987474062842	0.07581146851579113	0.6111987474062842	4.0	3
DLBCL_MAYO_DLBCL_5613	0.2402381600000946	0.04388326644760318	0.043065315648498685	0.6120232778758264	0.060789980027977	0.6120232778758264	0.0	3
DLBCL11456	0.22923156462436034	0.047785676621652166	0.06791408358699046	0.612263914375061	0.042804760791935986	0.612263914375061	1.0	3
DLBCL10461	0.2253451841816541	0.04792550050528508	0.05179295973103239	0.6139516993779071	0.06098465620412139	0.6139516993779071	1.0	3
DLBCL_C_D_1109_NULLPAIR	0.20487345290211442	0.03816081742183462	0.05272855483996716	0.614561335009148	0.08967583982693586	0.614561335009148	3.0	3
DLBCL10534	0.18526226826559117	0.037358764426997725	0.06068866605197193	0.6147239415454802	0.10196635970995907	0.6147239415454802	4.0	3
DLBCL_C_D_1166_NULLPAIR	0.20131792340924526	0.05261570033082529	0.056584095297488674	0.6147711662642155	0.07471111469822536	0.6147711662642155	4.0	3
DLBC_FF_8042_TP_NB	0.16856773191465377	0.044654923425868645	0.07429665954670515	0.6149468386742677	0.0975338464385047	0.6149468386742677	4.0	3
DLBCL10864	0.22661779531759288	0.04801396492927297	0.0407883235094535	0.615238459217981	0.06934145702569956	0.615238459217981	4.0	3
DLBCL10472	0.21056808626231863	0.03355528488015014	0.05097749100203426	0.6154500351853585	0.0894491026701386	0.6154500351853585	2.0	3
DLBCL_LS3749	0.2429515892924229	0.041386645556780864	0.041922672940272895	0.6155704507383	0.05816864147222339	0.6155704507383	1.0	3
DLBCL_RICOVER_1299	0.22085022324583256	0.04452766311018167	0.04461872099264837	0.6159267223255833	0.07407667032575413	0.6159267223255833	4.0	3
DLBCL_LS3200	0.21625149632639612	0.036574851630754544	0.046646178403356234	0.6175868785823432	0.08294059505714996	0.6175868785823432	4.0	3
DLBCL10471	0.2288756676253422	0.0386524268812092	0.047470768350886136	0.6194506281632082	0.0655505089793542	0.6194506281632082	4.0	3
DLBCL11595	0.20435464590842772	0.05561453959854205	0.049513164580017754	0.6198250530222504	0.07069259689076199	0.6198250530222504	4.0	3
DLBCL10900	0.24152692750260257	0.043551267501683935	0.03281806919288445	0.6206614071455896	0.061442328657239496	0.6206614071455896	4.0	3
DLBCL_RICOVER_361	0.1678577497643886	0.034676866759487675	0.0887933655430156	0.6209274272501636	0.08774459068294449	0.6209274272501636	3.0	3
DLBCL10878	0.21440380366572925	0.05461903114968137	0.05082132545816521	0.6210968757799884	0.05905896394643563	0.6210968757799884	4.0	3
DLBCL_MC_F218_RAP	0.22653058510927127	0.04536434747814408	0.04951457847179253	0.621535647924762	0.05705484101603007	0.621535647924762	3.0	3
DLBCL10466	0.20973153227867464	0.035199778646394966	0.06933468229826181	0.6218882660431103	0.06384574073355818	0.6218882660431103	2.0	3
DLBCL10875	0.17792215919852825	0.03816863301102226	0.0735637748366204	0.6225311957641034	0.0878142371897257	0.6225311957641034	0.0	3
DLBCL11667	0.22350685445051285	0.03650222234374394	0.06024421314660463	0.6232652073900581	0.05648150266908051	0.6232652073900581	2.0	3
DLBCL10904	0.22076053440691404	0.03920764590940159	0.05169659439048712	0.6239845885096005	0.06435063678359686	0.6239845885096005	4.0	3
DLBCL_C_D_1144_NULLPAIR	0.22169697748723632	0.0405219610723191	0.03579470434478528	0.6244101314110914	0.07757622568456794	0.6244101314110914	4.0	3
DLBCL_MC_F262_WLC	0.221813251850875	0.04705244542079028	0.041480462768320694	0.6248315031891679	0.06482233677084609	0.6248315031891679	0.0	3
DLBCL_C_D_1117_NULLPAIR	0.24158901546789865	0.043570492710260464	0.04184032037017742	0.625119295959419	0.04788087549224453	0.625119295959419	1.0	3
DLBCL11447	0.17225351654650212	0.04879545978292234	0.067430478361578	0.625467278942722	0.08605326636627557	0.625467278942722	3.0	3
DLBCL10515	0.23899439640007258	0.04316049070925239	0.04280573041297393	0.6255365423980439	0.0495028400796572	0.6255365423980439	0.0	3
DLBCL_RICOVER_1032	0.22707474355809226	0.04153267319378659	0.04242244644705526	0.6265358990979233	0.062434237703142624	0.6265358990979233	4.0	3
DLBCL_LS3204	0.24463988908878284	0.036315423104828624	0.03506697642861875	0.6267272866199929	0.05725042475777693	0.6267272866199929	1.0	3
DLBCL10487	0.21809059148436877	0.045621438244861916	0.055362186460280266	0.6274408870925212	0.05348489671796776	0.6274408870925212	1.0	3
DLBCL_RICOVER_948	0.1858641556307278	0.04055755324367306	0.06151887364148068	0.6274711468188872	0.08458827066523121	0.6274711468188872	1.0	3
DLBCL10843	0.1763755156843187	0.05655270311238818	0.061918597936630064	0.6275563878650694	0.07759679540159362	0.6275563878650694	0.0	3
DLBCL11482	0.18025969265958336	0.04463944849732891	0.07297761953305656	0.6285172067329626	0.07360603257706859	0.6285172067329626	0.0	3
DLBCL10925	0.16201255878842463	0.04005621764747496	0.07809764284468754	0.6292900546301022	0.09054352608931068	0.6292900546301022	4.0	3
DLBCL10509	0.19687856616567267	0.035606892613335966	0.07077840175912499	0.6292901708463509	0.0674459686155155	0.6292901708463509	0.0	3
DLBCL_LS1065	0.19559721527156254	0.052744768579267534	0.06384557085747722	0.6297143846832629	0.058098060608429834	0.6297143846832629	1.0	3
DLBCL11528	0.19617440903467137	0.051051485634978494	0.0639707098971044	0.6297989211287461	0.059004474304499635	0.6297989211287461	2.0	3
DLBCL10987	0.18002729647428073	0.053458485061825746	0.060769070626571664	0.6306173799343564	0.07512776790296542	0.6306173799343564	4.0	3
DLBCL10893	0.20318738290372326	0.03212217477993007	0.062428469076144674	0.6318899369025344	0.07037203633766774	0.6318899369025344	4.0	3
DLBCL_RICOVER_685	0.2234458179555047	0.04449825774398055	0.04201143113187903	0.6319589609396826	0.058085532228953095	0.6319589609396826	4.0	3
DLBCL11681	0.22277248027396798	0.036197968658722934	0.036893647827849714	0.6326144980597072	0.07152140517975228	0.6326144980597072	0.0	3
DLBCL10460	0.19591823744492223	0.05379205479930023	0.04666366699294054	0.633595322792736	0.07003071797010102	0.633595322792736	1.0	3
DLBCL_RICOVER_950	0.22618192406554952	0.03709701332115935	0.05404719967879566	0.6348923138302842	0.04778154910421123	0.6348923138302842	3.0	3
DLBCL10539	0.21908291963661441	0.04817419081961533	0.04601782486242822	0.6351227351276553	0.05160232955368677	0.6351227351276553	3.0	3
DLBCL_RICOVER_744	0.18167496560971436	0.041559166794473745	0.06926549287658432	0.6352894045094215	0.07221097020980609	0.6352894045094215	2.0	3
DLBCL_RICOVER_1061	0.20210053283951837	0.0428348008160516	0.05082742841329391	0.6356737223560148	0.06856351557512132	0.6356737223560148	3.0	3
DLBCL_RICOVER_469	0.21016206810024415	0.02837076002905381	0.055859868277678165	0.6362985417115895	0.06930876188143444	0.6362985417115895	2.0	3
DLBCL_LS843	0.19345442406227922	0.04186774820873755	0.05401763887719341	0.6369622017440879	0.07369798710770188	0.6369622017440879	2.0	3
DLBCL10928	0.21145099922673502	0.04087991644600401	0.04225888797130031	0.6376552781413227	0.0677549182146379	0.6376552781413227	0.0	3
DLBCL11678	0.19437964512553832	0.04287706589510864	0.0469073506986035	0.6388912668412753	0.07694467143947421	0.6388912668412753	3.0	3
DLBCL11450	0.20893430476777075	0.04107899454133788	0.054603306544804574	0.6391011905374777	0.05628220360860909	0.6391011905374777	4.0	3
DLBCL_RICOVER_780	0.1953392740913518	0.04099803133624786	0.05136335323719896	0.6394636225782243	0.07283571875697714	0.6394636225782243	1.0	3
DLBCL10880	0.16356780228352327	0.03665485678172401	0.06966821606682519	0.6403883869426198	0.08972073792530773	0.6403883869426198	4.0	3
DLBCL_MC_F606_DMJ	0.17734557398816653	0.04452624972427291	0.07071516993894762	0.6407410627721789	0.06667194357643404	0.6407410627721789	2.0	3
DLBCL10989	0.20548881787548806	0.04184533706466245	0.05369978617241899	0.6408140513393077	0.05815200754812285	0.6408140513393077	1.0	3
DLBCL_RICOVER_1018	0.20286606271814117	0.04319576542792631	0.06384108204097944	0.6415034786733463	0.048593611139606724	0.6415034786733463	3.0	3
DLBCL11437	0.2060733911940315	0.0381174120774679	0.05058071435574374	0.6418354383215178	0.06339304405123912	0.6418354383215178	3.0	3
DLBCL_RICOVER_985	0.186771997829309	0.040111898875552894	0.08704155359695159	0.6419660472857764	0.04410850241241005	0.6419660472857764	3.0	3
DLBCL11534	0.19711670161845746	0.03715231157199727	0.057441941541190464	0.6423410812481493	0.0659479640202055	0.6423410812481493	2.0	3
DLBCL10927	0.21120105507516793	0.046265029922863	0.044490301730661055	0.6424931171466524	0.05555049612465562	0.6424931171466524	3.0	3
DLBCL10889	0.20309791114153347	0.04924803986431752	0.038496741874038946	0.6428044005826172	0.06635290653749278	0.6428044005826172	4.0	3
DLBCL11001	0.20830623557717223	0.03405264212308084	0.039644735934718234	0.6433937774751843	0.07460260888984444	0.6433937774751843	4.0	3
DLBCL10483	0.1722161687487233	0.04960975755682737	0.04856551674772495	0.6436253847895385	0.08598317215718586	0.6436253847895385	1.0	3
DLBCL11520	0.19944217575469136	0.03322598929136408	0.05584410885341657	0.6442337130276731	0.06725401307285486	0.6442337130276731	0.0	3
DLBCL10957	0.19870500361296684	0.041187862875938244	0.05054263029411344	0.6444179194731173	0.06514658374386419	0.6444179194731173	0.0	3
DLBCL_LS2328	0.1923434401625792	0.05055181609695815	0.0567469817685696	0.6454664159989719	0.054891345972921154	0.6454664159989719	2.0	3
DLBCL_C_D_1133_NULLPAIR	0.19492716583851402	0.032056759558441575	0.07728664910323743	0.646033306158778	0.04969611934102901	0.646033306158778	2.0	3
DLBCL_MC_F739_AMA3	0.1840998808292113	0.04237417066122464	0.05031784120390805	0.6477869179818107	0.07542118932384541	0.6477869179818107	1.0	3
DLBCL_MC_F815_BAT	0.20549677860861748	0.0356921601133528	0.04814406606534926	0.6488592875399201	0.061807707672760386	0.6488592875399201	2.0	3
DLBCL10934	0.14918452095743007	0.04064755246450451	0.09951287207008971	0.6488931451276513	0.06176190938032439	0.6488931451276513	1.0	3
DLBCL_BWH_DLBCL64	0.2201752779488899	0.043425561559386164	0.05254014357078637	0.6501836026925064	0.03367541422843119	0.6501836026925064	1.0	3
DLBCL10854	0.1851879331256831	0.037742901344351036	0.04352269041476192	0.6507293567762201	0.08281711833898378	0.6507293567762201	4.0	3
DLBCL_RICOVER_111	0.2073214159544025	0.03517788425679156	0.04810368381935783	0.6507484698044684	0.05864854616497966	0.6507484698044684	4.0	3
DLBCL11671	0.20051507335306407	0.03955797001650244	0.057047258686146275	0.650996831965383	0.051882865978904215	0.650996831965383	0.0	3
DLBCL10847	0.20123247618092405	0.03610513230065044	0.06099009395651496	0.651259796709851	0.05041250085205953	0.651259796709851	4.0	3
DLBCL10510	0.18773478564098817	0.038345060020634966	0.06186009854270842	0.651829204967761	0.060230850827907426	0.651829204967761	1.0	3
DLBCL10951	0.16960514723965975	0.034892400491786185	0.05078085152633099	0.6519256029325813	0.0927959978096418	0.6519256029325813	4.0	3
DLBCL11464	0.22127034059325099	0.049411941959451505	0.03233094328012086	0.6522946492972842	0.04469212486989243	0.6522946492972842	3.0	3
DLBCL_C_D_1159_NULLPAIR	0.20961867244240376	0.03121178630998011	0.05031938789631388	0.6527201964457485	0.05612995690555374	0.6527201964457485	3.0	3
DLBCL_RICOVER_1283	0.20710578495814602	0.036138301122506676	0.05215080989097276	0.654194849660003	0.050410254368371606	0.654194849660003	2.0	3
DLBCL_LS2154	0.19677706673209236	0.04321132141355089	0.033854743700021	0.6542130447267448	0.07194382342759098	0.6542130447267448	0.0	3
DLBCL_RICOVER_1287	0.20451819256195683	0.035096198294685556	0.05719275706178536	0.6548289864786732	0.048363865602899105	0.6548289864786732	4.0	3
DLBCL10879	0.17907816517470942	0.030251200895186	0.09339456261791751	0.6551708150614427	0.04210525625074442	0.6551708150614427	2.0	3
DLBCL10530	0.19609469996719864	0.033917708641427596	0.052820647908154425	0.6552257436711569	0.06194119981206238	0.6552257436711569	4.0	3
DLBCL10963	0.17364759802075108	0.04046797137657877	0.06557965200644603	0.6554997295104916	0.06480504908573258	0.6554997295104916	4.0	3
DLBCL10936	0.157581741281415	0.03889821346119454	0.08942555182748288	0.6556840800751977	0.05841041335470985	0.6556840800751977	2.0	3
DLBCL10450	0.21767909956495468	0.037996725328229786	0.04625721897329999	0.6557895617211106	0.04227739441240494	0.6557895617211106	0.0	3
DLBCL11203	0.13997407552346938	0.06531878703866965	0.06998774211269121	0.6560649918489891	0.06865440347618056	0.6560649918489891	1.0	3
DLBCL_RICOVER_401	0.14618428436777647	0.05399939634059148	0.08298077045071527	0.6569098184067579	0.05992573043415892	0.6569098184067579	1.0	3
DLBCL11669	0.19819741774195107	0.031998382383817456	0.05857556925296187	0.6574190422862429	0.05380958833502668	0.6574190422862429	2.0	3
DLBCL10881	0.20405229807955858	0.03211821622539518	0.04840541365374941	0.6582612069441763	0.05716286509712057	0.6582612069441763	4.0	3
DLBCL11662	0.21801473650368863	0.031838867523603064	0.04914960057132683	0.6582612523907627	0.04273554301061875	0.6582612523907627	0.0	3
DLBCL_RICOVER_678	0.203171763241245	0.04672796273834569	0.04051302831080266	0.65963859632699	0.049948649382616665	0.65963859632699	1.0	3
DLBCL_RICOVER_173	0.20531124788137323	0.04213017787394791	0.02977810971074847	0.6597273097702061	0.0630531547637243	0.6597273097702061	4.0	3
DLBCL_LS2357	0.19293805849426157	0.04843042919637599	0.05079464077346238	0.6600648649449735	0.04777200659092657	0.6600648649449735	3.0	3
DLBCL11675	0.17271661323150025	0.03823015395455688	0.06151067737591895	0.6603040836694805	0.06723847176854343	0.6603040836694805	2.0	3
DLBCL_C_D_1130_NULLPAIR	0.17685274660975123	0.04523728691252317	0.05213313127215742	0.6604134920592165	0.06536334314635162	0.6604134920592165	0.0	3
DLBCL_C_D_1125_NULLPAIR	0.19555320170372192	0.03231198864432077	0.05577926938015439	0.6605131482862818	0.05584239198552107	0.6605131482862818	4.0	3
DLBCL10988	0.12620892092301306	0.04663907700884955	0.08605214034098797	0.6608957947304737	0.08020406699667572	0.6608957947304737	1.0	3
DLBCL11677	0.1862380607517092	0.04896466411839893	0.04015516877219906	0.6611232397725829	0.06351886658510997	0.6611232397725829	0.0	3
DLBCL10548	0.19654686075758857	0.044219939665294875	0.0404754534795055	0.661274339471408	0.05748340662620303	0.661274339471408	0.0	3
DLBCL11564	0.15836927272040752	0.03600538267420056	0.07515681068630416	0.6613323116132084	0.06913622230587937	0.6613323116132084	3.0	3
DLBCL11461	0.20955805397515676	0.038493892656475015	0.05178261473561768	0.6617988946873268	0.03836654394542375	0.6617988946873268	0.0	3
DLBCL11205	0.1960045875491423	0.036562411513463455	0.048225638125355	0.6620677944781282	0.05713956833391104	0.6620677944781282	0.0	3
DLBCL_C_D_1152_NULLPAIR	0.1646665745460579	0.046624246612325136	0.05245327705324471	0.6621221023946401	0.0741337993937322	0.6621221023946401	1.0	3
DLBCL10859	0.15167149419111958	0.041716030213321126	0.0713449994604731	0.6622182387935182	0.07304923734156803	0.6622182387935182	1.0	3
DLBCL_LS1683	0.12149773587157181	0.03316383462236331	0.08017391580312776	0.662775604936486	0.10238890876645113	0.662775604936486	1.0	3
DLBCL10869	0.20131311040788638	0.031591017398691086	0.038950800402542576	0.6638466952426504	0.06429837654822958	0.6638466952426504	0.0	3
DLBCL11454	0.17230583447458073	0.03803254184339549	0.04993050759487525	0.6639146873842956	0.07581642870285292	0.6639146873842956	0.0	3
DLBCL_C_D_1129_NULLPAIR	0.15716274833614333	0.04548178499255133	0.048250359304894956	0.6645143526695602	0.0845907546968502	0.6645143526695602	0.0	3
DLBCL11518	0.19447734947666434	0.04247071670733437	0.04696066438106327	0.6652220436569793	0.05086922577795865	0.6652220436569793	2.0	3
DLBCL_LS2599	0.19288859654629667	0.03668633227568623	0.055592013276338566	0.6652950353994154	0.04953802250226312	0.6652950353994154	2.0	3
DLBCL_RICOVER_174	0.1770301972826554	0.046059586796268995	0.0512739519138798	0.6653930517390045	0.060243212268191244	0.6653930517390045	1.0	3
DLBCL10858	0.19601219395618716	0.034102852263313915	0.05062372940051439	0.6654796591993182	0.053781565180666326	0.6654796591993182	3.0	3
DLBCL_RICOVER_1278	0.16999778390721595	0.030114630143789695	0.06983472361906377	0.6663333308932156	0.06371953143671505	0.6663333308932156	4.0	3
DLBC_FF_8043_TP_NB	0.11429806944329904	0.0477834172075706	0.07718564839022186	0.6683420764383695	0.09239078852053897	0.6683420764383695	1.0	3
DLBCL10541	0.1681926098535422	0.04943050164475135	0.06217209894740326	0.6688808860058548	0.051323903548448395	0.6688808860058548	1.0	3
DLBCL_RICOVER_1165	0.19688520036373555	0.037741836240038136	0.04473694316476891	0.6689220999471767	0.05171392028428072	0.6689220999471767	1.0	3
DLBCL_RICOVER_1248	0.1788970842212145	0.029502085684496523	0.03773880111298775	0.6695410700294074	0.08432095895189383	0.6695410700294074	4.0	3
DLBCL_RICOVER_151	0.18045068336338463	0.040146487489164086	0.05525639360321096	0.6696028378542205	0.054543597690019915	0.6696028378542205	3.0	3
DLBCL_RICOVER_221	0.18793620801756053	0.0432070926997412	0.056248698131685766	0.6699028058840195	0.04270519526699296	0.6699028058840195	4.0	3
DLBCL10849	0.18188328422757277	0.044137849914248	0.051830504181732975	0.6701050687543488	0.05204329292209748	0.6701050687543488	1.0	3
DLBCL10969	0.19308221633481062	0.03753827812671099	0.04813951240684696	0.670848926730528	0.05039106640110348	0.670848926730528	0.0	3
DLBCL10488	0.1642404070838894	0.03517748244204091	0.0552797457128771	0.6711710243503949	0.07413134041079769	0.6711710243503949	0.0	3
DLBCL11663	0.1534451384036079	0.03480846619330317	0.08083967051918128	0.671878753203354	0.05902797168055361	0.671878753203354	0.0	3
DLBCL10852	0.15401398657535015	0.04145046460918229	0.08215173650136735	0.6720684255831634	0.05031538673093688	0.6720684255831634	4.0	3
DLBCL10980	0.18936126096996875	0.0416824739752683	0.05019937544562452	0.6727493364650746	0.04600755314406385	0.6727493364650746	4.0	3
DLBCL10913	0.17723407439112218	0.035229241383635194	0.06939371243223695	0.6741083550278851	0.044034616765120584	0.6741083550278851	0.0	3
DLBCL10990	0.17123317125581847	0.040433370191643274	0.06079577630026274	0.6741092045019815	0.05342847775029402	0.6741092045019815	4.0	3
DLBCL10917	0.19869879958905692	0.0399327756180913	0.04244099562209149	0.6744025482849887	0.04452488088577152	0.6744025482849887	1.0	3
DLBCL_MAYO_DLBCL_234	0.17905987151607355	0.03667728321619481	0.04356452644952661	0.6745753907420649	0.06612292807614012	0.6745753907420649	2.0	3
DLBCL10964	0.1617698910954747	0.042519955066305896	0.06776332029533924	0.6750034185200067	0.05294341502287352	0.6750034185200067	4.0	3
DLBCL11495	0.1326493129884829	0.041566211237426993	0.05266692583516242	0.6764869722795027	0.09663057765942491	0.6764869722795027	4.0	3
DLBCL_RICOVER_956	0.1579073323008839	0.039885187061556415	0.04630247023766053	0.6768179053508109	0.0790871050490883	0.6768179053508109	4.0	3
DLBCL11576	0.17587704921670144	0.048657653593379216	0.045757391130807394	0.67739147008603	0.05231643597308198	0.67739147008603	3.0	3
DLBCL11591	0.16824365586792137	0.04316401230761807	0.06484350184942013	0.6779802475599536	0.045768582415086856	0.6779802475599536	1.0	3
DLBCL_C_D_1105_NULLPAIR	0.17325074857947095	0.029768191439459885	0.0561879200211665	0.6781080286748771	0.06268511128502555	0.6781080286748771	1.0	3
DLBCL10932	0.1921425283105167	0.041603467378338255	0.03939716409731232	0.6782925389972339	0.04856430121659887	0.6782925389972339	3.0	3
DLBCL_RICOVER_701	0.18062687359921947	0.041868915474847	0.043901108583534784	0.678401194362834	0.055201907979564785	0.678401194362834	3.0	3
DLBCL11512	0.17069317455140845	0.04762103915874224	0.053702981278818375	0.6789321471482916	0.04905065786273923	0.6789321471482916	0.0	3
DLBCL10907	0.18507323871521056	0.03711555892408325	0.06029581356431529	0.6806043810834359	0.03691100771295499	0.6806043810834359	1.0	3
DLBCL11541	0.18176500321848163	0.02550015782362777	0.05542470006404999	0.6811626585396106	0.056147480354230075	0.6811626585396106	2.0	3
DLBCL11470	0.1857916367887954	0.03553274949999564	0.04839220901213707	0.6812325580486841	0.04905084665038774	0.6812325580486841	0.0	3
DLBCL11434	0.17181663020858795	0.04191511447177998	0.04846774039302648	0.6812592450383043	0.0565412698883014	0.6812592450383043	0.0	3
DLBCL11558	0.182290962847944	0.03873243099453584	0.05369811218449786	0.681442074154498	0.043836419818524285	0.681442074154498	2.0	3
DLBCL10919	0.14137641463135858	0.04049812012156641	0.07066306299035566	0.6817605790728741	0.06570182318384526	0.6817605790728741	3.0	3
DLBCL_RICOVER_787	0.16205152430752073	0.037231231298546504	0.06037055690920715	0.6818199266784319	0.058526760806293654	0.6818199266784319	1.0	3
DLBCL10961	0.18713333069044427	0.03481821204570859	0.04634221998928267	0.6819871805945883	0.0497190566799762	0.6819871805945883	4.0	3
DLBCL11472	0.18341855248448624	0.03187650180163634	0.054764043558585405	0.6821896964575299	0.04775120569776204	0.6821896964575299	0.0	3
DLBCL_RICOVER_866	0.1887831680713369	0.03150003203265641	0.06071069482359141	0.6822116343384169	0.036794470733998344	0.6822116343384169	2.0	3
DLBCL10502	0.19002518391125944	0.03594055723470564	0.048068255330159716	0.682543696469633	0.04342230705424231	0.682543696469633	1.0	3
DLBCL_RICOVER_575	0.20876110495405534	0.03725172902640802	0.03330153788159882	0.6826936378957227	0.037991990242215126	0.6826936378957227	3.0	3
DLBCL10856	0.16463471384924339	0.03422137539331179	0.05177256632592412	0.6839926478730611	0.06537869655845963	0.6839926478730611	2.0	3
DLBC_FF_A7CX_TP_NB	0.1616684639728983	0.04223169130362975	0.07029138734888456	0.6845945303960591	0.04121392697852829	0.6845945303960591	4.0	3
DLBCL10492	0.17704350256209964	0.04002771541149756	0.04922920792481605	0.6860243840722512	0.04767519002933558	0.6860243840722512	0.0	3
DLBCL10985	0.1661847579087285	0.03156233440020851	0.05481604469711364	0.6865586326282721	0.060878230365677286	0.6865586326282721	1.0	3
DLBCL11581	0.18087289603744228	0.03261911343140372	0.05060238910927127	0.6866271609999445	0.04927844042193825	0.6866271609999445	4.0	3
DLBCL10456	0.14918497630145375	0.035704007891067154	0.07795385530616578	0.6866279427606118	0.05052921774070155	0.6866279427606118	3.0	3
DLBCL_RICOVER_533	0.16915601615463044	0.03933484642257399	0.059162104592409705	0.6868090445096122	0.04553798832077363	0.6868090445096122	1.0	3
DLBCL10992	0.1959868889712031	0.03275000738842038	0.03521080985870231	0.6868223907629705	0.04922990301870375	0.6868223907629705	4.0	3
DLBCL11432	0.14909748935867467	0.03260198680927801	0.06502678402787476	0.6868841762504306	0.0663895635537419	0.6868841762504306	0.0	3
DLBCL_RICOVER_1204	0.17610294348420144	0.037594559509898595	0.04359073355363622	0.6869766788275878	0.05573508462467591	0.6869766788275878	3.0	3
DLBCL10554	0.1758211622825848	0.038775540434926745	0.04847938124594759	0.6870599142305794	0.04986400180596143	0.6870599142305794	2.0	3
DLBCL11673	0.14306930135615428	0.04463478594592465	0.06623803406319526	0.6872868565024626	0.058771022132263206	0.6872868565024626	1.0	3
DLBCL_MC_F064AB	0.12070537761361251	0.034359146991339996	0.07973007369531912	0.6873533896697673	0.07785201202996099	0.6873533896697673	2.0	3
DLBCL_DFCI_DLBCL_GOE05	0.1701092857798479	0.036519449449472	0.05051315742280937	0.6876518180327282	0.05520628931514245	0.6876518180327282	1.0	3
DLBCL10894	0.16144657678063934	0.0401118617245242	0.04791288689617649	0.6876915856215563	0.06283708897710366	0.6876915856215563	1.0	3
DLBCL_RICOVER_449	0.158569558823727	0.037255818250438194	0.06017855208567032	0.6881824120878393	0.05581365875232521	0.6881824120878393	4.0	3
DLBCL11525	0.11485633193922033	0.03642965841128606	0.07770816007112959	0.688485796986485	0.08252005259187893	0.688485796986485	2.0	3
DLBCL11481	0.11740987512406492	0.03592712596521838	0.07987477476604271	0.6888575562543974	0.07793066789027663	0.6888575562543974	0.0	3
DLBCL10924	0.12016278377026264	0.05112334480352398	0.051456939651077345	0.6897829957288248	0.08747393604631114	0.6897829957288248	4.0	3
DLBCL10458	0.18044196448927588	0.0315723288469564	0.05120806781657061	0.6901398380776026	0.04663780076959454	0.6901398380776026	0.0	3
DLBCL_LS146	0.14679555033354993	0.035563216909578206	0.0639112133174408	0.6906361176579474	0.06309390178148372	0.6906361176579474	1.0	3
DLBCL_MC_F307_JPS	0.17544682400768472	0.04418267945930131	0.04889693544848653	0.690680060577472	0.040793500507055463	0.690680060577472	0.0	3
DLBCL10525	0.1908079189101047	0.03859887163028838	0.041528360414597065	0.6912014841862172	0.03786336485879265	0.6912014841862172	0.0	3
DLBCL_RICOVER_583	0.13590157336267852	0.05312243982089897	0.06261232989663416	0.6915329247907124	0.05683073212907593	0.6915329247907124	1.0	3
DLBCL_LS1304	0.15244578717063303	0.034315513865556875	0.05916650849358198	0.6918028768783666	0.06226931359186156	0.6918028768783666	2.0	3
DLBCL10846	0.18656448190623412	0.04445512186375334	0.03146956233013337	0.6918551251317718	0.0456557087681073	0.6918551251317718	1.0	3
DLBCL_MC_F139_LJF	0.1601152567206279	0.02659279906078345	0.048111313047587756	0.6919324595832925	0.07324817158770831	0.6919324595832925	3.0	3
DLBCL_LS4054	0.15562189529934237	0.042884086651393816	0.055338260171751585	0.6926976699136853	0.05345808796382696	0.6926976699136853	1.0	3
DLBCL_C_D_PAIR13	0.1461214872463649	0.047322866762790815	0.06621274773456565	0.6931605306543906	0.047182367601888056	0.6931605306543906	4.0	3
DLBCL_LS2590	0.1711603731972524	0.03303546522189186	0.041939733036543296	0.6933752398562865	0.06048918868802602	0.6933752398562865	3.0	3
DLBCL10995	0.15704433103361856	0.04961574892483669	0.04305373506068518	0.6935408169720187	0.056745368008840814	0.6935408169720187	2.0	3
DLBCL_LS1395	0.14081183569538724	0.03438949524186555	0.07606406721106738	0.6937588404803342	0.054975761371345556	0.6937588404803342	2.0	3
DLBCL11436	0.1484591240588854	0.035073420336419525	0.07500513408776363	0.6938262574944374	0.047636064022494116	0.6938262574944374	1.0	3
DLBCL11002	0.16774062304872023	0.03777961633648271	0.04348255466262145	0.6938959752171656	0.05710123073500995	0.6938959752171656	3.0	3
DLBCL_LS1757	0.15553092149320508	0.03393822244564693	0.05262822379944463	0.6941511393825461	0.06375149287915718	0.6941511393825461	0.0	3
DLBCL11467	0.17151272623960942	0.040846085819174247	0.05160655363445479	0.6943173051208766	0.0417173291858849	0.6943173051208766	3.0	3
DLBCL11651	0.15800034796865817	0.03997082801489757	0.04791644513833569	0.6944784173575742	0.05963396152053437	0.6944784173575742	2.0	3
DLBCL_RICOVER_1219	0.16961478879546527	0.04172668162698504	0.033154049113572844	0.6952665476914146	0.060237932772562196	0.6952665476914146	4.0	3
DLBCL10555	0.16492561635175992	0.029677282756481543	0.051281695334917304	0.6961740791071925	0.057941326449648674	0.6961740791071925	2.0	3
DLBC_FF_A7CR_TP_NB	0.17161305138833802	0.033169261008310066	0.044862432180453736	0.6962234367195601	0.05413181870333806	0.6962234367195601	4.0	3
DLBCL11433	0.1918097079518499	0.03210848741346549	0.03568501172269098	0.6962811128830251	0.04411568002896855	0.6962811128830251	3.0	3
DLBCL11188	0.15324243229077	0.040375207462196694	0.05482958964141221	0.697677888152216	0.0538748824534051	0.697677888152216	1.0	3
DLBCL_RICOVER_267	0.1646544188389515	0.03880579105718716	0.052809360763584424	0.6979162322780073	0.04581419706226972	0.6979162322780073	2.0	3
DLBCL_RICOVER_1045	0.16378872793777327	0.03809705280529486	0.043416916712956034	0.6983078804803622	0.05638942206361369	0.6983078804803622	3.0	3
DLBCL10863	0.15083170269019708	0.040830004027826626	0.04853419343942417	0.6983449167095069	0.06145918313304516	0.6983449167095069	3.0	3
DLBCL10512	0.1599426507906957	0.03705639114328166	0.044666064789359854	0.6986916042269522	0.05964328904971064	0.6986916042269522	2.0	3
DLBCL11565	0.11510054651517719	0.05759000884844635	0.06161954213217832	0.6988923739090043	0.06679752859519383	0.6988923739090043	1.0	3
DLBCL11457	0.17079715933052553	0.04135487768928867	0.04328678986074737	0.698996429127477	0.045564743991961434	0.698996429127477	0.0	3
DLBCL10564	0.1574527783933057	0.03734631478323843	0.04464818680677736	0.6999628529685056	0.06058986704817291	0.6999628529685056	3.0	3
DLBCL_RICOVER_299	0.13673152862131177	0.04723827614544762	0.06026853883094351	0.700420525257016	0.05534113114528113	0.700420525257016	1.0	3
DLBCL10837	0.16270884201015512	0.045291188195694526	0.04460000395281742	0.7012867441778705	0.04611322166346237	0.7012867441778705	4.0	3
DFCIDL003_DT	0.11436608776632863	0.0709048526206596	0.0652082893922861	0.7024491779946301	0.047071592226095506	0.7024491779946301	1.0	3
DLBCL_LS4616	0.1547530842422518	0.04722357192719728	0.05960532865791078	0.7030066489227401	0.03541136624989996	0.7030066489227401	2.0	3
DLBCL11435	0.13923038223087475	0.03613017552514618	0.06693658046481418	0.7034040048194231	0.05429885695974179	0.7034040048194231	0.0	3
DLBCL10495	0.15212455683395845	0.029149165967460405	0.06701284619244738	0.703904937495145	0.047808493510988724	0.703904937495145	0.0	3
DLBCL_RICOVER_1329	0.16932114274899757	0.03557644557899484	0.04031730338268708	0.7042105428862143	0.05057456540310619	0.7042105428862143	4.0	3
DLBCL_LS951	0.14364660365661708	0.03554792695518706	0.04504017240601999	0.7046551519603246	0.07111014502185127	0.7046551519603246	0.0	3
DLBCL10836	0.16170004023873238	0.03817206658726891	0.037939221077753306	0.7048970918041486	0.057291580292096835	0.7048970918041486	4.0	3
DLBCL10547	0.14990107380045936	0.048518015566091505	0.04316175749160823	0.7050696656302237	0.05334948751161717	0.7050696656302237	3.0	3
DLBCL10887	0.16151350954694024	0.03552178168987001	0.04517205864008906	0.7054366585633607	0.052355991559739974	0.7054366585633607	4.0	3
DLBCL10891	0.1731217054045237	0.03599268305225055	0.03809376315525453	0.7054433567551222	0.04734849163284913	0.7054433567551222	4.0	3
DLBCL10997	0.14823920735817714	0.03512796572086131	0.05442314196279084	0.7059232190439225	0.05628646591424814	0.7059232190439225	0.0	3
DLBCL_MC_F927_JHS	0.16095138946935458	0.031488135472144414	0.053921645228347956	0.7060956163229094	0.047543213507243595	0.7060956163229094	4.0	3
DLBCL10986	0.14186839432435228	0.030380446879586125	0.041111608462659585	0.7070316358023226	0.07960791453107938	0.7070316358023226	0.0	3
DLBCL_RICOVER_496	0.14244848455971915	0.050621772153852725	0.06735484790840006	0.707155152082574	0.0324197432954541	0.707155152082574	1.0	3
DLBCL10498	0.13643195650723017	0.0299746972734939	0.048188967068818575	0.7072526403685523	0.07815173878190505	0.7072526403685523	2.0	3
DLBCL11538	0.14398456411335944	0.0358209729752507	0.043759037148729404	0.7074880630528247	0.06894736270983576	0.7074880630528247	4.0	3
DLBCL10939	0.16198281636603318	0.032707768639584585	0.04378568859887329	0.7085334931446889	0.05299023325081994	0.7085334931446889	3.0	3
DLBCL10497	0.14308889406491646	0.047967042728782	0.04698439144448863	0.709259805563243	0.05269986619856992	0.709259805563243	3.0	3
DLBCL11533	0.14122584240021818	0.03804942785831521	0.0666812900651089	0.7093303176287938	0.04471312204756382	0.7093303176287938	1.0	3
DLBCL11573	0.14450379329084878	0.03619790922349199	0.05190319549367452	0.7096797365456136	0.057715365446371174	0.7096797365456136	2.0	3
DLBCL_LS1921	0.1486972567987573	0.03452429857840194	0.05381085911766432	0.7106225235575623	0.05234506194761415	0.7106225235575623	1.0	3
DLBCL10857	0.15097257950202012	0.03432514575519446	0.04251697782620017	0.7114816745618069	0.06070362235477839	0.7114816745618069	4.0	3
DLBCL10463	0.14045730712319235	0.04091990140338162	0.05448580715300641	0.7114839949176461	0.052652989402773444	0.7114839949176461	4.0	3
DLBCL10935	0.15165233748082113	0.03398643704226077	0.04809455154821977	0.7121238564185386	0.05414281751015981	0.7121238564185386	0.0	3
DLBCL11466	0.16234660030723125	0.036955254268160535	0.04580948734795654	0.7122443440112656	0.04264431406538614	0.7122443440112656	1.0	3
DLBCL11655	0.15626762913627856	0.04055552242470343	0.041403342164404444	0.7127246359588405	0.04904887031577312	0.7127246359588405	3.0	3
DLBCL10915	0.14298861000358498	0.04331791156340156	0.0503433723944717	0.7130871609170182	0.05026294512152358	0.7130871609170182	4.0	3
DLBC_FF_A7CQ_TP_NB	0.16069979417426525	0.03438385073503019	0.04724787084995521	0.7135213683193412	0.04414711592140815	0.7135213683193412	4.0	3
DLBCL_LS155	0.11491260889163442	0.0358137532187981	0.05840415959828497	0.7135383196975803	0.07733115859370217	0.7135383196975803	2.0	3
DLBC_FF_A7CW_TP_NB	0.14790609529050036	0.03584173384808071	0.04974554474711746	0.7137598077043528	0.052746818409948736	0.7137598077043528	4.0	3
DLBCL10898	0.15471852736591907	0.03775230740161545	0.03954916149897814	0.7138443100946646	0.054135693638822646	0.7138443100946646	4.0	3
DLBCL_LS297	0.14616071176408862	0.029841086244109697	0.06391404285946115	0.7144555681888827	0.045628590943457864	0.7144555681888827	2.0	3
DLBCL10519	0.1387632010066954	0.03571079185738106	0.05539356244739219	0.7146822321053861	0.055450212583145225	0.7146822321053861	1.0	3
DLBCL10535	0.1274471058481171	0.026865503155360744	0.07968772321308351	0.7153162943043337	0.050683373479104885	0.7153162943043337	4.0	3
DLBCL10906	0.15081973267576756	0.039988914519641226	0.04138628256315333	0.7157017205713372	0.05210334967010068	0.7157017205713372	1.0	3
DLBCL11679	0.15116730151345986	0.038718891237051335	0.03333766744460433	0.7157347666298948	0.06104137317498975	0.7157347666298948	1.0	3
DLBCL10971	0.12398796269419304	0.04036607229841403	0.05891427604720531	0.7157966790899571	0.06093500987023048	0.7157966790899571	0.0	3
DLBCL_C_D_1136_NULLPAIR	0.14106489461327257	0.03828647054888601	0.05079989272954828	0.7164660389975892	0.0533827031107039	0.7164660389975892	1.0	3
DLBCL11484	0.15732309637855113	0.0324490126524104	0.04510475415293266	0.7164916760718371	0.04863146074426876	0.7164916760718371	1.0	3
DLBCL11206	0.14847757617696178	0.040005985829405885	0.045173066404609004	0.7166903145669848	0.04965305702203852	0.7166903145669848	4.0	3
DLBCL10896	0.16479016573416685	0.04024651794335974	0.03531095977011573	0.716933200017335	0.0427191565350227	0.716933200017335	0.0	3
DLBCL10491	0.15255334499894285	0.03938453655578533	0.042050997684086336	0.7173220376757798	0.04868908308540564	0.7173220376757798	3.0	3
DLBCL10972	0.15021852442788297	0.044730845469803944	0.041782807633982316	0.7173688342440115	0.04589898822431915	0.7173688342440115	0.0	3
DLBCL_RICOVER_850	0.15154797482927	0.04080511399918211	0.04665842131306405	0.717449107521859	0.04353938233662491	0.717449107521859	4.0	3
DLBCL_RICOVER_506	0.1369108320962672	0.038880433099008085	0.06194739840086827	0.7175940781630721	0.044667258240784394	0.7175940781630721	4.0	3
DLBCL11194	0.15062379566842216	0.034994304501847595	0.04485650699161132	0.7181075542553826	0.05141783858273634	0.7181075542553826	4.0	3
DLBCL_RICOVER_1235	0.1632165013865473	0.03800497907368561	0.043680666764649226	0.7182510606829982	0.03684679209211973	0.7182510606829982	1.0	3
DLBCL10978	0.13431027849929772	0.029261815912948953	0.05145636162535867	0.7183031261974658	0.0666684177649288	0.7183031261974658	3.0	3
DLBCL10868	0.15193550100068776	0.036500388906456106	0.037282233111528715	0.720408520874251	0.053873356107076366	0.720408520874251	3.0	3
DLBCL11431	0.13177242331787395	0.036719025505279466	0.06800385660134506	0.7220848329359958	0.04141986163950571	0.7220848329359958	4.0	3
DLBCL11429	0.1579916255174686	0.03333975139847816	0.036781845525418716	0.722829665413998	0.04905711214463654	0.722829665413998	0.0	3
DLBCL_RICOVER_467	0.13732597452435769	0.04577692600429358	0.048573711203875006	0.7231958794839355	0.045127508783538245	0.7231958794839355	1.0	3
DLBCL_C_D_1151_NULLPAIR	0.1262862817664711	0.03434407320310395	0.05491464934340072	0.7235466956947506	0.06090829999227363	0.7235466956947506	3.0	3
DLBCL_C_D_1112_NULLPAIR	0.14224664535707057	0.04361392587696736	0.05084514496371863	0.7239479149084923	0.03934636889375109	0.7239479149084923	2.0	3
DLBCL_RICOVER_522	0.13135053512118106	0.04158286426882704	0.06146330926872211	0.7239682526726277	0.04163503866864211	0.7239682526726277	2.0	3
DLBCL_RICOVER_258	0.1460625121850897	0.031413431131762974	0.04883873175827402	0.7241874249277566	0.04949789999711675	0.7241874249277566	2.0	3
DLBCL_LS2208	0.14363994327027976	0.03911568961715712	0.04337826310392042	0.7247024998666959	0.049163604141946905	0.7247024998666959	4.0	3
DLBCL10514	0.1517035993059454	0.030703466202101393	0.045913576429555084	0.7247143935360197	0.04696496452637838	0.7247143935360197	2.0	3
DLBCL10549	0.1493363412591483	0.03613161972630713	0.047960858326419595	0.7247404856715008	0.04183069501662413	0.7247404856715008	1.0	3
DLBCL11496	0.1303062207253166	0.02492732158780302	0.054915618762908985	0.7248721004143596	0.0649787385096118	0.7248721004143596	0.0	3
DLBCL10850	0.14325115144289313	0.03735254455918387	0.05895246424297607	0.7249585965801509	0.035485243174796025	0.7249585965801509	1.0	3
DLBCL_C_D_1126_NULLPAIR	0.13847999395381436	0.03380290815097507	0.0499091174212504	0.7260927526973865	0.05171522777657364	0.7260927526973865	1.0	3
DLBCL10922	0.13106174943262153	0.03273390007492309	0.05876562487019157	0.726910942078169	0.05052778354409484	0.726910942078169	1.0	3
DLBCL_C_D_1131_NULLPAIR	0.12445255615458636	0.036377836013588176	0.06025340200149137	0.7270193099196894	0.05189689591064467	0.7270193099196894	1.0	3
DLBCL_C_D_1113_NULLPAIR	0.14966340881269902	0.02934262520432042	0.041821253879148854	0.7270897334735481	0.05208297863028359	0.7270897334735481	2.0	3
DLBCL10552	0.15148764346515953	0.036496515446214	0.043715687544771696	0.7280303739777344	0.040269779566120344	0.7280303739777344	3.0	3
DLBCL11685	0.13749621098492948	0.03354327336139253	0.0490376985365862	0.7287468420703224	0.051175975046769386	0.7287468420703224	2.0	3
DLBCL_RICOVER_1293	0.14604101472155728	0.028855818622782275	0.049769287350347906	0.7296108447854185	0.04572303451989399	0.7296108447854185	4.0	3
DLBCL_C_D_1163_NULLPAIR	0.14139712253131484	0.034071330508352565	0.04185815868562631	0.7300196713211048	0.0526537169536015	0.7300196713211048	4.0	3
DLBCL_RICOVER_978	0.1259048563915776	0.03403474939799801	0.05553756702682963	0.7303240148450368	0.05419881233855793	0.7303240148450368	2.0	3
DLBCL10490	0.12580829146700506	0.04253142134883841	0.05629032112990207	0.7304760188713926	0.044893947182861854	0.7304760188713926	0.0	3
DLBC_FF_8046_TP_NB	0.11957714440714519	0.035811603718355914	0.06365517482356813	0.7306314995417558	0.05032457750917503	0.7306314995417558	2.0	3
DLBCL10885	0.14019395634560686	0.03714198888199382	0.04224941819322397	0.7311613322772404	0.049253304301934836	0.7311613322772404	1.0	3
DLBCL_RICOVER_977	0.12516910971927728	0.033569754921145646	0.05599002011393192	0.7313762242180737	0.05389489102757138	0.7313762242180737	0.0	3
DLBCL10984	0.15212104356333406	0.028778790689340777	0.04395445894309919	0.7322220790991247	0.0429236277051012	0.7322220790991247	4.0	3
DLBCL_MC_F496DMP	0.1375364337913133	0.023871769319754457	0.06260398723834443	0.7323734742602979	0.043614335390289916	0.7323734742602979	1.0	3
DLBCL_RICOVER_335	0.14006171888333604	0.04216618530543398	0.0411020431996285	0.7329020094064377	0.04376804320516376	0.7329020094064377	1.0	3
DLBCL10781	0.12254763588638022	0.03798694174714143	0.05557390784405093	0.7329870916078701	0.05090442291455722	0.7329870916078701	4.0	3
DLBCL10867	0.12926510774365058	0.035686519314899155	0.04716890027918612	0.733246814125395	0.05463265853686907	0.733246814125395	4.0	3
DLBCL11478	0.1108986757187835	0.033654587042126836	0.05160687325896631	0.7333778236546747	0.07046204032544863	0.7333778236546747	0.0	3
DLBCL11670	0.12739678443454744	0.036965828184082145	0.0530836955512184	0.7337881208339558	0.04876557099619615	0.7337881208339558	2.0	3
DLBCL11441	0.1428935087777046	0.03777164584936473	0.03875124207928971	0.7357614519381896	0.04482215135545128	0.7357614519381896	2.0	3
DLBCL_RICOVER_216	0.12144394058028629	0.02777933412094922	0.050477761413150586	0.7358216668789476	0.06447729700666635	0.7358216668789476	2.0	3
DLBCL10780	0.13631017285101066	0.03730615036651541	0.044136237452275275	0.7361880033569831	0.04605943597321553	0.7361880033569831	1.0	3
DLBCL11657	0.1356610266860339	0.0325655754195128	0.03766646083644214	0.736836186306441	0.05727075075157019	0.736836186306441	3.0	3
DLBCL_RICOVER_1060	0.13756544286049724	0.031766115095129444	0.04078657726798843	0.7368970756824782	0.05298478909390666	0.7368970756824782	1.0	3
DLBCL_C_D_1140_NULLPAIR	0.10818081056590186	0.034199699734403774	0.06702932894186571	0.7376025873770865	0.05298757338074214	0.7376025873770865	4.0	3
DLBCL11672	0.14141585553567865	0.028440138928873888	0.05095918750420228	0.7377681121796302	0.041416705851614874	0.7377681121796302	2.0	3
DLBCL11501	0.13098750112631466	0.03745212417444786	0.058758583456078727	0.7381355298498155	0.034666261393343334	0.7381355298498155	0.0	3
DLBCL_C_D_1138_NULLPAIR	0.1528730297259175	0.03627173509537669	0.03701993015171468	0.73836572613697	0.03546957889002111	0.73836572613697	1.0	3
DLBCL_RICOVER_478	0.13181855253602204	0.03140387665886498	0.05583996542484528	0.7384991177818168	0.042438487598450925	0.7384991177818168	1.0	3
DLBCL10973	0.1419857909622954	0.029556129241567253	0.04658645333174886	0.7388816608697546	0.042989965594633875	0.7388816608697546	3.0	3
DLBCL10469	0.1421726298572569	0.034161536972816264	0.048594744947253465	0.739027099471887	0.036043988750786286	0.739027099471887	3.0	3
DLBCL10903	0.0714488584019064	0.028906545931130928	0.09034885154658365	0.7400078529986488	0.0692878911217302	0.7400078529986488	1.0	3
DLBCL_LS3245	0.14441361621469306	0.03172935505338787	0.04105341781343593	0.7407086673023424	0.04209494361614071	0.7407086673023424	1.0	3
DLBCL10866	0.13979602384392634	0.026395674064324994	0.04482066756507895	0.741524026531692	0.04746360799497768	0.741524026531692	4.0	3
DLBCL10966	0.14587512687529466	0.0314551204223859	0.03994574962439352	0.7427080535497267	0.04001594952819918	0.7427080535497267	0.0	3
DLBCL_RICOVER_720	0.12132469075465795	0.029455760707369986	0.06339271446679028	0.7428191464400071	0.04300768763117472	0.7428191464400071	4.0	3
DLBCL10865	0.12070034600545203	0.02757075199058115	0.056308444962166845	0.7428344555492894	0.05258600149251054	0.7428344555492894	4.0	3
DLBCL11666	0.13602590175716645	0.03822269640171382	0.050795990401441206	0.744064120783438	0.030891290656240588	0.744064120783438	2.0	3
DLBCL10465	0.13975260773212952	0.028917642519274887	0.04848370699899863	0.744506568267076	0.03833947448252099	0.744506568267076	2.0	3
DFCIDL008_DT	0.11913799844350782	0.04116877832565968	0.0366454560482306	0.7447279594269745	0.0583198077556275	0.7447279594269745	4.0	3
DLBCL10782	0.1390323929161109	0.03463474003158555	0.03943537524267382	0.7453143859827256	0.041583105826904096	0.7453143859827256	3.0	3
DLBCL11488	0.13994542578569014	0.03460892458597566	0.04057385817575262	0.7456176194192113	0.03925417203337027	0.7456176194192113	0.0	3
DLBCL10467	0.10080538262416194	0.03081724003318312	0.04703306912390565	0.7456427438797804	0.07570156433896892	0.7456427438797804	4.0	3
DLBCL_RICOVER_712	0.1398017718905542	0.032661823814907745	0.03900117757426122	0.7457686059183297	0.04276662080194717	0.7457686059183297	4.0	3
DLBCL_RICOVER_910	0.13158028207269012	0.03362587465339904	0.03686688750390376	0.7464067455294338	0.051520210240573294	0.7464067455294338	0.0	3
DLBCL_RICOVER_1289	0.13907700280362817	0.02571861429771011	0.04786693739570353	0.7467790515852701	0.040558393917688035	0.7467790515852701	4.0	3
DLBCL10454	0.12408252182080037	0.04084223252318537	0.052285732062431055	0.7484515481977142	0.034337965395869065	0.7484515481977142	4.0	3
DLBCL10860	0.1351968153123169	0.03718083846788188	0.04304849348530706	0.7484969643010794	0.03607688843341473	0.7484969643010794	4.0	3
DLBCL10983	0.1265670873059675	0.035731850247168115	0.03672724778115015	0.7500087776608476	0.050965037004866584	0.7500087776608476	1.0	3
DLBCL10931	0.13613027312792234	0.028720930058596685	0.03440289084980554	0.7503258228904391	0.05042008307323636	0.7503258228904391	0.0	3
DLBCL10895	0.12719758446907567	0.028316663507876056	0.04816097661956986	0.7503410218165568	0.04598375358692166	0.7503410218165568	4.0	3
DLBCL_C_D_1128_NULLPAIR	0.13641013465168048	0.03395182996984229	0.046040260385139226	0.751701086285914	0.03189668870742391	0.751701086285914	0.0	3
DLBCL10553	0.13583609227782958	0.03140349225821327	0.04298473376040442	0.7525050504485749	0.0372706312549778	0.7525050504485749	3.0	3
DLBCL_C_D_1118_NULLPAIR	0.12575711547873678	0.03295572918000675	0.04757013017998625	0.7526026538394446	0.04111437132182571	0.7526026538394446	1.0	3
DLBCL_RICOVER_839	0.12691623433265609	0.040896417165097156	0.03554329971843091	0.7529092821557737	0.043734766628042224	0.7529092821557737	1.0	3
DLBCL_LS4592	0.09364040575825897	0.028618021011700752	0.07602660510612866	0.752991429896927	0.04872353822698463	0.752991429896927	2.0	3
DLBCL10565	0.130481380634968	0.028789775721508443	0.04591280554859254	0.7530592851828258	0.04175675291210516	0.7530592851828258	3.0	3
DLBCL_C_D_1156_NULLPAIR	0.1272963924640717	0.027762002108394062	0.03372301233936674	0.7533203066392012	0.057898286448966226	0.7533203066392012	0.0	3
DLBCL10999	0.12670467474126507	0.025342320509474662	0.04952985609591404	0.7533362193744091	0.045086929278937087	0.7533362193744091	4.0	3
DLBCL_RICOVER_826	0.11513093398559707	0.03266563803904626	0.04613703513790664	0.7543943743516764	0.051672018485773526	0.7543943743516764	0.0	3
DLBCL10970	0.10506357508405872	0.023810789808053297	0.05221876257823394	0.7545643134664854	0.06434255906316859	0.7545643134664854	3.0	3
DLBCL11428	0.13309842897200388	0.03353445113866849	0.04585433424585297	0.7559780150686788	0.03153477057479587	0.7559780150686788	2.0	3
DLBCL11511	0.12486398379136858	0.02989794797554424	0.05148943909645708	0.7561021978459409	0.03764643129068914	0.7561021978459409	0.0	3
DLBCL10835	0.12797682272443336	0.03360305857464271	0.03687941130418874	0.7568048484298698	0.04473585896686533	0.7568048484298698	4.0	3
DLBCL_RICOVER_945	0.10618532690104678	0.03639838401945883	0.04770613950847936	0.7568390796718923	0.052871069899122713	0.7568390796718923	0.0	3
DLBCL_MC_F519_ALT	0.1306576416214205	0.027415972127618114	0.04270056990395841	0.7569377988657616	0.042288017481241405	0.7569377988657616	4.0	3
DLBCL11513	0.14577781592828679	0.028228079969464883	0.04178549510520278	0.7573208147569624	0.026887794240083127	0.7573208147569624	4.0	3
DLBCL11443	0.12394737543958109	0.02955344033597308	0.0411922940634626	0.7583854043357905	0.04692148582519265	0.7583854043357905	0.0	3
DLBCL10544	0.13947604976365616	0.030613799240473517	0.03299661760199697	0.7591825945359185	0.037730938857954845	0.7591825945359185	3.0	3
DLBCL_LS2089	0.1197037559338322	0.03053805258930745	0.03646136532401674	0.7594458307691642	0.053850995383679406	0.7594458307691642	1.0	3
DLBCL_C_D_1149_NULLPAIR	0.11912297579491281	0.027180640880045206	0.05549814061203201	0.7598330234596412	0.03836521925336879	0.7598330234596412	1.0	3
DLBCL_RICOVER_1190	0.14274639568140024	0.02947625999989728	0.03115452137488404	0.7603424950130989	0.036280327930719586	0.7603424950130989	4.0	3
DLBCL11473	0.10612650108797539	0.027460766666972055	0.054115253370583045	0.760393423132477	0.051904055741992396	0.760393423132477	0.0	3
DLBCL11515	0.1175425768700222	0.033635830272804056	0.04503549603642114	0.7604253948257959	0.043360701994956764	0.7604253948257959	2.0	3
DLBCL_C_D_1148_NULLPAIR	0.1260414549058233	0.030502132815235734	0.04597453589383208	0.7605137864913043	0.03696808989380456	0.7605137864913043	0.0	3
DLBCL_C_D_1108_NULLPAIR	0.1161833254788305	0.03671553689991592	0.04591261062962115	0.760623653712951	0.04056487327868136	0.760623653712951	1.0	3
DLBCL11542	0.12316888832312806	0.03407570956475196	0.04269046269904357	0.7611693910866099	0.03889554832646655	0.7611693910866099	2.0	3
DLBCL11656	0.10513072550774319	0.027284617610318602	0.06406885772025295	0.7621538316214903	0.04136196754019489	0.7621538316214903	2.0	3
DLBCL10871	0.07316170097503774	0.027284997560369832	0.08335717750106912	0.7624188730963418	0.05377725086718151	0.7624188730963418	1.0	3
DLBCL_RICOVER_408	0.1158678853750418	0.03402099211303379	0.04764942651738606	0.7627539820143339	0.03970771398020449	0.7627539820143339	2.0	3
DLBCL11536	0.12932055026342495	0.029491839952113914	0.0400391592440802	0.762815754602108	0.038332695938272925	0.762815754602108	3.0	3
DLBCL10501	0.10857171312992799	0.03104828524322374	0.058278590395267255	0.7641041671499617	0.03799724408161936	0.7641041671499617	2.0	3
DLBCL10968	0.1042874614114616	0.02223481444001098	0.04356184759476166	0.7645809087467075	0.06533496780705834	0.7645809087467075	0.0	3
DLBCL10996	0.11451726803661826	0.028634405523314865	0.04641407117054595	0.7647951365720105	0.045639118697510486	0.7647951365720105	0.0	3
DLBCL10909	0.13814729267469086	0.02916886860431292	0.03197379956218242	0.7649367849685356	0.03577325419027826	0.7649367849685356	4.0	3
DLBCL10494	0.10576348627767997	0.03254202217551251	0.040254773104851975	0.7650175781235773	0.05642214031837828	0.7650175781235773	1.0	3
DLBCL_LS762	0.10244673226539662	0.027615455552356002	0.061044716738540304	0.7650550704062389	0.04383802503746817	0.7650550704062389	2.0	3
DLBCL11439	0.13472771224489966	0.03367655641751867	0.032821719771096575	0.7657161147793154	0.033057896787169645	0.7657161147793154	2.0	3
DLBCL10517	0.11707271164208384	0.03204377271532759	0.035764551145332765	0.7659303426046183	0.04918862189263748	0.7659303426046183	1.0	3
DLBCL_RICOVER_320	0.12920824480039209	0.026998224394387378	0.03837055822060605	0.7667001095010453	0.03872286308356925	0.7667001095010453	2.0	3
DLBCL11353	0.10437286399452891	0.029199757140373536	0.043543114991184455	0.7679245281748744	0.05495973569903864	0.7679245281748744	4.0	3
DLBCL10848	0.10207470968269751	0.02656104650758677	0.0518756116473676	0.768868791863502	0.05061984029884608	0.768868791863502	4.0	3
DLBCL_RICOVER_274	0.1172182418238821	0.03185069527032283	0.0503117432709773	0.7697669287355986	0.030852390899219127	0.7697669287355986	3.0	3
DLBCL11661	0.1071934836540188	0.03112143670601472	0.04610827343527516	0.771091149462483	0.0444856567422083	0.771091149462483	1.0	3
DLBCL_LS4593	0.11012167145733077	0.027055289941975338	0.05867413001918439	0.772077484385723	0.032071424195786534	0.772077484385723	2.0	3
DLBCL10834	0.11704289728530735	0.03477732733923379	0.03482307312208259	0.7726413776904606	0.04071532456291564	0.7726413776904606	1.0	3
DLBCL_RICOVER_288	0.11268384775377484	0.03605896072585676	0.04346941277704935	0.7726542326046993	0.03513354613861965	0.7726542326046993	1.0	3
DLBCL_MC_F132_MLM	0.10521056916969902	0.0285345055529932	0.05108112503288747	0.7741264373394633	0.041047362904957085	0.7741264373394633	0.0	3
DLBCL10901	0.10764014719784686	0.029687662092465008	0.03444597110366531	0.7758670228610437	0.052359196744979124	0.7758670228610437	4.0	3
DLBCL_LS3499	0.08356550141838653	0.03646757531878056	0.05705333151549077	0.7779761732913515	0.044937418455990606	0.7779761732913515	3.0	3
DLBCL11430	0.11196853130400679	0.024554056851245388	0.0386034093882948	0.7780852198548159	0.04678878260163714	0.7780852198548159	0.0	3
DLBCL10965	0.11866177472610445	0.030115392920560105	0.04595243359494424	0.7782038681904571	0.02706653056793414	0.7782038681904571	3.0	3
DLBCL_RICOVER_338	0.11568932477577366	0.03302217109652233	0.03461551486905646	0.7786072553055945	0.038065733953053044	0.7786072553055945	0.0	3
DLBCL_RICOVER_1210	0.09317670559155566	0.03188497693846132	0.049576066266159735	0.7787788765394674	0.046583374664355935	0.7787788765394674	1.0	3
DLBCL_C_D_1141_NULLPAIR	0.10368130806145995	0.03017113661840491	0.05203458352210084	0.780144688950173	0.0339682828478614	0.780144688950173	2.0	3
DLBCL_MC_F500_ECU	0.09256007506715931	0.029402640393552715	0.04932171391677094	0.7816647319127417	0.04705083870977537	0.7816647319127417	1.0	3
DLBCL_LS1668	0.11711498138918407	0.027062618682695924	0.035194285653830884	0.7819815100989859	0.03864660417530323	0.7819815100989859	1.0	3
DLBCL11537	0.10943768018603384	0.02116927625991178	0.04977916018348223	0.7826842602288	0.036929623141772186	0.7826842602288	0.0	3
DLBCL10974	0.09245404142407772	0.026668823177105436	0.060653258667697996	0.7831234873157328	0.037100389415386105	0.7831234873157328	3.0	3
DLBCL11479	0.09257030632003933	0.02907733922215575	0.060010717386441204	0.783566848494058	0.034774788577305676	0.783566848494058	1.0	3
DLBCL10486	0.09791342873763789	0.029529072291694904	0.0523531950498318	0.7835907942805421	0.03661350964029326	0.7835907942805421	0.0	3
DLBCL11460	0.09446718947431702	0.03234446337712834	0.04460288970954386	0.785827645411115	0.04275781202789578	0.785827645411115	3.0	3
DLBCL11003	0.09630484845733622	0.028707842751390215	0.05064721960321052	0.7859919762980987	0.03834811288996434	0.7859919762980987	1.0	3
DLBCL10959	0.1122644820413093	0.029018870772207744	0.03150756808336928	0.7864185786805752	0.04079050042253851	0.7864185786805752	0.0	3
DLBCL11476	0.09246439738461189	0.027253517458103914	0.049230630860210886	0.7866919380317713	0.04435951626530204	0.7866919380317713	4.0	3
DLBCL11509	0.114475519277289	0.02490265086236495	0.04043076005780379	0.7871895702930433	0.033001499509498995	0.7871895702930433	0.0	3
DLBCL10930	0.09231768224562771	0.0299300770902379	0.05622866955614653	0.7874567462094894	0.034066824898498486	0.7874567462094894	4.0	3
DLBCL_RICOVER_417	0.09233621236968106	0.028079991675446704	0.04897570563773617	0.7875205078097817	0.04308758250735438	0.7875205078097817	4.0	3
DLBCL10536	0.1020366883386854	0.029652001153484344	0.03925263122127637	0.7878025186033588	0.041256160683195056	0.7878025186033588	2.0	3
DLBCL10853	0.07555827261545556	0.03066592547775088	0.05835289278473746	0.7887495813254073	0.04667332779664881	0.7887495813254073	4.0	3
DLBCL10873	0.08980776327342502	0.03796032379857344	0.042580069263039345	0.7895789854154216	0.040072858249540606	0.7895789854154216	1.0	3
DLBCL10462	0.11718333578546972	0.021081833503286882	0.03720968465515264	0.7901506904525137	0.03437445560357696	0.7901506904525137	0.0	3
DLBCL11191	0.11062733939407715	0.028259651200237212	0.03411411093255655	0.7906128661206603	0.03638603235246876	0.7906128661206603	0.0	3
DLBCL10876	0.11691342762568464	0.022755457790535987	0.03480675075573906	0.7906353969901933	0.034888966837847	0.7906353969901933	4.0	3
DLBCL10484	0.08775701513159222	0.025997446281650762	0.052729273166516544	0.7915670528034934	0.041949212616747125	0.7915670528034934	1.0	3
DLBCL10993	0.11243715620817282	0.025459431584079078	0.03125267802672656	0.7917757765510517	0.039074957629969855	0.7917757765510517	0.0	3
DLBCL10910	0.09857206619157957	0.02983914134067035	0.04937483204540561	0.7928743573186674	0.029339603103676982	0.7928743573186674	2.0	3
DLBCL10884	0.0900104349295233	0.027869657367203697	0.05018067820397714	0.7930432139712039	0.038896015528091896	0.7930432139712039	0.0	3
DLBCL_RICOVER_711	0.09388073434609336	0.027437572189151053	0.039228312340498464	0.7953758760316525	0.04407750509260466	0.7953758760316525	3.0	3
DLBCL11516	0.09480796230858293	0.02777813768203134	0.03920314125790063	0.795562336270556	0.042648422480929205	0.795562336270556	1.0	3
DLBCL11535	0.09615942055726175	0.027545381457025963	0.03959146190232126	0.7968214767713919	0.03988225931199916	0.7968214767713919	3.0	3
DLBCL_LS4619	0.07688641859622233	0.024142973078534878	0.05870500228450073	0.7980449455520302	0.04222066048871182	0.7980449455520302	4.0	3
DLBCL_LS3820	0.08006591310631693	0.027199741021287457	0.04977624394658929	0.7985940444648054	0.044364057461000944	0.7985940444648054	2.0	3
DLBCL10523	0.10608143857907372	0.022951234754941	0.04231359443566007	0.7986043091220808	0.0300494231082445	0.7986043091220808	2.0	3
DLBCL11569	0.08774882011956422	0.02819834712994854	0.04461217994041256	0.8014679621113666	0.03797269069870807	0.8014679621113666	2.0	3
DLBCL_MC_F089_HCZ	0.09230035384526394	0.031831160230109526	0.040315818681580566	0.8029820851896945	0.03257058205335148	0.8029820851896945	1.0	3
DLBCL10874	0.09701114086652049	0.023502196122560257	0.03397118245830139	0.8064756272302552	0.039039853322362594	0.8064756272302552	1.0	3
DLBCL10851	0.09052018898070269	0.024733662708381173	0.042363323588514266	0.8077107023942858	0.034672122328116124	0.8077107023942858	1.0	3
DLBCL11658	0.09476913151327744	0.024096651188664088	0.04096746081041832	0.8101587052711752	0.03000805121646492	0.8101587052711752	3.0	3
DLBCL_RICOVER_473	0.08238104858521077	0.024773231332466773	0.048941912838475175	0.8103691770254247	0.03353463021842257	0.8103691770254247	0.0	3
DLBCL10902	0.08534381318218813	0.03053649098713741	0.036199707452922114	0.8117086183498993	0.0362113700278531	0.8117086183498993	4.0	3
DLBCL10513	0.10329964936776322	0.02525993368247453	0.032826242028551535	0.811888726703998	0.026725448217212677	0.811888726703998	3.0	3
DLBCL10453	0.09193699053005952	0.02341488200176881	0.043823414324176704	0.813085541796052	0.027739171347942952	0.813085541796052	1.0	3
DLBCL10899	0.0920353003398595	0.026694204972246876	0.03747549284649896	0.814078596939748	0.029716404901646613	0.814078596939748	4.0	3
DLBCL_C_D_1153_NULLPAIR	0.06653814449271289	0.02860353171234485	0.04885386409797496	0.8143808625425564	0.04162359715441094	0.8143808625425564	3.0	3
DLBCL11468	0.09573210957546142	0.024041887197169265	0.03502691652757513	0.8146853353014972	0.03051375139829694	0.8146853353014972	2.0	3
DLBCL_DFCI_DLBCL_GOE16	0.075441348995603	0.01978253863468529	0.047932801495556294	0.8153298291788864	0.041513481695268944	0.8153298291788864	2.0	3
DLBCL_MC_F729_MAN	0.09541440117688019	0.027332165675021027	0.034250411277306235	0.8156553969333807	0.027347624937411778	0.8156553969333807	1.0	3
DLBCL_RICOVER_120	0.07661720466557614	0.02856837482550487	0.04185716467051109	0.8173780103741775	0.035579245464230455	0.8173780103741775	4.0	3
DLBCL10911	0.08426881002112888	0.02565183346957335	0.04407078955466977	0.8184595707006194	0.027548996254008622	0.8184595707006194	1.0	3
DLBCL10833	0.0820768349619749	0.025249669134524446	0.03744973648181973	0.8199565285437588	0.03526723087792215	0.8199565285437588	4.0	3
DLBCL11683	0.08985695560757444	0.021758731900645454	0.038156147118084544	0.820071737584945	0.03015642778875052	0.820071737584945	2.0	3
DFCIDL010_DT	0.07208508212789701	0.022682187572787053	0.05128912736275064	0.8205281889677829	0.03341541396878237	0.8205281889677829	0.0	3
DLBCL11202	0.07389116870662275	0.026048729360556553	0.041491374976979446	0.8263591846075696	0.03220954234827163	0.8263591846075696	0.0	3
DLBCL10842	0.07683384177737758	0.023753274187426413	0.03172667539962512	0.8265698873654281	0.041116321270142794	0.8265698873654281	4.0	3
DLBCL_C_D_1103_NULLPAIR	0.0826966190578528	0.019741996290132263	0.03543607646536499	0.8318537627852091	0.03027154540144094	0.8318537627852091	3.0	3
DLBCL_RICOVER_1192	0.06880065811678106	0.02490807182881039	0.035246350089801294	0.8352536053165106	0.0357913146480967	0.8352536053165106	4.0	3
DLBCL10870	0.07605900366269494	0.024937225418386996	0.03838425736647847	0.8355214564620626	0.025098057090376977	0.8355214564620626	4.0	3
DLBCL_DFCI_DLBCL_GOE07	0.07470338570321533	0.019954385499476972	0.03914244414874233	0.8395104852087253	0.02668929943984011	0.8395104852087253	1.0	3
DLBCL_RICOVER_617	0.07331484841462281	0.02300936516937776	0.03531745272049779	0.8426438950042637	0.025714438691237875	0.8426438950042637	3.0	3
DLBCL_C_D_1115_NULLPAIR	0.07338009977046477	0.02202134323884475	0.030783187981214846	0.8448147284786787	0.029000640530797	0.8448147284786787	3.0	3
DLBCL_RICOVER_1263	0.054353441711553784	0.018866888629344655	0.03781149470791841	0.8613325146899894	0.02763566026119375	0.8613325146899894	2.0	3
DLBCL11459	0.05565407119907167	0.018758815294619306	0.03347522534596057	0.8646047632113524	0.027507124948996035	0.8646047632113524	3.0	3
DLBCL11574	0.06003464354770393	0.01740970514968189	0.031373356615327426	0.8667928195527841	0.024389475134502688	0.8667928195527841	2.0	3
