	C1	C2	C3	C4	C5	Confidence	True Cluster	Predicted Cluster
DLBCL_RICOVER_685	0.18422897	0.09000436	0.20125085	0.23740824	0.2871076	0.2871076	4.0	4
DLBCL10461	0.23678112	0.13888387	0.25721386	0.29120097	0.0759202	0.29120097	1.0	3
DLBCL10482	0.2990877	0.050600905	0.18592252	0.26796937	0.1964195	0.2990877	0.0	0
DLBCL_RICOVER_253	0.29079035	0.24774729	0.04908738	0.32111573	0.09125926	0.32111573	1.0	3
DLBCL_RICOVER_478	0.2764448	0.09561106	0.15359485	0.33627498	0.13807431	0.33627498	1.0	3
DLBCL10864	0.15142441	0.09222925	0.14315826	0.2570348	0.35615328	0.35615328	4.0	4
DLBCL10891	0.35725093	0.032268833	0.07432764	0.32449147	0.21166113	0.35725093	4.0	0
DLBCL10521	0.37137264	0.070654854	0.09187618	0.30677834	0.15931799	0.37137264	4.0	0
DLBC_FF_A7CX_TP_NB	0.22997628	0.0509503	0.18578	0.37470293	0.1585905	0.37470293	4.0	3
DLBCL10995	0.16294876	0.110038884	0.2492995	0.38107374	0.096639134	0.38107374	2.0	3
DLBCL10992	0.21203291	0.07433998	0.14853083	0.38214698	0.18294929	0.38214698	4.0	3
DLBCL_RICOVER_1235	0.27358472	0.108106196	0.19482954	0.38657492	0.036904626	0.38657492	1.0	3
DLBCL11581	0.1354738	0.039468385	0.29255596	0.38910246	0.1433994	0.38910246	4.0	3
DLBCL11595	0.38989726	0.057705	0.07002065	0.31775722	0.16461986	0.38989726	4.0	0
DLBCL_LS3749	0.27558738	0.12609148	0.15560314	0.3946513	0.04806673	0.3946513	1.0	3
DLBCL_RICOVER_440	0.12549116	0.11110282	0.30245408	0.3952348	0.06571717	0.3952348	2.0	3
DLBCL_MAYO_DLBCL_7359	0.15498923	0.23695207	0.079142615	0.39756522	0.13135087	0.39756522	1.0	3
DLBCL_MC_F262_WLC	0.3288643	0.039203167	0.15543114	0.3997271	0.07677428	0.3997271	0.0	3
DLBCL_C_D_1125_NULLPAIR	0.34459412	0.042624675	0.04507536	0.40137932	0.16632652	0.40137932	4.0	3
DFCIDL009_DT	0.17825939	0.048973434	0.40380794	0.34736747	0.021591805	0.40380794	2.0	2
DLBCL10997	0.36466956	0.10098134	0.08933087	0.40446624	0.040551998	0.40446624	0.0	3
DLBCL_RICOVER_978	0.18506457	0.052566804	0.41069683	0.32286444	0.028807327	0.41069683	2.0	2
DLBCL10856	0.29569063	0.058231365	0.10193439	0.41146523	0.13267839	0.41146523	2.0	3
DLBCL10850	0.27965564	0.169461	0.08540748	0.41153857	0.053937316	0.41153857	1.0	3
DLBCL_RICOVER_1018	0.37172025	0.105315275	0.07354132	0.41273996	0.036683187	0.41273996	3.0	3
DLBCL10965	0.3034914	0.036653243	0.057408355	0.41337952	0.18906747	0.41337952	3.0	3
DLBCL11651	0.2070515	0.061035607	0.17437273	0.4143137	0.14322644	0.4143137	2.0	3
DLBCL_RICOVER_866	0.16235632	0.031772614	0.3523931	0.41637084	0.037107117	0.41637084	2.0	3
DLBCL_RICOVER_506	0.2886856	0.0743327	0.08295278	0.41752955	0.13649938	0.41752955	4.0	3
DLBCL11533	0.1941167	0.23721944	0.081094064	0.42069086	0.06687893	0.42069086	1.0	3
DLBCL_RICOVER_533	0.36513487	0.05389549	0.10159488	0.42091772	0.058457047	0.42091772	1.0	3
DLBCL10885	0.42597562	0.037191715	0.11876339	0.26649842	0.15157086	0.42597562	1.0	0
DLBCL_C_D_1118_NULLPAIR	0.43045634	0.056984056	0.12642723	0.3347257	0.051406655	0.43045634	1.0	0
DLBCL_MC_F502_RFK	0.14373198	0.091459624	0.28307417	0.43122423	0.050509997	0.43122423	1.0	3
DLBCL11488	0.2546388	0.05044981	0.06430078	0.4316032	0.19900744	0.4316032	0.0	3
DLBCL_C_D_1108_NULLPAIR	0.43161547	0.086189255	0.07114379	0.34175825	0.06929323	0.43161547	1.0	0
DLBCL_BWH_DLBCL64	0.27017704	0.13302878	0.075839184	0.4322048	0.088750206	0.4322048	3.0	3
DLBCL_RICOVER_1219	0.30792657	0.02521329	0.17267808	0.43727905	0.05690302	0.43727905	4.0	3
DLBCL10918	0.3947226	0.028117077	0.06329426	0.43956575	0.07430029	0.43956575	0.0	3
DLBCL_RICOVER_451	0.44285393	0.027841324	0.124985926	0.36914194	0.035176873	0.44285393	0.0	0
DLBCL_MC_F089_HCZ	0.15917027	0.12824331	0.13710994	0.4428863	0.13259016	0.4428863	1.0	3
DLBCL11569	0.32058161	0.024267554	0.1762319	0.4430494	0.03586951	0.4430494	2.0	3
DLBCL_MC_F496DMP	0.44535604	0.062093653	0.053710487	0.34070793	0.098131895	0.44535604	1.0	0
DLBCL10454	0.44686908	0.07574466	0.0540322	0.34416592	0.07918817	0.44686908	4.0	0
DLBCL10460	0.44760364	0.1823602	0.0928339	0.2523503	0.024851969	0.44760364	1.0	0
DLBCL10993	0.44827917	0.0238276	0.11554591	0.34541056	0.06693677	0.44827917	0.0	0
DLBCL10893	0.27157477	0.034987293	0.11569331	0.44922194	0.12852268	0.44922194	4.0	3
DLBCL11432	0.32651213	0.029936692	0.0741246	0.450695	0.11873158	0.450695	0.0	3
DLBCL_RICOVER_467	0.14563838	0.11071381	0.13503307	0.45087928	0.15773547	0.45087928	1.0	3
DLBCL10518	0.3232244	0.035927385	0.14547087	0.4520008	0.04337656	0.4520008	2.0	3
DLBCL10915	0.35641676	0.048359714	0.0949668	0.4544903	0.045766424	0.4544903	4.0	3
DLBCL11661	0.30212963	0.097698644	0.085283026	0.45511678	0.059771933	0.45511678	1.0	3
DLBCL_RICOVER_408	0.098171525	0.14043294	0.17801264	0.45516893	0.12821396	0.45516893	2.0	3
DLBCL11667	0.4553464	0.039905414	0.12785059	0.30528754	0.07161006	0.4553464	2.0	0
DLBCL10834	0.22136003	0.14395818	0.0723508	0.4557648	0.10656618	0.4557648	1.0	3
DLBCL10462	0.4578669	0.028949363	0.13204509	0.33027434	0.050864294	0.4578669	0.0	0
DLBCL_C_D_1119_NULLPAIR	0.19866373	0.049892016	0.24816862	0.45811248	0.045163166	0.45811248	1.0	3
DLBCL11507	0.31030983	0.07992303	0.050785434	0.45969325	0.099288486	0.45969325	1.0	3
DFCIDL003_DT	0.46153787	0.04460369	0.06675229	0.37394807	0.053158056	0.46153787	1.0	0
DLBCL_MAYO_DLBCL_234	0.46295595	0.033377036	0.057591006	0.40408134	0.041994672	0.46295595	2.0	0
DLBCL10860	0.074189484	0.044886876	0.23288274	0.46507567	0.18296523	0.46507567	4.0	3
DLBCL_C_D_1166_NULLPAIR	0.35858846	0.06840948	0.050711725	0.46577355	0.05651681	0.46577355	4.0	3
DLBCL11671	0.46628636	0.03612072	0.07402723	0.36320412	0.06036156	0.46628636	0.0	0
DLBCL11447	0.35571837	0.03486696	0.102223046	0.4667455	0.04044612	0.4667455	3.0	3
DLBCL10519	0.30018696	0.05163116	0.09930265	0.46837735	0.08050188	0.46837735	1.0	3
DLBCL11205	0.468507	0.05204329	0.20275337	0.25522396	0.021472394	0.468507	0.0	0
DLBCL_RICOVER_720	0.15383394	0.07892245	0.10808773	0.46979865	0.18935724	0.46979865	4.0	3
DLBCL10452	0.083742395	0.095036104	0.28734815	0.47021797	0.06365537	0.47021797	1.0	3
DLBCL10967	0.12739353	0.030271182	0.112188414	0.47186515	0.25828174	0.47186515	4.0	3
DLBCL_C_D_1114_NULLPAIR	0.3644115	0.033636395	0.03950268	0.47210848	0.09034094	0.47210848	0.0	3
DLBCL11513	0.47238412	0.11701922	0.05089544	0.28366658	0.076034635	0.47238412	4.0	0
DLBCL10534	0.12193886	0.09334968	0.1296695	0.47325185	0.18179013	0.47325185	4.0	3
DLBCL_C_D_1149_NULLPAIR	0.4735483	0.12825908	0.06646574	0.22835264	0.10337426	0.4735483	1.0	0
DLBCL11434	0.37272996	0.054350793	0.059315644	0.47537142	0.038232166	0.47537142	0.0	3
DLBCL10957	0.47545943	0.029801445	0.05927218	0.3619234	0.07354355	0.47545943	0.0	0
DLBCL_RICOVER_1293	0.47577772	0.046836324	0.06984856	0.30114508	0.10639231	0.47577772	4.0	0
DLBCL11486	0.47587806	0.0522467	0.0348393	0.39831907	0.03871687	0.47587806	0.0	0
DFCIDL010_DT	0.3701365	0.03619559	0.02872206	0.47733116	0.08761468	0.47733116	0.0	3
DLBCL11664	0.47772366	0.059056018	0.04359038	0.34245366	0.07717629	0.47772366	1.0	0
DLBCL_C_D_1113_NULLPAIR	0.07712882	0.04419796	0.37438747	0.47798207	0.026303656	0.47798207	2.0	3
DLBCL10928	0.34987935	0.07453161	0.048877925	0.47810373	0.048607394	0.47810373	0.0	3
DFCIDL004_DT	0.17863719	0.061793357	0.07504846	0.47878808	0.20573291	0.47878808	4.0	3
DLBCL10494	0.12620497	0.1758461	0.12836511	0.4795636	0.09002024	0.4795636	1.0	3
DLBCL10956	0.47975126	0.05412855	0.06585608	0.3505524	0.0497117	0.47975126	1.0	0
DLBCL11511	0.35457715	0.024026051	0.04473102	0.48080546	0.09586032	0.48080546	0.0	3
DLBCL_RICOVER_1106	0.2561742	0.030131085	0.06682054	0.484943	0.16193117	0.484943	4.0	3
DLBCL10963	0.48844513	0.027105777	0.077804275	0.32495373	0.081691094	0.48844513	4.0	0
DLBCL10974	0.33779037	0.048688386	0.07349717	0.4894932	0.050530873	0.4894932	3.0	3
DLBCL10917	0.32583722	0.0893518	0.04149609	0.4906851	0.052629776	0.4906851	1.0	3
DLBCL11353	0.09730294	0.060240455	0.06360682	0.4917817	0.28706807	0.4917817	4.0	3
DLBCL11467	0.49219352	0.033413842	0.07888356	0.34591025	0.04959884	0.49219352	3.0	0
DLBCL11516	0.49272108	0.06953672	0.03250599	0.36158535	0.04365087	0.49272108	1.0	0
DLBCL_RICOVER_173	0.2390917	0.03314991	0.122380935	0.49377263	0.11160484	0.49377263	4.0	3
DLBCL11456	0.35356668	0.06771175	0.03885068	0.4938129	0.046058025	0.4938129	1.0	3
DLBCL10464	0.23368658	0.023165043	0.18413155	0.49557903	0.06343779	0.49557903	2.0	3
DLBCL10849	0.2958705	0.0848394	0.08092579	0.49694017	0.041424125	0.49694017	1.0	3
DLBCL11669	0.3064627	0.02215192	0.088147126	0.49748605	0.08575219	0.49748605	2.0	3
DLBCL11457	0.49811018	0.020710312	0.11864917	0.31820548	0.044324864	0.49811018	0.0	0
DLBCL_LS2590	0.2503865	0.042298686	0.080865316	0.49861732	0.12783217	0.49861732	3.0	3
DLBCL11491	0.5006633	0.018471852	0.10712779	0.3394532	0.034283873	0.5006633	3.0	0
DLBCL_RICOVER_701	0.50069344	0.02987908	0.048251703	0.39248186	0.028693927	0.50069344	3.0	0
DLBCL10911	0.50265837	0.10031004	0.07286487	0.26128867	0.06287806	0.50265837	1.0	0
DLBCL10996	0.5028979	0.037995156	0.052026153	0.35760987	0.049470887	0.5028979	0.0	0
DLBCL10503	0.18153962	0.06770619	0.06181438	0.5054169	0.18352285	0.5054169	1.0	3
DLBCL_RICOVER_1192	0.25796363	0.042879958	0.14032406	0.5074377	0.05139462	0.5074377	4.0	3
DLBCL10488	0.50806993	0.024812333	0.07409785	0.35998097	0.033038896	0.50806993	0.0	0
DLBCL10465	0.23669578	0.037958667	0.15060079	0.508483	0.066261776	0.508483	2.0	3
DLBCL_C_D_1129_NULLPAIR	0.18536194	0.037603013	0.123250455	0.5096136	0.144171	0.5096136	0.0	3
DLBCL_RICOVER_288	0.30983248	0.066854894	0.06703958	0.5098802	0.04639285	0.5098802	1.0	3
DLBCL11662	0.513134	0.037493773	0.04428369	0.33400795	0.0710806	0.513134	0.0	0
DLBCL_LS2245	0.51465356	0.079941355	0.09556091	0.27617276	0.03367142	0.51465356	1.0	0
DLBCL11558	0.13333078	0.043758683	0.2758384	0.51467294	0.03239919	0.51467294	2.0	3
DLBCL_C_D_1103_NULLPAIR	0.28576016	0.035612717	0.11894126	0.51625955	0.043426305	0.51625955	3.0	3
DLBCL_RICOVER_216	0.23456724	0.023986809	0.13926199	0.5168584	0.085325554	0.5168584	2.0	3
DLBCL_MC_F307_JPS	0.21507256	0.054858427	0.11300155	0.51722175	0.099845745	0.51722175	0.0	3
DLBCL11576	0.18997598	0.10002839	0.07678273	0.51783633	0.115376554	0.51783633	3.0	3
DLBCL10535	0.26383284	0.062684275	0.048128944	0.51826143	0.10709251	0.51826143	4.0	3
DLBCL11481	0.5182972	0.023635155	0.11387196	0.27216777	0.0720279	0.5182972	0.0	0
DLBCL10471	0.1189074	0.07379762	0.15523526	0.51839453	0.13366519	0.51839453	4.0	3
DLBCL_C_D_1163_NULLPAIR	0.19716465	0.04953319	0.102561474	0.5191631	0.13157764	0.5191631	4.0	3
DLBCL10990	0.27832198	0.049405217	0.10005443	0.5196111	0.052607216	0.5196111	4.0	3
DLBCL10458	0.34229574	0.048084106	0.0634072	0.5200009	0.026212089	0.5200009	0.0	3
DLBCL10875	0.5231993	0.0313875	0.10396713	0.2654625	0.075983584	0.5231993	0.0	0
DLBCL10502	0.17844789	0.16097397	0.07466157	0.52339935	0.06251725	0.52339935	1.0	3
DLBCL10900	0.29157823	0.030950276	0.046225872	0.52504766	0.106197976	0.52504766	4.0	3
DLBCL10480	0.26702306	0.07877826	0.05192756	0.52556044	0.07671067	0.52556044	1.0	3
DLBCL11659	0.25150633	0.04724292	0.14041674	0.5261227	0.034711316	0.5261227	0.0	3
DLBCL11676	0.5269771	0.041265383	0.07565731	0.33220044	0.023899753	0.5269771	0.0	0
DLBCL_C_D_1126_NULLPAIR	0.5270489	0.087538615	0.044894483	0.27271178	0.067806244	0.5270489	1.0	0
DLBCL_MAYO_DLBCL_5613	0.33506542	0.036338363	0.061909106	0.5279309	0.038756154	0.5279309	0.0	3
DLBCL10969	0.32781976	0.03692558	0.07265361	0.5286877	0.033913348	0.5286877	0.0	3
DLBCL10994	0.24478163	0.07859534	0.060752496	0.5287604	0.08711013	0.5287604	0.0	3
DLBCL_C_D_1128_NULLPAIR	0.35222	0.03292528	0.059316788	0.5326097	0.022928238	0.5326097	0.0	3
DLBCL10483	0.26814863	0.05402243	0.098140344	0.5329535	0.046735067	0.5329535	1.0	3
DLBCL11000	0.21593264	0.074472666	0.06885434	0.5333576	0.107382715	0.5333576	4.0	3
DLBCL_RICOVER_449	0.5353691	0.061362438	0.07096807	0.26073265	0.07156774	0.5353691	4.0	0
DLBCL_LS3809	0.18213259	0.035568636	0.06589414	0.5368002	0.17960441	0.5368002	0.0	3
DLBCL11566	0.25050583	0.07028699	0.09436863	0.5368561	0.047982436	0.5368561	2.0	3
DLBCL_RICOVER_744	0.15129495	0.0413444	0.24397579	0.53727806	0.02610679	0.53727806	2.0	3
DLBCL11206	0.53852797	0.05833038	0.13420872	0.17643991	0.092493	0.53852797	4.0	0
DLBCL10972	0.31173444	0.035703793	0.052725904	0.5416235	0.05821237	0.5416235	0.0	3
DLBCL11001	0.25277257	0.029010236	0.12196725	0.54473233	0.05151762	0.54473233	4.0	3
DLBCL10498	0.5448255	0.038580608	0.18872656	0.20739439	0.020472934	0.5448255	2.0	0
DLBCL11666	0.25878006	0.026069112	0.09456468	0.54497	0.07561616	0.54497	2.0	3
DLBCL10981	0.16074423	0.04121951	0.17082651	0.5451781	0.08203161	0.5451781	1.0	3
DLBCL_RICOVER_473	0.23163569	0.04160583	0.113587685	0.54701436	0.06615643	0.54701436	0.0	3
DLBC_FF_8042_TP_NB	0.23890695	0.035371702	0.12355623	0.5478474	0.054317728	0.5478474	4.0	3
DLBCL_LS1683	0.18183945	0.10080278	0.07184012	0.54801154	0.09750609	0.54801154	1.0	3
DLBCL_RICOVER_850	0.15052883	0.041108537	0.12217843	0.550298	0.13588625	0.550298	4.0	3
DLBCL10848	0.21641107	0.051512025	0.07934926	0.5510645	0.10166315	0.5510645	4.0	3
DLBCL11449	0.1500372	0.08226375	0.060126483	0.5514793	0.15609325	0.5514793	1.0	3
DLBCL10878	0.2237637	0.041781873	0.07270821	0.5534146	0.108331636	0.5534146	4.0	3
DLBCL11656	0.15107888	0.027342087	0.21087986	0.5536383	0.0570609	0.5536383	2.0	3
DLBCL_LS4593	0.25812653	0.051836856	0.08415752	0.55456525	0.051313818	0.55456525	2.0	3
DLBCL10988	0.11386184	0.06415862	0.1886813	0.55473644	0.07856179	0.55473644	1.0	3
DLBCL10485	0.5551952	0.06998888	0.048729528	0.24724147	0.07884491	0.5551952	4.0	0
DLBCL_C_D_1152_NULLPAIR	0.22104657	0.052666023	0.11074325	0.5560467	0.059497457	0.5560467	1.0	3
DLBCL_LS1921	0.20970383	0.112046696	0.062684484	0.55610883	0.059456185	0.55610883	1.0	3
DLBCL10989	0.11123401	0.084303826	0.17831336	0.55820477	0.06794403	0.55820477	1.0	3
DLBCL10495	0.26006246	0.053724688	0.08846403	0.5588488	0.038900055	0.5588488	0.0	3
DLBCL_C_D_1136_NULLPAIR	0.14322136	0.107494	0.07933737	0.56022704	0.10972021	0.56022704	1.0	3
DLBCL11482	0.29081538	0.042692564	0.068110496	0.5602637	0.038117874	0.5602637	0.0	3
DLBCL11003	0.21915334	0.068590365	0.07029288	0.5603314	0.081631996	0.5603314	1.0	3
DLBCL_RICOVER_335	0.24717279	0.071069464	0.06228011	0.5608641	0.058613528	0.5608641	1.0	3
DLBCL11512	0.56210697	0.04157765	0.081511475	0.2727032	0.04210068	0.56210697	0.0	0
DLBCL10919	0.26048476	0.021872558	0.11849776	0.56226516	0.036879778	0.56226516	3.0	3
DLBCL11565	0.14139213	0.07151241	0.1371097	0.5623603	0.08762549	0.5623603	1.0	3
DLBCL10501	0.11095723	0.05994649	0.22474654	0.56259507	0.041754644	0.56259507	2.0	3
DLBCL_RICOVER_1165	0.0796942	0.079072796	0.23902367	0.563001	0.039208356	0.563001	1.0	3
DLBCL_RICOVER_583	0.23854207	0.043862067	0.112648144	0.5648105	0.040137205	0.5648105	1.0	3
DLBCL_RICOVER_417	0.23826414	0.041764814	0.05544278	0.5655681	0.09896017	0.5655681	4.0	3
DLBCL11520	0.24895692	0.045769643	0.03326117	0.5657411	0.10627113	0.5657411	0.0	3
DLBCL10983	0.15241964	0.09780417	0.087326735	0.56720316	0.09524629	0.56720316	1.0	3
DLBCL10865	0.2570841	0.049276303	0.05530694	0.56775004	0.07058264	0.56775004	4.0	3
DLBCL11429	0.2734492	0.04829718	0.071391	0.5687011	0.038161483	0.5687011	0.0	3
DLBCL_RICOVER_274	0.2874616	0.053484354	0.055805746	0.56925136	0.033996914	0.56925136	3.0	3
DLBCL10854	0.27064896	0.057190128	0.05096007	0.5708287	0.050372157	0.5708287	4.0	3
DLBCL11673	0.18616046	0.11630693	0.061368905	0.5710192	0.065144524	0.5710192	1.0	3
DLBCL_LS4619	0.25245455	0.062118888	0.03566362	0.57107645	0.07868647	0.57107645	4.0	3
DLBCL11428	0.12343613	0.083054185	0.12265327	0.57214564	0.09871077	0.57214564	2.0	3
DLBCL_LS2325	0.25473648	0.06807899	0.07187852	0.573585	0.031721037	0.573585	2.0	3
DLBCL_C_D_1105_NULLPAIR	0.22622319	0.05962573	0.07971044	0.57372737	0.060713258	0.57372737	1.0	3
DLBCL10935	0.23981474	0.05791163	0.07769502	0.57373136	0.050847232	0.57373136	0.0	3
DLBCL10977	0.18479797	0.054495376	0.10366528	0.57378477	0.08325663	0.57378477	4.0	3
DLBCL_RICOVER_299	0.103992745	0.09140423	0.1410259	0.5755168	0.088060305	0.5755168	1.0	3
DLBCL_RICOVER_678	0.1985598	0.079494864	0.07777366	0.57765967	0.066512026	0.57765967	1.0	3
DLBCL11509	0.5791602	0.07308834	0.049681824	0.26450294	0.033566687	0.5791602	0.0	0
DLBCL_RICOVER_956	0.10620525	0.028433183	0.054790232	0.5794542	0.23111714	0.5794542	4.0	3
DLBCL11450	0.08458349	0.049227715	0.16384898	0.58049566	0.12184414	0.58049566	4.0	3
DLBCL_MC_F218_RAP	0.18059003	0.021060135	0.18684922	0.58071893	0.030781697	0.58071893	3.0	3
DLBCL11188	0.22697785	0.09325495	0.04549468	0.5820849	0.05218763	0.5820849	1.0	3
DLBCL10555	0.19036746	0.024107309	0.09667696	0.5841684	0.10467988	0.5841684	2.0	3
DLBCL_LS2208	0.5842768	0.015359226	0.116305046	0.2648321	0.019226836	0.5842768	4.0	0
DLBCL10883	0.58449584	0.06461249	0.026076732	0.19085518	0.13395976	0.58449584	4.0	0
DLBCL10880	0.1835162	0.05863291	0.054653857	0.58512557	0.11807148	0.58512557	4.0	3
DLBCL_LS146	0.10977775	0.057035554	0.21503812	0.5856187	0.03252992	0.5856187	1.0	3
DLBCL11537	0.58818734	0.027214019	0.08235748	0.2668268	0.03541434	0.58818734	0.0	0
DLBCL_LS378	0.5882357	0.026457814	0.09792567	0.25982696	0.027553884	0.5882357	0.0	0
DLBCL10987	0.25677037	0.02488338	0.060167503	0.5893745	0.06880429	0.5893745	4.0	3
DLBCL10857	0.06127889	0.06538179	0.07759677	0.58972293	0.20601963	0.58972293	4.0	3
DLBCL11454	0.23590437	0.030556785	0.103170395	0.5907085	0.03965996	0.5907085	0.0	3
DLBCL10980	0.1933669	0.053396218	0.06417782	0.59358466	0.0954744	0.59358466	4.0	3
DLBCL11679	0.17029098	0.10074262	0.11034385	0.5943076	0.024314959	0.5943076	1.0	3
DLBCL10904	0.21868002	0.043750674	0.04591395	0.5945152	0.09714013	0.5945152	4.0	3
DLBCL_C_D_1123_NULLPAIR	0.20815322	0.038939618	0.12424929	0.59645253	0.032205373	0.59645253	0.0	3
DLBCL10906	0.21105167	0.046225928	0.06063029	0.59727734	0.084814735	0.59727734	1.0	3
DLBCL10512	0.07387696	0.09365256	0.11357413	0.5975354	0.12136095	0.5975354	2.0	3
DLBCL10843	0.20211814	0.042072717	0.091909856	0.59801656	0.06588274	0.59801656	0.0	3
DLBCL10851	0.5980293	0.06527897	0.024765808	0.26418862	0.0477373	0.5980293	1.0	0
DLBC_FF_8046_TP_NB	0.09484305	0.070775285	0.17601146	0.5981085	0.06026171	0.5981085	2.0	3
DLBCL10548	0.0976184	0.07665481	0.06833116	0.5986545	0.1587411	0.5986545	0.0	3
DLBCL10947	0.18555441	0.04840354	0.106829874	0.5997033	0.059508838	0.5997033	1.0	3
DLBCL10889	0.12976833	0.029390048	0.06266379	0.6004832	0.17769466	0.6004832	4.0	3
DLBCL10951	0.6061626	0.08190156	0.03591742	0.16936389	0.10665452	0.6061626	4.0	0
DLBCL_RICOVER_174	0.21742196	0.09671896	0.042465374	0.6073364	0.03605732	0.6073364	1.0	3
DLBCL10962	0.16951431	0.057615362	0.056219738	0.6091863	0.10746431	0.6091863	1.0	3
DLBCL_RICOVER_111	0.61064816	0.025555141	0.044629306	0.272295	0.046872366	0.61064816	4.0	0
DLBCL10484	0.18586673	0.07336661	0.086594105	0.61495155	0.039221007	0.61495155	1.0	3
DLBCL10936	0.15445639	0.04878859	0.060327042	0.6159808	0.12044717	0.6159808	2.0	3
DLBCL10909	0.25952795	0.03157639	0.03565008	0.61633927	0.056906324	0.61633927	4.0	3
DLBCL_RICOVER_134	0.10051692	0.097714834	0.090660974	0.6166089	0.094498344	0.6166089	4.0	3
DLBCL10530	0.61730117	0.075956106	0.043077722	0.16729218	0.09637282	0.61730117	4.0	0
DLBCL10897	0.1991923	0.02384356	0.12296485	0.6182964	0.035702884	0.6182964	0.0	3
DLBCL11657	0.17414232	0.06196453	0.08613319	0.6189065	0.058853466	0.6189065	3.0	3
DLBCL10536	0.12653384	0.06723384	0.128117	0.6192431	0.058872264	0.6192431	2.0	3
DLBCL10837	0.61944103	0.058757637	0.030707093	0.21606077	0.07503348	0.61944103	4.0	0
DLBCL_LS4592	0.14992066	0.026537124	0.14008191	0.61988497	0.06357532	0.61988497	2.0	3
DLBCL11473	0.18195567	0.055170838	0.03979546	0.62058777	0.102490254	0.62058777	0.0	3
DLBCL10966	0.2482615	0.0532143	0.033783473	0.620707	0.044033725	0.620707	0.0	3
DLBCL_C_D_1109_NULLPAIR	0.22079512	0.0326876	0.05405072	0.62092537	0.07154118	0.62092537	3.0	3
DLBCL11477	0.16766499	0.023866512	0.038313214	0.6213396	0.14881568	0.6213396	0.0	3
DLBCL10490	0.17955609	0.0419268	0.055299263	0.62209517	0.10112268	0.62209517	0.0	3
DLBCL10550	0.16949122	0.06529862	0.037320893	0.6247441	0.10314516	0.6247441	4.0	3
DFCIDL008_DT	0.10111118	0.025129944	0.17535767	0.6256323	0.07276893	0.6256323	4.0	3
DLBCL10862	0.14861456	0.027126065	0.06656947	0.628668	0.1290219	0.628668	4.0	3
DLBCL11455	0.628806	0.043554112	0.049534712	0.21653847	0.061566688	0.628806	3.0	0
DLBCL10553	0.15753596	0.039176736	0.12522419	0.631269	0.046794143	0.631269	3.0	3
DLBCL_LS762	0.1534906	0.06913665	0.08012992	0.6314774	0.0657654	0.6314774	2.0	3
DLBCL11519	0.11503653	0.04104358	0.18841681	0.6316145	0.02388855	0.6316145	0.0	3
DLBCL10497	0.1939331	0.024004184	0.04080948	0.6372619	0.103991315	0.6372619	3.0	3
DLBCL_RICOVER_1287	0.11895661	0.045128513	0.10157387	0.63785845	0.09648254	0.63785845	4.0	3
DLBCL_RICOVER_829	0.63862485	0.04079007	0.0606698	0.20558168	0.054333616	0.63862485	0.0	0
DLBCL10564	0.1992775	0.043460242	0.08203599	0.63901746	0.03620882	0.63901746	3.0	3
DLBCL_LS3204	0.14304855	0.043662313	0.081159025	0.6398641	0.092266046	0.6398641	1.0	3
DLBCL_MC_F064AB	0.120927624	0.036701065	0.1191613	0.6405698	0.08264022	0.6405698	2.0	3
DLBCL11439	0.64095443	0.022809206	0.07247478	0.1872395	0.076522104	0.64095443	2.0	0
DLBCL11670	0.16834281	0.043416467	0.07727966	0.6412282	0.06973287	0.6412282	2.0	3
DLBCL10934	0.15718913	0.0800096	0.070779525	0.64150286	0.050518885	0.64150286	1.0	3
DLBCL11476	0.19753724	0.049896218	0.0652011	0.6418255	0.045539927	0.6418255	4.0	3
DLBCL10985	0.19162193	0.050505877	0.06623539	0.6426881	0.04894872	0.6426881	1.0	3
DLBCL10542	0.16542056	0.03650824	0.05159081	0.64329255	0.10318784	0.64329255	0.0	3
DLBCL_RICOVER_1248	0.12888719	0.060781837	0.0573288	0.64343846	0.10956372	0.64343846	4.0	3
DLBCL_LS155	0.19719598	0.01833893	0.10428014	0.64512455	0.03506042	0.64512455	2.0	3
DLBCL_LS2089	0.6459245	0.08151866	0.04760175	0.18261026	0.04234485	0.6459245	1.0	0
DLBCL10945	0.6459969	0.04243199	0.039944068	0.24402149	0.027605494	0.6459969	0.0	0
DLBCL_C_D_1130_NULLPAIR	0.22483274	0.02936404	0.039304398	0.64750725	0.058991577	0.64750725	0.0	3
DLBCL_MC_F927_JHS	0.16957547	0.06300657	0.05859603	0.6478595	0.06096244	0.6478595	4.0	3
DLBCL_MC_F815_BAT	0.12463603	0.040970486	0.13691974	0.64792126	0.049552467	0.64792126	2.0	3
DLBCL10842	0.15962902	0.023405008	0.093748935	0.6482701	0.07494698	0.6482701	4.0	3
DLBCL_C_D_1156_NULLPAIR	0.18942724	0.049803413	0.06779237	0.6484377	0.044539325	0.6484377	0.0	3
DLBCL11515	0.123726785	0.047601406	0.08143849	0.64872664	0.098506644	0.64872664	2.0	3
DLBCL_RICOVER_577	0.03366753	0.052838422	0.16862568	0.64952445	0.0953439	0.64952445	2.0	3
DLBCL11678	0.108219504	0.04920247	0.14428411	0.649757	0.048536904	0.649757	3.0	3
DLBCL10890	0.11087833	0.078151844	0.08458562	0.65028906	0.076095134	0.65028906	4.0	3
DLBCL10999	0.11013826	0.057393238	0.09651935	0.6517779	0.08417125	0.6517779	4.0	3
DLBCL_C_D_1157_NULLPAIR	0.19317524	0.034617655	0.07244869	0.6522643	0.04749411	0.6522643	2.0	3
DLBCL_LS1065	0.173154	0.06058409	0.06245005	0.6528445	0.050967373	0.6528445	1.0	3
DLBCL_C_D_1117_NULLPAIR	0.14458998	0.06839552	0.11115657	0.6529214	0.022936562	0.6529214	1.0	3
DLBCL10492	0.18571144	0.027791	0.08632064	0.65380156	0.04637532	0.65380156	0.0	3
DLBCL10491	0.14556535	0.06634948	0.058045395	0.654502	0.075537786	0.654502	3.0	3
DLBCL11574	0.15940334	0.053758025	0.046405923	0.6550989	0.08533379	0.6550989	2.0	3
DLBCL_MC_F132_MLM	0.6569338	0.028758217	0.08802601	0.14225323	0.08402876	0.6569338	0.0	0
DLBCL_RICOVER_314	0.15177384	0.06795364	0.07283814	0.6569459	0.050488472	0.6569459	4.0	3
DLBCL10931	0.15008065	0.030648725	0.04889367	0.6576886	0.11268833	0.6576886	0.0	3
DLBCL10509	0.15218441	0.049860686	0.061194345	0.65806115	0.07869943	0.65806115	0.0	3
DLBCL11528	0.18473531	0.04192415	0.06235029	0.6594512	0.05153906	0.6594512	2.0	3
DLBCL_RICOVER_1060	0.6605536	0.051118936	0.025112504	0.20744242	0.055772595	0.6605536	1.0	0
DLBCL_LS4616	0.05768029	0.05171465	0.18632543	0.6614652	0.042814374	0.6614652	2.0	3
DLBCL10549	0.19039103	0.03885788	0.04084076	0.66317624	0.06673406	0.66317624	2.0	3
DLBCL10910	0.07955545	0.030461792	0.14463724	0.6652422	0.08010333	0.6652422	2.0	3
DLBCL10903	0.16057721	0.033901576	0.10760338	0.6654251	0.032492694	0.6654251	1.0	3
DLBCL10975	0.66578966	0.020829536	0.06421504	0.22031973	0.028846024	0.66578966	0.0	0
DLBCL10529	0.12749676	0.035062477	0.067133285	0.6670268	0.10328066	0.6670268	4.0	3
DLBCL10913	0.6675866	0.012223636	0.0644026	0.20239119	0.05339594	0.6675866	0.0	0
DLBCL11590	0.15526503	0.035060007	0.11030226	0.6689403	0.030432379	0.6689403	2.0	3
DLBCL10914	0.16167308	0.031339392	0.105864234	0.67016333	0.030959928	0.67016333	0.0	3
DLBCL_LS3245	0.049997766	0.05218071	0.08493066	0.6708468	0.14204405	0.6708468	1.0	3
DLBCL10899	0.12761886	0.03375186	0.063567564	0.6717746	0.103287086	0.6717746	4.0	3
DLBCL_RICOVER_1289	0.168798	0.050347287	0.054084096	0.67200774	0.054762863	0.67200774	4.0	3
DLBCL_LS3200	0.06971645	0.052654866	0.0755299	0.67202085	0.13007794	0.67202085	4.0	3
DLBCL10852	0.12651576	0.03536753	0.07382177	0.6734604	0.09083452	0.6734604	4.0	3
DLBCL_MC_F729_MAN	0.15256049	0.0579801	0.04541431	0.67452276	0.06952234	0.67452276	1.0	3
DLBCL_C_D_1135_NULLPAIR	0.15128827	0.03827651	0.07260906	0.6766132	0.061212942	0.6766132	1.0	3
DLBCL_RICOVER_787	0.16834705	0.0441462	0.04967578	0.6772812	0.0605498	0.6772812	1.0	3
DLBCL11208	0.12260516	0.0693418	0.67786366	0.1149145	0.015274901	0.67786366	1.0	2
DLBCL10858	0.14418463	0.028093005	0.0809505	0.67801076	0.06876112	0.67801076	3.0	3
DLBCL11542	0.11747335	0.038732216	0.08954167	0.68061066	0.07364208	0.68061066	2.0	3
DLBCL11652	0.117033474	0.04651014	0.040648334	0.68065834	0.11514969	0.68065834	0.0	3
DLBCL10514	0.07536652	0.047775384	0.12165364	0.68093264	0.07427181	0.68093264	2.0	3
DLBCL_C_D_1148_NULLPAIR	0.682306	0.018684937	0.06672031	0.197227	0.035061758	0.682306	0.0	0
DLBCL11498	0.09811629	0.05703623	0.12656279	0.682511	0.035773717	0.682511	1.0	3
DLBCL10869	0.12895377	0.025678342	0.073873736	0.68284035	0.08865382	0.68284035	0.0	3
DLBCL11672	0.13916638	0.02930849	0.09095142	0.68299985	0.05757387	0.68299985	2.0	3
DLBCL11539	0.6838548	0.012469031	0.0705555	0.19636142	0.036759242	0.6838548	0.0	0
DLBCL_RICOVER_1329	0.114877746	0.04210574	0.10295312	0.68431795	0.055745475	0.68431795	4.0	3
DLBCL_RICOVER_839	0.15733033	0.043504946	0.062174547	0.68466747	0.052322716	0.68466747	1.0	3
DLBCL_LS1395	0.68578804	0.03802895	0.07933588	0.16732909	0.029518034	0.68578804	2.0	0
DLBCL10964	0.1229223	0.03482182	0.0815343	0.68702394	0.07369766	0.68702394	4.0	3
DLBCL11461	0.2003221	0.029200481	0.043826666	0.68740493	0.03924579	0.68740493	0.0	3
DLBCL10954	0.16157648	0.034817044	0.06931389	0.6876387	0.0466539	0.6876387	1.0	3
DLBCL_RICOVER_1032	0.07647095	0.04741925	0.12073856	0.6878804	0.06749084	0.6878804	4.0	3
DLBCL_C_D_1112_NULLPAIR	0.12288683	0.03504435	0.11181578	0.6891947	0.04105834	0.6891947	2.0	3
DLBCL_LS2154	0.13033248	0.03758994	0.12159127	0.69007033	0.02041595	0.69007033	0.0	3
DLBCL_C_D_1138_NULLPAIR	0.09513236	0.039711677	0.1266835	0.6902586	0.04821384	0.6902586	1.0	3
DLBCL_C_D_PAIR13	0.09517903	0.056660585	0.09534317	0.69156796	0.061249234	0.69156796	4.0	3
DLBCL11430	0.12038504	0.023701426	0.1348527	0.69174105	0.029319758	0.69174105	0.0	3
DLBCL10463	0.11596363	0.04231426	0.057936978	0.6918309	0.09195425	0.6918309	4.0	3
DLBCL10921	0.11083643	0.048653286	0.061384067	0.69199806	0.087128125	0.69199806	4.0	3
DLBC_FF_8043_TP_NB	0.12080251	0.061324995	0.05439958	0.6930233	0.07044961	0.6930233	1.0	3
DLBCL10835	0.11326905	0.039439406	0.0507161	0.69304466	0.103530765	0.69304466	4.0	3
DLBCL10510	0.15219186	0.0324785	0.08917952	0.6936891	0.03246099	0.6936891	1.0	3
DLBC_FF_A7CR_TP_NB	0.093609475	0.027381381	0.08863109	0.69373494	0.09664309	0.69373494	4.0	3
DLBCL11470	0.6949029	0.039357606	0.02951906	0.19093542	0.045285005	0.6949029	0.0	0
DLBCL_C_D_1106_NULLPAIR	0.12717596	0.04555318	0.09548361	0.695566	0.03622125	0.695566	1.0	3
DLBCL11495	0.11198599	0.025887942	0.08418509	0.6956579	0.08228307	0.6956579	4.0	3
DLBCL_LS1668	0.09409818	0.04714108	0.13452505	0.69580954	0.028426139	0.69580954	1.0	3
DLBCL11541	0.69629806	0.0233679	0.055133574	0.18796916	0.03723133	0.69629806	2.0	0
DLBCL10895	0.09533725	0.033382673	0.11897365	0.69697154	0.055334862	0.69697154	4.0	3
DLBCL10916	0.13843629	0.022162033	0.09799734	0.6971036	0.04430073	0.6971036	4.0	3
DLBCL11478	0.12917583	0.038424544	0.104006484	0.6972184	0.031174751	0.6972184	0.0	3
DLBCL11591	0.14894795	0.0431859	0.077942684	0.6977667	0.032156758	0.6977667	1.0	3
DLBCL10871	0.111493126	0.047773343	0.06951679	0.7000278	0.07118895	0.7000278	1.0	3
DLBCL10859	0.16682109	0.035528578	0.047927555	0.7000654	0.04965741	0.7000654	1.0	3
DLBCL10961	0.09082472	0.063746855	0.047080528	0.70214075	0.09620712	0.70214075	4.0	3
DLBCL10873	0.112753615	0.030521508	0.10839294	0.7026514	0.04568055	0.7026514	1.0	3
DLBCL11663	0.14017108	0.025988044	0.048104156	0.70366997	0.08206675	0.70366997	0.0	3
DLBCL_MC_F139_LJF	0.18165936	0.037597407	0.0347348	0.70455515	0.041453287	0.70455515	3.0	3
DLBCL11203	0.11383318	0.050758734	0.06615794	0.7050047	0.06424547	0.7050047	1.0	3
DLBCL10847	0.067154445	0.07347987	0.05365002	0.70657593	0.099139735	0.70657593	4.0	3
DLBCL10978	0.13334386	0.023870729	0.046356834	0.706831	0.08959759	0.706831	3.0	3
DLBCL10836	0.111213975	0.031627424	0.07883835	0.70767426	0.070646	0.70767426	4.0	3
DLBCL_MC_F349_BJJ	0.115085	0.028766533	0.07417166	0.70945543	0.0725214	0.70945543	2.0	3
DLBCL10552	0.14023347	0.024482818	0.09860566	0.7103049	0.026373118	0.7103049	3.0	3
DLBCL11202	0.16146094	0.0394027	0.043334693	0.7107748	0.045026917	0.7107748	0.0	3
DLBCL11500	0.14913334	0.03097574	0.049901176	0.7109354	0.059054356	0.7109354	4.0	3
DLBCL_C_D_1141_NULLPAIR	0.068895824	0.040022425	0.08878777	0.7111048	0.09118915	0.7111048	2.0	3
DLBCL_DFCI_DLBCL_GOE05	0.11834478	0.03483522	0.092737265	0.71121794	0.042864785	0.71121794	1.0	3
DLBCL11534	0.105537705	0.029429594	0.055319864	0.71188414	0.097828686	0.71188414	2.0	3
DLBCL10870	0.09437168	0.043943096	0.06581986	0.7121478	0.08371756	0.7121478	4.0	3
DLBCL10984	0.11982403	0.030725978	0.059576087	0.7135834	0.07629051	0.7135834	4.0	3
DLBCL_LS1098	0.1098329	0.03628281	0.068833336	0.7137756	0.07127537	0.7137756	2.0	3
DLBCL10877	0.14444683	0.0338372	0.038701814	0.7138356	0.06917856	0.7138356	0.0	3
DLBCL11480	0.13851218	0.03539869	0.058564603	0.7140825	0.053442024	0.7140825	0.0	3
DLBCL11680	0.057835408	0.045117404	0.12047484	0.7145143	0.062058035	0.7145143	2.0	3
DLBCL10868	0.10316461	0.031769212	0.054461718	0.7165932	0.094011255	0.7165932	3.0	3
DLBCL10908	0.13643973	0.022795424	0.07915861	0.71665394	0.044952326	0.71665394	4.0	3
DLBCL11536	0.052321002	0.03617032	0.14581752	0.717244	0.048447132	0.717244	3.0	3
DLBCL11443	0.7179645	0.032033894	0.025982311	0.16405998	0.059959337	0.7179645	0.0	0
DLBCL10525	0.71822774	0.025194641	0.032775253	0.16331795	0.060484402	0.71822774	0.0	0
DLBCL11484	0.13809438	0.04120916	0.046769157	0.71962947	0.05429785	0.71962947	1.0	3
DLBCL_LS2367	0.13334613	0.032064073	0.058398902	0.7196779	0.056513004	0.7196779	0.0	3
DLBCL10959	0.1507626	0.026244814	0.06990206	0.7200662	0.03302432	0.7200662	0.0	3
DLBCL11685	0.7227748	0.012723477	0.058127403	0.1706847	0.035689626	0.7227748	2.0	0
DLBCL10853	0.14993207	0.021221992	0.055355925	0.72315854	0.050331473	0.72315854	4.0	3
DLBCL11527	0.14699936	0.024276813	0.07030462	0.7234887	0.034930546	0.7234887	3.0	3
DLBCL10922	0.11176893	0.040186744	0.08765313	0.7251681	0.03522307	0.7251681	1.0	3
DLBCL10986	0.15336795	0.034943704	0.041690957	0.7255313	0.044466127	0.7255313	0.0	3
DLBCL10874	0.063795865	0.05772356	0.08042266	0.7278294	0.07022851	0.7278294	1.0	3
DLBCL10884	0.14143415	0.037610985	0.06173855	0.7280458	0.031170495	0.7280458	0.0	3
DLBCL_RICOVER_985	0.13051322	0.030767087	0.04253992	0.7295832	0.066596545	0.7295832	3.0	3
DLBCL_RICOVER_945	0.12450079	0.032467756	0.06158562	0.73009914	0.051346675	0.73009914	0.0	3
DLBCL11675	0.10723782	0.018872138	0.107697815	0.73083055	0.035361674	0.73083055	2.0	3
DLBCL11441	0.115138344	0.01749801	0.10155265	0.7313885	0.034422457	0.7313885	2.0	3
DLBCL_LS2328	0.10371618	0.040680602	0.06901838	0.73431855	0.0522663	0.73431855	2.0	3
DLBCL_C_D_1131_NULLPAIR	0.10153373	0.04044702	0.0647151	0.73485464	0.0584495	0.73485464	1.0	3
DLBCL10925	0.118017316	0.033894558	0.04869476	0.73511946	0.06427394	0.73511946	4.0	3
DLBCL_RICOVER_120	0.13181421	0.027936514	0.062146846	0.73552483	0.04257761	0.73552483	4.0	3
DLBCL_LS4054	0.11464769	0.020951374	0.07724047	0.7373927	0.049767744	0.7373927	1.0	3
DLBCL11433	0.073452406	0.052881476	0.05530469	0.73782915	0.08053226	0.73782915	3.0	3
DLBCL10930	0.09351207	0.03267827	0.05877996	0.7383611	0.07666861	0.7383611	4.0	3
DLBCL_C_D_1151_NULLPAIR	0.111821905	0.041747198	0.061836634	0.7385256	0.046068616	0.7385256	3.0	3
DLBCL11504	0.106890865	0.028800067	0.042101674	0.73863745	0.08356994	0.73863745	3.0	3
DLBCL_C_D_1115_NULLPAIR	0.10678043	0.053286515	0.055873457	0.739535	0.04452461	0.739535	3.0	3
DLBCL10466	0.102160215	0.02803639	0.056394685	0.7404367	0.072972015	0.7404367	2.0	3
DLBCL11195	0.05385754	0.025530038	0.09746529	0.74099725	0.08214986	0.74099725	4.0	3
DLBCL11448	0.7430222	0.04623284	0.02839686	0.1511146	0.031233497	0.7430222	3.0	0
DLBCL11436	0.14329465	0.03724474	0.036794264	0.74405456	0.03861177	0.74405456	1.0	3
DLBCL10513	0.145268	0.019944431	0.04578027	0.7441268	0.044880502	0.7441268	3.0	3
DLBCL_RICOVER_1046	0.08783702	0.038377427	0.06500717	0.7446674	0.064110994	0.7446674	1.0	3
DLBCL10517	0.09794696	0.03284791	0.061137337	0.7453668	0.06270101	0.7453668	1.0	3
DLBCL10453	0.10961351	0.045124326	0.0551459	0.74569494	0.04442132	0.74569494	1.0	3
DLBCL11677	0.11991735	0.028740175	0.042748332	0.7462806	0.062313512	0.7462806	0.0	3
DLBCL10896	0.10663071	0.036441073	0.036931597	0.7469041	0.07309255	0.7469041	0.0	3
DLBCL11658	0.09260834	0.03206329	0.08647423	0.7474748	0.041379377	0.7474748	3.0	3
DLBCL_RICOVER_338	0.075313315	0.03549154	0.04592635	0.7487256	0.094543226	0.7487256	0.0	3
DLBCL_RICOVER_1081	0.08808944	0.020858975	0.08311083	0.74902624	0.05891454	0.74902624	4.0	3
DLBCL10781	0.09487503	0.031305905	0.074690916	0.7496288	0.049499363	0.7496288	4.0	3
DLBCL10888	0.09105535	0.019847155	0.085847646	0.7499193	0.05333053	0.7499193	4.0	3
DLBCL_RICOVER_1263	0.103338115	0.027161816	0.07406296	0.750667	0.044770144	0.750667	2.0	3
DLBCL11196	0.11238067	0.020662533	0.04987527	0.7512312	0.06585032	0.7512312	3.0	3
DLBCL10924	0.069539696	0.025679858	0.06662323	0.7513076	0.0868496	0.7513076	4.0	3
DLBCL_C_D_1153_NULLPAIR	0.10172869	0.031030323	0.06933825	0.7528613	0.0450414	0.7528613	3.0	3
DLBCL11458	0.07858005	0.028551895	0.07356157	0.75450224	0.06480427	0.75450224	2.0	3
DLBCL10912	0.13083632	0.019594634	0.05993084	0.75456613	0.03507205	0.75456613	0.0	3
DLBCL10844	0.089677855	0.024940656	0.07128216	0.7554362	0.058663156	0.7554362	0.0	3
DLBCL10968	0.10337477	0.045678586	0.03153743	0.7559608	0.06344839	0.7559608	0.0	3
DLBCL_RICOVER_948	0.75620705	0.04109049	0.037290882	0.13223715	0.033174455	0.75620705	1.0	0
DLBCL_LS843	0.066297315	0.023648992	0.09586333	0.7568285	0.057361864	0.7568285	2.0	3
DLBCL10450	0.06919318	0.036431476	0.07463118	0.7577848	0.061959382	0.7577848	0.0	3
DLBCL11187	0.07653423	0.03024588	0.051504113	0.75794524	0.08377055	0.75794524	4.0	3
DLBCL_LS3499	0.06146684	0.016800063	0.080861546	0.7587088	0.0821628	0.7587088	3.0	3
DLBCL10467	0.11314927	0.022346275	0.06352889	0.7589952	0.041980393	0.7589952	4.0	3
DLBCL_RICOVER_221	0.121656604	0.029080354	0.034784704	0.75978935	0.05468897	0.75978935	4.0	3
DLBCL10554	0.120811306	0.026798703	0.07068403	0.7598654	0.021840578	0.7598654	2.0	3
DLBCL11518	0.08655138	0.034666803	0.044645686	0.75991315	0.074223004	0.75991315	2.0	3
DLBCL_LS951	0.088403	0.037478987	0.072567366	0.76103437	0.04051629	0.76103437	0.0	3
DLBCL10459	0.07557344	0.02595412	0.0871396	0.76225257	0.049080264	0.76225257	2.0	3
DLBCL_C_D_1133_NULLPAIR	0.072209336	0.027480295	0.07452337	0.76419854	0.061588474	0.76419854	2.0	3
DLBCL_MC_F362_MJB1	0.7669147	0.04662441	0.0384606	0.1120087	0.03599158	0.7669147	2.0	0
DLBCL_RICOVER_496	0.09216337	0.022081077	0.075818665	0.7670575	0.04287944	0.7670575	1.0	3
DLBCL10456	0.06759664	0.02581098	0.0675449	0.7673114	0.07173612	0.7673114	3.0	3
DLBCL_RICOVER_1269	0.08735957	0.050071843	0.056209862	0.7677428	0.03861592	0.7677428	2.0	3
DLBCL_RICOVER_1150	0.061097316	0.03567532	0.08764827	0.76869214	0.046886962	0.76869214	0.0	3
DLBCL11472	0.0957644	0.032384355	0.06259995	0.7696771	0.039574176	0.7696771	0.0	3
DLBCL10879	0.08919383	0.032805756	0.060877793	0.76994824	0.04717438	0.76994824	2.0	3
DLBCL10932	0.118331075	0.02086512	0.038451187	0.77062136	0.05173123	0.77062136	3.0	3
DLBCL_MC_F739_AMA3	0.07853792	0.024760809	0.061424706	0.7708516	0.06442498	0.7708516	1.0	3
DLBCL11346	0.08538152	0.036143314	0.07254025	0.7710467	0.034888223	0.7710467	1.0	3
DLBCL11204	0.093081474	0.036646422	0.06560718	0.7719902	0.032674726	0.7719902	1.0	3
DLBCL_LS1304	0.054737527	0.027198479	0.11646568	0.7740914	0.027506905	0.7740914	2.0	3
DLBCL11464	0.0877466	0.018586982	0.06671903	0.7742389	0.052708495	0.7742389	3.0	3
DLBCL10541	0.10810449	0.031254616	0.04310024	0.77449983	0.04304083	0.77449983	1.0	3
DLBCL_RICOVER_1210	0.0969639	0.035440356	0.050456602	0.77507573	0.042063437	0.77507573	1.0	3
DLBCL_RICOVER_950	0.10242154	0.030773291	0.041532345	0.7757516	0.04952125	0.7757516	3.0	3
DLBCL_LS297	0.08797683	0.034228384	0.081639774	0.7768904	0.019264642	0.7768904	2.0	3
DLBCL11446	0.096504904	0.030966377	0.06381933	0.77767736	0.031032035	0.77767736	1.0	3
DLBCL_RICOVER_575	0.06641667	0.0319529	0.057310507	0.78043187	0.063888066	0.78043187	3.0	3
DLBCL_DFCI_DLBCL_GOE07	0.095816016	0.026018342	0.06630934	0.7815293	0.030327002	0.7815293	1.0	3
DLBCL_DFCI_DLBCL_GOE16	0.07011592	0.0278211	0.07930163	0.78186464	0.04089668	0.78186464	2.0	3
DLBCL10457	0.093654394	0.036996897	0.053883243	0.78319037	0.032275114	0.78319037	4.0	3
DLBCL_RICOVER_712	0.08681914	0.02362237	0.037384108	0.7864745	0.065699875	0.7864745	4.0	3
DLBCL11538	0.08062058	0.022556903	0.08252095	0.7869866	0.027314993	0.7869866	3.0	3
DLBCL10451	0.7873351	0.017822774	0.06572376	0.085929245	0.04318912	0.7873351	0.0	0
DLBCL_LS1757	0.07335066	0.023831785	0.067303635	0.7881935	0.047320373	0.7881935	0.0	3
DLBCL_C_D_1139_NULLPAIR	0.104368396	0.028537955	0.044985637	0.7884012	0.033706844	0.7884012	3.0	3
DLBCL_RICOVER_1283	0.06271885	0.02902886	0.07233864	0.78889346	0.047020193	0.78889346	2.0	3
DLBCL10971	0.053080235	0.039691612	0.086048834	0.7890779	0.032101456	0.7890779	0.0	3
DLBCL10469	0.09129884	0.02072425	0.04558581	0.7914564	0.05093471	0.7914564	3.0	3
DLBCL_MAYO_DLBCL_3653	0.10661353	0.03094617	0.03581106	0.7917508	0.034878455	0.7917508	0.0	3
DLBCL_RICOVER_773	0.10528979	0.026375635	0.03912075	0.79251456	0.036699276	0.79251456	4.0	3
DLBCL10867	0.06657262	0.034752984	0.068101466	0.7926805	0.037892424	0.7926805	4.0	3
DLBCL10522	0.07007475	0.02047927	0.056901652	0.7933085	0.059235834	0.7933085	2.0	3
DLBCL_RICOVER_258	0.09824733	0.026190275	0.037334926	0.79346526	0.044762205	0.79346526	2.0	3
DLBCL11573	0.0606726	0.029818483	0.05463838	0.79361355	0.061256964	0.79361355	2.0	3
DLBCL11004	0.061253514	0.020008424	0.0453869	0.7947907	0.078560464	0.7947907	4.0	3
DLBCL_RICOVER_1299	0.06031154	0.01886528	0.058021147	0.7960017	0.06680038	0.7960017	4.0	3
DLBCL11435	0.10024153	0.024006648	0.044477057	0.79806304	0.03321174	0.79806304	0.0	3
DLBC_FF_A7CW_TP_NB	0.1007669	0.024614433	0.02926168	0.7994541	0.045902897	0.7994541	4.0	3
DLBCL10544	0.058778774	0.016627688	0.05659631	0.80007035	0.067926906	0.80007035	3.0	3
DLBC_FF_A7CQ_TP_NB	0.05259903	0.018625744	0.06968693	0.8008891	0.058199245	0.8008891	4.0	3
DLBCL11525	0.06904778	0.025359716	0.057120763	0.80149704	0.04697468	0.80149704	2.0	3
DLBCL10881	0.067569494	0.024392534	0.05877114	0.8016577	0.047609136	0.8016577	4.0	3
DLBCL11479	0.04752201	0.031584073	0.08373969	0.8027726	0.034381635	0.8027726	1.0	3
DLBCL10565	0.06620501	0.019541392	0.0804302	0.8029393	0.030884095	0.8029393	3.0	3
DLBCL_LS3820	0.053279594	0.026191536	0.074212335	0.80340165	0.04291488	0.80340165	2.0	3
DLBCL10780	0.09221947	0.026236624	0.05055841	0.803899	0.027086498	0.803899	1.0	3
DLBCL_RICOVER_469	0.08901416	0.01525664	0.05931212	0.8040692	0.03234784	0.8040692	2.0	3
DLBCL10955	0.08284468	0.021250134	0.037730448	0.80547917	0.05269558	0.80547917	3.0	3
DLBCL11474	0.08180735	0.027894191	0.043962445	0.8055768	0.040759206	0.8055768	0.0	3
DLBCL10846	0.097169995	0.023902735	0.040320724	0.80567867	0.03292786	0.80567867	1.0	3
DLBCL10887	0.08809695	0.020197144	0.036913987	0.8061832	0.04860869	0.8061832	4.0	3
DLBCL10876	0.066081986	0.034707937	0.040395528	0.8077323	0.051082272	0.8077323	4.0	3
DLBCL11191	0.09471996	0.020192334	0.04303868	0.8100296	0.032019418	0.8100296	0.0	3
DLBCL10487	0.07934433	0.022103986	0.05922832	0.81251	0.026813345	0.81251	1.0	3
DLBCL10901	0.09143265	0.01854177	0.03915552	0.8130709	0.037799142	0.8130709	4.0	3
DLBCL11437	0.08656465	0.019425813	0.037118327	0.8145916	0.042299636	0.8145916	3.0	3
DLBCL_RICOVER_1190	0.078395486	0.02089836	0.036080122	0.8150037	0.04962232	0.8150037	4.0	3
DLBCL_RICOVER_617	0.08432595	0.021206217	0.039954003	0.8167742	0.03773966	0.8167742	3.0	3
DLBCL11526	0.06505637	0.013990598	0.069124356	0.81784546	0.033983182	0.81784546	2.0	3
DLBCL10863	0.06754482	0.020668728	0.055239983	0.8187304	0.037816036	0.8187304	3.0	3
DLBCL10532	0.04768364	0.022614911	0.0648636	0.8189369	0.04590099	0.8189369	4.0	3
DLBCL_MC_F500_ECU	0.06715436	0.027273633	0.043712292	0.81899685	0.04286284	0.81899685	1.0	3
DLBCL_RICOVER_267	0.048385873	0.020921819	0.07647399	0.82083446	0.033383884	0.82083446	2.0	3
DLBCL10523	0.053211283	0.02783272	0.06888268	0.8211521	0.028921219	0.8211521	2.0	3
DLBCL11681	0.07502662	0.019571006	0.044696584	0.8226871	0.038018685	0.8226871	0.0	3
DLBCL11683	0.066960566	0.034616984	0.042946786	0.82274586	0.032729805	0.82274586	2.0	3
DLBCL10902	0.055085283	0.02463348	0.05296726	0.82382816	0.04348579	0.82382816	4.0	3
DLBCL11469	0.053043693	0.021784965	0.06192745	0.82411146	0.039132454	0.82411146	2.0	3
DLBCL10973	0.056294646	0.03062528	0.044042516	0.82521236	0.043825198	0.82521236	3.0	3
DLBCL10845	0.07119876	0.022881975	0.04489309	0.8256266	0.03539958	0.8256266	1.0	3
DLBCL10833	0.06615735	0.021619635	0.047589596	0.8271232	0.03751021	0.8271232	4.0	3
DLBCL_RICOVER_826	0.08320118	0.018198434	0.043531764	0.8271939	0.027874706	0.8271939	0.0	3
DLBCL11459	0.07968373	0.015704494	0.04186277	0.8283075	0.034441523	0.8283075	3.0	3
DLBCL_RICOVER_1204	0.06941237	0.023509596	0.036459606	0.8299556	0.040662855	0.8299556	4.0	3
DLBCL11460	0.08347789	0.029452037	0.03150521	0.8326045	0.022960337	0.8326045	3.0	3
DLBCL11242	0.053325042	0.019796647	0.044674028	0.8328221	0.049382206	0.8328221	4.0	3
DLBCL10950	0.071180955	0.016101554	0.03360524	0.83287776	0.046234526	0.83287776	0.0	3
DLBCL10486	0.08296213	0.01904497	0.034584038	0.83355725	0.029851593	0.83355725	0.0	3
DLBCL10838	0.07423005	0.01733767	0.037917774	0.83465683	0.035857655	0.83465683	4.0	3
DLBCL11501	0.064098105	0.020601992	0.049309168	0.83517843	0.030812327	0.83517843	0.0	3
DLBCL10907	0.061450895	0.024357093	0.038091127	0.83523756	0.040863343	0.83523756	1.0	3
DLBCL10898	0.051174276	0.024360543	0.031831972	0.8357019	0.056931347	0.8357019	4.0	3
DLBCL11002	0.072558336	0.023106795	0.042473827	0.83834815	0.023512881	0.83834815	3.0	3
DLBCL11431	0.07263229	0.024858832	0.039098732	0.83982563	0.02358453	0.83982563	4.0	3
DLBCL10939	0.060761034	0.024006022	0.044530563	0.84032744	0.03037494	0.84032744	3.0	3
DLBCL_LS2599	0.04223619	0.020105205	0.056022123	0.8403436	0.041292917	0.8403436	2.0	3
DLBCL10547	0.06761577	0.021047723	0.0367298	0.8411716	0.03343511	0.8411716	3.0	3
DLBCL_MC_F210_GWC	0.04749005	0.025465319	0.049999498	0.84333587	0.033709273	0.84333587	1.0	3
DLBCL10782	0.050777826	0.030694764	0.05024894	0.8435954	0.024683062	0.8435954	3.0	3
DLBCL_RICOVER_711	0.054658562	0.025017941	0.055350974	0.8443959	0.02057666	0.8443959	3.0	3
DLBCL_MC_F606_DMJ	0.05394885	0.027256077	0.041164134	0.84453744	0.033093482	0.84453744	2.0	3
DLBCL11523	0.055539787	0.019014413	0.045083936	0.8455178	0.03484403	0.8455178	0.0	3
DLBCL_RICOVER_780	0.06043017	0.02533343	0.044951487	0.84563804	0.023646854	0.84563804	1.0	3
DLBCL11510	0.04950676	0.025848689	0.050997052	0.8469478	0.0266997	0.8469478	4.0	3
DLBCL11564	0.048439953	0.01662157	0.05070717	0.8479376	0.036293708	0.8479376	3.0	3
DLBCL_RICOVER_320	0.047198303	0.027781345	0.037081495	0.84842676	0.03951208	0.84842676	2.0	3
DLBC_FF_8062_TP_NB	0.043469217	0.0246629	0.052465126	0.848515	0.030887756	0.848515	3.0	3
DLBCL10527	0.05902735	0.015949858	0.038364254	0.84857315	0.038085416	0.84857315	3.0	3
DLBCL_RICOVER_977	0.8497272	0.0078055626	0.02809571	0.08003761	0.0343339	0.8497272	0.0	0
DLBCL_C_D_1144_NULLPAIR	0.048124548	0.01497864	0.051736988	0.85103613	0.034123685	0.85103613	4.0	3
DLBCL10927	0.05905081	0.018711042	0.038245004	0.851132	0.03286119	0.851132	3.0	3
DLBCL11468	0.050429355	0.018039461	0.045724906	0.8512722	0.034534056	0.8512722	2.0	3
DLBCL10472	0.044797152	0.017767765	0.055222042	0.8514358	0.030777272	0.8514358	2.0	3
DLBCL10894	0.059651535	0.021413293	0.038791273	0.85257393	0.027569966	0.85257393	0.0	3
DLBCL_C_D_1140_NULLPAIR	0.054619644	0.016057665	0.045475867	0.8544674	0.02937943	0.8544674	4.0	3
DLBCL_MC_F519_ALT	0.06205761	0.019962553	0.034286186	0.85489607	0.028797597	0.85489607	4.0	3
DLBCL_LS2357	0.06500197	0.014869941	0.040154118	0.8553924	0.024581596	0.8553924	3.0	3
DLBCL11194	0.06062627	0.014789634	0.04274809	0.8560449	0.025791103	0.8560449	4.0	3
DLBCL10539	0.049994584	0.018989675	0.031544358	0.8585689	0.040902495	0.8585689	3.0	3
DLBCL_RICOVER_1278	0.05404717	0.019499162	0.030611841	0.86122006	0.03462177	0.86122006	4.0	3
DLBCL11483	0.04894996	0.020089844	0.031439364	0.8619749	0.037545916	0.8619749	1.0	3
DLBCL10515	0.05973447	0.016266393	0.034139886	0.86228675	0.027572488	0.86228675	0.0	3
DLBCL_RICOVER_401	0.044138283	0.018240543	0.04642474	0.8631717	0.028024733	0.8631717	1.0	3
DLBCL10566	0.04588077	0.015708651	0.042616	0.8657589	0.03003571	0.8657589	4.0	3
DLBCL11471	0.049931817	0.02015932	0.034811314	0.8659039	0.029193666	0.8659039	3.0	3
DLBCL11655	0.054976147	0.015733091	0.030056978	0.8665911	0.03264271	0.8665911	3.0	3
DLBCL11466	0.04727085	0.0134403845	0.043969337	0.86750144	0.027817989	0.86750144	1.0	3
DLBCL_C_D_1159_NULLPAIR	0.05075036	0.014557223	0.04227241	0.86876506	0.023654932	0.86876506	3.0	3
DLBCL11535	0.050653547	0.017894827	0.03746432	0.86898977	0.02499753	0.86898977	3.0	3
DLBCL11440	0.046948243	0.016251659	0.036915846	0.8733558	0.026528439	0.8733558	4.0	3
DLBCL10970	0.03918597	0.013322685	0.040220965	0.87465703	0.032613363	0.87465703	3.0	3
DLBCL11462	0.045204256	0.017198833	0.038256727	0.8778126	0.021527583	0.8778126	0.0	3
DLBCL_RICOVER_910	0.043598346	0.01730294	0.036237318	0.8829451	0.019916268	0.8829451	0.0	3
DLBCL_RICOVER_361	0.03983972	0.015514483	0.034948148	0.88641876	0.023278894	0.88641876	3.0	3
DLBCL_RICOVER_151	0.037973706	0.015672078	0.03531569	0.8864367	0.024601813	0.8864367	3.0	3
DLBCL_RICOVER_522	0.03752572	0.015087126	0.03323775	0.89309216	0.021057228	0.89309216	2.0	3
DLBCL10866	0.030635506	0.014945626	0.03246739	0.8935228	0.028428687	0.8935228	4.0	3
DLBCL_RICOVER_1061	0.036603354	0.013817022	0.032903284	0.8944723	0.022204036	0.8944723	3.0	3
DLBCL11496	0.904525	0.010760113	0.025240894	0.04810928	0.011364716	0.904525	0.0	0
DLBCL_RICOVER_1045	0.9653506	0.0038583276	0.0075863996	0.018169595	0.005035066	0.9653506	3.0	0
