	C1	C2	C3	C4	C5	Confidence	True Cluster	Predicted Cluster
DLBCL_C_D_1108_NULLPAIR	0.17330989	0.19427212	0.14097887	0.2756594	0.21577972	0.2756594	1.0	3
DLBCL_RICOVER_467	0.2336842	0.29801595	0.08196931	0.11788462	0.26844594	0.29801595	1.0	1
DLBCL11486	0.30333728	0.045022495	0.21060084	0.25123802	0.18980137	0.30333728	0.0	0
DLBCL10461	0.317411	0.24790485	0.06168866	0.17901264	0.19398282	0.317411	1.0	0
DLBCL_MC_F362_MJB1	0.32579595	0.11094901	0.1387632	0.29205868	0.13243315	0.32579595	2.0	0
DLBCL10950	0.26448658	0.04933502	0.16234772	0.3379533	0.18587738	0.3379533	0.0	3
DLBCL10887	0.30292863	0.021363989	0.09199705	0.24415362	0.33955672	0.33955672	4.0	4
DLBCL11440	0.26068902	0.033164125	0.07445796	0.28823894	0.34344995	0.34344995	4.0	4
DLBCL_RICOVER_506	0.13779527	0.20331265	0.106670044	0.34633923	0.20588282	0.34633923	4.0	3
DLBCL10906	0.2324798	0.04826097	0.29905286	0.34976882	0.070437565	0.34976882	1.0	3
DLBCL_MC_F500_ECU	0.3097956	0.10658487	0.1390261	0.35129693	0.09329653	0.35129693	1.0	3
DLBCL_RICOVER_401	0.102707945	0.25900677	0.2363758	0.35289395	0.04901555	0.35289395	1.0	3
DLBCL_LS2089	0.13166326	0.109714665	0.08854899	0.35553232	0.31454074	0.35553232	1.0	3
DLBCL_MC_F089_HCZ	0.32520378	0.060978387	0.36411855	0.2090589	0.0406404	0.36411855	1.0	2
DLBCL11662	0.31289375	0.039782	0.07706441	0.3652571	0.20500273	0.3652571	0.0	3
DLBCL_RICOVER_744	0.28966522	0.09822324	0.3659335	0.22614633	0.020031696	0.3659335	2.0	2
DLBCL10910	0.3681136	0.033460863	0.23400418	0.30681068	0.057610657	0.3681136	2.0	0
DLBCL10536	0.2611091	0.085497655	0.12535599	0.37001318	0.15802403	0.37001318	2.0	3
DLBCL10996	0.37332085	0.035163637	0.03289303	0.3171281	0.24149442	0.37332085	0.0	0
DLBCL10837	0.37341148	0.07884929	0.14632247	0.31199673	0.08942003	0.37341148	4.0	0
DLBCL10878	0.1267294	0.07520987	0.093173936	0.37520906	0.32967773	0.37520906	4.0	3
DLBCL_C_D_1141_NULLPAIR	0.31218514	0.050692335	0.076237686	0.376719	0.18416585	0.376719	2.0	3
DLBCL_LS762	0.3782546	0.043888833	0.10751418	0.3033204	0.16702199	0.3782546	2.0	0
DLBCL_RICOVER_977	0.37870398	0.031663407	0.22863585	0.3306029	0.030393854	0.37870398	0.0	0
DLBCL11478	0.32690397	0.053323947	0.18117057	0.3802073	0.05839422	0.3802073	0.0	3
DLBCL10870	0.24993652	0.10598694	0.38175598	0.15791452	0.104406044	0.38175598	4.0	2
DLBCL11565	0.2709625	0.17263302	0.08505964	0.38238844	0.08895639	0.38238844	1.0	3
DLBCL_LS146	0.2118911	0.08496782	0.2120055	0.38297805	0.10815753	0.38297805	1.0	3
DLBCL11663	0.18253055	0.026282454	0.07385025	0.3285841	0.38875264	0.38875264	0.0	4
DLBCL_C_D_1149_NULLPAIR	0.3923695	0.13795802	0.09051087	0.24291953	0.13624206	0.3923695	1.0	0
DLBCL10916	0.32428506	0.091411695	0.13703468	0.3953679	0.05190065	0.3953679	4.0	3
DLBCL10917	0.32119775	0.16920525	0.05500971	0.3958704	0.058716916	0.3958704	1.0	3
DLBCL_RICOVER_1219	0.11957693	0.13799469	0.11756942	0.22887261	0.39598635	0.39598635	4.0	4
DLBCL_C_D_1119_NULLPAIR	0.24420927	0.15110134	0.084655724	0.39784202	0.12219163	0.39784202	1.0	3
DLBCL_MC_F502_RFK	0.2280296	0.09711842	0.19018754	0.3978566	0.08680784	0.3978566	1.0	3
DLBCL10990	0.30934918	0.03996199	0.041599553	0.39933017	0.2097591	0.39933017	4.0	3
DLBC_FF_8046_TP_NB	0.22650036	0.1264276	0.19870701	0.4029499	0.045415133	0.4029499	2.0	3
DLBCL_C_D_1118_NULLPAIR	0.4030775	0.049201947	0.10157351	0.30626547	0.13988157	0.4030775	1.0	0
DLBCL_RICOVER_1032	0.097155936	0.19174473	0.22890097	0.4046387	0.07755966	0.4046387	4.0	3
DLBCL_LS2208	0.32290232	0.03379503	0.07387039	0.4058624	0.16356987	0.4058624	4.0	3
DLBCL_RICOVER_1248	0.3314116	0.08333704	0.063503906	0.41443104	0.10731643	0.41443104	4.0	3
DLBCL11476	0.3742071	0.06364338	0.059346557	0.41588658	0.08691639	0.41588658	4.0	3
DLBCL10530	0.32993764	0.10792589	0.05173948	0.09226873	0.41812828	0.41812828	4.0	4
DLBCL_C_D_1136_NULLPAIR	0.31351522	0.16505384	0.055725943	0.4186711	0.04703389	0.4186711	1.0	3
DLBCL11469	0.26955524	0.032869093	0.15939905	0.4186776	0.11949903	0.4186776	2.0	3
DLBCL_RICOVER_850	0.3196133	0.039877422	0.11451724	0.4196671	0.10632493	0.4196671	4.0	3
DLBCL_RICOVER_299	0.08519633	0.14999703	0.15907936	0.41990817	0.18581912	0.41990817	1.0	3
DLBCL_LS1065	0.3299947	0.067842536	0.09585485	0.4208691	0.08543879	0.4208691	1.0	3
DLBCL10959	0.4215863	0.03793866	0.11800309	0.23620741	0.18626453	0.4215863	0.0	0
DLBCL10845	0.4242619	0.09578363	0.06827671	0.36971244	0.04196532	0.4242619	1.0	0
DLBCL10529	0.30663842	0.05887869	0.09125886	0.43094185	0.112282164	0.43094185	4.0	3
DFCIDL003_DT	0.43126297	0.1909219	0.066667125	0.23621415	0.07493385	0.43126297	1.0	0
DLBCL11569	0.43159124	0.0469106	0.25169456	0.2337733	0.036030315	0.43159124	2.0	0
DLBCL10503	0.34588057	0.04432861	0.04589013	0.43159252	0.13230817	0.43159252	1.0	3
DLBCL11685	0.20058271	0.034032553	0.2626408	0.43236816	0.07037576	0.43236816	2.0	3
DLBCL10951	0.3615027	0.04888535	0.05684646	0.4334943	0.09927119	0.4334943	4.0	3
DLBCL_RICOVER_478	0.43779442	0.03124667	0.19151753	0.29283303	0.046608366	0.43779442	1.0	0
DLBCL10856	0.20858997	0.08709463	0.20662212	0.4389983	0.05869496	0.4389983	2.0	3
DLBCL_LS3749	0.44119123	0.14998215	0.04601911	0.31313944	0.049668055	0.44119123	1.0	0
DLBCL10847	0.33262962	0.075980864	0.060354836	0.44188643	0.08914825	0.44188643	4.0	3
DLBCL_RICOVER_533	0.4419583	0.04988649	0.12014808	0.29634497	0.09166216	0.4419583	1.0	0
DLBCL_RICOVER_174	0.24479513	0.16433485	0.070510045	0.44207814	0.07828185	0.44207814	1.0	3
DLBCL10876	0.32187617	0.06476832	0.06415913	0.44357252	0.105623856	0.44357252	4.0	3
DLBCL10883	0.44409338	0.080061525	0.08577144	0.28212503	0.107948646	0.44409338	4.0	0
DLBCL11511	0.44447404	0.015018623	0.05819365	0.37752178	0.10479191	0.44447404	0.0	0
DLBCL11454	0.33826625	0.054544922	0.060828585	0.44495556	0.10140469	0.44495556	0.0	3
DLBCL_RICOVER_111	0.376534	0.08222823	0.04618722	0.44504172	0.05000885	0.44504172	4.0	3
DLBCL11670	0.13321833	0.040159892	0.32251558	0.44544315	0.05866304	0.44544315	2.0	3
DLBCL_LS2367	0.4454592	0.07214819	0.05514663	0.35990176	0.06734425	0.4454592	0.0	0
DLBCL11558	0.34699008	0.027357351	0.08586042	0.44556463	0.09422751	0.44556463	2.0	3
DLBCL11535	0.26711634	0.09165898	0.09999356	0.4477679	0.093463205	0.4477679	3.0	3
DLBCL10482	0.44864312	0.054986868	0.035469327	0.306238	0.15466268	0.44864312	0.0	0
DLBCL11509	0.45037332	0.05922194	0.2671084	0.2023968	0.020899517	0.45037332	0.0	0
DLBCL_C_D_PAIR13	0.1451295	0.04543909	0.13861555	0.45320007	0.2176158	0.45320007	4.0	3
DLBCL10928	0.37598073	0.026522273	0.091712885	0.45734474	0.048439354	0.45734474	0.0	3
DLBCL_RICOVER_1190	0.37199616	0.030592114	0.059854656	0.45893976	0.078617305	0.45893976	4.0	3
DLBCL10452	0.33544752	0.038902543	0.12227547	0.45909795	0.044276536	0.45909795	1.0	3
DLBCL_LS378	0.45964912	0.03999195	0.067767784	0.33524388	0.09734726	0.45964912	0.0	0
DLBCL10450	0.2842957	0.0848522	0.06292751	0.46014306	0.10778155	0.46014306	0.0	3
DLBCL11574	0.46062955	0.036702055	0.06323412	0.40502557	0.034408677	0.46062955	2.0	0
DLBCL_LS3245	0.37681168	0.06833452	0.05407693	0.46173686	0.039039984	0.46173686	1.0	3
DLBCL10488	0.36590993	0.042879622	0.07232047	0.46208104	0.056808945	0.46208104	0.0	3
DLBCL_C_D_1105_NULLPAIR	0.46253046	0.039379105	0.07991092	0.358341	0.0598385	0.46253046	1.0	0
DLBCL10550	0.06269997	0.024710223	0.07792524	0.37183487	0.46282968	0.46282968	4.0	4
DLBCL11537	0.35042506	0.022122791	0.052031416	0.4653749	0.11004582	0.4653749	0.0	3
DLBCL11507	0.26300398	0.115821786	0.06885837	0.46584934	0.08646653	0.46584934	1.0	3
DLBCL10903	0.105689816	0.079108015	0.4664521	0.2715483	0.07720176	0.4664521	1.0	2
DLBCL11672	0.34032744	0.019923683	0.120324105	0.46666336	0.052761417	0.46666336	2.0	3
DLBCL_MC_F519_ALT	0.08987678	0.06986681	0.3322799	0.4680311	0.03994539	0.4680311	4.0	3
DLBCL11667	0.46839583	0.06130106	0.21205573	0.2056993	0.05254808	0.46839583	2.0	0
DLBCL_RICOVER_1150	0.31728828	0.053529974	0.043390755	0.47146693	0.11432407	0.47146693	0.0	3
DLBCL10987	0.47298127	0.12168621	0.048326492	0.18085799	0.17614806	0.47298127	4.0	0
DLBCL11188	0.47500092	0.057208374	0.071469545	0.362631	0.03369018	0.47500092	1.0	0
DLBCL_LS2245	0.4764791	0.05780343	0.07949324	0.33692315	0.049301084	0.4764791	1.0	0
DLBCL11513	0.28192556	0.060221434	0.090237394	0.47816804	0.08944756	0.47816804	4.0	3
DLBCL10907	0.48015416	0.03651991	0.07015114	0.37378734	0.03938743	0.48015416	1.0	0
DLBCL11462	0.3248291	0.028403759	0.04934128	0.4803989	0.117026985	0.4803989	0.0	3
DLBCL_RICOVER_134	0.16894801	0.052120507	0.0653709	0.48060888	0.23295172	0.48060888	4.0	3
DLBCL11450	0.28385866	0.03190749	0.14091776	0.4810756	0.06224049	0.4810756	4.0	3
DLBCL10975	0.3536356	0.02880124	0.06120143	0.48166862	0.074693084	0.48166862	0.0	3
DLBCL10971	0.32461002	0.068156734	0.080489144	0.48229757	0.044446543	0.48229757	0.0	3
DLBCL10854	0.26583263	0.02221189	0.16056184	0.48251194	0.068881676	0.48251194	4.0	3
DLBCL_RICOVER_1106	0.4854118	0.07442093	0.033091195	0.34267828	0.06439782	0.4854118	4.0	0
DLBCL11205	0.23328589	0.06785021	0.16979907	0.48628637	0.042778466	0.48628637	0.0	3
DLBCL10955	0.4868595	0.06388631	0.06726376	0.2478017	0.13418874	0.4868595	3.0	0
DLBCL11528	0.29281655	0.05058573	0.07012853	0.48687842	0.09959075	0.48687842	2.0	3
DLBCL11541	0.3159073	0.053163894	0.09407961	0.4893552	0.04749398	0.4893552	2.0	3
DLBCL11488	0.36932757	0.02065181	0.060931794	0.4904827	0.058606144	0.4904827	0.0	3
DLBCL_LS155	0.34371373	0.017576676	0.11132215	0.49116862	0.036218822	0.49116862	2.0	3
DLBCL11581	0.3675159	0.0291621	0.061002888	0.49152276	0.050796364	0.49152276	4.0	3
DLBCL11495	0.49209094	0.031299733	0.03337727	0.3742368	0.068995275	0.49209094	4.0	0
DLBCL11671	0.27910507	0.06759926	0.11814166	0.49240407	0.042749938	0.49240407	0.0	3
DLBCL10514	0.34818667	0.034765337	0.07243196	0.4928719	0.051744122	0.4928719	2.0	3
DLBCL10983	0.23521613	0.044360172	0.06366291	0.4935609	0.16319987	0.4935609	1.0	3
DLBCL_RICOVER_1269	0.1572871	0.055150453	0.13665174	0.49362153	0.15728915	0.49362153	2.0	3
DLBCL_LS3809	0.2790334	0.01732136	0.097195774	0.49405575	0.112393714	0.49405575	0.0	3
DLBCL11468	0.06508709	0.07422578	0.49452066	0.33069873	0.035467763	0.49452066	2.0	2
DLBCL10464	0.119488604	0.0634188	0.16049622	0.4945924	0.16200396	0.4945924	2.0	3
DLBCL_RICOVER_720	0.4946458	0.059590183	0.046555534	0.19833678	0.20087169	0.4946458	4.0	0
DLBCL_C_D_1140_NULLPAIR	0.055622872	0.068853594	0.33617932	0.4948959	0.04444832	0.4948959	4.0	3
DLBCL10850	0.13748018	0.092202954	0.078703746	0.49506462	0.19654848	0.49506462	1.0	3
DLBCL_LS297	0.49582583	0.028501455	0.19049841	0.25656098	0.02861332	0.49582583	2.0	0
DLBCL10853	0.14912102	0.065639496	0.06386897	0.49800053	0.22336999	0.49800053	4.0	3
DLBCL11498	0.29961067	0.05918307	0.09406968	0.5008592	0.046277408	0.5008592	1.0	3
DLBCL_BWH_DLBCL64	0.29852557	0.04943837	0.12488255	0.5010334	0.026120096	0.5010334	3.0	3
DLBCL10836	0.50124323	0.053040292	0.046815567	0.3287317	0.070169225	0.50124323	4.0	0
DLBCL_C_D_1156_NULLPAIR	0.5012793	0.053533267	0.09574848	0.30945927	0.039979704	0.5012793	0.0	0
DLBCL_RICOVER_253	0.27988967	0.07414459	0.06020433	0.5015241	0.0842373	0.5015241	1.0	3
DLBCL10471	0.1718689	0.0739136	0.058970496	0.50440156	0.19084543	0.50440156	4.0	3
DLBCL10457	0.15344262	0.07551035	0.18691945	0.5068591	0.07726848	0.5068591	4.0	3
DLBCL_RICOVER_787	0.50816065	0.023043625	0.08537268	0.33925492	0.044168126	0.50816065	1.0	0
DLBCL10862	0.5084342	0.04489303	0.074376605	0.31069636	0.061599802	0.5084342	4.0	0
DLBCL10522	0.28742144	0.09935456	0.0698766	0.5088366	0.034510806	0.5088366	2.0	3
DFCIDL010_DT	0.5090948	0.039431147	0.03317621	0.37010255	0.04819528	0.5090948	0.0	0
DLBCL10513	0.14949718	0.142555	0.15170601	0.51099336	0.045248456	0.51099336	3.0	3
DLBCL10512	0.13254029	0.052462436	0.24451667	0.511188	0.05929263	0.511188	2.0	3
DLBCL_C_D_1117_NULLPAIR	0.30142716	0.07732364	0.06140831	0.5133444	0.04649648	0.5133444	1.0	3
DLBCL10925	0.515265	0.05420549	0.032893892	0.28560615	0.112029485	0.515265	4.0	0
DLBCL11523	0.2577652	0.035553247	0.08096082	0.51610935	0.1096114	0.51610935	0.0	3
DLBCL10871	0.51654166	0.073227815	0.12339467	0.25359794	0.033237934	0.51654166	1.0	0
DLBCL_RICOVER_948	0.31285056	0.038186815	0.09056631	0.5170097	0.041386656	0.5170097	1.0	3
DLBCL11443	0.51711214	0.047063656	0.06133547	0.32317907	0.051309712	0.51711214	0.0	0
DLBCL_MAYO_DLBCL_234	0.28912815	0.02069438	0.12631778	0.5207608	0.04309889	0.5207608	2.0	3
DLBCL10957	0.27234158	0.041679677	0.111087985	0.5243839	0.050506864	0.5243839	0.0	3
DLBCL11456	0.13898967	0.082714535	0.07699723	0.5249296	0.17636897	0.5249296	1.0	3
DLBC_FF_8062_TP_NB	0.10616323	0.05797252	0.1328485	0.52551836	0.17749737	0.52551836	3.0	3
DLBCL10498	0.12269313	0.09264033	0.22456492	0.5257034	0.034398254	0.5257034	2.0	3
DLBCL10896	0.5257372	0.022532564	0.1132267	0.26197094	0.07653258	0.5257372	0.0	0
DLBCL10873	0.5266002	0.05956958	0.054901183	0.30012316	0.058805924	0.5266002	1.0	0
DLBCL11001	0.19116291	0.038397793	0.07741127	0.52734745	0.16568054	0.52734745	4.0	3
DLBCL10875	0.18624976	0.038592756	0.22660868	0.5273824	0.02116642	0.5273824	0.0	3
DLBCL_LS843	0.30713344	0.03277356	0.057321183	0.5278881	0.07488374	0.5278881	2.0	3
DLBCL10532	0.528704	0.058975484	0.07341011	0.27288115	0.06602925	0.528704	4.0	0
DLBCL11439	0.26894665	0.031135036	0.065127306	0.5288217	0.10596932	0.5288217	2.0	3
DLBCL_LS2325	0.24074331	0.033965226	0.108367674	0.53215295	0.08477084	0.53215295	2.0	3
DLBCL_C_D_1130_NULLPAIR	0.5325009	0.039877087	0.04782921	0.29207075	0.08772205	0.5325009	0.0	0
DLBCL11538	0.5348374	0.018911926	0.11188744	0.2932668	0.041096408	0.5348374	3.0	0
DLBCL10554	0.21362184	0.024617983	0.18101202	0.5350511	0.045697026	0.5350511	2.0	3
DLBCL10945	0.53551716	0.056971762	0.025265856	0.3423242	0.039921034	0.53551716	0.0	0
DLBCL10834	0.18485735	0.15944216	0.06380173	0.53597176	0.05592702	0.53597176	1.0	3
DLBCL11187	0.2875365	0.029141683	0.04028728	0.5373528	0.10568171	0.5373528	4.0	3
DLBCL10869	0.20255512	0.05602815	0.1524715	0.5381628	0.050782412	0.5381628	0.0	3
DLBCL10993	0.15243931	0.034413733	0.06979182	0.5411437	0.2022114	0.5411437	0.0	3
DLBCL_LS1668	0.26898643	0.060205482	0.06171034	0.54173595	0.06736181	0.54173595	1.0	3
DLBCL11590	0.2805014	0.046902876	0.078047015	0.54260993	0.051938783	0.54260993	2.0	3
DLBCL_RICOVER_1060	0.3360536	0.024353515	0.051196948	0.542811	0.04558494	0.542811	1.0	3
DLBCL11500	0.18991287	0.05593355	0.07741502	0.5437341	0.13300449	0.5437341	4.0	3
DLBCL10860	0.037909444	0.075838596	0.0955802	0.5444962	0.24617557	0.5444962	4.0	3
DLBCL11679	0.547343	0.09907125	0.062184215	0.25893044	0.03247108	0.547343	1.0	0
DLBCL_LS1683	0.094849296	0.08576655	0.148918	0.54736495	0.12310119	0.54736495	1.0	3
DLBCL10997	0.24530391	0.075424105	0.054744545	0.5478557	0.076671764	0.5478557	0.0	3
DLBCL11520	0.24863033	0.022590984	0.10250235	0.5487565	0.077519834	0.5487565	0.0	3
DLBCL_MC_F132_MLM	0.5488845	0.032437466	0.043808054	0.24636154	0.12850845	0.5488845	0.0	0
DLBCL11002	0.18557078	0.041156445	0.107364684	0.55236244	0.11354568	0.55236244	3.0	3
DLBCL10864	0.14052926	0.035091776	0.06919275	0.55245644	0.20272975	0.55245644	4.0	3
DLBCL11677	0.554375	0.015120108	0.060418695	0.3355936	0.034492623	0.554375	0.0	0
DLBCL11446	0.3273856	0.037208553	0.04901699	0.5562826	0.030106252	0.5562826	1.0	3
DLBCL10967	0.21729243	0.052559603	0.06976088	0.55628437	0.10410272	0.55628437	4.0	3
DLBCL_LS3200	0.07126174	0.09535941	0.06530979	0.5583361	0.209733	0.5583361	4.0	3
DLBCL11194	0.20984152	0.029692208	0.072824925	0.5611518	0.12648956	0.5611518	4.0	3
DLBCL10966	0.56170416	0.11242469	0.1465904	0.114753515	0.06452726	0.56170416	0.0	0
DLBCL11428	0.13326143	0.07197049	0.19007467	0.56205076	0.042642634	0.56205076	2.0	3
DLBCL_RICOVER_1289	0.1806666	0.023765631	0.13479729	0.5625567	0.098213784	0.5625567	4.0	3
DLBCL11429	0.25365648	0.021986203	0.07952079	0.5634124	0.08142408	0.5634124	0.0	3
DLBCL_RICOVER_1329	0.117114596	0.06499024	0.12864321	0.5643008	0.124951154	0.5643008	4.0	3
DLBCL_MAYO_DLBCL_7359	0.56516796	0.14154834	0.06311839	0.18297821	0.047187097	0.56516796	1.0	0
DLBCL_RICOVER_1192	0.15862043	0.059228174	0.10333105	0.56749284	0.11132747	0.56749284	4.0	3
DLBCL_LS1098	0.06299158	0.046048414	0.18682338	0.5687084	0.13542818	0.5687084	2.0	3
DLBCL11657	0.19802502	0.03588366	0.16794461	0.5696905	0.028456176	0.5696905	3.0	3
DLBCL11435	0.57070667	0.04615343	0.04418621	0.2723007	0.066653036	0.57070667	0.0	0
DLBCL_RICOVER_1081	0.1415437	0.037231453	0.053635344	0.57084996	0.19673955	0.57084996	4.0	3
DLBCL_DFCI_DLBCL_GOE16	0.12118992	0.03091016	0.174073	0.5730677	0.10075921	0.5730677	2.0	3
DLBCL_C_D_1125_NULLPAIR	0.076261945	0.04230131	0.12322889	0.5735398	0.18466803	0.5735398	4.0	3
DLBCL_LS1757	0.5737435	0.033406764	0.041571118	0.30472896	0.046549644	0.5737435	0.0	0
DLBCL10487	0.20505334	0.06906415	0.11443002	0.5746235	0.03682896	0.5746235	1.0	3
DLBCL_RICOVER_712	0.0532212	0.070790775	0.109014906	0.5754103	0.1915628	0.5754103	4.0	3
DLBCL10913	0.5759582	0.03347466	0.037309367	0.26597336	0.08728441	0.5759582	0.0	0
DLBCL10521	0.11908265	0.0774244	0.062571816	0.57765996	0.16326116	0.57765996	4.0	3
DLBCL10483	0.1930794	0.06701733	0.07868453	0.57827187	0.08294685	0.57827187	1.0	3
DLBCL_MAYO_DLBCL_3653	0.09828027	0.03437356	0.25099736	0.5787203	0.03762853	0.5787203	0.0	3
DLBCL_C_D_1128_NULLPAIR	0.26599413	0.048224468	0.05007206	0.58054364	0.055165738	0.58054364	0.0	3
DLBCL10963	0.21344593	0.061039656	0.09691842	0.5806201	0.04797586	0.5806201	4.0	3
DFCIDL008_DT	0.08735602	0.0626643	0.2014546	0.5827103	0.06581473	0.5827103	4.0	3
DLBCL10894	0.5834125	0.05686371	0.08444926	0.24157248	0.033702023	0.5834125	0.0	0
DLBCL_RICOVER_338	0.25333706	0.03631918	0.06549799	0.58352757	0.061318237	0.58352757	0.0	3
DLBCL_LS2599	0.06735441	0.032159872	0.28884155	0.5836777	0.027966492	0.5836777	2.0	3
DLBCL11191	0.18496266	0.025162192	0.15320149	0.5851357	0.051537983	0.5851357	0.0	3
DLBCL10465	0.15850277	0.024069747	0.20720509	0.5855831	0.024639284	0.5855831	2.0	3
DLBCL10995	0.5859553	0.039723992	0.023858594	0.2739755	0.07648657	0.5859553	2.0	0
DLBCL_MC_F927_JHS	0.1741711	0.03622873	0.14581381	0.5864063	0.05738009	0.5864063	4.0	3
DLBCL_C_D_1157_NULLPAIR	0.16861893	0.05547224	0.13895851	0.58680326	0.050147083	0.58680326	2.0	3
DLBCL10877	0.23909196	0.046806313	0.058531817	0.5875462	0.0680237	0.5875462	0.0	3
DLBCL10451	0.22810797	0.04386222	0.07853796	0.5903196	0.059172295	0.5903196	0.0	3
DLBCL_C_D_1123_NULLPAIR	0.18405376	0.03598817	0.1566858	0.5906339	0.03263834	0.5906339	0.0	3
DLBCL_RICOVER_780	0.22650741	0.058360066	0.08353327	0.5912253	0.04037395	0.5912253	1.0	3
DLBCL11683	0.19519982	0.025894163	0.15510193	0.59142375	0.032380342	0.59142375	2.0	3
DLBCL_LS4054	0.0797589	0.09961118	0.098529786	0.59315103	0.12894912	0.59315103	1.0	3
DLBCL11516	0.20947812	0.07252375	0.059221737	0.59449756	0.06427882	0.59449756	1.0	3
DLBCL11533	0.59536576	0.09113608	0.056825876	0.21150142	0.045170862	0.59536576	1.0	0
DLBCL_C_D_1153_NULLPAIR	0.24557556	0.040887214	0.05508675	0.59548956	0.06296088	0.59548956	3.0	3
DLBCL10986	0.27667516	0.039165255	0.06138684	0.59632266	0.026450086	0.59632266	0.0	3
DLBCL10934	0.21347147	0.067151845	0.034684617	0.59678084	0.0879112	0.59678084	1.0	3
DLBCL10781	0.21965478	0.026748056	0.060575508	0.5970144	0.09600724	0.5970144	4.0	3
DLBCL11474	0.5970693	0.036566	0.02205318	0.28260952	0.061701994	0.5970693	0.0	0
DLBCL11526	0.21166168	0.044139817	0.11224543	0.5994128	0.032540277	0.5994128	2.0	3
DLBCL10833	0.10695195	0.06722102	0.087759204	0.5996493	0.1384185	0.5996493	4.0	3
DLBCL10921	0.11748828	0.06338085	0.07560694	0.601313	0.14221096	0.601313	4.0	3
DLBCL_LS2590	0.09219399	0.047244668	0.055622425	0.6021088	0.2028301	0.6021088	3.0	3
DLBCL_RICOVER_267	0.07396985	0.035592355	0.20966172	0.6039408	0.076835275	0.6039408	2.0	3
DLBCL_RICOVER_910	0.1520355	0.05675049	0.1475283	0.60456043	0.039125256	0.60456043	0.0	3
DLBCL10897	0.6063961	0.034280334	0.046472106	0.24170865	0.0711428	0.6063961	0.0	0
DLBCL10484	0.058887586	0.073226675	0.11663699	0.6068515	0.14439724	0.6068515	1.0	3
DLBCL10838	0.13581543	0.04240216	0.07968176	0.60687184	0.13522878	0.60687184	4.0	3
DLBCL11669	0.22951998	0.037294123	0.084527075	0.6110704	0.037588444	0.6110704	2.0	3
DLBCL10835	0.17822647	0.07778438	0.050941758	0.6128316	0.08021578	0.6128316	4.0	3
DLBCL10849	0.21030714	0.075151056	0.03895373	0.61308694	0.06250117	0.61308694	1.0	3
DLBCL_RICOVER_826	0.6154862	0.034313653	0.030484952	0.28081292	0.03890229	0.6154862	0.0	0
DLBCL_C_D_1163_NULLPAIR	0.11113844	0.044709764	0.032455135	0.61552423	0.1961724	0.61552423	4.0	3
DLBCL_C_D_1131_NULLPAIR	0.21709666	0.061532807	0.06083673	0.61574376	0.044790033	0.61574376	1.0	3
DLBCL11432	0.61668116	0.022537772	0.101413526	0.2266269	0.03274065	0.61668116	0.0	0
DLBCL10930	0.13922761	0.03313117	0.04766038	0.6180225	0.16195832	0.6180225	4.0	3
DLBCL_MC_F815_BAT	0.11655575	0.045150712	0.119840905	0.6200682	0.09838444	0.6200682	2.0	3
DLBCL11457	0.62009966	0.026749158	0.03971119	0.27159554	0.04184444	0.62009966	0.0	0
DLBCL11566	0.1447273	0.06429647	0.13767089	0.62048095	0.032824356	0.62048095	2.0	3
DLBCL10509	0.19329894	0.025717491	0.06635757	0.62087774	0.09374826	0.62087774	0.0	3
DLBCL10965	0.17715849	0.028523799	0.09372456	0.6223833	0.07820985	0.6223833	3.0	3
DLBCL_MC_F606_DMJ	0.033655893	0.08056567	0.15154454	0.6235324	0.1107015	0.6235324	2.0	3
DLBCL_RICOVER_320	0.22380394	0.05123409	0.069165826	0.62403035	0.03176578	0.62403035	2.0	3
DLBCL10885	0.20147586	0.038532935	0.05910374	0.6254965	0.075390965	0.6254965	1.0	3
DLBCL10466	0.0327699	0.05760929	0.1539931	0.62696224	0.12866545	0.62696224	2.0	3
DLBCL11539	0.62708706	0.018726915	0.06853053	0.25634253	0.029312994	0.62708706	0.0	0
DLBCL10490	0.22070347	0.068011776	0.041675303	0.62729377	0.04231567	0.62729377	0.0	3
DLBCL_RICOVER_678	0.22782722	0.06172266	0.044980936	0.6280826	0.03738659	0.6280826	1.0	3
DLBCL_RICOVER_577	0.079847634	0.036461893	0.21578088	0.6302365	0.037673093	0.6302365	2.0	3
DLBCL10492	0.14743215	0.036210835	0.036686096	0.63050216	0.14916876	0.63050216	0.0	3
DLBCL10900	0.12257928	0.04357582	0.044936255	0.63080335	0.15810533	0.63080335	4.0	3
DLBCL10491	0.18289924	0.04362351	0.050893277	0.63158447	0.090999484	0.63158447	3.0	3
DLBCL_C_D_1148_NULLPAIR	0.6316549	0.025266878	0.035573885	0.28525063	0.022253666	0.6316549	0.0	0
DLBCL10935	0.21298008	0.059173357	0.045856457	0.6318663	0.050123807	0.6318663	0.0	3
DLBCL10515	0.16935341	0.030862194	0.07837954	0.63375235	0.08765248	0.63375235	0.0	3
DLBCL10555	0.19204265	0.047490057	0.09485138	0.63418794	0.031428006	0.63418794	2.0	3
DLBCL10486	0.636024	0.013508624	0.0699988	0.18444979	0.09601877	0.636024	0.0	0
DLBCL_DFCI_DLBCL_GOE07	0.16247699	0.06617979	0.06784335	0.6371119	0.066387974	0.6371119	1.0	3
DLBCL11204	0.1647493	0.048065737	0.06947941	0.63764185	0.08006368	0.63764185	1.0	3
DLBCL10901	0.18120153	0.031742465	0.09217256	0.6378964	0.056987025	0.6378964	4.0	3
DLBCL11480	0.17633682	0.047114212	0.09786949	0.6380663	0.040613182	0.6380663	0.0	3
DLBCL11678	0.14952345	0.027278261	0.1209226	0.6385646	0.06371111	0.6385646	3.0	3
DLBCL_C_D_1133_NULLPAIR	0.07054792	0.04760058	0.19215459	0.63947237	0.05022456	0.63947237	2.0	3
DLBCL11481	0.22549364	0.04122564	0.048636034	0.6402957	0.044348996	0.6402957	0.0	3
DLBCL_RICOVER_258	0.07892798	0.027310062	0.1682016	0.6410578	0.08450261	0.6410578	2.0	3
DLBC_FF_A7CR_TP_NB	0.17082685	0.041937646	0.08079053	0.6411526	0.06529236	0.6411526	4.0	3
DLBCL_C_D_1166_NULLPAIR	0.07339328	0.07963354	0.08063732	0.12476458	0.6415713	0.6415713	4.0	4
DLBC_FF_8043_TP_NB	0.036430907	0.093570076	0.13835451	0.64163214	0.090012394	0.64163214	1.0	3
DLBCL11656	0.11053156	0.026319206	0.16173775	0.6430323	0.05837918	0.6430323	2.0	3
DLBCL_LS2154	0.22060338	0.031248217	0.067939356	0.64317065	0.037038386	0.64317065	0.0	3
DLBCL10890	0.12161019	0.036240052	0.13583757	0.6435434	0.062768765	0.6435434	4.0	3
DLBCL10469	0.21505852	0.025060046	0.05239519	0.6437781	0.063708134	0.6437781	3.0	3
DLBCL10843	0.16909422	0.030722877	0.10025421	0.6448898	0.05503891	0.6448898	0.0	3
DLBCL10881	0.19348547	0.019065745	0.08540763	0.6490669	0.052974243	0.6490669	4.0	3
DLBCL10924	0.13849239	0.039378222	0.06819115	0.64999557	0.10394268	0.64999557	4.0	3
DLBCL10999	0.11553766	0.043150634	0.08369205	0.6508319	0.106787786	0.6508319	4.0	3
DLBCL10552	0.18186714	0.032028005	0.107174814	0.65110767	0.027822379	0.65110767	3.0	3
DLBCL10956	0.1383357	0.059287034	0.066584654	0.6513578	0.084434755	0.6513578	1.0	3
DLBCL_C_D_1113_NULLPAIR	0.13102627	0.03544648	0.1579724	0.6531812	0.02237368	0.6531812	2.0	3
DLBCL10510	0.1549827	0.068544194	0.07510697	0.6538478	0.047518317	0.6538478	1.0	3
DLBCL_RICOVER_449	0.18676521	0.034701843	0.044072684	0.6539338	0.08052644	0.6539338	4.0	3
DLBCL_C_D_1114_NULLPAIR	0.18717548	0.029507171	0.08558281	0.6571125	0.04062204	0.6571125	0.0	3
DLBCL10893	0.6575157	0.019525744	0.06602745	0.1661507	0.09078038	0.6575157	4.0	0
DLBCL_RICOVER_1263	0.09379797	0.034876328	0.18749472	0.6592845	0.024546504	0.6592845	2.0	3
DLBCL11591	0.20238939	0.04813812	0.0524877	0.6608195	0.03616531	0.6608195	1.0	3
DLBCL11466	0.19426286	0.03668746	0.037782006	0.6611378	0.070129834	0.6611378	1.0	3
DLBCL10962	0.6617733	0.039257176	0.05407563	0.20074087	0.04415302	0.6617733	1.0	0
DLBCL10534	0.06784519	0.033807926	0.08439763	0.66210634	0.15184292	0.66210634	4.0	3
DLBCL10984	0.17496458	0.03638437	0.05553097	0.6624516	0.07066845	0.6624516	4.0	3
DLBCL10539	0.18564935	0.039908092	0.046016756	0.6625879	0.06583794	0.6625879	3.0	3
DLBC_FF_A7CX_TP_NB	0.06666966	0.065253116	0.15088134	0.66269034	0.054505523	0.66269034	4.0	3
DLBCL10566	0.08091655	0.043452226	0.6628681	0.12668453	0.086078614	0.6628681	4.0	2
DLBCL11666	0.13706577	0.026630491	0.14179206	0.6629726	0.031539068	0.6629726	2.0	3
DLBCL10542	0.6645864	0.021328354	0.06554427	0.15631612	0.09222483	0.6645864	0.0	0
DLBCL10453	0.070216596	0.039443564	0.07198932	0.6665888	0.15176173	0.6665888	1.0	3
DLBCL_RICOVER_417	0.08260866	0.052248392	0.073919	0.66673136	0.1244926	0.66673136	4.0	3
DLBCL_RICOVER_978	0.18657672	0.04799906	0.061019488	0.66729987	0.03710484	0.66729987	2.0	3
DLBCL10988	0.11607948	0.038983215	0.118556514	0.6673787	0.05900204	0.6673787	1.0	3
DLBCL11651	0.17954117	0.058948644	0.05434293	0.6691343	0.038032908	0.6691343	2.0	3
DLBCL10912	0.14279829	0.03249621	0.11121681	0.67009205	0.043396663	0.67009205	0.0	3
DLBC_FF_A7CW_TP_NB	0.15283334	0.054118577	0.06913009	0.67037874	0.053539224	0.67037874	4.0	3
DLBCL11460	0.16788594	0.04121062	0.06939226	0.67101675	0.050494444	0.67101675	3.0	3
DLBCL_C_D_1152_NULLPAIR	0.0921027	0.05492474	0.12699185	0.67128503	0.05469569	0.67128503	1.0	3
DLBCL10914	0.10547265	0.054100133	0.124852516	0.6716281	0.043946598	0.6716281	0.0	3
DLBCL_RICOVER_1293	0.17586395	0.034427173	0.05896578	0.6736729	0.05707019	0.6736729	4.0	3
DLBCL10919	0.18850915	0.025725814	0.055909917	0.67403024	0.055824902	0.67403024	3.0	3
DLBCL_RICOVER_956	0.17811207	0.04478728	0.045030065	0.6741794	0.05789123	0.6741794	4.0	3
DLBCL10874	0.14992239	0.04984941	0.0309155	0.6742206	0.095092066	0.6742206	1.0	3
DLBCL_MC_F729_MAN	0.16859609	0.049735196	0.064066075	0.67582023	0.041782424	0.67582023	1.0	3
DLBCL10472	0.1377218	0.07445588	0.060320675	0.67775184	0.049749818	0.67775184	2.0	3
DLBCL11680	0.051041704	0.089933194	0.67826647	0.15477256	0.025986046	0.67826647	2.0	2
DLBCL_RICOVER_1299	0.117708504	0.02090483	0.13007523	0.67881113	0.0525003	0.67881113	4.0	3
DLBCL11512	0.67894727	0.047676485	0.051285606	0.18611062	0.035980012	0.67894727	0.0	0
DLBCL11675	0.12370333	0.033042543	0.09342168	0.6802454	0.06958705	0.6802454	2.0	3
DLBCL_RICOVER_314	0.10794932	0.035979193	0.08477207	0.6808404	0.09045905	0.6808404	4.0	3
DLBCL_RICOVER_1046	0.10383068	0.053081807	0.08802811	0.6809844	0.07407503	0.6809844	1.0	3
DLBCL11595	0.10271032	0.044853203	0.07418424	0.6829553	0.09529692	0.6829553	4.0	3
DLBCL10547	0.18813965	0.045632955	0.040810283	0.6840583	0.041358795	0.6840583	3.0	3
DLBCL11479	0.11806518	0.043748565	0.117595255	0.68667257	0.033918455	0.68667257	1.0	3
DLBCL10523	0.08017417	0.042902887	0.16430776	0.6867181	0.025897102	0.6867181	2.0	3
DLBCL_RICOVER_221	0.17194985	0.02679026	0.04614227	0.6869634	0.06815423	0.6869634	4.0	3
DLBCL11470	0.68768984	0.016221365	0.03209096	0.21556394	0.048433878	0.68768984	0.0	0
DLBCL10842	0.14173451	0.02665807	0.09521857	0.6882599	0.04812894	0.6882599	4.0	3
DLBCL11000	0.11726234	0.059417266	0.06635623	0.68847615	0.068488024	0.68847615	4.0	3
DLBCL_RICOVER_1045	0.10026819	0.029771395	0.11931522	0.6884964	0.062148806	0.6884964	3.0	3
DLBCL_LS4616	0.08134387	0.03392224	0.14928727	0.691267	0.044179615	0.691267	2.0	3
DLBCL11461	0.693713	0.05090861	0.08901746	0.15160418	0.014756737	0.693713	0.0	0
DLBCL11661	0.13832094	0.04534587	0.064072005	0.6948485	0.057412714	0.6948485	1.0	3
DLBCL10480	0.09614287	0.05763606	0.08702182	0.6957237	0.06347551	0.6957237	1.0	3
DLBCL10549	0.1606453	0.050388757	0.04743354	0.6967901	0.04474227	0.6967901	2.0	3
DLBCL11195	0.12121917	0.033275537	0.04471714	0.6968244	0.10396375	0.6968244	4.0	3
DLBCL11652	0.15465996	0.025232416	0.09201018	0.6972638	0.030833643	0.6972638	0.0	3
DLBCL_C_D_1129_NULLPAIR	0.16800876	0.037197772	0.0627693	0.69755703	0.03446712	0.69755703	0.0	3
DLBCL10989	0.13231888	0.039007764	0.05400296	0.6990023	0.07566807	0.6990023	1.0	3
DLBCL10459	0.16613194	0.024927085	0.05480626	0.6995646	0.05457017	0.6995646	2.0	3
DLBCL10865	0.11226978	0.030229304	0.058940817	0.6997068	0.09885333	0.6997068	4.0	3
DLBCL_LS1395	0.10878797	0.037078273	0.08207814	0.7036522	0.06840343	0.7036522	2.0	3
DLBCL10494	0.08666075	0.05606978	0.06235843	0.7051599	0.089751154	0.7051599	1.0	3
DLBCL_RICOVER_288	0.15277219	0.044934653	0.037386645	0.70545226	0.05945427	0.70545226	1.0	3
DLBCL11433	0.103862315	0.049002506	0.048484378	0.7056546	0.09299618	0.7056546	3.0	3
DLBCL10848	0.070847705	0.02445597	0.0695246	0.70675457	0.12841713	0.70675457	4.0	3
DLBCL_LS4592	0.13336639	0.024519825	0.06983262	0.7073491	0.06493203	0.7073491	2.0	3
DLBCL11203	0.077331625	0.06495335	0.08844039	0.7074404	0.061834253	0.7074404	1.0	3
DLBCL_MC_F262_WLC	0.7095868	0.03886389	0.016618742	0.15826456	0.07666599	0.7095868	0.0	0
DLBCL10902	0.1093145	0.025508847	0.036284424	0.70971835	0.11917386	0.70971835	4.0	3
DLBCL11518	0.08081786	0.043424636	0.08254075	0.7108095	0.082407214	0.7108095	2.0	3
DLBCL10969	0.16308835	0.046575107	0.035819218	0.71162266	0.042894684	0.71162266	0.0	3
DLBCL11003	0.12947251	0.034400396	0.086140014	0.7127845	0.037202556	0.7127845	1.0	3
DLBCL10884	0.1499275	0.035191756	0.058	0.71348184	0.04339892	0.71348184	0.0	3
DLBCL_RICOVER_274	0.13467331	0.042560723	0.04145289	0.71617305	0.06514005	0.71617305	3.0	3
DLBCL10985	0.119877785	0.03270772	0.05255761	0.7161907	0.07866621	0.7161907	1.0	3
DLBCL_RICOVER_829	0.14260747	0.019542277	0.054417804	0.71696913	0.06646333	0.71696913	0.0	3
DLBCL11441	0.11385222	0.025237782	0.05825411	0.717673	0.08498289	0.717673	2.0	3
DLBCL10909	0.11961199	0.034547716	0.04280539	0.71967864	0.08335625	0.71967864	4.0	3
DLBCL10972	0.10650548	0.04061799	0.096218176	0.7199475	0.03671085	0.7199475	0.0	3
DLBCL10535	0.13122533	0.067503504	0.047770217	0.72010374	0.03339718	0.72010374	4.0	3
DLBCL10541	0.72014165	0.029879855	0.029387236	0.18395041	0.03664085	0.72014165	1.0	0
DLBCL10867	0.08501172	0.026445802	0.06665667	0.72210664	0.09977916	0.72210664	4.0	3
DLBCL_MC_F496DMP	0.10676295	0.032354154	0.043594472	0.7226297	0.0946587	0.7226297	1.0	3
DLBCL_LS951	0.11941575	0.028351896	0.042796563	0.7227157	0.086720124	0.7227157	0.0	3
DLBCL10961	0.05390458	0.043201495	0.048703533	0.7236908	0.1304996	0.7236908	4.0	3
DLBCL_C_D_1138_NULLPAIR	0.120764025	0.029609965	0.04812941	0.7244806	0.07701599	0.7244806	1.0	3
DLBCL11491	0.115250744	0.036925364	0.059905645	0.72480553	0.06311269	0.72480553	3.0	3
DLBCL10454	0.10495422	0.031566173	0.055455923	0.72492456	0.08309911	0.72492456	4.0	3
DLBCL10954	0.1034497	0.035443027	0.08757277	0.725827	0.047707524	0.725827	1.0	3
DLBCL11676	0.12235721	0.028710682	0.06415079	0.7277539	0.057027422	0.7277539	0.0	3
DLBCL10911	0.082022905	0.03863534	0.07357693	0.728015	0.0777498	0.728015	1.0	3
DLBCL_MC_F739_AMA3	0.07534883	0.03580911	0.13598742	0.7288799	0.023974715	0.7288799	1.0	3
DLBCL10460	0.12589213	0.024742868	0.08048191	0.72940063	0.039482433	0.72940063	1.0	3
DLBCL_RICOVER_711	0.13334349	0.028852798	0.06103408	0.72966284	0.047106784	0.72966284	3.0	3
DLBCL11472	0.72996724	0.015718905	0.0815948	0.13300906	0.03970999	0.72996724	0.0	0
DLBCL11473	0.123034015	0.033733863	0.03216315	0.73041016	0.080658786	0.73041016	0.0	3
DLBCL11447	0.11608652	0.03715053	0.07642377	0.7305134	0.039825782	0.7305134	3.0	3
DLBCL_C_D_1106_NULLPAIR	0.13739559	0.036698762	0.041199718	0.73081815	0.053887777	0.73081815	1.0	3
DLBCL10525	0.1017033	0.039631434	0.07899804	0.7311148	0.0485524	0.7311148	0.0	3
DLBCL_RICOVER_120	0.05856042	0.032320525	0.09798081	0.73186284	0.07927539	0.73186284	4.0	3
DLBCL10889	0.11453607	0.030656569	0.07994211	0.73275644	0.04210879	0.73275644	4.0	3
DLBCL11482	0.73275703	0.03356643	0.017679648	0.143844	0.072152905	0.73275703	0.0	0
DLBCL10895	0.08651206	0.053181756	0.08676409	0.7328566	0.040685527	0.7328566	4.0	3
DLBCL_RICOVER_496	0.07931413	0.06492772	0.08767058	0.734331	0.033756573	0.734331	1.0	3
DLBCL_LS3820	0.07002011	0.052808348	0.072249666	0.7349744	0.069947526	0.7349744	2.0	3
DLBCL11430	0.1447472	0.030455079	0.038962036	0.7349804	0.050855264	0.7349804	0.0	3
DLBCL11449	0.0965537	0.042716242	0.050323766	0.73536515	0.07504116	0.73536515	1.0	3
DLBCL10898	0.06615766	0.052346643	0.060351968	0.7356025	0.08554125	0.7356025	4.0	3
DLBCL10553	0.13916202	0.022290455	0.05821073	0.7368951	0.04344172	0.7368951	3.0	3
DLBCL11664	0.12239948	0.043268498	0.06451287	0.73764104	0.032178134	0.73764104	1.0	3
DLBCL_RICOVER_1210	0.08896097	0.042812854	0.085871816	0.7387052	0.043649174	0.7387052	1.0	3
DLBCL11242	0.13267419	0.028905751	0.039051004	0.74140406	0.057965018	0.74140406	4.0	3
DFCIDL009_DT	0.1264618	0.034243103	0.03908523	0.7423844	0.057825502	0.7423844	2.0	3
DLBCL_RICOVER_945	0.7436015	0.02234982	0.06208371	0.1547003	0.01726467	0.7436015	0.0	0
DLBCL10467	0.097112626	0.016659543	0.07642591	0.744477	0.06532495	0.744477	4.0	3
DLBCL10899	0.10912499	0.03033018	0.04312808	0.74522835	0.07218841	0.74522835	4.0	3
DLBCL11501	0.123705566	0.029885262	0.06146706	0.745917	0.03902506	0.745917	0.0	3
DLBCL_RICOVER_685	0.06517814	0.032355398	0.065009505	0.7464532	0.091003746	0.7464532	4.0	3
DLBCL10994	0.09581295	0.021968354	0.09704628	0.7481635	0.037008885	0.7481635	0.0	3
DLBCL10927	0.13828126	0.030507332	0.036610547	0.74856025	0.04604062	0.74856025	3.0	3
DLBCL_RICOVER_617	0.08634504	0.02593694	0.09661197	0.74867177	0.042434305	0.74867177	3.0	3
DLBCL10456	0.094460234	0.024017971	0.06896417	0.74931186	0.06324575	0.74931186	3.0	3
DLBCL10851	0.08382666	0.038716592	0.066578105	0.74990165	0.06097697	0.74990165	1.0	3
DLBCL_C_D_1139_NULLPAIR	0.13242815	0.026218971	0.0596834	0.7502736	0.031395875	0.7502736	3.0	3
DLBCL10908	0.10167239	0.023558632	0.06992415	0.75155693	0.053287923	0.75155693	4.0	3
DLBCL10968	0.10983313	0.02635259	0.045429368	0.75255585	0.06582904	0.75255585	0.0	3
DLBCL11353	0.12367323	0.03398088	0.039509833	0.7541721	0.04866397	0.7541721	4.0	3
DLBCL11448	0.13139877	0.020982753	0.04780736	0.7547967	0.04501445	0.7547967	3.0	3
DLBCL10915	0.09563999	0.03183304	0.061637767	0.75495285	0.055936337	0.75495285	4.0	3
DLBCL_RICOVER_151	0.07060438	0.05417549	0.078414515	0.7561265	0.0406791	0.7561265	3.0	3
DLBCL_LS3499	0.1294435	0.034013484	0.053400844	0.7571063	0.026035853	0.7571063	3.0	3
DLBCL10939	0.11165305	0.027977541	0.0552273	0.759212	0.045930073	0.759212	3.0	3
DLBCL_RICOVER_469	0.10225564	0.016923314	0.08070668	0.75926197	0.040852375	0.75926197	2.0	3
DLBCL11510	0.102630936	0.02268212	0.06330454	0.7593733	0.0520091	0.7593733	4.0	3
DLBCL10964	0.09074781	0.035428874	0.056568585	0.7607865	0.056468226	0.7607865	4.0	3
DLBCL10981	0.076195784	0.04005744	0.07445123	0.7611204	0.04817519	0.7611204	1.0	3
DLBCL_LS1921	0.06797657	0.055451076	0.06439673	0.762266	0.04990964	0.762266	1.0	3
DLBCL11658	0.071270116	0.019182893	0.04770793	0.7628085	0.09903059	0.7628085	3.0	3
DLBCL11515	0.04699734	0.028232139	0.08092108	0.76302075	0.08082867	0.76302075	2.0	3
DLBCL11437	0.09464582	0.028601713	0.066406205	0.7646976	0.045648623	0.7646976	3.0	3
DLBCL10922	0.080967225	0.028229237	0.05501343	0.76669383	0.069096304	0.76669383	1.0	3
DLBCL_DFCI_DLBCL_GOE05	0.055902317	0.023860652	0.080872186	0.76703924	0.07232561	0.76703924	1.0	3
DLBCL_MAYO_DLBCL_5613	0.76769507	0.030908395	0.03211642	0.12080159	0.04847854	0.76769507	0.0	0
DLBCL10518	0.77064025	0.012881345	0.045812257	0.1414144	0.029251764	0.77064025	2.0	0
DLBCL11659	0.102466054	0.03500942	0.042643804	0.7735543	0.04632642	0.7735543	0.0	3
DLBCL10866	0.073584214	0.023961585	0.03671729	0.7741569	0.09157998	0.7741569	4.0	3
DLBCL10992	0.09223413	0.021703115	0.047856204	0.77484256	0.06336402	0.77484256	4.0	3
DLBCL10888	0.103416614	0.01897803	0.07479532	0.7751115	0.027698535	0.7751115	4.0	3
DLBCL10458	0.10338252	0.021395354	0.06102211	0.7756059	0.038594086	0.7756059	0.0	3
DLBCL10879	0.08614689	0.020527342	0.08126271	0.77695173	0.03511134	0.77695173	2.0	3
DLBCL11527	0.092526734	0.026442323	0.06976289	0.778321	0.03294701	0.778321	3.0	3
DLBCL11458	0.7784393	0.017834997	0.05252859	0.1276569	0.023540203	0.7784393	2.0	0
DLBCL_C_D_1109_NULLPAIR	0.08980494	0.0224986	0.0782407	0.7785476	0.030908192	0.7785476	3.0	3
DLBCL_MC_F218_RAP	0.105488315	0.03016331	0.029818578	0.7787732	0.05575658	0.7787732	3.0	3
DLBCL11542	0.064206414	0.03127321	0.09255522	0.7802478	0.03171733	0.7802478	2.0	3
DLBCL10974	0.08744533	0.033586245	0.037611187	0.78049946	0.06085777	0.78049946	3.0	3
DLBCL_RICOVER_583	0.051662084	0.04136128	0.07286511	0.780621	0.05349051	0.780621	1.0	3
DLBCL_RICOVER_1278	0.08220015	0.038193874	0.043432117	0.7808419	0.055332	0.7808419	4.0	3
DLBCL_LS3204	0.08769568	0.030200161	0.057327513	0.78131914	0.043457504	0.78131914	1.0	3
DLBCL_RICOVER_1018	0.09656663	0.02743756	0.06364478	0.7821101	0.030240912	0.7821101	3.0	3
DLBCL_RICOVER_1204	0.06516876	0.02084541	0.09015894	0.7833274	0.0404995	0.7833274	4.0	3
DLBC_FF_A7CQ_TP_NB	0.07282998	0.022465883	0.042280108	0.7846778	0.07774623	0.7846778	4.0	3
DLBCL11431	0.08464804	0.035995647	0.053935077	0.7857995	0.03962171	0.7857995	4.0	3
DLBCL11573	0.053565744	0.028548513	0.0859517	0.7859674	0.045966618	0.7859674	2.0	3
DFCIDL004_DT	0.07398865	0.029123846	0.039421424	0.786994	0.07047211	0.786994	4.0	3
DLBCL_LS4593	0.032165714	0.033438507	0.07748967	0.789256	0.06765016	0.789256	2.0	3
DLBCL10932	0.0874645	0.030256651	0.05373656	0.7894118	0.039130513	0.7894118	3.0	3
DLBCL10501	0.06894834	0.025407813	0.07679027	0.78948843	0.039365146	0.78948843	2.0	3
DLBCL10462	0.7905983	0.022310203	0.031684488	0.109000675	0.04640637	0.7905983	0.0	0
DLBCL_C_D_1144_NULLPAIR	0.061474048	0.034308475	0.050971717	0.7909449	0.062300872	0.7909449	4.0	3
DLBCL_RICOVER_773	0.0750104	0.02652424	0.050567076	0.79232967	0.055568587	0.79232967	4.0	3
DLBCL10931	0.09580746	0.018730212	0.04456904	0.7940237	0.046869587	0.7940237	0.0	3
DLBCL11525	0.7946648	0.016319241	0.022480952	0.14671803	0.019817008	0.7946648	2.0	0
DLBCL_C_D_1135_NULLPAIR	0.07657745	0.030980911	0.049281467	0.7947126	0.048447587	0.7947126	1.0	3
DLBCL10973	0.07582053	0.023505345	0.06328799	0.7962871	0.041099016	0.7962871	3.0	3
DLBCL_RICOVER_1235	0.07547066	0.029765941	0.04892678	0.79940915	0.04642749	0.79940915	1.0	3
DLBCL10859	0.0946679	0.022330761	0.042750053	0.799645	0.040606264	0.799645	1.0	3
DLBCL_RICOVER_1165	0.0778844	0.039875213	0.0432414	0.8017081	0.037290886	0.8017081	1.0	3
DLBCL10502	0.081312545	0.02135537	0.060128123	0.80336905	0.033834938	0.80336905	1.0	3
DLBCL11673	0.07000951	0.023006158	0.062751025	0.8034868	0.04074646	0.8034868	1.0	3
DLBCL_MC_F139_LJF	0.086218864	0.018883409	0.044753227	0.8041314	0.046013094	0.8041314	3.0	3
DLBCL_RICOVER_440	0.05605641	0.031440932	0.051652383	0.80435705	0.056493215	0.80435705	2.0	3
DLBCL_RICOVER_950	0.08769538	0.025860798	0.03673893	0.80478674	0.044918172	0.80478674	3.0	3
DLBCL_C_D_1126_NULLPAIR	0.084380515	0.033760153	0.03326127	0.8051932	0.04340489	0.8051932	1.0	3
DLBCL_MC_F210_GWC	0.055156697	0.025372649	0.075686805	0.80554044	0.038243417	0.80554044	1.0	3
DLBCL10904	0.065417126	0.025004182	0.058106694	0.8057407	0.04573127	0.8057407	4.0	3
DLBCL10880	0.07167741	0.02492699	0.03427776	0.8062238	0.06289401	0.8062238	4.0	3
DLBCL10980	0.083773434	0.02946561	0.03696386	0.8070846	0.042712472	0.8070846	4.0	3
DLBCL11471	0.08803098	0.03436366	0.032434683	0.80956143	0.035609253	0.80956143	3.0	3
DLBCL10947	0.058781188	0.045519963	0.040188838	0.81229895	0.043211028	0.81229895	1.0	3
DLBCL_RICOVER_866	0.05356608	0.024344673	0.07553244	0.8123229	0.034233924	0.8123229	2.0	3
DLBCL_RICOVER_335	0.052426837	0.044800498	0.05232347	0.812536	0.037913177	0.812536	1.0	3
DLBCL11436	0.08439323	0.028959025	0.03597739	0.81384695	0.036823403	0.81384695	1.0	3
DLBCL10517	0.05616338	0.024540609	0.05354971	0.81403035	0.051715944	0.81403035	1.0	3
DLBCL_RICOVER_173	0.073921055	0.015980314	0.04549463	0.81477416	0.04982985	0.81477416	4.0	3
DLBCL_RICOVER_408	0.04643558	0.023941135	0.09094003	0.8171047	0.021578582	0.8171047	2.0	3
DLBCL11459	0.085169636	0.019688467	0.03414557	0.8173091	0.04368725	0.8173091	3.0	3
DLBCL11484	0.07879514	0.02196327	0.03872959	0.8178478	0.04266423	0.8178478	1.0	3
DLBCL11434	0.81847835	0.019796738	0.02440048	0.1242597	0.013064727	0.81847835	0.0	0
DLBCL_RICOVER_701	0.08003578	0.022331778	0.040604025	0.819352	0.03767643	0.819352	3.0	3
DLBCL_RICOVER_839	0.06731356	0.025167273	0.050686575	0.8210045	0.0358281	0.8210045	1.0	3
DLBCL10846	0.086505696	0.023435261	0.035540193	0.8210865	0.03343234	0.8210865	1.0	3
DLBCL_LS1304	0.053576887	0.034757182	0.06364013	0.8213019	0.026723946	0.8213019	2.0	3
DLBCL11455	0.07331991	0.01711097	0.049189083	0.82134336	0.03903669	0.82134336	3.0	3
DLBCL10565	0.057326544	0.027459534	0.04393536	0.82191455	0.04936402	0.82191455	3.0	3
DLBCL10868	0.06356969	0.02172677	0.042263214	0.8219743	0.05046602	0.8219743	3.0	3
DLBCL_MC_F349_BJJ	0.07924855	0.02541504	0.04936182	0.8221923	0.023782292	0.8221923	2.0	3
DLBCL_RICOVER_1287	0.04573645	0.027811892	0.055273302	0.8254809	0.04569747	0.8254809	4.0	3
DLBCL_C_D_1115_NULLPAIR	0.059571035	0.019531805	0.053469222	0.8272767	0.040151235	0.8272767	3.0	3
DLBCL10519	0.08070675	0.020838998	0.03894564	0.8277803	0.03172831	0.8277803	1.0	3
DLBCL11534	0.06865405	0.017135948	0.047787514	0.8305116	0.035910834	0.8305116	2.0	3
DLBCL_RICOVER_1283	0.048908755	0.023933828	0.06111058	0.8330792	0.032967623	0.8330792	2.0	3
DLBCL_C_D_1159_NULLPAIR	0.073593035	0.024599282	0.03157476	0.833999	0.03623392	0.833999	3.0	3
DLBCL11504	0.062444672	0.02676633	0.03648515	0.83411175	0.040192083	0.83411175	3.0	3
DLBCL11496	0.8359102	0.011497326	0.037103403	0.09500832	0.02048077	0.8359102	0.0	0
DLBCL11004	0.049952827	0.026915964	0.03340715	0.83659333	0.05313074	0.83659333	4.0	3
DLBCL_RICOVER_522	0.05261347	0.024881613	0.066442855	0.8367464	0.019315697	0.8367464	2.0	3
DLBCL11206	0.057349052	0.020697191	0.051347315	0.8390724	0.031534035	0.8390724	4.0	3
DLBCL_RICOVER_1061	0.05425327	0.019765522	0.05263002	0.8403896	0.032961577	0.8403896	3.0	3
DLBCL_LS2328	0.053951632	0.019744506	0.05747683	0.84056246	0.02826458	0.84056246	2.0	3
DLBCL10918	0.066777885	0.021605046	0.04212857	0.8408618	0.028626723	0.8408618	0.0	3
DLBCL10548	0.05627507	0.02561533	0.04254805	0.8409165	0.03464501	0.8409165	0.0	3
DLBCL_RICOVER_575	0.047297716	0.02229773	0.059085246	0.8412982	0.030021101	0.8412982	3.0	3
DLBCL_MC_F064AB	0.06748574	0.015526122	0.04397396	0.84257144	0.03044272	0.84257144	2.0	3
DLBCL10844	0.058754068	0.02164629	0.04246907	0.8428946	0.03423595	0.8428946	0.0	3
DLBCL11576	0.06335602	0.023772793	0.037524104	0.8431832	0.032163884	0.8431832	3.0	3
DLBCL_C_D_1151_NULLPAIR	0.05418986	0.016294146	0.053314015	0.84383404	0.032367956	0.84383404	3.0	3
DLBCL10485	0.06573879	0.019386465	0.03726199	0.845354	0.03225872	0.845354	4.0	3
DLBCL10978	0.05771299	0.01671318	0.051305883	0.84595174	0.02831621	0.84595174	3.0	3
DLBCL_RICOVER_216	0.04873664	0.020814523	0.044151157	0.8473805	0.038917176	0.8473805	2.0	3
DLBCL11681	0.066427514	0.017748225	0.033755615	0.8476722	0.034396406	0.8476722	0.0	3
DLBCL11202	0.057448264	0.018985422	0.044592764	0.8486864	0.030287163	0.8486864	0.0	3
DLBCL_RICOVER_473	0.04985675	0.023232715	0.053968333	0.85053784	0.022404348	0.85053784	0.0	3
DLBCL11483	0.05001553	0.01818786	0.053194135	0.8515743	0.027028142	0.8515743	1.0	3
DLBCL10782	0.05367475	0.02568635	0.04388636	0.85206777	0.024684798	0.85206777	3.0	3
DLBCL11477	0.05360014	0.01570753	0.044072576	0.8523233	0.03429645	0.8523233	0.0	3
DLBCL10857	0.049281072	0.017871335	0.041942097	0.85317165	0.037733864	0.85317165	4.0	3
DLBCL11346	0.8533386	0.02014969	0.025614016	0.06992685	0.030970855	0.8533386	1.0	0
DLBCL10463	0.049445644	0.0142452065	0.03875784	0.8553636	0.042187713	0.8553636	4.0	3
DLBCL10863	0.05112054	0.016883917	0.044383373	0.8554286	0.03218362	0.8554286	3.0	3
DLBCL10858	0.059172954	0.01327838	0.03852003	0.8561141	0.032914545	0.8561141	3.0	3
DLBCL10977	0.05654611	0.016463064	0.037748985	0.85877067	0.030471144	0.85877067	4.0	3
DLBCL11467	0.054810066	0.016935581	0.03204212	0.8594269	0.036785338	0.8594269	3.0	3
DLBCL_LS4619	0.054868333	0.018175889	0.032138087	0.8617273	0.03309037	0.8617273	4.0	3
DLBCL_RICOVER_451	0.058005076	0.021769328	0.035048842	0.86207604	0.023100713	0.86207604	0.0	3
DLBCL11536	0.04214769	0.016616162	0.042324487	0.8621163	0.036795404	0.8621163	3.0	3
DLBCL11208	0.04750452	0.02112225	0.043241315	0.8622678	0.025864132	0.8622678	1.0	3
DLBCL10564	0.051143803	0.020273097	0.045518555	0.863812	0.019252518	0.863812	3.0	3
DLBC_FF_8042_TP_NB	0.042090625	0.017684499	0.040190414	0.86653495	0.033499487	0.86653495	4.0	3
DLBCL10780	0.052278697	0.016596772	0.032166302	0.8667925	0.032165732	0.8667925	1.0	3
DLBCL_RICOVER_985	0.046292868	0.017796298	0.041406628	0.8699875	0.024516722	0.8699875	3.0	3
DLBCL10544	0.0463739	0.015376301	0.032941855	0.8708063	0.034501668	0.8708063	3.0	3
DLBCL10891	0.03931183	0.016939376	0.04506528	0.87224257	0.026440948	0.87224257	4.0	3
DLBCL_C_D_1103_NULLPAIR	0.040510584	0.017950261	0.032507718	0.87548655	0.03354488	0.87548655	3.0	3
DLBCL_MC_F307_JPS	0.04482653	0.023406517	0.032961812	0.8766624	0.022142787	0.8766624	0.0	3
DLBCL10497	0.04393295	0.014095649	0.037649177	0.8793437	0.024978539	0.8793437	3.0	3
DLBCL_C_D_1112_NULLPAIR	0.041866437	0.018367564	0.03266067	0.87982047	0.027284857	0.87982047	2.0	3
DLBCL10852	0.035985433	0.013147414	0.034531195	0.8799211	0.036414873	0.8799211	4.0	3
DLBCL10936	0.040671557	0.013106907	0.039220355	0.8804881	0.026513066	0.8804881	2.0	3
DLBCL_LS2357	0.044689298	0.013912189	0.03447656	0.88147426	0.025447708	0.88147426	3.0	3
DLBCL11196	0.038122274	0.014298764	0.037815563	0.8839195	0.025843902	0.8839195	3.0	3
DLBCL11464	0.046073582	0.013821476	0.028562015	0.88525337	0.02628953	0.88525337	3.0	3
DLBCL11519	0.03907419	0.014291989	0.032685593	0.8898761	0.0240721	0.8898761	0.0	3
DLBCL_RICOVER_361	0.0412718	0.012960926	0.027241187	0.8906672	0.02785886	0.8906672	3.0	3
DLBCL10970	0.036278803	0.013290717	0.037242472	0.8925504	0.020637628	0.8925504	3.0	3
DLBCL10527	0.033739645	0.014374473	0.034936957	0.89387417	0.023074765	0.89387417	3.0	3
DLBCL11655	0.04033053	0.0127987405	0.027448313	0.89517385	0.024248568	0.89517385	3.0	3
DLBCL10495	0.89720047	0.011682126	0.015375644	0.059742536	0.015999258	0.89720047	0.0	0
DLBCL11564	0.033765055	0.013880711	0.031318624	0.8999376	0.021097999	0.8999376	3.0	3
