	C1	C2	C3	C4	C5	Confidence	True Cluster	Predicted Cluster
DLBCL10934	0.14070871456231443	0.12934945899772787	0.2355512044360149	0.27997520082658633	0.21441542117735635	0.27997520082658633	1.0	3
DLBCL_LS2089	0.2158738402945293	0.14447091073636445	0.18503726412916766	0.29508623899338365	0.159531745846555	0.29508623899338365	1.0	3
DLBCL_C_D_1112_NULLPAIR	0.11359988320770227	0.32837058865549595	0.17652568761789392	0.2938469456242526	0.08765689489465525	0.32837058865549595	2.0	1
DLBCL_RICOVER_577	0.2997078605444602	0.1399416826148189	0.08853671266595378	0.3327286814382316	0.13908506273653548	0.3327286814382316	2.0	3
DLBCL10913	0.2954345880877101	0.08735723290319121	0.16860187353319359	0.3382026107010366	0.11040369477486853	0.3382026107010366	0.0	3
DLBCL10529	0.28685438977632727	0.17137256478137705	0.06714621484434267	0.3608292795851486	0.11379755101280419	0.3608292795851486	4.0	3
DLBCL11477	0.2593175406683568	0.07941011727322311	0.09332282757992096	0.36166593319113655	0.2062835812873625	0.36166593319113655	0.0	3
DLBCL11527	0.21105053397680126	0.06571277268175628	0.08215325899630842	0.37082153933258866	0.2702618950125453	0.37082153933258866	3.0	3
DLBCL_RICOVER_299	0.2899857380206762	0.09157207451850698	0.2090484765975343	0.37195626156758976	0.03743744929569291	0.37195626156758976	1.0	3
DLBCL_RICOVER_174	0.1396132545310312	0.13569837863731019	0.10369431457377913	0.3753964057391015	0.24559764651877797	0.3753964057391015	1.0	3
DLBCL10904	0.22849877411484107	0.14191186724476884	0.10346402210344913	0.3849790106613402	0.14114632587560066	0.3849790106613402	4.0	3
DLBCL_MC_F500_ECU	0.3859257805001348	0.1483337664379168	0.04376733838794678	0.3128267176198068	0.10914639705419488	0.3859257805001348	1.0	0
DLBCL10977	0.2873926307941272	0.036660147078045484	0.10777517966459145	0.38794378987481504	0.18022825258842082	0.38794378987481504	4.0	3
DLBCL_RICOVER_111	0.2720271819692753	0.0649824358397649	0.09873397764753705	0.38834984735444966	0.17590655718897305	0.38834984735444966	4.0	3
DLBCL_RICOVER_1032	0.3902461615964022	0.08188434358188372	0.0710894898579032	0.31452471099033247	0.14225529397347847	0.3902461615964022	4.0	0
DLBCL10456	0.3219525688869544	0.03139398270163275	0.06135995499313179	0.39908453630653923	0.1862089571117417	0.39908453630653923	3.0	3
DLBCL10912	0.40481332187243835	0.05252619393966783	0.0716514212693019	0.3428695767046528	0.12813948621393914	0.40481332187243835	0.0	0
DLBCL10981	0.3401054716402385	0.07927303798740129	0.12270700044132422	0.4074938930666036	0.050420596864432295	0.4074938930666036	1.0	3
DLBC_FF_8043_TP_NB	0.34152556488529	0.06576883461415611	0.0882922962866377	0.4075137379114814	0.09689956630243467	0.4075137379114814	1.0	3
DLBCL_LS297	0.26997284253244314	0.04606534974805573	0.09263665900749861	0.40810370390141754	0.18322144481058497	0.40810370390141754	2.0	3
DLBCL_LS4616	0.36852194272511474	0.05092471114695954	0.0837161025331737	0.41479804608704696	0.08203919750770497	0.41479804608704696	2.0	3
DLBCL11518	0.2713992345161229	0.10262264086234078	0.059080787492007576	0.4148559271573178	0.15204140997221097	0.4148559271573178	2.0	3
DLBCL10987	0.17756125085832666	0.062395181541001765	0.1909224761844329	0.4249620505205252	0.14415904089571335	0.4249620505205252	4.0	3
DLBCL_RICOVER_910	0.33069700684274145	0.04431927361317762	0.06392273751248714	0.4272884339720302	0.13377254805956354	0.4272884339720302	0.0	3
DLBCL10957	0.4275578864851061	0.060652470339710184	0.11729467833300962	0.3561635351432838	0.03833142969889021	0.4275578864851061	0.0	0
DLBCL_C_D_1141_NULLPAIR	0.16703469032839405	0.12453936683945799	0.20013646537514013	0.4277086344964362	0.08058084296057175	0.4277086344964362	2.0	3
DLBCL10917	0.42855192115604046	0.0964216988519945	0.06423102454906746	0.3136328273027262	0.09716252814017139	0.42855192115604046	1.0	0
DLBCL11510	0.24300526770074218	0.05400770404892203	0.19368538688252268	0.4304173433590594	0.07888429800875381	0.4304173433590594	4.0	3
DLBCL11000	0.22864895309402278	0.034286611621665415	0.06481809636585524	0.4367114532633844	0.23553488565507222	0.4367114532633844	4.0	3
DLBCL11500	0.303383096549231	0.08452019089303538	0.06748046401372385	0.4391856530007287	0.10543059554328105	0.4391856530007287	4.0	3
DLBCL10454	0.38663531252371014	0.07326693161078877	0.0323855391813729	0.4400476648020202	0.06766455188210792	0.4400476648020202	4.0	3
DLBCL10897	0.3434591043169488	0.0739254918994288	0.08374620293684497	0.44103238486259444	0.057836815984183	0.44103238486259444	0.0	3
DLBCL10999	0.27942741286248163	0.05664304361755096	0.0813034601916228	0.4458832762740904	0.1367428070542541	0.4458832762740904	4.0	3
DLBCL_RICOVER_267	0.2201151760613904	0.033483934699050144	0.20604096426454446	0.44692201805764203	0.0934379069173729	0.44692201805764203	2.0	3
DLBCL11428	0.30302372910406183	0.11329590451304142	0.08847108305932479	0.44956573688311213	0.04564354644045978	0.44956573688311213	2.0	3
DLBCL10850	0.24075321010269926	0.13618699272435264	0.07716058358106025	0.4504094506075264	0.09548976298436143	0.4504094506075264	1.0	3
DLBCL_LS3245	0.2797000434829913	0.09162206168433323	0.11454853958883715	0.45046282696417883	0.0636665282796594	0.45046282696417883	1.0	3
DLBCL10466	0.18416066440339163	0.11697957971960159	0.09398135815508556	0.45164223633740824	0.1532361613845129	0.45164223633740824	2.0	3
DLBCL10989	0.45193573510157387	0.07785121128934745	0.05943538413316218	0.3216980882663222	0.08907958120959429	0.45193573510157387	1.0	0
DLBCL_MC_F739_AMA3	0.2984646509178097	0.10928351585201589	0.05511510451656681	0.45247953594826296	0.08465719276534461	0.45247953594826296	1.0	3
DLBCL10534	0.1984497499427008	0.046827668596665775	0.09591684869225486	0.45379065340992875	0.20501507935844993	0.45379065340992875	4.0	3
DLBCL11446	0.45452566934256783	0.09197260168951417	0.046873686251006796	0.3248136501920667	0.08181439252484453	0.45452566934256783	1.0	0
DLBCL10875	0.23690477000051813	0.05313339518334177	0.19886504378793796	0.45495347310520196	0.05614331792300031	0.45495347310520196	0.0	3
DLBCL11595	0.368274730608382	0.0756179124568047	0.053779662867241965	0.4567773137385178	0.04555038032905356	0.4567773137385178	4.0	3
DLBCL10871	0.4589322867208104	0.04536372156110008	0.15067251152894262	0.27512811649211	0.06990336369703679	0.4589322867208104	1.0	0
DLBCL_LS4619	0.17796474734807832	0.09344909009245649	0.07969072837799013	0.4597219459969745	0.1891734881845006	0.4597219459969745	4.0	3
DLBCL10894	0.38224077004267953	0.04813294322529208	0.058306846733117486	0.4604710976910163	0.0508483423078946	0.4604710976910163	1.0	3
DLBCL10945	0.12602619172366547	0.07484311384818239	0.22316762851897	0.46050374198871835	0.11545932392046379	0.46050374198871835	0.0	3
DLBCL10914	0.3634114349395816	0.07519017716203824	0.03414261457966107	0.46260199628646625	0.06465377703225277	0.46260199628646625	0.0	3
DLBCL_MAYO_DLBCL_3653	0.25992052207628	0.13368233502932272	0.09638862511072623	0.46442508120543374	0.045583436578237185	0.46442508120543374	0.0	3
DLBCL_RICOVER_1190	0.19773473295346347	0.06745261983210205	0.11115887237434996	0.4646971477893555	0.15895662705072916	0.4646971477893555	4.0	3
DLBCL11541	0.4030680327481673	0.03158902809584067	0.06505351115104424	0.4657222117258703	0.034567216279077446	0.4657222117258703	2.0	3
DLBCL_LS3204	0.387666473445015	0.06013002514167989	0.041573857911645654	0.46620822832120545	0.04442141518045399	0.46620822832120545	1.0	3
DLBCL11458	0.3210697717607064	0.04217853610814914	0.09578142078259996	0.4667481147064526	0.07422215664209184	0.4667481147064526	2.0	3
DLBCL11535	0.2823015034414618	0.05126069338302758	0.04304806342348656	0.46859252261499773	0.15479721713702627	0.46859252261499773	3.0	3
DLBCL_RICOVER_711	0.33110997426058036	0.060583056002039476	0.10661013584922281	0.4694589905009503	0.032237843387206956	0.4694589905009503	3.0	3
DLBCL11482	0.46984782568718764	0.04730399331112414	0.04587532683118068	0.37217057049697694	0.06480228367353055	0.46984782568718764	0.0	0
DLBCL10899	0.14110631150740927	0.06399195886199158	0.12005630705091437	0.4715375966247283	0.2033078259549565	0.4715375966247283	4.0	3
DLBCL11675	0.26345187682335824	0.07831478078008126	0.09248306869763534	0.47162039352044116	0.09412988017848394	0.47162039352044116	2.0	3
DLBCL10880	0.23740386327457533	0.10922071940898177	0.057053792095546084	0.4733737969949468	0.12294782822594998	0.4733737969949468	4.0	3
DLBCL11498	0.47406570296791656	0.06235492907356762	0.049173507425677006	0.3263740313256219	0.08803182920721693	0.47406570296791656	1.0	0
DLBCL_LS378	0.34942724789449037	0.0573373107998591	0.06128502006802391	0.4741884950158704	0.057761926221756354	0.4741884950158704	0.0	3
DLBCL10980	0.13073624246429685	0.07894241254416166	0.0923987488296247	0.4751109415162959	0.22281165464562086	0.4751109415162959	4.0	3
DLBCL10887	0.3252681947010487	0.05713753631767352	0.0309126572618083	0.4754146099383455	0.11126700178112392	0.4754146099383455	4.0	3
DLBCL_RICOVER_253	0.1535557046679088	0.10462145560418229	0.08342814642942231	0.47585555299778015	0.18253914030070642	0.47585555299778015	1.0	3
DLBCL_LS2367	0.29749616001555873	0.057571825408674906	0.053362708668124335	0.4794395283948996	0.11212977751274246	0.4794395283948996	0.0	3
DLBCL11486	0.3837392728018595	0.03567057544849148	0.06346247597761358	0.48000441325685717	0.03712326251517826	0.48000441325685717	0.0	3
DLBC_FF_A7CR_TP_NB	0.3105927804988672	0.051399895645810975	0.049669805598480894	0.4800491411220865	0.10828837713475445	0.4800491411220865	4.0	3
DLBCL_C_D_1133_NULLPAIR	0.38709650487340547	0.03229344693946365	0.057278848302688826	0.4800558766018158	0.043275323282626295	0.4800558766018158	2.0	3
DLBCL11576	0.3121725132074639	0.041493495673739694	0.046634445928059404	0.48022886999646436	0.1194706751942725	0.48022886999646436	3.0	3
DLBCL11507	0.29726504523672936	0.0858935249612601	0.07022534704098705	0.48163032717004317	0.06498575559098019	0.48163032717004317	1.0	3
DLBCL10959	0.34795952398891167	0.046291351771146454	0.040318064619279205	0.48221087183330297	0.08322018778735966	0.48221087183330297	0.0	3
DLBCL11511	0.34267592752519027	0.058613013463818364	0.0479406801486006	0.48449441339301347	0.06627596546937727	0.48449441339301347	0.0	3
DLBCL10555	0.15183000149954842	0.045307744987549026	0.2080537123699951	0.48518794158170114	0.10962059956120643	0.48518794158170114	2.0	3
DLBCL_MC_F502_RFK	0.1800259921378344	0.08258021565201938	0.12226788295091079	0.48632019774789803	0.12880571151133735	0.48632019774789803	1.0	3
DLBCL10532	0.2874068314620814	0.05981982717513186	0.07592752110172052	0.4874308039910603	0.08941501627000586	0.4874308039910603	4.0	3
DLBCL10549	0.22266265366716465	0.05321029189671556	0.1826573859618502	0.4883157452136896	0.053153923260579994	0.4883157452136896	1.0	3
DLBCL10860	0.14156233473135693	0.07493108169865502	0.04401855483901282	0.48861809063676864	0.25086993809420666	0.48861809063676864	4.0	3
DLBCL10503	0.1430723796248328	0.051788067472226175	0.13455530066427096	0.48989429935153583	0.18068995288713421	0.48989429935153583	1.0	3
DLBCL11461	0.29411621064507326	0.03584378357788207	0.04275567073827491	0.490759146697943	0.1365251883408268	0.490759146697943	0.0	3
DLBCL_C_D_1166_NULLPAIR	0.34840928107972285	0.06025255092397897	0.03829814178567019	0.4924414004806865	0.060598625729941354	0.4924414004806865	4.0	3
DLBCL11539	0.3671241342263256	0.03803292002233844	0.058233223192778454	0.4924517776646907	0.04415794489386679	0.4924517776646907	0.0	3
DLBCL_MAYO_DLBCL_7359	0.15538931854944887	0.18176877968212646	0.07914895214463258	0.4931475898379664	0.09054535978582558	0.4931475898379664	1.0	3
DLBCL11195	0.15319283367706754	0.07542941189136718	0.09968848138908082	0.49364628960165796	0.17804298344082647	0.49364628960165796	4.0	3
DLBCL_RICOVER_712	0.34812296404718823	0.034285642302977606	0.061969081935795735	0.4937119223212645	0.06191038939277402	0.4937119223212645	4.0	3
DLBCL10975	0.3483907116889472	0.027939002145923496	0.0474890079257323	0.49375733047307935	0.08242394776631765	0.49375733047307935	0.0	3
DLBCL_RICOVER_583	0.19846312821342266	0.058668978991036756	0.19573058990345815	0.49528687631992313	0.05185042657215936	0.49528687631992313	1.0	3
DLBCL10521	0.21610809892503371	0.05987795218947305	0.03408568825620611	0.49576410182944536	0.1941641587998418	0.49576410182944536	4.0	3
DLBCL10852	0.2956921338894554	0.05111906653698584	0.06507814099224157	0.49585044610482065	0.09226021247649649	0.49585044610482065	4.0	3
DLBCL10512	0.11134461615459171	0.07424823766418537	0.19272324008065897	0.5007732787605917	0.12091062733997218	0.5007732787605917	2.0	3
DLBCL11439	0.23036968900709737	0.07204737338247509	0.1229697544492457	0.5017409227738202	0.07287226038736158	0.5017409227738202	2.0	3
DLBCL10924	0.18660775742217756	0.0449087102481024	0.09570414476634805	0.5028978882769697	0.1698814992864023	0.5028978882769697	4.0	3
DLBCL_LS3200	0.24572831303647968	0.11746236610101972	0.041397308957264935	0.5039441445414242	0.09146786736381143	0.5039441445414242	4.0	3
DLBCL11651	0.11276346821192598	0.055141375580458944	0.11930699533770373	0.5069573178484035	0.2058308430215079	0.5069573178484035	2.0	3
DLBCL10865	0.5074898663894031	0.042723130415403224	0.05505659602305858	0.3440250488849712	0.0507053582871639	0.5074898663894031	4.0	0
DLBCL10464	0.3317028934667868	0.03947420605090781	0.09254897768726342	0.5086744634766394	0.0275994593184026	0.5086744634766394	2.0	3
DLBCL10530	0.3259843975848897	0.04980989321762926	0.05376152472334188	0.5087250801748909	0.0617191042992482	0.5087250801748909	4.0	3
DFCIDL009_DT	0.509763047965832	0.05782446609174893	0.055104696979736426	0.3449934311921958	0.03231435777048678	0.509763047965832	2.0	0
DLBCL11480	0.344449857652618	0.059954318072607406	0.03983288602861342	0.510645337723005	0.04511760052315624	0.510645337723005	0.0	3
DLBCL10983	0.24834335382495468	0.08647952526168612	0.036173743410889615	0.5119273762655312	0.11707600123693837	0.5119273762655312	1.0	3
DLBCL_C_D_1126_NULLPAIR	0.2752946784308684	0.11006074679927537	0.034119758839489187	0.5130700055849365	0.06745481034543045	0.5130700055849365	1.0	3
DLBCL11520	0.3446630217123655	0.03899050128239056	0.05554237157844311	0.5130947425787354	0.04770936284806539	0.5130947425787354	0.0	3
DLBCL11662	0.513097722454277	0.052477716696908094	0.05595341015671449	0.30229823755029567	0.0761729131418048	0.513097722454277	0.0	0
DLBCL10931	0.16627587243376768	0.0725873486788364	0.04051947013567972	0.5134898701963899	0.2071274385553263	0.5134898701963899	0.0	3
DLBCL10847	0.2790865695255441	0.05555897201862099	0.0738058625755954	0.5138320559452516	0.0777165399349879	0.5138320559452516	4.0	3
DLBCL11476	0.2250510423381071	0.09632022540608844	0.09131378600670616	0.5140623824813504	0.07325256376774794	0.5140623824813504	4.0	3
DLBCL_C_D_1119_NULLPAIR	0.514511659450546	0.07797944091368716	0.061069973418607204	0.26171595103442613	0.08472297518273349	0.514511659450546	1.0	0
DLBCL_RICOVER_948	0.29903445835342857	0.04264002372366195	0.05832012842080231	0.5147778870077144	0.08522750249439279	0.5147778870077144	1.0	3
DLBCL11667	0.2917864464958011	0.05717385950162217	0.07880662120031873	0.5171418093003748	0.05509126350188315	0.5171418093003748	2.0	3
DLBCL_LS146	0.18833794610858934	0.11330782077228771	0.07602482136668737	0.5172475472907697	0.10508186446166581	0.5172475472907697	1.0	3
DLBCL10782	0.3145702224683259	0.07068532859525303	0.053820302733113765	0.5180261973062582	0.04289794889704917	0.5180261973062582	3.0	3
DLBCL10458	0.34199306051356043	0.03694017041860327	0.03927536686846903	0.5180903304999882	0.06370107169937908	0.5180903304999882	0.0	3
DLBCL_RICOVER_451	0.2581179534618291	0.04680767058703086	0.09178293529102602	0.5199465120437818	0.08334492861633205	0.5199465120437818	0.0	3
DLBCL_RICOVER_314	0.30664226836882563	0.05647744624754115	0.05746274650045476	0.5214740917003636	0.05794344718281477	0.5214740917003636	4.0	3
DLBCL10906	0.5219937519114872	0.07013906782985359	0.03659012999315258	0.24570923012681464	0.12556782013869197	0.5219937519114872	1.0	0
DLBCL11685	0.19757181844910082	0.039893512825436496	0.14679563886269875	0.5224020765541214	0.09333695330864256	0.5224020765541214	2.0	3
DLBCL10536	0.32182610476567175	0.04652828128507223	0.05633170108590725	0.5225594215813588	0.05275449128199	0.5225594215813588	2.0	3
DLBCL10910	0.33022450973509576	0.055878088671687906	0.036279433871251175	0.5226317864183724	0.05498618130359279	0.5226317864183724	2.0	3
DLBCL10863	0.3175917450036299	0.06319693642656611	0.028152532886684775	0.5230451336720214	0.06801365201109774	0.5230451336720214	3.0	3
DLBCL10509	0.26642837966703997	0.06502472956236845	0.08286041611347122	0.5230453888892405	0.06264108576787993	0.5230453888892405	0.0	3
DLBCL_RICOVER_780	0.5234740428704253	0.05054507051690596	0.05492070616506535	0.3357557994165888	0.03530438103101458	0.5234740428704253	1.0	0
DLBCL10903	0.26938335298685334	0.09151819577075417	0.06828339681330976	0.5238456543465005	0.04696940008258217	0.5238456543465005	1.0	3
DLBCL_C_D_1129_NULLPAIR	0.2423742448461399	0.05749165755201808	0.11560637259808447	0.5263270165485664	0.05820070845519111	0.5263270165485664	0.0	3
DLBCL10984	0.17760253626341851	0.05964304564817306	0.0480185609493603	0.5276021251055117	0.18713373203353637	0.5276021251055117	4.0	3
DLBCL10908	0.32067501243168783	0.02916573530710485	0.050418681179536975	0.527951192390587	0.07178937869108327	0.527951192390587	4.0	3
DLBCL_RICOVER_1329	0.0926248146854935	0.07743291301450218	0.18912820201821487	0.5283450730157123	0.11246899726607708	0.5283450730157123	4.0	3
DLBCL10922	0.07737393027233375	0.07178025921161078	0.11239988281595825	0.5287295999197859	0.20971632778031138	0.5287295999197859	1.0	3
DLBCL_RICOVER_335	0.2641147988294757	0.07709622457691087	0.05867930725543596	0.5293411554506375	0.07076851388753996	0.5293411554506375	1.0	3
DLBCL11003	0.3136864781918439	0.040857726578771555	0.04032034379796883	0.5301960764635366	0.07493937496787909	0.5301960764635366	1.0	3
DLBC_FF_A7CW_TP_NB	0.5303963880179672	0.07040367360640332	0.0375760568372858	0.29597615370733865	0.06564772783100506	0.5303963880179672	4.0	0
DLBCL11001	0.2656218624868966	0.06760349015297074	0.04799955933068122	0.5309521535037532	0.0878229345256982	0.5309521535037532	4.0	3
DLBCL11652	0.25206071612819325	0.05638565646578966	0.07894267960111089	0.5332253183982748	0.07938562940663135	0.5332253183982748	0.0	3
DLBCL_LS1065	0.34044320200160977	0.04205212162684929	0.041201812936130476	0.5341337327008133	0.04216913073459711	0.5341337327008133	1.0	3
DLBCL10853	0.12166576542620476	0.05129660555306371	0.13305354643289097	0.5341444486312998	0.1598396339565407	0.5341444486312998	4.0	3
DLBCL10856	0.5343593958456296	0.03747157128764011	0.05216030438646967	0.30706835232140123	0.06894037615885942	0.5343593958456296	2.0	0
DLBCL10950	0.2610806792330172	0.05612124143022366	0.06638553963681448	0.534470073795771	0.08194246590417353	0.534470073795771	0.0	3
DLBCL11671	0.5350399359522224	0.022134155111535433	0.04275217217788364	0.3453985146520724	0.05467522210628609	0.5350399359522224	0.0	0
DLBCL10896	0.27088348332555456	0.06771657208421067	0.053115102716405835	0.535735508692237	0.07254933318159201	0.535735508692237	0.0	3
DLBCL11666	0.1373854448215457	0.0773521030025132	0.15716829479011335	0.535771016092129	0.09232314129369885	0.535771016092129	2.0	3
DLBCL10544	0.12995862669261085	0.0675749626686848	0.07062100713800588	0.5364493358887347	0.19539606761196385	0.5364493358887347	3.0	3
DLBCL10485	0.22514396545746962	0.08129173040268745	0.06102929186592629	0.5365464899602569	0.0959885223136597	0.5365464899602569	4.0	3
DLBCL_C_D_1128_NULLPAIR	0.27037972406107974	0.040157683784736505	0.05340345904341061	0.5368190199659686	0.09924011314480459	0.5368190199659686	0.0	3
DLBCL10483	0.20683480866956708	0.0874622648922575	0.08330115404454996	0.5381641257363267	0.08423764665729877	0.5381641257363267	1.0	3
DLBCL11536	0.2733281139010379	0.04866831014484166	0.08308683432811927	0.5397560727319742	0.055160668894026835	0.5397560727319742	3.0	3
DLBCL10936	0.539833463133259	0.05821719922329146	0.11723746274977682	0.19974247003725204	0.08496940485642078	0.539833463133259	2.0	0
DLBCL11590	0.2680632674233367	0.04525716717903447	0.07514277735978374	0.5416361840328684	0.06990060400497668	0.5416361840328684	2.0	3
DLBCL_C_D_1130_NULLPAIR	0.3153105452848171	0.039094316836354046	0.040226488417851605	0.5417596296284654	0.06360901983251191	0.5417596296284654	0.0	3
DLBCL11566	0.20795360849348807	0.07654370619960747	0.09547539049427793	0.5437457006135231	0.07628159419910342	0.5437457006135231	2.0	3
DLBCL10541	0.25949512799893415	0.06729872383020022	0.05518307600325851	0.5444847171708529	0.0735383549967542	0.5444847171708529	1.0	3
DLBCL_C_D_1114_NULLPAIR	0.2779067639878237	0.04000581417729675	0.04579011260549085	0.5450892281477373	0.09120808108165146	0.5450892281477373	0.0	3
DLBCL_RICOVER_1235	0.20658462641488962	0.11675687259035561	0.08568540411343191	0.545309775175058	0.04566332170626478	0.545309775175058	1.0	3
DLBCL_RICOVER_866	0.13298175291748207	0.07720846117046987	0.09747474584657739	0.5464893706433447	0.14584566942212598	0.5464893706433447	2.0	3
DLBCL11474	0.2992313872118698	0.03255296908249379	0.05533946358484275	0.54801479861324	0.06486138150755372	0.54801479861324	0.0	3
DLBCL10939	0.25397234445518707	0.05598559306219296	0.08720992943280814	0.5494661190056186	0.053366014044193257	0.5494661190056186	3.0	3
DLBCL10452	0.20242871071237162	0.09043272642534553	0.08267614032611655	0.551046044092942	0.07341637844322432	0.551046044092942	1.0	3
DLBCL10986	0.23271297836866628	0.03552023880630134	0.11400044825726095	0.5510857677052363	0.06668056686253516	0.5510857677052363	0.0	3
DLBCL11450	0.2021436781559466	0.05487442161056948	0.032222971737532656	0.5522210293884233	0.1585378991075279	0.5522210293884233	4.0	3
DLBCL11683	0.17758534024996583	0.07643584989190937	0.04137903949981864	0.5530752929226557	0.15152447743565048	0.5530752929226557	2.0	3
DLBCL_C_D_1136_NULLPAIR	0.18127045489380827	0.09969523125044609	0.06083789074683119	0.5546183632068429	0.10357805990207157	0.5546183632068429	1.0	3
DLBCL10451	0.28839773781165456	0.03461119072821761	0.07923722289621021	0.5554013321202543	0.04235251644366322	0.5554013321202543	0.0	3
DLBCL11676	0.22826587119618522	0.059702305387571035	0.10032086393992831	0.5559289905476852	0.055781968928630264	0.5559289905476852	0.0	3
DLBCL11681	0.5578896280094487	0.041072759001450215	0.05248725343107156	0.29153045846039943	0.057019901097630096	0.5578896280094487	0.0	0
DLBCL10968	0.24731191740214162	0.04005780898603086	0.04505419552263835	0.5579849835478687	0.10959109454132047	0.5579849835478687	0.0	3
DLBCL_RICOVER_685	0.2849898270290248	0.048730984879459996	0.0413349826871543	0.5581422458041112	0.06680195960024964	0.5581422458041112	4.0	3
DLBCL10866	0.08079724684118822	0.07656623972666549	0.1048331867156158	0.5582902005936814	0.17951312612284917	0.5582902005936814	4.0	3
DLBCL11471	0.26627680565636236	0.04088416747536385	0.06960067101495016	0.5609954199045937	0.062242935948729906	0.5609954199045937	3.0	3
DFCIDL008_DT	0.15531775313084795	0.05531862793836804	0.06457938428567801	0.5626009148039998	0.1621833198411062	0.5626009148039998	4.0	3
DLBCL_C_D_1125_NULLPAIR	0.17036107324531688	0.04502169783566335	0.05827270779370693	0.5629886946800071	0.16335582644530566	0.5629886946800071	4.0	3
DFCIDL010_DT	0.5637166570392745	0.03523719178898377	0.05315488373306324	0.30705621743141476	0.04083505000726373	0.5637166570392745	0.0	0
DLBCL10911	0.19129660097520926	0.055307063045162405	0.09653977848043607	0.5651830819808573	0.09167347551833491	0.5651830819808573	1.0	3
DLBCL_RICOVER_506	0.2117416382232615	0.08612888726875326	0.051982260994712974	0.5661267164591558	0.08402049705411649	0.5661267164591558	4.0	3
DLBCL10927	0.2237044765980934	0.07513243017974237	0.050179874643129736	0.5664963759525263	0.08448684262650819	0.5664963759525263	3.0	3
DLBCL10851	0.25400654571153286	0.03461970647355992	0.04256083939763795	0.5671617900189888	0.10165111839828042	0.5671617900189888	1.0	3
DLBCL10864	0.2823154623828326	0.023617563013865	0.06497421577263217	0.5694366809721062	0.059656077858564006	0.5694366809721062	4.0	3
DLBCL10842	0.16746246397426912	0.051360835536738265	0.0850146155084793	0.5696701805027647	0.1264919044777486	0.5696701805027647	4.0	3
DLBCL_RICOVER_467	0.16818729980183103	0.09338755793638381	0.09116020756436025	0.5710221873946141	0.07624274730281089	0.5710221873946141	1.0	3
DLBCL_RICOVER_151	0.06574026484117182	0.08595949551335264	0.13225501088199446	0.5717770329269428	0.14426819583653833	0.5717770329269428	3.0	3
DLBCL_RICOVER_977	0.5720189836395748	0.06967491425092256	0.04001762286388089	0.25457537083206505	0.06371310841355662	0.5720189836395748	0.0	0
DLBCL11466	0.2466981778129554	0.06993831310141009	0.07415559817408665	0.5728741882448989	0.036333722666648895	0.5728741882448989	1.0	3
DLBCL11455	0.20823502755353213	0.05932762382168117	0.06702116724117076	0.573024264989048	0.0923919163945679	0.573024264989048	2.0	3
DLBCL10898	0.19777417604121367	0.07208835683882342	0.04640633382959362	0.5731498420774436	0.11058129121292573	0.5731498420774436	4.0	3
DLBCL11188	0.2061826587680011	0.04410458181642915	0.12684594406434957	0.5737024405550001	0.04916437479622006	0.5737024405550001	1.0	3
DLBCL_C_D_1140_NULLPAIR	0.26063422277891396	0.04683123351293694	0.08694544710613004	0.5738847899255516	0.031704306676467446	0.5738847899255516	4.0	3
DLBCL10460	0.1558965586269431	0.10669891329276013	0.061355720396652304	0.5752239588525178	0.10082484883112673	0.5752239588525178	1.0	3
DLBCL_RICOVER_1106	0.19552312060834798	0.057204769797140856	0.08195669112847105	0.5755959712930024	0.08971944717303762	0.5755959712930024	4.0	3
DLBCL_DFCI_DLBCL_GOE07	0.24383111398334606	0.046860868366589294	0.07466956255120923	0.5757632580186625	0.05887519708019288	0.5757632580186625	1.0	3
DLBCL_C_D_1117_NULLPAIR	0.27395650207814753	0.06101745444836765	0.028928089787788783	0.5773401556590723	0.05875779802662381	0.5773401556590723	1.0	3
DLBCL11501	0.27986664712531273	0.04872129965208758	0.029704741567791418	0.577935132766269	0.06377217888853928	0.577935132766269	0.0	3
DLBCL10517	0.052400739211900006	0.1129896774031361	0.11982887889292802	0.5781986830369426	0.13658202145509335	0.5781986830369426	1.0	3
DLBCL11516	0.2027627630902902	0.08535312129220222	0.04085744539787868	0.5785272360756987	0.09249943414393025	0.5785272360756987	1.0	3
DLBCL11484	0.25991367896508033	0.058380015328652106	0.04953739076338098	0.5786396128266782	0.053529302116208446	0.5786396128266782	1.0	3
DLBCL10848	0.16651198454257637	0.06697737908120925	0.03485301292753859	0.5789513959989332	0.15270622744974255	0.5789513959989332	4.0	3
DLBCL_C_D_1108_NULLPAIR	0.16958218914739728	0.07073824233548896	0.08792409342745544	0.579001932679902	0.0927535424097563	0.579001932679902	1.0	3
DLBCL10849	0.26139182280047724	0.038078349293768	0.0678674575530557	0.5808482423258853	0.0518141280268137	0.5808482423258853	1.0	3
DLBCL10902	0.17598703505391225	0.04693916114630041	0.0510868226009173	0.5811552351966537	0.14483174600221635	0.5811552351966537	4.0	3
DLBCL10467	0.23276736719413327	0.05458107821597105	0.042282555015997945	0.5819789938478933	0.08839000572600444	0.5819789938478933	4.0	3
DLBCL_MC_F262_WLC	0.58318469570301	0.07196918303128966	0.039716059216843465	0.22372686733644798	0.08140319471240887	0.58318469570301	0.0	0
DLBCL_RICOVER_1293	0.11846154303601952	0.07340436658946209	0.09838155546814993	0.5850482340477642	0.12470430085860432	0.5850482340477642	4.0	3
DLBCL10993	0.26513742855122885	0.024699935370069488	0.06439597929022915	0.5852128855907868	0.060553771197685756	0.5852128855907868	0.0	3
DLBCL_RICOVER_449	0.06278611164131145	0.04767755084839512	0.06077313069803227	0.24156332806217454	0.5871998787500866	0.5871998787500866	4.0	4
DLBCL10992	0.19158138793420615	0.04228239908506868	0.03674329492907761	0.5883484531740198	0.1410444648776278	0.5883484531740198	4.0	3
DLBCL_RICOVER_478	0.2268421520757383	0.05009780930945927	0.05443205461366298	0.5884393550023563	0.08018862899878311	0.5884393550023563	1.0	3
DLBCL10461	0.14867140630839085	0.09393781928264806	0.04291350938080203	0.5884405276845709	0.1260367373435882	0.5884405276845709	1.0	3
DLBCL_C_D_1123_NULLPAIR	0.2407898663999978	0.046804541498035535	0.043314047083243365	0.5891026067264644	0.07998893829225885	0.5891026067264644	0.0	3
DLBCL11454	0.2546827933301354	0.051362074884674896	0.05810880251948868	0.5899789849823774	0.045867344283323536	0.5899789849823774	0.0	3
DLBCL_C_D_1138_NULLPAIR	0.20517576349750857	0.03749583151541537	0.050180717305151556	0.590085416349467	0.11706227133245749	0.590085416349467	1.0	3
DLBCL11538	0.08946968207040297	0.07190260474396645	0.1322224675548631	0.5913913516444587	0.11501389398630875	0.5913913516444587	4.0	3
DLBCL_MC_F362_MJB1	0.11643358834439245	0.07073711948376589	0.12471534866672264	0.5915359187297522	0.09657802477536682	0.5915359187297522	2.0	3
DLBC_FF_8062_TP_NB	0.20588942549091643	0.03573234502896892	0.13523449346131103	0.5919886047145606	0.031155131304242998	0.5919886047145606	3.0	3
DLBCL_RICOVER_744	0.1385629929896621	0.05534173825382932	0.09137664610550482	0.5922200754379412	0.12249854721306254	0.5922200754379412	2.0	3
DLBCL10492	0.23106073132532598	0.050035495158239254	0.04817736358088152	0.59226676147175	0.07845964846380322	0.59226676147175	0.0	3
DLBCL10833	0.22555227189618832	0.05526185616558705	0.0658665748709664	0.5932021398825369	0.06011715718472133	0.5932021398825369	4.0	3
DLBCL11591	0.14912788788011416	0.0854617864916885	0.041869024437892234	0.5937036291863951	0.12983767200391003	0.5937036291863951	1.0	3
DLBCL_LS1921	0.258031199866429	0.05139348887362873	0.0529401607508864	0.594146861199072	0.04348828930998392	0.594146861199072	1.0	3
DLBCL10951	0.17371843041008964	0.07051221928808073	0.10064263304026774	0.5946350081298485	0.06049170913171339	0.5946350081298485	4.0	3
DLBCL10972	0.24232374805114076	0.047646317646966106	0.03389967379557409	0.5948303851122299	0.08129987539408917	0.5948303851122299	0.0	3
DLBCL11679	0.18653340128037738	0.07597788852961918	0.05512137666531311	0.5950386720550945	0.08732866146959578	0.5950386720550945	1.0	3
DLBCL_RICOVER_417	0.20068058988933324	0.06659731906363732	0.0314255238085082	0.596360846348808	0.10493572088971326	0.596360846348808	4.0	3
DLBCL_RICOVER_1018	0.24028128694782036	0.05033189946722727	0.04160517300617357	0.5974369414371818	0.07034469914159688	0.5974369414371818	3.0	3
DLBCL_LS4054	0.19667677494857405	0.03994925541415383	0.06089932612337442	0.5987774955211824	0.10369714799271525	0.5987774955211824	1.0	3
DLBCL_LS2325	0.08131954825690393	0.060687273273355886	0.17395573498912129	0.5991039930137181	0.08493345046690083	0.5991039930137181	2.0	3
DLBCL_MC_F132_MLM	0.22456579778944832	0.05895519626430796	0.05097187145760489	0.6004293984891229	0.06507773599951588	0.6004293984891229	0.0	3
DLBCL10482	0.11758754177994489	0.05335129109054353	0.07254162802834233	0.600995609562715	0.15552392953845412	0.600995609562715	0.0	3
DLBCL_C_D_1118_NULLPAIR	0.22943829507771815	0.043207788451100015	0.05124760690147499	0.601064260081266	0.0750420494884408	0.601064260081266	1.0	3
DLBCL_RICOVER_1081	0.20390708288663584	0.04157429692238027	0.09144525886354751	0.6032391725323653	0.059834188795071123	0.6032391725323653	4.0	3
DLBCL11515	0.14568523579168363	0.04110413605862641	0.11171928773730169	0.6040256943727721	0.0974656460396161	0.6040256943727721	2.0	3
DLBCL10997	0.1784195009510153	0.032504477642834415	0.05046555319070419	0.6046693838067967	0.13394108440864935	0.6046693838067967	0.0	3
DLBCL11677	0.21903039847749303	0.04274701613286492	0.04290651111140628	0.6048993149258187	0.09041675935241693	0.6048993149258187	0.0	3
DLBCL10921	0.17307256871392906	0.07057031369645149	0.056327872898867384	0.6050395013741687	0.09498974331658337	0.6050395013741687	4.0	3
DLBCL10834	0.13992234522123284	0.08743468416988526	0.11318196261767713	0.6078999785981823	0.05156102939302232	0.6078999785981823	1.0	3
DLBCL10928	0.23618868320712624	0.05392525899451008	0.029312792489962203	0.6088480600020565	0.07172520530634496	0.6088480600020565	0.0	3
DLBCL_RICOVER_1046	0.11198449234266586	0.05685738527076934	0.051101013754836236	0.6090062700939441	0.17105083853778452	0.6090062700939441	1.0	3
DLBCL10566	0.20842516870682537	0.06725937305305778	0.05570499933141469	0.6098413261478953	0.05876913276080685	0.6098413261478953	4.0	3
DLBCL11440	0.6105114362910044	0.07926304934634487	0.061518371865580734	0.1841320443259404	0.06457509817112966	0.6105114362910044	4.0	0
DLBCL_MC_F927_JHS	0.16364866855813656	0.0552660282922915	0.0815726538465648	0.6108187377770588	0.08869391152594835	0.6108187377770588	4.0	3
DLBCL10963	0.18267960291118898	0.04217749239929958	0.07523553551402114	0.6129176951094477	0.08698967406604252	0.6129176951094477	4.0	3
DLBCL_LS2357	0.2366432385720344	0.06769136277207591	0.0355470055701317	0.6131728343464703	0.046945558739287636	0.6131728343464703	3.0	3
DLBCL_RICOVER_173	0.15235921526151225	0.059181015095289266	0.04872490418827274	0.6152703558375608	0.12446450961736487	0.6152703558375608	4.0	3
DLBCL11488	0.1983578544477746	0.055978816740852144	0.04738608844591318	0.6157623671840573	0.08251487318140274	0.6157623671840573	0.0	3
DLBCL10854	0.11158453832370073	0.03778104902816962	0.07257227900888459	0.617181602801081	0.16088053083816406	0.617181602801081	4.0	3
DLBCL11581	0.18382244736589837	0.03593464257516187	0.09922179880095865	0.6193135827672527	0.061707528490728365	0.6193135827672527	4.0	3
DLBCL11457	0.2120349903716766	0.051432149161202555	0.06381215471917205	0.6208302160994457	0.051890489648503096	0.6208302160994457	0.0	3
DLBCL10877	0.15171221157788908	0.06136582590313883	0.08830720359068966	0.6209060909614199	0.07770866796686245	0.6209060909614199	0.0	3
DLBCL10876	0.16851158172425534	0.05109950112424863	0.06594711442359177	0.6210067061695381	0.09343509655836615	0.6210067061695381	4.0	3
DLBCL11519	0.24685130379647596	0.05213765653554427	0.03275751272113724	0.6215497627557244	0.04670376419111809	0.6215497627557244	0.0	3
DLBCL11467	0.09791325151646886	0.04269309770584143	0.08074046079031984	0.6218969715146895	0.15675621847268043	0.6218969715146895	3.0	3
DLBCL_DFCI_DLBCL_GOE05	0.09560122937468506	0.048955652533739014	0.10406230726256628	0.621905716026852	0.1294750948021576	0.621905716026852	1.0	3
DLBCL_LS2154	0.20495497379873545	0.05342032790196371	0.047635041936876704	0.6237387217719036	0.07025093459052059	0.6237387217719036	0.0	3
DLBCL10964	0.20595066342577212	0.03772340037027201	0.0762777910238024	0.6249430126090386	0.05510513257111486	0.6249430126090386	4.0	3
DLBCL10781	0.14350117840783203	0.030219625772171917	0.05491250559701623	0.6254834140581526	0.14588327616482727	0.6254834140581526	4.0	3
DLBCL_LS3749	0.18209725739943974	0.06053273518439799	0.07629148646061092	0.6255090397027434	0.05556948125280789	0.6255090397027434	1.0	3
DLBCL11523	0.235057033357558	0.03127565555708669	0.04924143361987492	0.6257192467810351	0.058706630684445364	0.6257192467810351	0.0	3
DLBCL10846	0.22919909257278737	0.04488497318065791	0.0429102827250552	0.6261523265360949	0.056853324985404595	0.6261523265360949	1.0	3
DLBCL_RICOVER_440	0.20424698480110254	0.049462576882269085	0.07095689939309063	0.6266398666126054	0.04869367231093238	0.6266398666126054	2.0	3
DLBCL10966	0.19452171027383758	0.04053682920725048	0.09047831878340995	0.6275522690882674	0.046910872647234515	0.6275522690882674	0.0	3
DLBCL10930	0.18178689587575292	0.07330104649846617	0.06618802732631544	0.6284050675878634	0.050318962711602	0.6284050675878634	4.0	3
DLBCL11657	0.18736702116375795	0.036618935520515226	0.07156017450598923	0.6286080241425135	0.0758458446672241	0.6286080241425135	3.0	3
DLBCL_RICOVER_826	0.2048763478058956	0.05203467918727519	0.03452962927294436	0.6322999455879922	0.07625939814589265	0.6322999455879922	0.0	3
DLBCL11569	0.1677368955041933	0.0519370328600855	0.0988366410331794	0.6323972812448697	0.049092149357672143	0.6323972812448697	2.0	3
DLBCL10974	0.12943863290112803	0.03909665875031205	0.10920085765506174	0.6334753793593919	0.08878847133410626	0.6334753793593919	3.0	3
DLBCL10973	0.19982721343437204	0.063116179326267	0.0523003915440327	0.6341447248485658	0.05061149084676242	0.6341447248485658	3.0	3
DLBCL11429	0.24125822707235098	0.03386775166986169	0.03205237051149053	0.6348678174876965	0.057953833258600394	0.6348678174876965	0.0	3
DLBCL_MC_F606_DMJ	0.12875311866431757	0.08340650337789869	0.07586848886414835	0.6360851702981978	0.07588671879543755	0.6360851702981978	2.0	3
DLBCL11509	0.15965692808844476	0.037931569982740436	0.06612984832724679	0.637677068924296	0.09860458467727207	0.637677068924296	0.0	3
DLBCL10457	0.19938367665079404	0.036908794436622594	0.055073266256878806	0.6387384765909672	0.06989578606473737	0.6387384765909672	4.0	3
DLBCL10859	0.18336466588101683	0.05917797573082294	0.06383452193506389	0.639979043552634	0.05364379290046239	0.639979043552634	1.0	3
DLBCL_LS1757	0.16156528698771846	0.04688984178528832	0.0812773716794756	0.6409806469805333	0.06928685256698437	0.6409806469805333	0.0	3
DLBCL10495	0.17296077429502077	0.06214780190403086	0.05151536982145243	0.641999066808675	0.07137698717082092	0.641999066808675	0.0	3
DLBCL_LS3809	0.13076472012084012	0.04044877463838709	0.054977408324768065	0.6440809439431957	0.12972815297280904	0.6440809439431957	0.0	3
DLBCL10885	0.1366339780345124	0.05107518638212655	0.05526714178639551	0.645044988894776	0.11197870490218954	0.645044988894776	1.0	3
DLBCL10883	0.1057278156598398	0.03028270822025948	0.11506887077753455	0.6455664155123622	0.10335418983000404	0.6455664155123622	4.0	3
DLBCL10988	0.22621636332034692	0.030168827226198822	0.0388428523796594	0.6459832841250909	0.05878867294870399	0.6459832841250909	1.0	3
DLBCL10874	0.20817672879626753	0.04168607002379493	0.0387283647265246	0.647653857619431	0.06375497883398196	0.647653857619431	1.0	3
DLBCL10965	0.21535508277455404	0.047385236685592566	0.036843348703493525	0.649558115542221	0.05085821629413886	0.649558115542221	3.0	3
DLBCL10888	0.17556171272130505	0.040411581710274695	0.06572927956309699	0.6500257525867222	0.068271673418601	0.6500257525867222	4.0	3
DLBCL11196	0.21841467929911226	0.03944450390039979	0.0499546570392911	0.6502569056355035	0.04192925412569331	0.6502569056355035	3.0	3
DLBCL10486	0.1843739643048673	0.04045965250389958	0.0583229505949881	0.6505017384868561	0.0663416941093889	0.6505017384868561	0.0	3
DLBCL_RICOVER_288	0.1860550601476001	0.06375457256069639	0.03424850085063297	0.6509624841476304	0.0649793822934402	0.6509624841476304	1.0	3
DLBCL10909	0.2201676162913461	0.04499676209163511	0.03625412320341566	0.65114664985064	0.0474348485629632	0.65114664985064	4.0	3
DLBCL_RICOVER_1060	0.2102569532169587	0.03843835924393392	0.06326991255809387	0.6527394074752401	0.03529536750577343	0.6527394074752401	1.0	3
DLBCL_C_D_1157_NULLPAIR	0.1453392033341037	0.04582335454954938	0.07420545313605738	0.652956584916911	0.08167540406337859	0.652956584916911	2.0	3
DLBCL10954	0.19407886875680638	0.05064929719237875	0.059781881444893804	0.6538091103600236	0.04168084224589737	0.6538091103600236	1.0	3
DLBCL_RICOVER_720	0.1761145727043044	0.04418432574478502	0.05611077803878677	0.6543431791495802	0.06924714436254363	0.6543431791495802	4.0	3
DLBCL10459	0.14717163647825174	0.033912954288207786	0.09212947405293022	0.6548892332111191	0.07189670196949109	0.6548892332111191	2.0	3
DLBCL11491	0.19362679924912046	0.05192596702812779	0.04463762151752032	0.6553089621324171	0.054500650072814384	0.6553089621324171	3.0	3
DLBCL_C_D_1135_NULLPAIR	0.1808219180530168	0.04177839761493802	0.03297575604273423	0.6555429853472581	0.08888094294205286	0.6555429853472581	1.0	3
DLBCL_C_D_1109_NULLPAIR	0.22442246271025185	0.04169989062118284	0.030389160865048805	0.6567647642509054	0.046723721552611105	0.6567647642509054	3.0	3
DLBCL10881	0.18740539157714206	0.03765378044659363	0.034353191340311916	0.6568321036034654	0.08375553303248688	0.6568321036034654	4.0	3
DLBCL11565	0.13557809514008673	0.08375442597633717	0.029632706891014562	0.6568984948809273	0.09413627711163416	0.6568984948809273	1.0	3
DLBCL_RICOVER_985	0.20292848895022	0.044129119214940615	0.0471558006141756	0.6575830280893888	0.048203563131274954	0.6575830280893888	3.0	3
DLBCL11534	0.11078295249174601	0.03969666486322816	0.08923799826629805	0.658128579937717	0.10215380444101081	0.658128579937717	2.0	3
DLBCL10450	0.20017759405310298	0.0448479971912517	0.04857133447664381	0.6597353805355989	0.04666769374340258	0.6597353805355989	0.0	3
DLBCL_LS2245	0.18440972852001072	0.04585690973626157	0.04616802770186668	0.6598368744572006	0.06372845958466038	0.6598368744572006	1.0	3
DLBCL_RICOVER_839	0.11122312062420486	0.08091919134310303	0.06443510798873085	0.66036842028786	0.08305415975610123	0.66036842028786	1.0	3
DLBCL_MC_F307_JPS	0.15306103794608986	0.0565770384386256	0.06907537073227699	0.6605058118382774	0.06078074104473014	0.6605058118382774	0.0	3
DLBCL11242	0.19256338983019322	0.03819117890008464	0.02778809525944496	0.6614880764657614	0.07996925954451588	0.6614880764657614	4.0	3
DLBCL10916	0.11478361561639232	0.05773374776519082	0.06781097302509885	0.6619719769332124	0.09769968666010562	0.6619719769332124	4.0	3
DLBCL10539	0.18905021185311807	0.031146529449733458	0.06493114541434944	0.6624620460347683	0.05241006724803071	0.6624620460347683	3.0	3
DLBCL_RICOVER_956	0.17706764776396783	0.02245297915729397	0.046798480810755286	0.6636863031195614	0.08999458914842147	0.6636863031195614	4.0	3
DLBCL_RICOVER_787	0.09637838905616282	0.03860383012234813	0.07150283096380454	0.6639550936642228	0.1295598561934617	0.6639550936642228	1.0	3
DLBCL_C_D_1152_NULLPAIR	0.1275150037110497	0.06799033532464076	0.05823120182986771	0.6639900505611722	0.08227340857326965	0.6639900505611722	1.0	3
DLBCL11460	0.14433298910649095	0.0287934818612524	0.07930160834632254	0.6650190811998388	0.0825528394860953	0.6650190811998388	3.0	3
DLBCL_RICOVER_1287	0.11030344403660708	0.04156087729424656	0.06958536806823719	0.6651149703996587	0.11343534020125048	0.6651149703996587	4.0	3
DLBCL11470	0.21226485033771295	0.02605145310846692	0.036708216583105226	0.6657944035738992	0.05918107639681577	0.6657944035738992	0.0	3
DLBCL_C_D_1148_NULLPAIR	0.19424189309043477	0.027347111357688973	0.07112494905607791	0.6668800912379073	0.04040595525789106	0.6668800912379073	0.0	3
DLBCL11661	0.20563234493312443	0.04251649068800491	0.04416444533590197	0.6674269513787876	0.040259767664181004	0.6674269513787876	1.0	3
DLBCL10471	0.17135153806612713	0.05170816828804194	0.07017024110337766	0.6684162374929123	0.03835381504954095	0.6684162374929123	4.0	3
DLBCL_C_D_1106_NULLPAIR	0.1815907623538246	0.05254964656184883	0.05181594920656332	0.6685826312177138	0.04546101066004938	0.6685826312177138	1.0	3
DLBCL10554	0.16883388500401766	0.03399643565688111	0.05191979155174256	0.6694853340821539	0.0757645537052047	0.6694853340821539	2.0	3
DLBCL10494	0.11126600018719573	0.04778085252876837	0.08642846779012464	0.6697172878624881	0.08480739163142313	0.6697172878624881	1.0	3
DLBCL_RICOVER_258	0.20535915096115814	0.039745652979644906	0.05024314696339615	0.6699787809905866	0.03467326810521425	0.6699787809905866	2.0	3
DLBCL_C_D_1163_NULLPAIR	0.11314097341357218	0.033886036947602595	0.08942521825141413	0.6702251714851067	0.09332259990230436	0.6702251714851067	4.0	3
DLBCL10994	0.14426446981737448	0.04916886885362077	0.04895812064758207	0.6715464328235271	0.08606210785789563	0.6715464328235271	0.0	3
DLBCL10996	0.2058302725536315	0.030145694816562655	0.044970896947238805	0.6732442030150055	0.04580893266756152	0.6732442030150055	0.0	3
DLBCL11659	0.16068959453782142	0.06401792538326101	0.05464358529385955	0.6745030084496534	0.04614588633540472	0.6745030084496534	3.0	3
DLBCL_RICOVER_1299	0.12600859118057348	0.04211830181856327	0.09291987943412293	0.6759056570626152	0.06304757050412516	0.6759056570626152	4.0	3
DLBCL_RICOVER_408	0.18690786497059278	0.04893036639516615	0.04151902919964581	0.6763871834312515	0.04625555600334384	0.6763871834312515	2.0	3
DLBCL11187	0.12137469110676134	0.040708901768996546	0.05908733292212305	0.6766504483535098	0.10217862584860914	0.6766504483535098	4.0	3
DLBCL11672	0.15105747414795628	0.03362660976108917	0.07118984046827789	0.6771307707513782	0.06699530487129852	0.6771307707513782	2.0	3
DLBCL_RICOVER_1150	0.16444940371080438	0.038363413392343476	0.07373377995207575	0.6779848494476826	0.045468553497093826	0.6779848494476826	0.0	3
DLBCL_RICOVER_134	0.11834091439336691	0.03505123622181307	0.0600978467654551	0.6786111217731646	0.10789888084620033	0.6786111217731646	4.0	3
DLBCL_RICOVER_274	0.14034874440255676	0.06305538651345927	0.07904730597865393	0.6797073074652331	0.03784125564009692	0.6797073074652331	3.0	3
DLBCL_RICOVER_216	0.1368823910296611	0.026839850174833924	0.08949538335838524	0.6799616365522096	0.06682073888491002	0.6799616365522096	2.0	3
DLBCL_RICOVER_1210	0.1641903073462135	0.04009626667641485	0.04902492309591093	0.6805845028153354	0.06610400006612527	0.6805845028153354	1.0	3
DLBCL10956	0.16724840154476603	0.04086103945741564	0.043525724197550505	0.6815352425489913	0.06682959225127649	0.6815352425489913	1.0	3
DLBCL11432	0.17621217435704153	0.03805250133941514	0.04854307631010722	0.6815705304501023	0.0556217175433338	0.6815705304501023	0.0	3
DLBCL11443	0.6820141320588174	0.036005693320551986	0.03732007411438417	0.20607862969665453	0.03858147080959187	0.6820141320588174	0.0	0
DFCIDL003_DT	0.0830382897037964	0.06583482486479554	0.08497189160140231	0.6827741133837143	0.08338088044629141	0.6827741133837143	1.0	3
DLBCL10985	0.1284132601293654	0.0363466351820162	0.10191245120309705	0.6845150251027777	0.04881262838274362	0.6845150251027777	1.0	3
DLBCL_RICOVER_1289	0.15312153578537308	0.024375686136054696	0.07879823567079386	0.6853352332215542	0.058369309186224204	0.6853352332215542	4.0	3
DLBCL11004	0.17716701888705425	0.03473231742001296	0.04158831928047115	0.686327464530413	0.06018487988204862	0.686327464530413	4.0	3
DLBCL10890	0.17992147095641053	0.03660505057121757	0.04856210227312819	0.6865808525662523	0.04833052363299139	0.6865808525662523	4.0	3
DLBCL10900	0.1406619156219654	0.02799149721225105	0.055283795358108144	0.6873260286584645	0.08873676314921096	0.6873260286584645	4.0	3
DLBCL11656	0.10064226194104668	0.03791146507229164	0.10414061820913637	0.6875780008872578	0.06972765389026747	0.6875780008872578	2.0	3
DLBCL_MC_F064AB	0.11557712621870712	0.04207111898114279	0.0599953794660648	0.6876317412127979	0.0947246341212874	0.6876317412127979	2.0	3
DLBCL11468	0.19453384581902544	0.03396921966984854	0.03829795615299125	0.6878947184719266	0.04530425988620806	0.6878947184719266	2.0	3
DLBCL_MC_F210_GWC	0.1538093087939846	0.05359108056515032	0.03707985239028031	0.6900552047447817	0.06546455350580309	0.6900552047447817	1.0	3
DLBCL_C_D_1149_NULLPAIR	0.12874712253393159	0.050065467521147065	0.07111664505755874	0.6907821998726934	0.05928856501466915	0.6907821998726934	1.0	3
DLBCL_RICOVER_533	0.12669446664377712	0.045219473066605925	0.06714014942368751	0.6921121642180522	0.06883374664787721	0.6921121642180522	1.0	3
DLBCL10548	0.17525629121039546	0.04773806099656381	0.034895183256371705	0.6930252105035931	0.04908525403307592	0.6930252105035931	0.0	3
DLBCL10498	0.11862456673450203	0.044836546283107265	0.09779748450139351	0.6933747995871569	0.045366602893840376	0.6933747995871569	2.0	3
DLBCL10971	0.1296456372176802	0.03530863380354536	0.03785677442000075	0.6946353790109523	0.10255357554782135	0.6946353790109523	0.0	3
DLBCL_RICOVER_575	0.17851015632823924	0.03080300264857991	0.03363674864051404	0.6972969361431713	0.0597531562394955	0.6972969361431713	3.0	3
DLBCL10515	0.15615046058276913	0.03703858986769887	0.04946636893550836	0.6990916298526344	0.058252950761389255	0.6990916298526344	0.0	3
DLBCL10453	0.1313062892868611	0.055211184030098746	0.0686806627959115	0.6994830190069604	0.04531884488016829	0.6994830190069604	1.0	3
DLBCL10535	0.1444246994000985	0.023688393786670734	0.04262986131072386	0.6997385107989342	0.08951853470357266	0.6997385107989342	4.0	3
DLBCL10845	0.1028166381194789	0.04548970853255205	0.08478446479611947	0.6998574414642423	0.06705174708760728	0.6998574414642423	1.0	3
DLBCL10835	0.12831372859886472	0.03132845314719848	0.07025179690460083	0.700162569353641	0.06994345199569496	0.700162569353641	4.0	3
DLBCL_RICOVER_773	0.13338410870030684	0.04251609096907008	0.05492038309994059	0.7001672832296432	0.06901213400103925	0.7001672832296432	4.0	3
DLBCL10513	0.16030480804449188	0.03702791824091642	0.0413550809017012	0.7002480263750348	0.06106416643785569	0.7002480263750348	3.0	3
DLBCL11203	0.09149902058155522	0.062178361287193444	0.0806533822446314	0.7014923004715677	0.06417693541505215	0.7014923004715677	1.0	3
DLBCL_C_D_1156_NULLPAIR	0.10272416886641733	0.04507331737545986	0.0797636794769478	0.7015032940879666	0.07093554019320837	0.7015032940879666	0.0	3
DLBCL10969	0.16278605586745884	0.04479113986662305	0.043650539229442196	0.7016666532221668	0.047105611814309126	0.7016666532221668	0.0	3
DLBCL11191	0.183903637083948	0.03378438894779482	0.036315270239601835	0.7028760322804977	0.04312067144815764	0.7028760322804977	0.0	3
DLBCL11472	0.1465151003593584	0.04500523168437658	0.05271677798154235	0.7031925758624966	0.05257031411222612	0.7031925758624966	0.0	3
DLBCL_RICOVER_1269	0.1439786731145912	0.056543401493175376	0.0448661576316488	0.7038865607682842	0.05072520699230055	0.7038865607682842	2.0	3
DLBCL_C_D_1131_NULLPAIR	0.11772429679962547	0.05162208447878546	0.05551156170899508	0.7040066714590386	0.07113538555355535	0.7040066714590386	1.0	3
DLBCL_RICOVER_678	0.14210219521497366	0.04250333637034442	0.0613956499187341	0.7049520956505793	0.049046722845368575	0.7049520956505793	1.0	3
DLBCL_RICOVER_496	0.16389470862316355	0.04218355872685207	0.04161715786934396	0.7058510218589031	0.046453552921737334	0.7058510218589031	1.0	3
DLBCL10519	0.10077849022557354	0.07486980400929204	0.06474516501970957	0.7059951335839983	0.05361140716142648	0.7059951335839983	1.0	3
DLBCL10970	0.14838799076554363	0.0363310622497805	0.04644938412175471	0.7065190147566799	0.06231254810624126	0.7065190147566799	3.0	3
DLBCL10472	0.14107388201628154	0.03325933363372246	0.05744686375118275	0.706688116617532	0.06153180398128133	0.706688116617532	2.0	3
DLBCL11481	0.16305816069832269	0.033186234529256384	0.053299323043190384	0.7067383037766236	0.043717977952606894	0.7067383037766236	0.0	3
DLBCL11473	0.15737620840769775	0.036989279826956094	0.04355251643727565	0.7070219314810652	0.055060063847005326	0.7070219314810652	0.0	3
DLBCL11430	0.13110902594216933	0.03474317444252386	0.057035054370306155	0.7071013569952291	0.07001138824977159	0.7071013569952291	0.0	3
DLBCL10967	0.12401707352887303	0.032887859434457566	0.05661917243581349	0.7072474676757682	0.07922842692508776	0.7072474676757682	4.0	3
DLBCL_RICOVER_1248	0.09923366661451248	0.0512322633733297	0.052037019705256586	0.7084171174547453	0.08907993285215594	0.7084171174547453	4.0	3
DLBCL_MC_F729_MAN	0.13832869183372679	0.04591687624698975	0.053115481576782156	0.7089287218610633	0.05371022848143807	0.7089287218610633	1.0	3
DLBCL_RICOVER_338	0.10930152524989334	0.03296741957981982	0.06656200437811984	0.7093642775224636	0.08180477326970345	0.7093642775224636	0.0	3
DLBCL_MC_F218_RAP	0.1204148020845548	0.04566196038920883	0.0885402445610188	0.7099957415129305	0.03538725145228704	0.7099957415129305	3.0	3
DLBCL10480	0.134312766117152	0.047506617849662224	0.04498492887063133	0.7110764403288272	0.06211924683372721	0.7110764403288272	1.0	3
DLBCL_C_D_1103_NULLPAIR	0.13807226777831594	0.03765298790832199	0.04164884085631645	0.7121305941594207	0.07049530929762488	0.7121305941594207	3.0	3
DLBCL10527	0.09457533158065475	0.03503189217996324	0.091057343517168	0.7122978223786786	0.06703761034353542	0.7122978223786786	3.0	3
DLBCL_RICOVER_120	0.12917997641272777	0.03299085655174446	0.051891435239540054	0.7133570095158638	0.07258072228012397	0.7133570095158638	4.0	3
DLBCL10837	0.1716265164836073	0.03391517376849057	0.03938986903352714	0.7154441888629374	0.03962425185143759	0.7154441888629374	4.0	3
DLBCL_RICOVER_978	0.15091028980692267	0.036639788539233366	0.061576361663886706	0.7166344660199008	0.034239093970056506	0.7166344660199008	2.0	3
DLBCL10502	0.13924460880273146	0.044185824082859974	0.05461630158974942	0.7173708250456261	0.04458244047903306	0.7173708250456261	1.0	3
DLBCL11194	0.12619046357435473	0.028486145336871632	0.06893591136663929	0.717627286623123	0.05876019309901131	0.717627286623123	4.0	3
DLBCL11435	0.16292813360191694	0.03200949769965618	0.043634024053354696	0.7179118917755906	0.04351645286948167	0.7179118917755906	0.0	3
DLBCL10514	0.13731341194210336	0.04253868960110606	0.042356109975554876	0.7184477915840691	0.059343996897166566	0.7184477915840691	2.0	3
DLBCL10932	0.16489768178446593	0.03505284345469715	0.04555617055394384	0.7191946121611482	0.035298692045744845	0.7191946121611482	3.0	3
DLBCL10843	0.12471958097758207	0.04866142024037937	0.05640454223035034	0.7196861104791302	0.050528346072558065	0.7196861104791302	0.0	3
DLBCL10542	0.1295193364098266	0.035736731671539505	0.055733251787741946	0.7200397380209925	0.05897094210989939	0.7200397380209925	0.0	3
DLBCL_BWH_DLBCL64	0.1381943423502193	0.030362378114830498	0.05084719452408138	0.7202927224185282	0.06030336259234069	0.7202927224185282	1.0	3
DLBCL11542	0.09671446419529187	0.04931706540752201	0.10020910217487138	0.7227335752026638	0.031025793019650985	0.7227335752026638	2.0	3
DLBCL10893	0.1298217834734169	0.04127354194919411	0.045303077364629366	0.7228225312740794	0.060779065938680266	0.7228225312740794	4.0	3
DLBCL11658	0.12428385157391762	0.03402303703909583	0.06414220657860459	0.7232235392640757	0.05432736554430627	0.7232235392640757	3.0	3
DLBCL_C_D_1159_NULLPAIR	0.15558094428066238	0.0261008987125645	0.058127938132982046	0.7245012004820942	0.03568901839169681	0.7245012004820942	3.0	3
DLBCL10490	0.1131829528084542	0.04271686400800792	0.06250812152047916	0.7256062306181339	0.05598583104492471	0.7256062306181339	0.0	3
DFCIDL004_DT	0.14140815709353688	0.031556595109239666	0.03764877260692088	0.7260922834507223	0.06329419173958026	0.7260922834507223	4.0	3
DLBCL10510	0.12849489786486204	0.03669265050701558	0.054584526986940086	0.7265038858087893	0.05372403883239292	0.7265038858087893	1.0	3
DLBCL10463	0.06756616934969274	0.026362404199781028	0.07894112191672006	0.7276747871299066	0.0994555174038995	0.7276747871299066	4.0	3
DLBCL11447	0.10756610682567648	0.0489250829437137	0.055380453450018394	0.7278530107215535	0.060275346059037976	0.7278530107215535	3.0	3
DLBCL10962	0.11476524438353349	0.044293157578464776	0.06882301198667656	0.7286276650211423	0.04349092103018291	0.7286276650211423	1.0	3
DLBCL10870	0.1435445254770757	0.03636696684242496	0.0404784246567108	0.7289291131531592	0.050680969870629276	0.7289291131531592	4.0	3
DLBCL10889	0.10978181403980032	0.031909737750922935	0.07056605240285889	0.7291619485204155	0.058580447286002375	0.7291619485204155	4.0	3
DLBCL11673	0.09944173993229566	0.034667329330208295	0.09917637650929026	0.7295204829375718	0.037194071290633964	0.7295204829375718	1.0	3
DLBCL10895	0.12490454950642842	0.03802746857646669	0.06282212747860323	0.7300614088690456	0.044184445569456096	0.7300614088690456	4.0	3
DLBCL_RICOVER_361	0.13366957877634408	0.03221072535835311	0.04516103998711671	0.7304579105091599	0.058500745369026205	0.7304579105091599	3.0	3
DLBCL11512	0.13348475714569946	0.041174701431941255	0.05635050760690314	0.7304671267441571	0.038522907071298976	0.7304671267441571	0.0	3
DLBCL10961	0.09360610026975605	0.04907482936609736	0.05211039424975265	0.7304677557079369	0.07474092040645705	0.7304677557079369	4.0	3
DLBCL10990	0.08745978897090517	0.02881322196066865	0.07538278831565152	0.7306687923267042	0.07767540842607046	0.7306687923267042	4.0	3
DLBCL11346	0.12992044009132553	0.03562431549346331	0.0601345342532618	0.7309404444969275	0.04338026566502184	0.7309404444969275	1.0	3
DLBCL_MC_F089_HCZ	0.12883242716775817	0.03512145648556911	0.06126519538758778	0.7340396730991597	0.04074124785992527	0.7340396730991597	1.0	3
DLBCL_RICOVER_1204	0.08149463645158536	0.034699074145260175	0.08297420432491126	0.7355839116755857	0.06524817340265754	0.7355839116755857	3.0	3
DLBCL11205	0.08812111257870504	0.032262108263414316	0.09188425438667248	0.7367622172094	0.050970307561808176	0.7367622172094	0.0	3
DLBCL_C_D_1105_NULLPAIR	0.14531679316597582	0.03693556135451883	0.037101931032854724	0.7369262523998455	0.04371946204680503	0.7369262523998455	1.0	3
DLBCL_LS2590	0.1253858275018814	0.03325521453212649	0.06143794660132428	0.7381899729709233	0.0417310383937446	0.7381899729709233	3.0	3
DLBCL10550	0.09983554613062773	0.045479602510771426	0.06423877614834385	0.7382012675001964	0.05224480771006057	0.7382012675001964	4.0	3
DLBCL_MAYO_DLBCL_5613	0.12419887747435007	0.03734733559123324	0.046305835750386146	0.7386385697333512	0.053509381450679364	0.7386385697333512	0.0	3
DLBCL11478	0.13524544406427386	0.03582604305200552	0.047188373216118795	0.738695628401553	0.043044511266048746	0.738695628401553	0.0	3
DLBCL11680	0.11028705196023213	0.018787596767252186	0.08883692135465958	0.7391815520890405	0.042906877828815644	0.7391815520890405	2.0	3
DLBCL11437	0.13381946284435628	0.041790414552657695	0.048927491134459974	0.7406802809854883	0.034782350483037835	0.7406802809854883	3.0	3
DLBCL11537	0.1498280842803392	0.03423968625448573	0.03950449035727162	0.740813630405991	0.03561410870191246	0.740813630405991	0.0	3
DLBCL11206	0.07576195164663957	0.031004736237648236	0.09108631903594706	0.7418409263657461	0.060306066714019044	0.7418409263657461	4.0	3
DLBCL_RICOVER_1263	0.07174696409837786	0.02561005085017201	0.08555791972133098	0.7429119003480157	0.07417316498210345	0.7429119003480157	2.0	3
DLBCL10878	0.11272300785389815	0.03498169508865215	0.0652921908935832	0.7437088499768729	0.043294256186993625	0.7437088499768729	4.0	3
DLBCL11456	0.1324977176689882	0.0402269395712714	0.03470605177656151	0.7439524961779068	0.04861679480527208	0.7439524961779068	1.0	3
DLBCL10465	0.058977706056312196	0.037051916552836975	0.10863408852241553	0.7454285290600386	0.04990775980839661	0.7454285290600386	2.0	3
DLBCL11479	0.0689079026943429	0.043252740409799	0.07215527037545603	0.7460503354234144	0.06963375109698768	0.7460503354234144	1.0	3
DLBCL11204	0.09245216984894505	0.030879204201575767	0.0623561752730662	0.7477668007251561	0.06654564995125696	0.7477668007251561	1.0	3
DLBCL_MC_F139_LJF	0.13678194398184917	0.025963709255973515	0.060692129769024716	0.7481850659487647	0.028377151044387896	0.7481850659487647	3.0	3
DLBCL11353	0.1334583149650767	0.02852502489423261	0.0457766118273484	0.7487920177520934	0.043448030561248976	0.7487920177520934	4.0	3
DLBCL11449	0.12918459174075111	0.03510644669261347	0.03939562332308605	0.7491024520843851	0.04721088615916424	0.7491024520843851	1.0	3
DLBCL_C_D_PAIR13	0.12063356580758128	0.028315304560605655	0.05206481817098254	0.7493153293453927	0.04967098211543788	0.7493153293453927	4.0	3
DLBCL10907	0.08382312727871093	0.04806778902420123	0.06702273740988678	0.7495042333486324	0.05158211293856869	0.7495042333486324	1.0	3
DLBCL_RICOVER_221	0.1300992041126198	0.03419331598747105	0.04404141233726593	0.7504549095473684	0.0412111580152749	0.7504549095473684	4.0	3
DLBCL10918	0.14306753555635673	0.027638616277161396	0.0393392281553878	0.7509228218832498	0.03903179812784434	0.7509228218832498	0.0	3
DLBCL11433	0.11373380568330058	0.03180571725177173	0.06274805928959867	0.7531533004906582	0.038559117284670784	0.7531533004906582	3.0	3
DLBCL11558	0.10171113212123266	0.03245515098833493	0.07285950595406744	0.7540090879251091	0.03896512301125585	0.7540090879251091	2.0	3
DLBCL10844	0.09700496443888722	0.02552634715268857	0.04699807215649358	0.754158915877367	0.07631170037456358	0.754158915877367	0.0	3
DLBCL_MC_F815_BAT	0.13095502626322306	0.029325309404512525	0.05227996861866707	0.7546514191006771	0.032788276612920206	0.7546514191006771	2.0	3
DLBCL_LS1098	0.1087225060917686	0.029426397940155013	0.06345004213349155	0.7548725262090691	0.043528527625515775	0.7548725262090691	2.0	3
DLBCL10488	0.11246316673296597	0.028156220627172227	0.07466202189300353	0.7549851584566297	0.02973343229022855	0.7549851584566297	0.0	3
DLBCL_LS1683	0.10048484089941773	0.021774346871990022	0.07035992463991296	0.7549991318288434	0.0523817557598359	0.7549991318288434	1.0	3
DLBCL_RICOVER_401	0.06853006303792795	0.042914437308711514	0.07160372399166834	0.7558629846861373	0.061088790975554905	0.7558629846861373	1.0	3
DLBCL10879	0.11524531849811283	0.03297253890595119	0.040134396182026466	0.7570329451157527	0.054614801298156795	0.7570329451157527	2.0	3
DLBCL10857	0.13322433806801343	0.029023330744912836	0.04739132096726825	0.757387447300394	0.03297356291941151	0.757387447300394	4.0	3
DLBCL_MAYO_DLBCL_234	0.06375820171099915	0.026522255676178375	0.07145526287502567	0.7575994649243576	0.08066481481343929	0.7575994649243576	2.0	3
DLBCL_C_D_1115_NULLPAIR	0.0854237987853674	0.04655520726086067	0.05551006744959905	0.7598181720116873	0.05269275449248562	0.7598181720116873	3.0	3
DLBCL_RICOVER_1045	0.13400842343917282	0.026904753069715903	0.040616868172568966	0.7617810741022374	0.03668888121630498	0.7617810741022374	3.0	3
DLBCL_RICOVER_1061	0.13580795997592746	0.028173805197409706	0.03648433187942168	0.7629073252207847	0.036626577726456354	0.7629073252207847	3.0	3
DLBCL_RICOVER_1192	0.07304606128933581	0.03839297970164527	0.061099821584253755	0.7633056222811098	0.0641555151436554	0.7633056222811098	4.0	3
DLBCL_RICOVER_473	0.12483765584482981	0.028442028861078952	0.03630501101398275	0.763615652256738	0.046799652023370476	0.763615652256738	0.0	3
DLBCL10462	0.12970435749077827	0.021948028960723877	0.046469056180132695	0.7639121614267301	0.03796639594163497	0.7639121614267301	0.0	3
DLBCL10522	0.06979774022099422	0.03686329752644046	0.04881727796440867	0.7639800122513588	0.0805416720367979	0.7639800122513588	2.0	3
DLBCL10935	0.11713834570446607	0.030176543771424418	0.044431618662599065	0.7661688050870065	0.04208468677450403	0.7661688050870065	0.0	3
DLBCL_LS4593	0.0813940745140256	0.03199991869866894	0.0946157718713549	0.7665551382665029	0.025435096649447698	0.7665551382665029	2.0	3
DLBCL_LS1395	0.10499763508192073	0.0324056519437835	0.04740298668843827	0.767118798844078	0.04807492744177959	0.767118798844078	2.0	3
DLBCL10955	0.12884705137936878	0.03108416978691938	0.03636116180641647	0.767398459447279	0.03630915758001637	0.767398459447279	3.0	3
DLBCL11496	0.11408001052999318	0.026384561147258876	0.05032172384406567	0.7675208679310903	0.0416928365475919	0.7675208679310903	0.0	3
DLBCL_LS843	0.05946325100075687	0.0346620820771394	0.0720626381884513	0.7681630773047894	0.06564895142886297	0.7681630773047894	2.0	3
DLBCL_C_D_1151_NULLPAIR	0.13744441306241748	0.028689785993055085	0.032825265970645806	0.7688570558251578	0.03218347914872385	0.7688570558251578	3.0	3
DLBCL11208	0.10988508016639024	0.02934255131511093	0.04266824761407422	0.7691457479651092	0.04895837293931549	0.7691457479651092	1.0	3
DLBCL_RICOVER_617	0.10645270363720681	0.024152882479901664	0.04711683869890795	0.7691678973875515	0.05310967779643209	0.7691678973875515	3.0	3
DLBCL11573	0.11586562301946424	0.029332987707925123	0.0557670434121114	0.7691774245924581	0.029856921268041077	0.7691774245924581	2.0	3
DLBCL_RICOVER_850	0.12291085425500838	0.027962365855998216	0.04237555981671111	0.7705459832089288	0.03620523686335357	0.7705459832089288	4.0	3
DLBCL_LS762	0.08875769256904055	0.029130905834406702	0.05581822600997066	0.7708914762057866	0.05540169938079551	0.7708914762057866	2.0	3
DLBCL10780	0.11398286002437569	0.03365305114766082	0.04316324549842651	0.7712154225637632	0.03798542076577376	0.7712154225637632	1.0	3
DLBCL10836	0.08565896637196395	0.04775072841529315	0.05469914932177021	0.7721172605231886	0.039773895367784064	0.7721172605231886	4.0	3
DLBC_FF_A7CX_TP_NB	0.11863765974129559	0.029649265143486668	0.0429408196536969	0.7727060261740639	0.036066229287456904	0.7727060261740639	4.0	3
DLBCL10873	0.1011690841859228	0.03565400737524479	0.0653057718262113	0.7734395550224165	0.02443158159020464	0.7734395550224165	1.0	3
DLBCL_C_D_1144_NULLPAIR	0.09329710269933944	0.027147409448639352	0.050573011526077453	0.7756787104565451	0.05330376586939861	0.7756787104565451	4.0	3
DLBCL10491	0.09014695861923185	0.04096321285448359	0.037706277439493625	0.7766102351870979	0.05457331589969303	0.7766102351870979	3.0	3
DLBCL11655	0.1111001649133707	0.030744645842902523	0.03853074330951744	0.7783738877780463	0.041250558156163124	0.7783738877780463	3.0	3
DLBCL11528	0.09045659453178222	0.029871462908318935	0.051201245952030225	0.7786440550190619	0.04982664158880677	0.7786440550190619	2.0	3
DLBCL11483	0.1084594310145482	0.02973303939226638	0.062026942655350525	0.778687787158003	0.021092799779831844	0.778687787158003	1.0	3
DLBCL11431	0.10263185607514133	0.020237450545654394	0.06253446188367283	0.7788228097179409	0.035773421777590624	0.7788228097179409	4.0	3
DLBCL_LS3820	0.10984277467382864	0.03136902987234425	0.04973049160665736	0.7789412688200498	0.030116435027120046	0.7789412688200498	2.0	3
DLBC_FF_8042_TP_NB	0.10345887391421928	0.032431098439111884	0.03414951794836505	0.7826182846221287	0.047342225076175165	0.7826182846221287	4.0	3
DLBCL11436	0.10182998006809979	0.03271383498407451	0.04813503519265903	0.7826357947183367	0.03468535503683002	0.7826357947183367	1.0	3
DLBCL_C_D_1153_NULLPAIR	0.08997082614907229	0.03168302762046692	0.06142464367444189	0.783576683346703	0.033344819209315806	0.783576683346703	3.0	3
DLBCL11533	0.10197309670294903	0.029045391700068566	0.044595961235186936	0.7870306636438271	0.037354886717968286	0.7870306636438271	1.0	3
DLBCL10867	0.10748304681875903	0.03561000892764704	0.0448170273100511	0.7875225291234064	0.024567387820136552	0.7875225291234064	4.0	3
DLBCL11462	0.08622002173909561	0.0439608622976011	0.03618421684720046	0.7886414528139212	0.04499344630218167	0.7886414528139212	0.0	3
DLBCL11504	0.12468666388696018	0.026169145711555222	0.02908664016380386	0.7905942030459429	0.029463347191737915	0.7905942030459429	4.0	3
DLBCL_RICOVER_829	0.09758106800488624	0.024332431601276364	0.052836680931079974	0.7951539551455329	0.030095864317224514	0.7951539551455329	0.0	3
DLBCL_LS2328	0.08367667634419934	0.031514092044495505	0.05804977531822343	0.7958001908452345	0.030959265447847314	0.7958001908452345	2.0	3
DLBCL_RICOVER_469	0.09271506726797941	0.024018073004814296	0.057930844798594935	0.7963688740338243	0.02896714089478704	0.7963688740338243	2.0	3
DLBCL11441	0.11199309796209753	0.02327601532747663	0.02757092688056803	0.7970976505340247	0.04006230929583316	0.7970976505340247	2.0	3
DLBCL_LS1668	0.08509520573786611	0.030074218970448888	0.050454506352246214	0.7972639102448431	0.037112158694595644	0.7972639102448431	1.0	3
DLBCL11002	0.10283556369023931	0.02168416866266737	0.04637295401878803	0.7977264479734829	0.031380865654822315	0.7977264479734829	3.0	3
DLBCL10564	0.08703204978754116	0.03301656105323986	0.0392101714542011	0.7995612844181855	0.041179933286832365	0.7995612844181855	3.0	3
DLBCL11434	0.06698556002042173	0.038654138277155935	0.05403794846546093	0.7997184774724487	0.040603875764512735	0.7997184774724487	0.0	3
DLBCL_RICOVER_1283	0.0888856339455596	0.02776829459906603	0.05985637789257575	0.7998161967333776	0.023673496829421055	0.7998161967333776	2.0	3
DLBCL_C_D_1113_NULLPAIR	0.06868163750591062	0.03447569923695454	0.04886879128428536	0.800439466315536	0.04753440565731348	0.800439466315536	2.0	3
DLBCL_RICOVER_522	0.08537769869980852	0.033813620375414855	0.041868377959623476	0.8038918038039656	0.03504849916118747	0.8038918038039656	2.0	3
DLBCL10978	0.06662072862873862	0.031099046005039252	0.04133453764816101	0.8047237527129913	0.05622193500506977	0.8047237527129913	3.0	3
DLBCL11202	0.08171802557064674	0.032739654556681166	0.03974587023200548	0.8053474309619711	0.04044901867869553	0.8053474309619711	0.0	3
DLBCL_LS4592	0.06672333078161459	0.0207979001210681	0.04254987304850096	0.8058753113226239	0.06405358472619249	0.8058753113226239	2.0	3
DLBCL_DFCI_DLBCL_GOE16	0.09014780408091372	0.02246885279356478	0.05071414750588581	0.8060354234712206	0.03063377214841508	0.8060354234712206	2.0	3
DLBCL10518	0.060100497395725594	0.01905380011934949	0.060511063247443674	0.8060999851664798	0.05423465407100137	0.8060999851664798	2.0	3
DLBCL11526	0.08516985572425358	0.02480318764132411	0.05065698125365198	0.8076904803572813	0.031679495023489004	0.8076904803572813	2.0	3
DLBCL11664	0.07571500413255819	0.02724755789042277	0.04140096658594521	0.8082232602499961	0.047413211141077695	0.8082232602499961	1.0	3
DLBCL11448	0.07314736080403303	0.027292701221427722	0.0498009344517962	0.8103985640474676	0.03936043947527547	0.8103985640474676	3.0	3
DLBCL10523	0.08412258389708378	0.022705847732364653	0.05797598952920574	0.8107788294824809	0.024416749358864884	0.8107788294824809	2.0	3
DLBC_FF_8046_TP_NB	0.06486578634471815	0.026748478195599074	0.07069733570951953	0.8126646592454343	0.025023740504728966	0.8126646592454343	2.0	3
DLBCL_RICOVER_945	0.093131800234102	0.0281427370737365	0.03856317513591936	0.8133843081083272	0.02677797944791497	0.8133843081083272	0.0	3
DLBCL11513	0.06412103200588307	0.030076568774590483	0.05325890543451922	0.813568401656101	0.03897509212890618	0.813568401656101	4.0	3
DLBCL_RICOVER_1165	0.0795879515717141	0.025189442320293888	0.05038809400658916	0.8144110959483588	0.030423416153044013	0.8144110959483588	1.0	3
DLBCL10501	0.0615205746544099	0.0277839334552542	0.05740897850704494	0.8148980703565563	0.03838844302673465	0.8148980703565563	2.0	3
DLBCL10884	0.08500510749030155	0.025447679869707095	0.03923126304376481	0.8164239534072878	0.03389199618893873	0.8164239534072878	0.0	3
DLBCL10858	0.07468388710721709	0.023866951270133205	0.031222317180774516	0.8167993713514046	0.05342747309047058	0.8167993713514046	3.0	3
DLBCL_LS155	0.07472414118050176	0.017701331842474896	0.057196529226118474	0.8169540693031614	0.033423928447743494	0.8169540693031614	2.0	3
DLBCL10838	0.052958214264566865	0.027367796969950033	0.06533153130053128	0.8183014549874028	0.036041002477549024	0.8183014549874028	4.0	3
DLBCL10862	0.09663301911625045	0.018590397016278157	0.030516418747264917	0.8218038171260086	0.03245634799419792	0.8218038171260086	4.0	3
DLBCL_RICOVER_1278	0.041597774571521556	0.025447647020235706	0.0578334236785722	0.8223343951665881	0.052786759563082424	0.8223343951665881	4.0	3
DLBCL11459	0.07341119362887101	0.028378447253102842	0.039791961905881135	0.8237342279693701	0.03468416924277486	0.8237342279693701	3.0	3
DLBCL_LS951	0.08008958292546546	0.025893269797540943	0.03905216261604446	0.8238978722125323	0.031067112448416756	0.8238978722125323	0.0	3
DLBC_FF_A7CQ_TP_NB	0.07529443755960652	0.020273752699236987	0.046785700622607576	0.8255129675496201	0.0321331415689288	0.8255129675496201	4.0	3
DLBCL10947	0.06948568937006216	0.02513673742861395	0.048362482001945345	0.8270880757960586	0.029927015403319983	0.8270880757960586	1.0	3
DLBCL10565	0.07293216886634314	0.023579219667660228	0.04632757117809148	0.8279073649732114	0.029253675314693823	0.8279073649732114	3.0	3
DLBCL10469	0.07061000040676435	0.024238858702709008	0.03766463225376816	0.8281154574800649	0.039371051156693655	0.8281154574800649	3.0	3
DLBCL_LS2599	0.06226110422867044	0.0203489278990202	0.051471902367911666	0.8287067405824133	0.03721132492198432	0.8287067405824133	2.0	3
DLBCL11670	0.0533013902397466	0.02335043930821177	0.06366246525378347	0.8308928861829449	0.028792819015313276	0.8308928861829449	2.0	3
DLBCL11663	0.05964637150833919	0.019225979696975027	0.05496502020022046	0.8314963595292284	0.03466626906523692	0.8314963595292284	0.0	3
DLBCL_MC_F496DMP	0.06908366567705877	0.023032481971141158	0.040019017534707775	0.8320036627172525	0.03586117209983988	0.8320036627172525	1.0	3
DLBCL11678	0.05637278783941782	0.016413690612056404	0.06499153920037999	0.8344694494454568	0.02775253290268905	0.8344694494454568	3.0	3
DLBCL10484	0.08220574628166129	0.02491205900377343	0.030815768639774966	0.8346313230119075	0.02743510306288285	0.8346313230119075	1.0	3
DLBCL11495	0.075800033387511	0.021643867160609825	0.02982807615461249	0.8370704020862574	0.03565762121100927	0.8370704020862574	4.0	3
DLBCL10891	0.0624385117711186	0.022965560371980095	0.032410947727979415	0.8387409480833865	0.043444032045535354	0.8387409480833865	4.0	3
DLBCL_RICOVER_1219	0.06996828004323724	0.022461367768545768	0.037492448433418514	0.8415495162402352	0.028528387514563287	0.8415495162402352	4.0	3
DLBCL10552	0.06826442231552204	0.021164517639107393	0.042125834281498055	0.8416628382726922	0.0267823874911803	0.8416628382726922	3.0	3
DLBCL_LS2208	0.07049284468386913	0.01570767183794555	0.034653815769134615	0.841712029944949	0.037433637764101774	0.841712029944949	4.0	3
DLBCL11469	0.8428002860639653	0.018061688023425004	0.03204761947456834	0.08884236129033024	0.018248045147711094	0.8428002860639653	2.0	0
DLBCL_RICOVER_950	0.07689901976901396	0.01848048899609552	0.03362678021455074	0.8446024942942402	0.026391216726099672	0.8446024942942402	3.0	3
DLBCL10487	0.07332102279379957	0.02166962438894385	0.031770800026598676	0.8479140843752535	0.02532446841540444	0.8479140843752535	1.0	3
DLBCL_RICOVER_701	0.05244543071883585	0.01738886213777403	0.05380897130217585	0.8485212690867431	0.027835466754471176	0.8485212690867431	3.0	3
DLBCL_LS1304	0.052409577380680236	0.025738193658409212	0.04025753285849017	0.8489595166811931	0.03263517942122726	0.8489595166811931	2.0	3
DLBCL_C_D_1139_NULLPAIR	0.06624055616152648	0.024976792891668067	0.029727638837613587	0.8503070543384088	0.028747957770783088	0.8503070543384088	3.0	3
DLBCL11574	0.07303743199067356	0.017339188812505575	0.03450435812806576	0.8511272247033949	0.02399179636536023	0.8511272247033949	2.0	3
DLBCL11669	0.06762825120578407	0.01819169188086423	0.04187924444208151	0.8533998282397615	0.018900984231508742	0.8533998282397615	2.0	3
DLBCL10869	0.0675461343957969	0.019060749717551888	0.0388528102330998	0.8544508458717726	0.020089459781778823	0.8544508458717726	0.0	3
DLBCL10995	0.044901022438818765	0.02374573225743657	0.04081723870579136	0.854875511999105	0.03566049459884825	0.854875511999105	2.0	3
DLBCL10901	0.051714879219554324	0.019835350880809007	0.04128296446066407	0.8564157469177663	0.030751058521206236	0.8564157469177663	4.0	3
DLBCL_RICOVER_320	0.06523574408695247	0.018901541941114756	0.03270125953553775	0.8568059796726964	0.026355474763698584	0.8568059796726964	2.0	3
DLBCL10497	0.052578543844150574	0.021632063176019276	0.04138667238109105	0.8600567796062317	0.02434594099250742	0.8600567796062317	3.0	3
DLBCL_MC_F519_ALT	0.0673975957357057	0.015909635669875386	0.02696843978856056	0.8627555865595747	0.026968742246283636	0.8627555865595747	4.0	3
DLBCL10925	0.05541806682570357	0.020549234635716625	0.03479726022352047	0.8643796862953816	0.024855752019677654	0.8643796862953816	4.0	3
DLBCL10525	0.06120863757779877	0.015998625305878464	0.03346621980617236	0.865417208024891	0.023909309285259413	0.865417208024891	0.0	3
DLBCL10868	0.044204015883167594	0.021332732496895004	0.037828909041863375	0.8678673575003043	0.028766985077769716	0.8678673575003043	3.0	3
DLBCL10553	0.05436333559645375	0.01653756762094628	0.03094299904939775	0.8680371381312048	0.03011895960199745	0.8680371381312048	3.0	3
DLBCL_MC_F349_BJJ	0.046082713205869125	0.017012094557744214	0.036892775956035795	0.8712529427754584	0.028759473504892455	0.8712529427754584	2.0	3
DLBCL10547	0.04503720983795106	0.019817713158702944	0.028220581845537343	0.8773556036879506	0.02956889146985808	0.8773556036879506	3.0	3
DLBCL_LS3499	0.04859453369952257	0.015654592790250225	0.028883261368709123	0.8776754174026972	0.029192194738820957	0.8776754174026972	3.0	3
DLBCL10919	0.05089300820916858	0.01609742859935209	0.03293237812311953	0.8778402879655941	0.022236897102765687	0.8778402879655941	3.0	3
DLBCL10915	0.04647869307586394	0.017870105352344953	0.028233992860713424	0.8835959466874285	0.02382126202364915	0.8835959466874285	4.0	3
DLBCL11564	0.04722858965104681	0.01615107720411349	0.030043267600332643	0.8871001452725623	0.01947692027194469	0.8871001452725623	3.0	3
DLBCL11464	0.04600328113626444	0.015620855541475073	0.027806429930762752	0.8917942871370592	0.018775146254438532	0.8917942871370592	3.0	3
DLBCL11525	0.043971244069244714	0.016169602703767248	0.02914619109750372	0.8920739467824474	0.018639015347036905	0.8920739467824474	2.0	3
