	C1	C2	C3	C4	C5	Confidence	True Cluster	Predicted Cluster
DLBCL_LS2599	0.2811666	0.08535467	0.31898233	0.25201416	0.06248222	0.31898233	2.0	2
DLBCL11542	0.2818945	0.09755887	0.24167265	0.32825252	0.05062144	0.32825252	2.0	3
DLBCL_LS2245	0.29462233	0.08893361	0.2597323	0.33612737	0.020584362	0.33612737	1.0	3
DLBCL11479	0.3604308	0.03169543	0.18613164	0.325816	0.09592612	0.3604308	1.0	0
DLBCL_C_D_1163_NULLPAIR	0.36536625	0.06841038	0.03921148	0.29030287	0.236709	0.36536625	4.0	0
DLBCL10902	0.25167394	0.042933635	0.12981907	0.36860567	0.2069677	0.36860567	4.0	3
DLBCL10523	0.22549522	0.030285703	0.32790825	0.38142478	0.03488604	0.38142478	2.0	3
DLBCL10846	0.38304818	0.08023018	0.0821694	0.2660404	0.18851182	0.38304818	1.0	0
DLBCL10891	0.1939265	0.04033954	0.0807268	0.29760665	0.38740048	0.38740048	4.0	4
DLBCL10502	0.19040166	0.13645212	0.21783413	0.39066473	0.06464737	0.39066473	1.0	3
DLBCL10965	0.33213994	0.035397515	0.05385322	0.39428657	0.18432276	0.39428657	3.0	3
DLBCL_MC_F606_DMJ	0.30684325	0.054592364	0.07849782	0.3956796	0.16438699	0.3956796	2.0	3
DLBCL10838	0.30066976	0.07927433	0.07609279	0.40167046	0.14229268	0.40167046	4.0	3
DLBCL_RICOVER_288	0.16259097	0.1529155	0.1042381	0.40476072	0.1754947	0.40476072	1.0	3
DLBCL_LS146	0.05256551	0.15106417	0.32780078	0.40618232	0.06238722	0.40618232	1.0	3
DLBCL_MC_F502_RFK	0.23450658	0.13094564	0.15061362	0.40906745	0.07486673	0.40906745	1.0	3
DLBCL11468	0.29620892	0.074342616	0.048125267	0.4106358	0.17068738	0.4106358	2.0	3
DLBCL10852	0.41289294	0.07297099	0.07152479	0.3638622	0.0787491	0.41289294	4.0	0
DLBCL11457	0.41367212	0.049062353	0.07188957	0.30748576	0.1578902	0.41367212	0.0	0
DLBCL11242	0.41462818	0.07634393	0.092071235	0.3520054	0.06495126	0.41462818	4.0	0
DLBCL10956	0.41742653	0.13020901	0.04599156	0.30120325	0.105169676	0.41742653	1.0	0
DLBCL11504	0.369202	0.04683148	0.077875644	0.42332596	0.08276493	0.42332596	3.0	3
DLBCL_RICOVER_744	0.42423898	0.062426664	0.11553073	0.32573226	0.07207137	0.42423898	2.0	0
DLBCL11518	0.31138688	0.020065494	0.17778715	0.42601857	0.0647419	0.42601857	2.0	3
DLBCL10554	0.3184752	0.054391567	0.13073418	0.42709637	0.06930271	0.42709637	2.0	3
DLBCL10895	0.299167	0.13137606	0.054291144	0.42782727	0.087338515	0.42782727	4.0	3
DLBCL_LS1304	0.42911345	0.04503642	0.068181984	0.32058367	0.1370845	0.42911345	2.0	0
DFCIDL004_DT	0.43039393	0.031233603	0.05239354	0.3486991	0.13727982	0.43039393	4.0	0
DLBCL11664	0.076919824	0.15930271	0.43337977	0.25782257	0.07257511	0.43337977	1.0	2
DLBCL10927	0.4352886	0.052859727	0.08217614	0.3864106	0.043264944	0.4352886	3.0	0
DLBCL10492	0.24721622	0.07835023	0.12323359	0.43676668	0.11443325	0.43676668	0.0	3
DLBCL11537	0.39378393	0.039971884	0.04268044	0.4408568	0.08270694	0.4408568	0.0	3
DLBCL11565	0.23339672	0.117806844	0.1197134	0.44090146	0.08818158	0.44090146	1.0	3
DLBCL10875	0.3594084	0.041501928	0.08044429	0.4439093	0.07473609	0.4439093	0.0	3
DLBCL11450	0.4465989	0.06527986	0.04512295	0.3694718	0.07352652	0.4465989	4.0	0
DLBCL11511	0.33383647	0.060138434	0.086931296	0.44700712	0.07208668	0.44700712	0.0	3
DLBCL10918	0.44842133	0.07445529	0.031360734	0.39162347	0.05413917	0.44842133	0.0	0
DLBCL10480	0.23850448	0.093960814	0.09700731	0.45003998	0.1204874	0.45003998	1.0	3
DLBCL11569	0.373502	0.046011396	0.09762158	0.45044413	0.032420903	0.45044413	2.0	3
DLBC_FF_8062_TP_NB	0.30638582	0.023439748	0.18607005	0.45056137	0.033543013	0.45056137	3.0	3
DLBCL11591	0.19948877	0.08256351	0.15687065	0.45182884	0.10924822	0.45182884	1.0	3
DLBCL_C_D_1113_NULLPAIR	0.37710005	0.06454105	0.06341864	0.45416778	0.04077246	0.45416778	2.0	3
DLBCL11205	0.45565897	0.04193855	0.06992463	0.34717086	0.08530699	0.45565897	0.0	0
DLBCL_LS1098	0.23448007	0.027464684	0.23696573	0.45580763	0.0452819	0.45580763	2.0	3
DLBCL_MC_F519_ALT	0.15706626	0.045746103	0.16843338	0.4564267	0.17232755	0.4564267	4.0	3
DLBCL_MC_F927_JHS	0.37807196	0.033340342	0.0703107	0.456647	0.06163	0.456647	4.0	3
DLBCL_RICOVER_773	0.18925527	0.08942525	0.063576825	0.45718244	0.20056023	0.45718244	4.0	3
DLBCL10914	0.17071442	0.064948685	0.26098123	0.45872524	0.044630405	0.45872524	0.0	3
DLBCL_RICOVER_506	0.2608966	0.07193241	0.06135205	0.46051386	0.14530507	0.46051386	4.0	3
DLBCL_C_D_1157_NULLPAIR	0.15875256	0.033980235	0.46063912	0.2608045	0.085823596	0.46063912	2.0	2
DLBCL_RICOVER_314	0.3022811	0.08494642	0.07501506	0.46088102	0.07687638	0.46088102	4.0	3
DLBCL10514	0.2800949	0.09436585	0.13331246	0.4617008	0.030526012	0.4617008	2.0	3
DLBCL10534	0.36241382	0.062828146	0.031775124	0.46314758	0.079835325	0.46314758	4.0	3
DLBCL_RICOVER_910	0.38023853	0.04995532	0.0331252	0.46343642	0.073244505	0.46343642	0.0	3
DLBCL10930	0.46346912	0.05649324	0.13582496	0.23816064	0.106052026	0.46346912	4.0	0
DLBCL10907	0.3688431	0.045783922	0.052331664	0.4653735	0.06766784	0.4653735	1.0	3
DLBCL_MC_F500_ECU	0.3711769	0.078700036	0.048735045	0.4662194	0.03516861	0.4662194	1.0	3
DLBCL_RICOVER_338	0.467004	0.08200251	0.061634816	0.3297791	0.059579566	0.467004	0.0	0
DLBCL10912	0.46826163	0.03892082	0.08560336	0.33582133	0.071392864	0.46826163	0.0	0
DLBCL_C_D_1129_NULLPAIR	0.26601413	0.050605293	0.056651283	0.4683902	0.1583391	0.4683902	0.0	3
DLBCL10535	0.32134968	0.034722324	0.050157055	0.4684783	0.12529263	0.4684783	4.0	3
DLBCL11573	0.18448696	0.053423066	0.23691286	0.4702869	0.05489022	0.4702869	2.0	3
DLBCL10845	0.4723508	0.07634237	0.037004087	0.32746252	0.08684023	0.4723508	1.0	0
DLBCL11566	0.25978088	0.027374104	0.1453958	0.47283018	0.09461904	0.47283018	2.0	3
DLBCL11470	0.4737221	0.030593483	0.0908651	0.32389683	0.0809225	0.4737221	0.0	0
DLBCL_RICOVER_1219	0.09451118	0.086000726	0.10482404	0.4738345	0.24082953	0.4738345	4.0	3
DLBCL10901	0.21296115	0.02939516	0.136281	0.47535974	0.14600296	0.47535974	4.0	3
DLBCL11507	0.47894666	0.09156348	0.067872636	0.2958717	0.065745525	0.47894666	1.0	0
DLBCL11526	0.15225998	0.050248668	0.2791788	0.48046905	0.037843514	0.48046905	2.0	3
DLBCL_C_D_1106_NULLPAIR	0.48111424	0.079829484	0.04369222	0.31846467	0.07689938	0.48111424	1.0	0
DLBCL11539	0.32851952	0.0580507	0.051242646	0.48171678	0.080470346	0.48171678	0.0	3
DLBCL11673	0.16495246	0.059996583	0.19208631	0.48514742	0.09781726	0.48514742	1.0	3
DLBCL10849	0.48591298	0.08384811	0.065339915	0.30636704	0.05853197	0.48591298	1.0	0
DLBCL10466	0.29988134	0.032986462	0.14144261	0.4861005	0.039589107	0.4861005	2.0	3
DLBCL_LS3245	0.3376226	0.043789674	0.081062	0.4867671	0.050758578	0.4867671	1.0	3
DLBCL10879	0.27416566	0.038147155	0.15122294	0.4878631	0.048601136	0.4878631	2.0	3
DLBCL10834	0.33927298	0.06702583	0.06127496	0.48786387	0.04456236	0.48786387	1.0	3
DLBCL_RICOVER_1106	0.19889872	0.08765721	0.050536953	0.48789975	0.17500736	0.48789975	4.0	3
DLBCL_LS3204	0.17784302	0.10515616	0.16392614	0.48807153	0.06500316	0.48807153	1.0	3
DLBCL_MC_F132_MLM	0.30354127	0.02642068	0.14694206	0.4892807	0.03381526	0.4892807	0.0	3
DLBCL11188	0.27791303	0.08824103	0.03690677	0.4909437	0.105995476	0.4909437	1.0	3
DLBCL10850	0.2898736	0.07897701	0.05733148	0.49184915	0.08196875	0.49184915	1.0	3
DLBCL_C_D_1103_NULLPAIR	0.34208214	0.023708278	0.10498061	0.4937208	0.03550816	0.4937208	3.0	3
DLBCL_C_D_1123_NULLPAIR	0.30493152	0.07075736	0.08047915	0.49452078	0.04931119	0.49452078	0.0	3
DLBCL10844	0.49462333	0.03599414	0.08167651	0.3509809	0.03672511	0.49462333	0.0	0
DLBCL_RICOVER_1045	0.49521083	0.0442893	0.052521944	0.37763667	0.030341277	0.49521083	3.0	0
DFCIDL003_DT	0.33315834	0.059629872	0.06724823	0.4964117	0.04355184	0.4964117	1.0	3
DLBCL11652	0.49923068	0.052887112	0.14491545	0.25952917	0.043437567	0.49923068	0.0	0
DLBCL10884	0.31023633	0.033744894	0.11395086	0.49926877	0.04279915	0.49926877	0.0	3
DLBCL_C_D_1130_NULLPAIR	0.1981787	0.050557546	0.15593888	0.500514	0.09481087	0.500514	0.0	3
DLBCL_RICOVER_1329	0.31397185	0.036416452	0.07892668	0.5016792	0.06900585	0.5016792	4.0	3
DLBCL_MC_F089_HCZ	0.24913439	0.07871374	0.11202852	0.5029095	0.05721387	0.5029095	1.0	3
DLBCL_LS2328	0.29730746	0.03507454	0.13267186	0.5031245	0.031821676	0.5031245	2.0	3
DLBCL_DFCI_DLBCL_GOE07	0.26240772	0.058186963	0.059375353	0.503633	0.11639695	0.503633	1.0	3
DLBCL10472	0.32810247	0.03005062	0.07636076	0.5038422	0.061643954	0.5038422	2.0	3
DLBCL11476	0.2101032	0.069306076	0.16868146	0.5074837	0.04442553	0.5074837	4.0	3
DLBCL_C_D_1125_NULLPAIR	0.2609244	0.06832178	0.042858373	0.51024014	0.11765531	0.51024014	4.0	3
DLBCL10460	0.26377988	0.0896153	0.08401551	0.5102807	0.052308563	0.5102807	1.0	3
DLBCL_C_D_1114_NULLPAIR	0.5123701	0.07549702	0.040699493	0.3182886	0.053144794	0.5123701	0.0	0
DLBCL10456	0.28155476	0.052636664	0.06555904	0.51302046	0.08722905	0.51302046	3.0	3
DLBCL_C_D_1118_NULLPAIR	0.5144925	0.056963295	0.11215273	0.27971625	0.036675204	0.5144925	1.0	0
DLBCL10525	0.32071772	0.030271675	0.105641715	0.51460385	0.028765004	0.51460385	0.0	3
DLBCL10877	0.289843	0.03267753	0.05608461	0.51598525	0.10540964	0.51598525	0.0	3
DLBCL11461	0.3161732	0.029366942	0.09284097	0.5164116	0.045207288	0.5164116	0.0	3
DLBCL11510	0.20165932	0.116034105	0.054323766	0.5191646	0.10881818	0.5191646	4.0	3
DLBCL10459	0.12625735	0.08683377	0.16045398	0.51919687	0.10725805	0.51919687	2.0	3
DLBCL10482	0.2927494	0.034650404	0.0658754	0.5205161	0.0862087	0.5205161	0.0	3
DLBCL10509	0.27595577	0.06620264	0.04749907	0.52236795	0.08797459	0.52236795	0.0	3
DLBCL11595	0.1767832	0.044329163	0.20076822	0.5225022	0.055617217	0.5225022	4.0	3
DLBCL10847	0.52292734	0.062480036	0.038297307	0.26155424	0.114741065	0.52292734	4.0	0
DLBCL_RICOVER_408	0.2798904	0.037127987	0.059694715	0.52297753	0.100309394	0.52297753	2.0	3
DLBCL10896	0.2116777	0.027969025	0.16932125	0.52304184	0.06799016	0.52304184	0.0	3
DLBCL_C_D_1149_NULLPAIR	0.27826282	0.09002489	0.058066133	0.52654403	0.047102094	0.52654403	1.0	3
DLBCL10512	0.52689683	0.023305599	0.08158796	0.25679147	0.11141816	0.52689683	2.0	0
DLBCL_LS3809	0.24239588	0.042486265	0.06594101	0.5272195	0.12195737	0.5272195	0.0	3
DLBCL11466	0.2933201	0.030170953	0.06900148	0.52747506	0.080032416	0.52747506	1.0	3
DLBCL_C_D_1156_NULLPAIR	0.5281674	0.03855887	0.04147044	0.33787185	0.053931408	0.5281674	0.0	0
DLBCL10544	0.2813914	0.03640618	0.060319383	0.52832323	0.093559794	0.52832323	3.0	3
DLBCL10495	0.24999529	0.03105132	0.119155556	0.52961904	0.07017877	0.52961904	0.0	3
DLBCL10996	0.3072187	0.055055805	0.052156765	0.52993137	0.055637367	0.52993137	0.0	3
DLBCL10488	0.30551153	0.04097891	0.03733693	0.53072286	0.08544978	0.53072286	0.0	3
DLBCL_RICOVER_478	0.5307612	0.066029675	0.047222644	0.26620257	0.089783944	0.5307612	1.0	0
DLBCL10921	0.25947157	0.075042896	0.0785557	0.53117377	0.055756062	0.53117377	4.0	3
DLBCL11512	0.5312408	0.066034175	0.030844474	0.32060418	0.051276382	0.5312408	0.0	0
DLBCL_RICOVER_948	0.22332913	0.0908462	0.07050552	0.5328294	0.082489766	0.5328294	1.0	3
DLBCL11659	0.25816482	0.02643378	0.12435585	0.53397954	0.057065975	0.53397954	0.0	3
DLBCL_LS1757	0.27799413	0.038634405	0.0675751	0.53458077	0.08121563	0.53458077	0.0	3
DLBCL10935	0.53463334	0.031789757	0.07772955	0.2709797	0.08486763	0.53463334	0.0	0
DLBCL_C_D_1136_NULLPAIR	0.5352013	0.08545069	0.09613983	0.1612957	0.12191245	0.5352013	1.0	0
DLBCL_MC_F307_JPS	0.24215034	0.024768513	0.14734738	0.5387906	0.04694321	0.5387906	0.0	3
DLBCL10916	0.15789637	0.06340507	0.0888779	0.53900653	0.15081413	0.53900653	4.0	3
DLBCL10971	0.25152695	0.039229345	0.06373855	0.53957725	0.10592793	0.53957725	0.0	3
DLBCL11671	0.5398543	0.04620253	0.065138005	0.31229657	0.036508586	0.5398543	0.0	0
DLBCL10989	0.17078562	0.040469874	0.13135518	0.54037166	0.11701765	0.54037166	1.0	3
DLBCL_RICOVER_945	0.3077353	0.052069847	0.041643985	0.541269	0.057281863	0.541269	0.0	3
DLBCL11520	0.54233044	0.018344486	0.06713887	0.30926818	0.06291799	0.54233044	0.0	0
DLBCL_LS2325	0.27431318	0.063154	0.06973082	0.54300034	0.049801666	0.54300034	2.0	3
DLBCL_LS4616	0.22455914	0.039698146	0.15874416	0.5433173	0.033681255	0.5433173	2.0	3
DLBCL10893	0.1092495	0.045841537	0.17801927	0.5438773	0.123012386	0.5438773	4.0	3
DLBCL10780	0.16826135	0.121214405	0.13824125	0.54418224	0.028100748	0.54418224	1.0	3
DLBCL10484	0.122400716	0.12065475	0.15467878	0.5444258	0.057839952	0.5444258	1.0	3
DLBCL10555	0.20062612	0.061353143	0.11333912	0.5445756	0.08010606	0.5445756	2.0	3
DLBCL11676	0.23401432	0.054026205	0.108543314	0.5446683	0.058747828	0.5446683	0.0	3
DLBCL10887	0.5461568	0.10817621	0.056190178	0.14759423	0.14188258	0.5461568	4.0	0
DLBCL_LS2367	0.23896234	0.028684385	0.04170386	0.5466833	0.14396612	0.5466833	0.0	3
DLBCL_LS4054	0.09431467	0.04672988	0.103279576	0.5479457	0.2077302	0.5479457	1.0	3
DLBCL_RICOVER_1287	0.2732371	0.043319862	0.05168723	0.5503305	0.08142527	0.5503305	4.0	3
DLBCL10464	0.13802655	0.046136186	0.10651171	0.5526106	0.15671498	0.5526106	2.0	3
DLBCL10897	0.28964102	0.038436756	0.07474022	0.55268097	0.04450104	0.55268097	0.0	3
DLBCL10552	0.24701384	0.033319473	0.13417974	0.5540529	0.03143407	0.5540529	3.0	3
DLBCL11456	0.24405605	0.03546077	0.074711956	0.55409336	0.091677874	0.55409336	1.0	3
DLBCL_LS3499	0.3108886	0.0439476	0.06680356	0.55523217	0.02312811	0.55523217	3.0	3
DLBCL_MAYO_DLBCL_7359	0.21712023	0.07012911	0.1063623	0.55544704	0.050941307	0.55544704	1.0	3
DLBCL_RICOVER_440	0.14888085	0.056716662	0.1950728	0.5561469	0.043182734	0.5561469	2.0	3
DLBCL10457	0.23385535	0.06328931	0.0505643	0.559642	0.09264903	0.559642	4.0	3
DLBCL_LS3820	0.22668348	0.07094049	0.106674194	0.5601234	0.03557843	0.5601234	2.0	3
DLBCL10856	0.19145045	0.07655378	0.09988368	0.5616562	0.070455894	0.5616562	2.0	3
DLBCL10542	0.17802319	0.053807106	0.055861644	0.56360215	0.1487059	0.56360215	0.0	3
DLBCL10532	0.19223486	0.021414334	0.097967766	0.5656314	0.12275163	0.5656314	4.0	3
DLBCL10860	0.19519058	0.040140435	0.07040373	0.5690084	0.12525685	0.5690084	4.0	3
DLBCL11651	0.21923226	0.04463869	0.11484779	0.572007	0.04927424	0.572007	2.0	3
DLBCL10857	0.23691167	0.028466985	0.049306825	0.5751397	0.110174805	0.5751397	4.0	3
DLBCL10909	0.27622804	0.038974125	0.053442094	0.57552534	0.055830386	0.57552534	4.0	3
DLBCL10994	0.57573974	0.027710818	0.0951129	0.24909462	0.052341916	0.57573974	0.0	0
DLBCL_LS378	0.2581572	0.018817522	0.07718657	0.5757982	0.07004054	0.5757982	0.0	3
DLBCL11515	0.18750258	0.051611997	0.11898257	0.57601005	0.065892816	0.57601005	2.0	3
DLBCL_C_D_1139_NULLPAIR	0.26831144	0.052877128	0.06491643	0.576552	0.03734304	0.576552	3.0	3
DLBCL_RICOVER_1210	0.210003	0.04910524	0.12306155	0.5770823	0.040747955	0.5770823	1.0	3
DLBCL10889	0.11389131	0.053092957	0.16704698	0.57825476	0.087713994	0.57825476	4.0	3
DLBCL_MC_F262_WLC	0.21415447	0.041831084	0.050106768	0.5796465	0.114261165	0.5796465	0.0	3
DLBCL11681	0.22382937	0.05274858	0.06126458	0.58014375	0.08201373	0.58014375	0.0	3
DLBCL_RICOVER_1192	0.1746254	0.0371952	0.042073432	0.5805663	0.16553967	0.5805663	4.0	3
DLBCL_C_D_1126_NULLPAIR	0.27768087	0.04586676	0.042066257	0.5825411	0.051845007	0.5825411	1.0	3
DLBCL10515	0.24034707	0.021129666	0.054471582	0.5831315	0.10092021	0.5831315	0.0	3
DLBCL11439	0.19001198	0.06414461	0.10022401	0.58671415	0.058905263	0.58671415	2.0	3
DLBCL10518	0.13227586	0.04987033	0.13819051	0.58964944	0.09001386	0.58964944	2.0	3
DLBCL11443	0.25912932	0.022845814	0.084540345	0.59071004	0.042774465	0.59071004	0.0	3
DLBCL11187	0.17086655	0.046457876	0.06300775	0.59071505	0.12895276	0.59071505	4.0	3
DLBCL11474	0.26552147	0.06075424	0.04173046	0.59100205	0.040991772	0.59100205	0.0	3
DLBCL_LS3200	0.16123685	0.074258275	0.057886675	0.5911887	0.11542944	0.5911887	4.0	3
DLBCL_RICOVER_1081	0.59135956	0.030054523	0.04087273	0.25911552	0.07859765	0.59135956	4.0	0
DLBCL10880	0.16740108	0.047957093	0.059300292	0.59171534	0.13362616	0.59171534	4.0	3
DLBCL11662	0.2281208	0.064701445	0.047607165	0.5928225	0.0667481	0.5928225	0.0	3
DLBCL11429	0.20342757	0.049339436	0.06198796	0.59401494	0.091230065	0.59401494	0.0	3
DLBCL11536	0.21474376	0.09203802	0.041134953	0.59413165	0.05795161	0.59413165	3.0	3
DLBCL11003	0.1948831	0.074712604	0.08374716	0.5948596	0.051797517	0.5948596	1.0	3
DLBCL_C_D_1138_NULLPAIR	0.17087021	0.030949946	0.07394051	0.5948971	0.12934226	0.5948971	1.0	3
DLBCL_C_D_1153_NULLPAIR	0.59504	0.038655467	0.029688343	0.28288043	0.05373577	0.59504	3.0	0
DFCIDL009_DT	0.13872872	0.051095024	0.17462978	0.59672934	0.038817145	0.59672934	2.0	3
DLBCL_BWH_DLBCL64	0.25836673	0.05669871	0.051270373	0.5976066	0.036057565	0.5976066	3.0	3
DLBCL_MC_F210_GWC	0.23499633	0.03504529	0.06336667	0.59794647	0.06864524	0.59794647	1.0	3
DLBCL10922	0.1771828	0.057176486	0.06400595	0.59796804	0.103666745	0.59796804	1.0	3
DLBCL10885	0.2117507	0.06804977	0.062063515	0.5982126	0.05992342	0.5982126	1.0	3
DLBCL10854	0.1901538	0.02772677	0.12016834	0.59848017	0.063470915	0.59848017	4.0	3
DLBCL10906	0.19261733	0.05953806	0.07231605	0.59930974	0.07621886	0.59930974	1.0	3
DLBCL_MC_F739_AMA3	0.17105982	0.037074413	0.15970539	0.5993709	0.032789502	0.5993709	1.0	3
DLBCL10863	0.18654713	0.08592318	0.067559905	0.5994062	0.06056362	0.5994062	3.0	3
DLBCL_RICOVER_1283	0.25148243	0.034799498	0.07449143	0.6007722	0.038454466	0.6007722	2.0	3
DLBCL11477	0.21392886	0.06351922	0.08258796	0.6013943	0.038569666	0.6013943	0.0	3
DLBCL10883	0.14433642	0.04272157	0.07203862	0.60242045	0.13848294	0.60242045	4.0	3
DLBCL_LS2208	0.1954313	0.027357258	0.1199462	0.6037517	0.053513527	0.6037517	4.0	3
DLBCL_C_D_1166_NULLPAIR	0.16684175	0.043834522	0.0486337	0.6041821	0.13650791	0.6041821	4.0	3
DLBCL10549	0.09393872	0.0504816	0.1714047	0.60458064	0.07959436	0.60458064	2.0	3
DLBCL10947	0.1739496	0.082292035	0.07020396	0.6050059	0.068548486	0.6050059	1.0	3
DLBCL10871	0.18343295	0.039575495	0.10808129	0.6054238	0.06348645	0.6054238	1.0	3
DLBCL10973	0.11364738	0.05383577	0.099384815	0.6055907	0.12754132	0.6055907	3.0	3
DLBCL10984	0.18704875	0.06154388	0.074779525	0.60590816	0.07071973	0.60590816	4.0	3
DLBCL10862	0.1464086	0.037318118	0.12254368	0.6063502	0.08737942	0.6063502	4.0	3
DLBCL_C_D_1131_NULLPAIR	0.22247323	0.06165259	0.055333626	0.6064847	0.05405585	0.6064847	1.0	3
DLBCL10517	0.14386377	0.04244384	0.093754865	0.60694766	0.11298989	0.60694766	1.0	3
DLBCL11001	0.18181898	0.03180978	0.05042215	0.6105795	0.1253696	0.6105795	4.0	3
DLBCL11495	0.06276665	0.02667933	0.17888659	0.6110213	0.12064613	0.6110213	4.0	3
DLBCL_RICOVER_1190	0.21057098	0.03688086	0.09933697	0.6117302	0.041480947	0.6117302	4.0	3
DLBCL10911	0.13421787	0.06642576	0.1411996	0.6119394	0.04621737	0.6119394	1.0	3
DLBCL10987	0.17210382	0.02092222	0.13855612	0.61329424	0.055123612	0.61329424	4.0	3
DLBCL11670	0.080061175	0.054538626	0.118351944	0.61353517	0.13351308	0.61353517	2.0	3
DLBCL11454	0.22063544	0.02581127	0.09222526	0.61397785	0.047350165	0.61397785	0.0	3
DLBCL10986	0.19447912	0.026741568	0.11285021	0.61457074	0.051358342	0.61457074	0.0	3
DLBCL10510	0.19017373	0.06318682	0.08049201	0.6146796	0.051467843	0.6146796	1.0	3
DLBCL10548	0.2071072	0.062467717	0.07319282	0.61483544	0.042396836	0.61483544	0.0	3
DFCIDL010_DT	0.16239297	0.05203708	0.06915766	0.6155607	0.100851595	0.6155607	0.0	3
DLBCL10934	0.18172352	0.049793318	0.06662664	0.61647934	0.08537718	0.61647934	1.0	3
DLBCL10990	0.21089463	0.05561731	0.039894477	0.61747694	0.07611667	0.61747694	4.0	3
DLBCL10566	0.6184298	0.03496602	0.040515162	0.27395502	0.03213402	0.6184298	4.0	0
DLBCL10498	0.18854246	0.032591302	0.116051815	0.6195795	0.043234903	0.6195795	2.0	3
DLBCL11353	0.2159554	0.036618557	0.06752903	0.62002766	0.059869356	0.62002766	4.0	3
DLBCL_LS762	0.17240745	0.06451863	0.10140021	0.6230463	0.038627457	0.6230463	2.0	3
DLBCL11680	0.20041531	0.03134791	0.093203105	0.6238576	0.05117608	0.6238576	2.0	3
DLBCL11430	0.20400201	0.033119246	0.087943435	0.6248722	0.050063133	0.6248722	0.0	3
DLBCL_LS2590	0.19016027	0.03987579	0.061798554	0.6251038	0.08306161	0.6251038	3.0	3
DLBCL_RICOVER_1060	0.19577709	0.050125465	0.05186878	0.6251972	0.077031486	0.6251972	1.0	3
DLBCL_MC_F729_MAN	0.1772909	0.05041156	0.051050685	0.6269732	0.09427365	0.6269732	1.0	3
DLBCL10899	0.13015883	0.053609423	0.09479351	0.62749076	0.093947455	0.62749076	4.0	3
DLBCL_RICOVER_583	0.12494639	0.038927734	0.13054045	0.63064736	0.07493806	0.63064736	1.0	3
DLBCL_C_D_1141_NULLPAIR	0.14622386	0.050147623	0.08395081	0.63150436	0.088173345	0.63150436	2.0	3
DLBCL10972	0.14732537	0.058460627	0.071256585	0.633359	0.08959842	0.633359	0.0	3
DLBCL11685	0.0841229	0.0330487	0.09883717	0.63431525	0.14967595	0.63431525	2.0	3
DLBCL10870	0.10712047	0.077259965	0.07665576	0.63496953	0.10399428	0.63496953	4.0	3
DLBCL11528	0.6352433	0.034894157	0.0730092	0.2269301	0.029923256	0.6352433	2.0	0
DLBCL10836	0.16011955	0.033964645	0.06457285	0.63591343	0.105429545	0.63591343	4.0	3
DLBCL_C_D_1119_NULLPAIR	0.14299743	0.07980056	0.07948334	0.63752145	0.060197204	0.63752145	1.0	3
DLBCL10451	0.1732267	0.037642755	0.10466901	0.6392319	0.045229636	0.6392319	0.0	3
DLBCL10931	0.18592466	0.02581196	0.095290996	0.63924736	0.05372505	0.63924736	0.0	3
DLBCL11535	0.21851304	0.039194323	0.058594607	0.63974595	0.043952096	0.63974595	3.0	3
DLBCL10837	0.19179653	0.038415622	0.06768902	0.64065766	0.06144114	0.64065766	4.0	3
DLBCL_RICOVER_866	0.15226771	0.033130445	0.14495818	0.64198196	0.027661676	0.64198196	2.0	3
DLBCL10859	0.16679671	0.059572548	0.05210859	0.64233136	0.07919075	0.64233136	1.0	3
DLBCL_RICOVER_469	0.1424914	0.035416387	0.11268188	0.64356196	0.06584838	0.64356196	2.0	3
DLBCL_RICOVER_253	0.12049737	0.081681795	0.061294366	0.64387226	0.09265419	0.64387226	1.0	3
DLBCL_RICOVER_617	0.20440398	0.03542674	0.04367573	0.6442762	0.07221735	0.6442762	3.0	3
DLBCL10867	0.13762784	0.030366654	0.067165785	0.6458152	0.11902452	0.6458152	4.0	3
DLBCL10453	0.16731198	0.044430327	0.06722981	0.64620084	0.07482704	0.64620084	1.0	3
DLBCL11448	0.13574012	0.027828895	0.099373326	0.646385	0.09067266	0.646385	3.0	3
DLBCL11679	0.6466223	0.05818076	0.0923508	0.17056394	0.032282207	0.6466223	1.0	0
DLBCL11666	0.13628243	0.035432134	0.14950384	0.64717877	0.031602826	0.64717877	2.0	3
DLBCL10833	0.13991742	0.048682533	0.055042665	0.6480385	0.10831884	0.6480385	4.0	3
DLBCL_RICOVER_678	0.1685185	0.06237125	0.053127963	0.6490227	0.06695958	0.6490227	1.0	3
DLBCL11472	0.19378027	0.044915713	0.06001366	0.65157366	0.04971672	0.65157366	0.0	3
DLBCL11656	0.10833877	0.048012335	0.13599901	0.65165555	0.055994354	0.65165555	2.0	3
DLBCL10465	0.14299807	0.023596318	0.12184265	0.6521317	0.05943128	0.6521317	2.0	3
DLBCL11002	0.20003484	0.02265412	0.07854125	0.6591379	0.039631907	0.6591379	3.0	3
DLBCL11428	0.15929878	0.04457052	0.06260182	0.6596752	0.073853694	0.6596752	2.0	3
DLBCL10869	0.14483076	0.054035883	0.083551034	0.6618679	0.055714402	0.6618679	0.0	3
DLBCL_RICOVER_401	0.13773417	0.06144192	0.08180851	0.6624376	0.05657781	0.6624376	1.0	3
DLBCL11436	0.1708117	0.04233235	0.075643614	0.6627236	0.048488755	0.6627236	1.0	3
DLBCL10977	0.0835082	0.06807701	0.06857064	0.6629659	0.116878234	0.6629659	4.0	3
DLBCL11590	0.0745045	0.053488743	0.10234988	0.6632861	0.10637077	0.6632861	2.0	3
DLBCL10450	0.12918903	0.0464917	0.10893672	0.663971	0.051411536	0.663971	0.0	3
DLBCL10494	0.20710407	0.03446382	0.057614844	0.6645913	0.036225967	0.6645913	1.0	3
DLBCL10959	0.20337312	0.031242393	0.04694921	0.664976	0.053459283	0.664976	0.0	3
DLBCL_LS155	0.067807175	0.0421089	0.104378924	0.665397	0.120308	0.665397	2.0	3
DLBC_FF_8046_TP_NB	0.14236748	0.059162214	0.06572618	0.66588104	0.066863075	0.66588104	2.0	3
DLBC_FF_8042_TP_NB	0.15719588	0.050829682	0.05081298	0.66654634	0.0746151	0.66654634	4.0	3
DLBCL11435	0.18391965	0.02766291	0.08147461	0.66724104	0.03970182	0.66724104	0.0	3
DLBCL10919	0.17851835	0.043602947	0.065981425	0.66753906	0.04435821	0.66753906	3.0	3
DLBCL_RICOVER_467	0.16038382	0.035344083	0.04201966	0.6694198	0.09283262	0.6694198	1.0	3
DLBCL10878	0.1800155	0.019730318	0.06811528	0.67075986	0.06137904	0.67075986	4.0	3
DLBCL10997	0.19138293	0.031162329	0.05250964	0.6709005	0.054044597	0.6709005	0.0	3
DLBCL11471	0.16950345	0.04028922	0.058814697	0.6727173	0.058675375	0.6727173	3.0	3
DLBCL11484	0.1684917	0.024712652	0.08753845	0.6728575	0.04639967	0.6728575	1.0	3
DLBCL_LS297	0.10802717	0.03266162	0.10233925	0.67311025	0.083861716	0.67311025	2.0	3
DLBCL10980	0.14901336	0.0557517	0.072269104	0.6734223	0.049543567	0.6734223	4.0	3
DLBCL11509	0.1410459	0.049829647	0.05299653	0.6736921	0.082435794	0.6736921	0.0	3
DLBCL11460	0.15466298	0.03755522	0.0710531	0.6737284	0.063000254	0.6737284	3.0	3
DLBCL_RICOVER_216	0.18378879	0.04445147	0.049166292	0.6738159	0.048777547	0.6738159	2.0	3
DLBCL10851	0.13633911	0.05054651	0.057329703	0.67394006	0.081844635	0.67394006	1.0	3
DLBCL10890	0.18683045	0.032739107	0.04116557	0.6762222	0.06304268	0.6762222	4.0	3
DLBCL10881	0.13307104	0.041166034	0.06012192	0.6764283	0.089212716	0.6764283	4.0	3
DLBCL10550	0.092082426	0.04524814	0.073389485	0.6765709	0.112709045	0.6765709	4.0	3
DLBCL11663	0.15838526	0.029071787	0.09889899	0.67759293	0.036050994	0.67759293	0.0	3
DLBCL10458	0.15911274	0.045919526	0.078834824	0.6788375	0.037295412	0.6788375	0.0	3
DLBCL11483	0.13316351	0.04167037	0.037650045	0.67987144	0.10764463	0.67987144	1.0	3
DLBCL11447	0.15194836	0.036702245	0.06117196	0.68049455	0.06968287	0.68049455	3.0	3
DLBCL_RICOVER_449	0.16715965	0.028269984	0.05354219	0.6808577	0.070170484	0.6808577	4.0	3
DLBCL10865	0.1500287	0.032951567	0.05597499	0.6882169	0.07282782	0.6882169	4.0	3
DLBCL_LS1395	0.073872946	0.026756817	0.13314706	0.6885073	0.07771586	0.6885073	2.0	3
DLBCL10981	0.09721793	0.04177779	0.09858084	0.68955886	0.07286459	0.68955886	1.0	3
DLBCL_RICOVER_151	0.10094936	0.048374888	0.067169346	0.6900698	0.09343663	0.6900698	3.0	3
DLBCL11527	0.13106753	0.04743782	0.066220306	0.69029313	0.0649812	0.69029313	3.0	3
DLBCL10521	0.1588598	0.038567808	0.050770707	0.6906375	0.061164174	0.6906375	4.0	3
DLBCL11208	0.11718542	0.03941224	0.07385642	0.6906976	0.07884833	0.6906976	1.0	3
DLBCL11558	0.14062747	0.029536216	0.084001474	0.6910497	0.054785125	0.6910497	2.0	3
DLBCL11431	0.11724067	0.029874017	0.12279248	0.69221175	0.03788111	0.69221175	4.0	3
DLBCL10983	0.1331337	0.038359366	0.045229875	0.69221616	0.09106092	0.69221616	1.0	3
DLBCL_RICOVER_1165	0.17367086	0.045307692	0.058645587	0.69372106	0.028654817	0.69372106	1.0	3
DLBC_FF_8043_TP_NB	0.14196889	0.030102218	0.041788936	0.69402504	0.09211489	0.69402504	1.0	3
DLBCL_LS1065	0.15172963	0.039714664	0.03849131	0.69449574	0.07556864	0.69449574	1.0	3
DLBCL10968	0.17481302	0.03269692	0.04910115	0.6945037	0.048885167	0.6945037	0.0	3
DLBCL10954	0.12713054	0.044891324	0.04602664	0.6947448	0.08720668	0.6947448	1.0	3
DLBCL11467	0.15329687	0.035301615	0.04409059	0.6949464	0.072364494	0.6949464	3.0	3
DLBCL_RICOVER_1263	0.13829425	0.037734773	0.095859975	0.69594264	0.032168396	0.69594264	2.0	3
DLBCL_RICOVER_685	0.14276148	0.03560827	0.034440987	0.69831145	0.08887779	0.69831145	4.0	3
DLBCL10529	0.14577873	0.04385882	0.06736237	0.6987911	0.044208977	0.6987911	4.0	3
DLBCL11449	0.12467449	0.030261157	0.103503026	0.6992858	0.042275548	0.6992858	1.0	3
DLBCL_LS951	0.1187976	0.025322724	0.059921008	0.699303	0.09665569	0.699303	0.0	3
DLBCL11519	0.17209744	0.038904186	0.048116114	0.6996452	0.041237008	0.6996452	0.0	3
DLBCL11677	0.13366853	0.02356893	0.090944625	0.70134574	0.05047215	0.70134574	0.0	3
DLBCL10781	0.117351085	0.026407607	0.05829938	0.7042897	0.093652256	0.7042897	4.0	3
DLBCL10904	0.10727981	0.06051515	0.07242455	0.70511436	0.05466614	0.70511436	4.0	3
DLBCL10985	0.15441395	0.038938805	0.04231537	0.7057988	0.058533054	0.7057988	1.0	3
DLBCL_C_D_1135_NULLPAIR	0.052816097	0.057799246	0.08965121	0.7076976	0.09203586	0.7076976	1.0	3
DLBCL11500	0.13081612	0.024683837	0.05197884	0.7082316	0.0842896	0.7082316	4.0	3
DLBCL11346	0.0849669	0.04633801	0.06460298	0.7085361	0.095556	0.7085361	1.0	3
DLBCL10950	0.1518027	0.034240495	0.049876444	0.709381	0.05469939	0.709381	0.0	3
DLBCL11462	0.15712991	0.02731564	0.07498915	0.70963997	0.030925363	0.70963997	0.0	3
DLBCL11513	0.12990168	0.022123687	0.06630851	0.70980114	0.07186497	0.70980114	4.0	3
DLBCL10868	0.13000637	0.032655235	0.054347284	0.71005595	0.072935164	0.71005595	3.0	3
DLBCL11206	0.1408733	0.050462488	0.060766157	0.7106764	0.037221707	0.7106764	4.0	3
DLBCL_RICOVER_1046	0.7107594	0.04461253	0.056534898	0.16398388	0.024109306	0.7107594	1.0	0
DLBCL10961	0.09589837	0.05053893	0.060669105	0.71088237	0.08201121	0.71088237	4.0	3
DLBCL_LS843	0.095086575	0.022764305	0.12221424	0.7110739	0.048860986	0.7110739	2.0	3
DLBCL10969	0.105855085	0.03064383	0.12589218	0.711286	0.026322898	0.711286	0.0	3
DLBCL10993	0.095397085	0.0315876	0.09177302	0.71258736	0.06865497	0.71258736	0.0	3
DLBCL10970	0.06295904	0.042172283	0.08438813	0.71435124	0.09612934	0.71435124	3.0	3
DLBCL10873	0.09638497	0.033268824	0.11351411	0.71513647	0.041695602	0.71513647	1.0	3
DLBCL11523	0.13306755	0.03658724	0.061214324	0.7154305	0.05370038	0.7154305	0.0	3
DLBCL_MC_F815_BAT	0.14052752	0.03288587	0.07260914	0.7168222	0.037155267	0.7168222	2.0	3
DLBCL_RICOVER_577	0.096297614	0.023449346	0.078156814	0.7182337	0.08386252	0.7182337	2.0	3
DLBCL11486	0.15292647	0.02554376	0.07190496	0.71862966	0.030995145	0.71862966	0.0	3
DLBCL11538	0.14121386	0.03733224	0.05828134	0.71911883	0.04405372	0.71911883	3.0	3
DLBCL_RICOVER_826	0.1431439	0.03007837	0.061089147	0.71994287	0.0457457	0.71994287	0.0	3
DLBCL_RICOVER_1289	0.122166865	0.026164386	0.071291074	0.7199517	0.060426004	0.7199517	4.0	3
DLBCL11473	0.15133776	0.02836234	0.054573596	0.72047913	0.045247193	0.72047913	0.0	3
DLBCL_RICOVER_985	0.10507997	0.03509962	0.09654308	0.7206109	0.042666424	0.7206109	3.0	3
DLBCL11482	0.1274737	0.031264246	0.068654984	0.7211415	0.05146557	0.7211415	0.0	3
DLBCL_MAYO_DLBCL_5613	0.12212563	0.024037464	0.051252365	0.7218577	0.08072682	0.7218577	0.0	3
DLBCL_RICOVER_1032	0.109292224	0.028836612	0.062593915	0.72205997	0.07721728	0.72205997	4.0	3
DLBCL11203	0.063859634	0.036827732	0.092448376	0.7222709	0.08459338	0.7222709	1.0	3
DLBCL11480	0.13300818	0.023815164	0.08176753	0.72291416	0.03849494	0.72291416	0.0	3
DLBCL10487	0.12550202	0.032846827	0.082662106	0.7231566	0.03583247	0.7231566	1.0	3
DLBCL11446	0.095109776	0.029643701	0.07981728	0.7235948	0.07183445	0.7235948	1.0	3
DLBCL11433	0.14070113	0.026649155	0.08373715	0.7238457	0.025066841	0.7238457	3.0	3
DLBCL_RICOVER_850	0.13499384	0.039605565	0.03793547	0.7242894	0.063175686	0.7242894	4.0	3
DLBCL10995	0.10813332	0.029893156	0.09208172	0.7247283	0.04516353	0.7247283	2.0	3
DLBCL10964	0.14084555	0.035301767	0.039903373	0.7248981	0.059051223	0.7248981	4.0	3
DLBCL10951	0.06850645	0.041415554	0.0741019	0.7253066	0.09066954	0.7253066	4.0	3
DLBCL10539	0.11878969	0.028343793	0.08570576	0.7255417	0.04161907	0.7255417	3.0	3
DLBCL_LS4619	0.12263413	0.031692166	0.08145672	0.72700137	0.037215605	0.72700137	4.0	3
DLBCL10874	0.10089796	0.038118936	0.049211856	0.7270541	0.084717125	0.7270541	1.0	3
DLBCL10471	0.11143225	0.030669024	0.06042094	0.7270808	0.070396975	0.7270808	4.0	3
DLBCL_C_D_1115_NULLPAIR	0.13668968	0.03289689	0.056656137	0.7272127	0.046544556	0.7272127	3.0	3
DLBCL10894	0.15101135	0.036344647	0.04266044	0.7272822	0.042701326	0.7272822	0.0	3
DLBCL_RICOVER_120	0.094863735	0.0270198	0.05590941	0.72820824	0.09399883	0.72820824	4.0	3
DLBCL_RICOVER_134	0.11087056	0.043521263	0.04487759	0.72821057	0.07252002	0.72821057	4.0	3
DLBCL10966	0.122548014	0.036638923	0.052762832	0.7286691	0.059381098	0.7286691	0.0	3
DLBCL10936	0.12977113	0.02189986	0.07559658	0.72870904	0.0440234	0.72870904	2.0	3
DLBCL11191	0.13725092	0.03341638	0.063490026	0.7295902	0.036252495	0.7295902	0.0	3
DLBCL_C_D_1152_NULLPAIR	0.09081237	0.06881753	0.082438	0.7298985	0.0280336	0.7298985	1.0	3
DLBCL_DFCI_DLBCL_GOE16	0.11672372	0.02383818	0.096054554	0.730189	0.033194516	0.730189	2.0	3
DLBCL11440	0.11543587	0.022076236	0.06360742	0.731193	0.06768748	0.731193	4.0	3
DLBCL_C_D_1108_NULLPAIR	0.08294546	0.059413917	0.079978354	0.73356146	0.044100802	0.73356146	1.0	3
DLBCL11488	0.106017664	0.020937417	0.1005341	0.733656	0.038854804	0.733656	0.0	3
DLBCL_RICOVER_977	0.13017496	0.034352534	0.036076028	0.73402375	0.065372705	0.73402375	0.0	3
DLBCL10463	0.13533892	0.026972217	0.060549967	0.73441267	0.042726256	0.73441267	4.0	3
DLBCL_RICOVER_174	0.100177266	0.056571357	0.06195946	0.7344872	0.046804715	0.7344872	1.0	3
DLBCL11672	0.116730854	0.037372444	0.06692435	0.7347555	0.044216815	0.7347555	2.0	3
DLBCL_RICOVER_173	0.053448245	0.022011979	0.13656291	0.7349136	0.053063277	0.7349136	4.0	3
DLBCL10957	0.12731715	0.04292856	0.053143576	0.7349469	0.0416638	0.7349469	0.0	3
DLBCL_RICOVER_720	0.10572184	0.037513223	0.056620963	0.73519635	0.064947635	0.73519635	4.0	3
DLBCL_C_D_1144_NULLPAIR	0.1397807	0.034835186	0.03414036	0.73548	0.055763725	0.73548	4.0	3
DLBCL_C_D_1105_NULLPAIR	0.073217236	0.037478197	0.09175589	0.736354	0.061194696	0.736354	1.0	3
DLBCL10501	0.086587265	0.037170514	0.08358589	0.73713446	0.05552188	0.73713446	2.0	3
DLBCL11669	0.09216939	0.02850774	0.06594928	0.7372704	0.07610317	0.7372704	2.0	3
DLBCL11516	0.10737644	0.029100215	0.08317133	0.7379157	0.042436335	0.7379157	1.0	3
DLBCL_RICOVER_267	0.086303756	0.02126859	0.12182249	0.7381495	0.032455623	0.7381495	2.0	3
DLBCL_MC_F349_BJJ	0.10679181	0.031575575	0.06423847	0.73952025	0.057873894	0.73952025	2.0	3
DLBCL10924	0.08299298	0.031917207	0.06814473	0.7397992	0.077145875	0.7397992	4.0	3
DLBCL_MC_F218_RAP	0.12545079	0.029544393	0.050523065	0.7398188	0.05466294	0.7398188	3.0	3
DLBCL_RICOVER_712	0.13027829	0.03829533	0.04458347	0.74003315	0.046809766	0.74003315	4.0	3
DLBCL11204	0.10925597	0.03791071	0.04785491	0.7407449	0.064233534	0.7407449	1.0	3
DLBCL10485	0.07596405	0.054722257	0.060057797	0.74162745	0.06762842	0.74162745	4.0	3
DLBC_FF_A7CR_TP_NB	0.07699153	0.029421408	0.056045525	0.74178845	0.09575311	0.74178845	4.0	3
DLBCL_LS4592	0.08424508	0.021378849	0.05636555	0.74192417	0.09608638	0.74192417	2.0	3
DLBCL11432	0.11495352	0.023534546	0.08279028	0.7420065	0.036715176	0.7420065	0.0	3
DLBCL10975	0.13877022	0.024774462	0.041555796	0.7422574	0.05264209	0.7422574	0.0	3
DLBCL10999	0.10841533	0.034148164	0.06509359	0.744092	0.048250902	0.744092	4.0	3
DLBCL10928	0.13343659	0.037832003	0.05207546	0.7442878	0.032368135	0.7442878	0.0	3
DLBCL11481	0.117263645	0.026800964	0.053450845	0.7457495	0.056735087	0.7457495	0.0	3
DLBCL10913	0.12909366	0.02835289	0.058891695	0.7461654	0.037496347	0.7461654	0.0	3
DLBCL_MC_F362_MJB1	0.08348807	0.034864757	0.08743465	0.7480142	0.04619831	0.7480142	2.0	3
DLBCL10483	0.05327822	0.056720853	0.09122012	0.7493906	0.049390193	0.7493906	1.0	3
DLBCL10974	0.12081162	0.035983678	0.04489726	0.7505281	0.04777935	0.7505281	3.0	3
DLBCL_RICOVER_320	0.11971364	0.035359103	0.0396174	0.75066775	0.054642133	0.75066775	2.0	3
DLBCL11437	0.12461936	0.025926994	0.049412817	0.75070024	0.049340602	0.75070024	3.0	3
DLBCL_RICOVER_299	0.07158109	0.048097845	0.09090893	0.75128055	0.03813159	0.75128055	1.0	3
DLBCL11533	0.12692937	0.025279528	0.039565876	0.7513402	0.056884985	0.7513402	1.0	3
DLBCL_RICOVER_1278	0.11568711	0.027662497	0.043310158	0.7514376	0.061902605	0.7514376	4.0	3
DLBCL_RICOVER_978	0.088584095	0.03733677	0.054867286	0.75403523	0.06517662	0.75403523	2.0	3
DLBCL10853	0.067377076	0.027311705	0.047460098	0.7553764	0.10247472	0.7553764	4.0	3
DLBCL10903	0.0797888	0.03289061	0.066829965	0.75748384	0.06300682	0.75748384	1.0	3
DLBCL10866	0.08200431	0.037152894	0.055520885	0.75760454	0.067717366	0.75760454	4.0	3
DLBCL_C_D_1148_NULLPAIR	0.090321064	0.028575948	0.07410033	0.75770116	0.049301475	0.75770116	0.0	3
DLBCL_RICOVER_787	0.105187826	0.037970852	0.04833923	0.75904673	0.04945538	0.75904673	1.0	3
DLBCL10486	0.7607829	0.02932482	0.029743139	0.15151018	0.028638965	0.7607829	0.0	0
DLBCL11534	0.08426614	0.02885719	0.05635695	0.76099956	0.06952015	0.76099956	2.0	3
DLBCL_C_D_1109_NULLPAIR	0.06519832	0.031153403	0.07010164	0.76109725	0.072449364	0.76109725	3.0	3
DLBCL11004	0.086557545	0.021186866	0.0655262	0.7618767	0.064852655	0.7618767	4.0	3
DLBCL11541	0.075902365	0.025034757	0.056656558	0.7621408	0.08026549	0.7621408	2.0	3
DLBCL_RICOVER_950	0.11933559	0.027548023	0.049611844	0.7641076	0.039396953	0.7641076	3.0	3
DLBCL_RICOVER_701	0.09303763	0.02407993	0.054072805	0.7646001	0.06420952	0.7646001	3.0	3
DLBCL11655	0.11249269	0.015730435	0.060817868	0.7648402	0.046118826	0.7648402	3.0	3
DLBCL10988	0.0998997	0.028706912	0.06491157	0.7651963	0.04128552	0.7651963	1.0	3
DLBCL_RICOVER_533	0.089035094	0.05504322	0.0587144	0.7653287	0.031878553	0.7653287	1.0	3
DLBCL10945	0.13227075	0.025184648	0.03183047	0.7660139	0.044700235	0.7660139	0.0	3
DLBCL10461	0.108861506	0.040036194	0.04870657	0.7661047	0.03629102	0.7661047	1.0	3
DLBCL_C_D_1159_NULLPAIR	0.10750495	0.014009979	0.078020856	0.7662407	0.03422347	0.7662407	3.0	3
DLBCL_RICOVER_780	0.060848627	0.038793888	0.080282725	0.7663937	0.05368103	0.7663937	1.0	3
DLBCL11581	0.093924254	0.030752158	0.06752541	0.7671257	0.04067243	0.7671257	4.0	3
DLBCL11496	0.083146185	0.030146146	0.06029244	0.76816756	0.05824769	0.76816756	0.0	3
DLBCL11478	0.102636926	0.028601553	0.07289094	0.76837736	0.027493212	0.76837736	0.0	3
DLBCL_RICOVER_111	0.090674266	0.02892735	0.053383786	0.7684701	0.058544505	0.7684701	4.0	3
DLBCL10553	0.07360516	0.034250457	0.08647287	0.77023196	0.035439573	0.77023196	3.0	3
DLBCL_MAYO_DLBCL_3653	0.07655835	0.02511379	0.053401813	0.7711244	0.07380163	0.7711244	0.0	3
DLBCL10955	0.09036364	0.022242831	0.065793104	0.77138454	0.050215904	0.77138454	3.0	3
DLBCL10962	0.092158936	0.01899744	0.07255914	0.77282804	0.043456465	0.77282804	1.0	3
DLBCL_MAYO_DLBCL_234	0.11445288	0.018730447	0.051354345	0.7733225	0.042139806	0.7733225	2.0	3
DLBCL_RICOVER_711	0.09976014	0.02540916	0.06743631	0.7742681	0.03312629	0.7742681	3.0	3
DLBCL_RICOVER_417	0.09815574	0.034336474	0.044864997	0.7745185	0.048124306	0.7745185	4.0	3
DLBCL11657	0.09878803	0.025909241	0.06457122	0.77471805	0.03601344	0.77471805	3.0	3
DLBCL11491	0.06897635	0.048208468	0.049605366	0.77481014	0.05839966	0.77481014	3.0	3
DLBCL_C_D_1140_NULLPAIR	0.07535326	0.03504346	0.065518446	0.77597624	0.04810863	0.77597624	4.0	3
DLBCL11675	0.07427329	0.020266136	0.08337753	0.77723473	0.044848315	0.77723473	2.0	3
DLBCL11658	0.100613676	0.022966092	0.0358789	0.7773852	0.06315615	0.7773852	3.0	3
DLBCL11441	0.7779057	0.03212875	0.016001686	0.15009338	0.023870459	0.7779057	2.0	0
DLBCL10530	0.08749289	0.04274562	0.046051696	0.778277	0.04543284	0.778277	4.0	3
DLBCL10908	0.055228725	0.030984055	0.09520703	0.77917653	0.03940368	0.77917653	4.0	3
DLBCL_RICOVER_1269	0.100778356	0.021111233	0.051038973	0.77945	0.04762141	0.77945	2.0	3
DLBCL_LS1921	0.06165639	0.053218268	0.06604506	0.78108	0.038000256	0.78108	1.0	3
DLBCL11661	0.060933337	0.043902606	0.069152884	0.7819322	0.044079024	0.7819322	1.0	3
DLBCL10835	0.08220771	0.024067199	0.042523514	0.78236574	0.06883584	0.78236574	4.0	3
DLBCL_RICOVER_522	0.08707414	0.02536781	0.08043747	0.7826774	0.024443189	0.7826774	2.0	3
DLBCL11195	0.08493572	0.021954477	0.06040107	0.7831185	0.04959023	0.7831185	4.0	3
DLBCL10843	0.09743032	0.028646579	0.045229923	0.7836581	0.04503509	0.7836581	0.0	3
DLBCL11667	0.066117	0.02433251	0.08670583	0.78405297	0.03879168	0.78405297	2.0	3
DLBCL10925	0.06416878	0.028035818	0.055926833	0.78442013	0.067448415	0.78442013	4.0	3
DLBCL10547	0.08366281	0.0337619	0.048235193	0.7849799	0.04936019	0.7849799	3.0	3
DLBCL10527	0.09410538	0.024052663	0.0490595	0.7855502	0.047232304	0.7855502	3.0	3
DLBCL11501	0.056533154	0.030775815	0.05378523	0.78675926	0.07214652	0.78675926	0.0	3
DLBCL10519	0.10314617	0.03619455	0.047815215	0.78741795	0.025426116	0.78741795	1.0	3
DFCIDL008_DT	0.10360886	0.020448552	0.042817164	0.78746986	0.045655556	0.78746986	4.0	3
DLBCL_RICOVER_274	0.07955006	0.037728492	0.04346384	0.7877259	0.051531672	0.7877259	3.0	3
DLBCL_C_D_1133_NULLPAIR	0.08133942	0.026371362	0.05473939	0.78776735	0.04978247	0.78776735	2.0	3
DLBCL_RICOVER_451	0.08147156	0.026069468	0.06400028	0.7885124	0.039946277	0.7885124	0.0	3
DLBC_FF_A7CW_TP_NB	0.09579438	0.019154936	0.043463044	0.7926996	0.04888804	0.7926996	4.0	3
DLBCL_RICOVER_1293	0.059590146	0.02736604	0.052705638	0.79513663	0.06520154	0.79513663	4.0	3
DLBCL10490	0.09745183	0.020759866	0.05494769	0.79521084	0.031629805	0.79521084	0.0	3
DLBCL10939	0.0742733	0.019012405	0.07118324	0.79578394	0.039747138	0.79578394	3.0	3
DLBCL_RICOVER_1235	0.0828248	0.02827986	0.05346564	0.796286	0.039143715	0.796286	1.0	3
DLBCL_RICOVER_1299	0.06026543	0.019374274	0.07329454	0.7979077	0.04915805	0.7979077	4.0	3
DLBCL10462	0.08068305	0.029572532	0.039534792	0.79845536	0.051754247	0.79845536	0.0	3
DLBCL_LS4593	0.06331513	0.03284125	0.061318472	0.7986517	0.043873463	0.7986517	2.0	3
DLBCL11574	0.05086587	0.020629501	0.0501434	0.79919505	0.079166174	0.79919505	2.0	3
DLBCL10898	0.06833474	0.02191771	0.069153905	0.8016804	0.038913246	0.8016804	4.0	3
DLBC_FF_A7CQ_TP_NB	0.08755972	0.027663492	0.049953695	0.8016853	0.033137813	0.8016853	4.0	3
DLBCL11564	0.09392859	0.025785733	0.035318527	0.8018057	0.043161463	0.8018057	3.0	3
DLBCL_RICOVER_956	0.07781446	0.026842866	0.03534197	0.80555063	0.05445008	0.80555063	4.0	3
DLBCL11464	0.07934107	0.017722024	0.061393257	0.806372	0.035171647	0.806372	3.0	3
DLBCL11469	0.078912795	0.026752736	0.04609582	0.8092865	0.0389522	0.8092865	2.0	3
DLBCL10967	0.071840145	0.024946027	0.046635456	0.80938715	0.04719124	0.80938715	4.0	3
DLBCL11683	0.06449991	0.019289512	0.06748048	0.80947036	0.039259735	0.80947036	2.0	3
DLBCL10992	0.06954807	0.016381854	0.052166805	0.81016606	0.051737193	0.81016606	4.0	3
DLBCL10503	0.07339658	0.025564348	0.037867907	0.81200314	0.051168032	0.81200314	1.0	3
DLBCL10536	0.08804282	0.029733213	0.03823493	0.81216204	0.031826977	0.81216204	2.0	3
DLBCL_RICOVER_496	0.08334204	0.019443484	0.050763022	0.8124059	0.0340456	0.8124059	1.0	3
DLBCL10864	0.048510216	0.027672384	0.053565193	0.81354636	0.05670584	0.81354636	4.0	3
DLBCL_C_D_1128_NULLPAIR	0.08744513	0.029171206	0.037147082	0.8144236	0.03181299	0.8144236	0.0	3
DLBCL_LS1683	0.0786606	0.028822908	0.037760742	0.8149372	0.039818566	0.8149372	1.0	3
DLBCL_C_D_PAIR13	0.082276225	0.023208322	0.039795827	0.8150174	0.039702255	0.8150174	4.0	3
DLBCL_RICOVER_829	0.0822705	0.017447425	0.03938458	0.8158939	0.045003578	0.8158939	0.0	3
DLBCL_RICOVER_1204	0.0656741	0.02710814	0.0578075	0.8169301	0.032480136	0.8169301	4.0	3
DLBCL11576	0.06667743	0.022457505	0.06978786	0.8174491	0.02362812	0.8174491	3.0	3
DLBCL_LS2089	0.06148979	0.024527788	0.062301915	0.8178292	0.03385133	0.8178292	1.0	3
DLBCL10858	0.068707034	0.022825627	0.033032626	0.818381	0.057053685	0.818381	3.0	3
DLBCL10888	0.0758424	0.019703733	0.0454293	0.8183858	0.040638793	0.8183858	4.0	3
DLBCL10963	0.08183346	0.021137562	0.043691304	0.81861794	0.034719743	0.81861794	4.0	3
DLBCL_RICOVER_473	0.065648295	0.020235721	0.05546673	0.81956434	0.03908491	0.81956434	0.0	3
DLBCL11202	0.07420483	0.021008367	0.0602803	0.81981057	0.024695951	0.81981057	0.0	3
DLBCL_LS3749	0.07194608	0.022698665	0.056481004	0.8205474	0.02832688	0.8205474	1.0	3
DLBCL_RICOVER_1248	0.072396636	0.025318244	0.037630618	0.82215625	0.04249825	0.82215625	4.0	3
DLBCL10842	0.054313365	0.023399856	0.04717129	0.82507014	0.050045364	0.82507014	4.0	3
DLBCL10513	0.06463361	0.027785126	0.036644872	0.82547456	0.045461837	0.82547456	3.0	3
DLBCL_RICOVER_335	0.04346919	0.037831366	0.041771475	0.8261898	0.050738145	0.8261898	1.0	3
DLBCL10910	0.066326156	0.024726273	0.04923238	0.82622576	0.033489447	0.82622576	2.0	3
DLBCL_RICOVER_258	0.06475294	0.017349578	0.047678158	0.8269296	0.043289695	0.8269296	2.0	3
DLBCL10917	0.06121088	0.029636376	0.05048513	0.8288655	0.029802086	0.8288655	1.0	3
DLBCL_RICOVER_839	0.0659317	0.03388609	0.041430086	0.8300807	0.028671464	0.8300807	1.0	3
DLBCL10900	0.07222702	0.01997078	0.034286257	0.83041316	0.043102752	0.83041316	4.0	3
DLBCL11459	0.07980876	0.018102013	0.034373425	0.8317204	0.035995405	0.8317204	3.0	3
DLBCL10491	0.070025496	0.023179803	0.0495079	0.8332066	0.024080217	0.8332066	3.0	3
DLBCL11196	0.050912503	0.021883495	0.045915186	0.8339549	0.047333952	0.8339549	3.0	3
DLBCL_C_D_1112_NULLPAIR	0.04663488	0.030223558	0.047229543	0.8350894	0.040822655	0.8350894	2.0	3
DLBCL10452	0.055263996	0.035637856	0.03693483	0.83565557	0.03650775	0.83565557	1.0	3
DLBCL11525	0.057594627	0.022071332	0.04791554	0.8360194	0.0363991	0.8360194	2.0	3
DLBCL_MC_F139_LJF	0.05593067	0.018344754	0.04464701	0.83845025	0.042627335	0.83845025	3.0	3
DLBCL_DFCI_DLBCL_GOE05	0.074155524	0.019394131	0.04124792	0.8398618	0.025340632	0.8398618	1.0	3
DLBCL10467	0.05359966	0.020772597	0.05231996	0.84220254	0.031105218	0.84220254	4.0	3
DLBCL_RICOVER_575	0.06411776	0.019980777	0.042142842	0.84252924	0.03122941	0.84252924	3.0	3
DLBCL10915	0.050416518	0.0204663	0.052758228	0.8432498	0.033109162	0.8432498	4.0	3
DLBCL_RICOVER_1018	0.041748833	0.024459148	0.05607078	0.8456482	0.032073	0.8456482	3.0	3
DLBCL10564	0.059786636	0.021573257	0.03506756	0.8478564	0.03571615	0.8478564	3.0	3
DLBCL_C_D_1117_NULLPAIR	0.059332907	0.024128621	0.03590584	0.8494177	0.031214913	0.8494177	1.0	3
DLBCL10782	0.05914981	0.026587907	0.035976995	0.8513082	0.02697708	0.8513082	3.0	3
DLBCL_MC_F496DMP	0.051555723	0.023904689	0.039813068	0.8518754	0.032851096	0.8518754	1.0	3
DLBCL11678	0.05461391	0.01972487	0.04223794	0.85385495	0.029568316	0.85385495	3.0	3
DLBCL_RICOVER_221	0.05327389	0.019128146	0.045063257	0.85463417	0.027900543	0.85463417	4.0	3
DLBCL11498	0.05910244	0.022431213	0.0353588	0.85539186	0.02771568	0.85539186	1.0	3
DLBCL11458	0.052985467	0.018602116	0.043252114	0.8556452	0.029515153	0.8556452	2.0	3
DLBCL10932	0.056893043	0.01377042	0.043732524	0.85821944	0.0273846	0.85821944	3.0	3
DLBCL10978	0.059674647	0.02105531	0.03592373	0.8587636	0.02458276	0.8587636	3.0	3
DLBCL11455	0.052235767	0.015706478	0.041674815	0.8593183	0.031064631	0.8593183	3.0	3
DLBCL_LS2154	0.050047677	0.016028881	0.036539104	0.86073536	0.036648963	0.86073536	0.0	3
DLBCL_RICOVER_1061	0.052160267	0.017277073	0.043298934	0.86341023	0.023853472	0.86341023	3.0	3
DLBCL10454	0.054608863	0.017851809	0.033339556	0.86579245	0.02840732	0.86579245	4.0	3
DLBCL_LS1668	0.03677801	0.015950132	0.05372918	0.8660511	0.027491627	0.8660511	1.0	3
DLBCL_MC_F064AB	0.05467803	0.015203446	0.0341609	0.8666849	0.029272702	0.8666849	2.0	3
DLBCL10565	0.038641978	0.021795172	0.045913022	0.86693823	0.02671162	0.86693823	3.0	3
DLBCL11434	0.05163767	0.016589195	0.037931792	0.8673983	0.026443055	0.8673983	0.0	3
DLBCL_RICOVER_361	0.048653334	0.01431601	0.030136818	0.86792946	0.038964376	0.86792946	3.0	3
DLBC_FF_A7CX_TP_NB	0.04002162	0.018820696	0.03537811	0.8681091	0.037670445	0.8681091	4.0	3
DLBCL10541	0.04114328	0.018298756	0.042635713	0.86838037	0.029541874	0.86838037	1.0	3
DLBCL11000	0.04440554	0.021323644	0.034322314	0.868912	0.031036515	0.868912	4.0	3
DLBCL10469	0.050444704	0.0133926775	0.03556309	0.87268996	0.027909594	0.87268996	3.0	3
DLBCL_C_D_1151_NULLPAIR	0.046364307	0.017160168	0.037742347	0.8734512	0.025281997	0.8734512	3.0	3
DLBCL10497	0.048145853	0.015027014	0.03392637	0.8764233	0.026477462	0.8764233	3.0	3
DLBCL10522	0.04357011	0.01744169	0.036395453	0.88041544	0.0221773	0.88041544	2.0	3
DLBCL10876	0.047646705	0.014297822	0.03221829	0.8810279	0.024809303	0.8810279	4.0	3
DLBCL10848	0.035680193	0.015897999	0.035077058	0.88158137	0.03176337	0.88158137	4.0	3
DLBCL11194	0.042986084	0.014760301	0.029815279	0.8867266	0.025711719	0.8867266	4.0	3
DLBCL_LS2357	0.03556921	0.014653052	0.03612743	0.88864344	0.02500689	0.88864344	3.0	3
DLBCL_RICOVER_1150	0.035369687	0.013897708	0.03284881	0.8903906	0.027493194	0.8903906	0.0	3
