	C1	C2	C3	C4	C5	Confidence	True Cluster	Predicted Cluster
DLBCL10859	0.15854543841247193	0.17598947919343305	0.15949987674184424	0.36966924642643434	0.13629595922581647	0.36966924642643434	1.0	3
DLBCL11565	0.3378635745412618	0.08215155355022001	0.0631831906473305	0.41804511967159586	0.0987565615895918	0.41804511967159586	1.0	3
DLBCL_MC_F210_GWC	0.4409878045777267	0.04378156222202835	0.042607624168345695	0.369525109083813	0.10309789994808631	0.4409878045777267	1.0	0
DLBCL_RICOVER_978	0.39270193720964747	0.04681539046864895	0.05090591445841972	0.4516054914912708	0.05797126637201301	0.4516054914912708	2.0	3
DLBCL10849	0.27200450307761936	0.04868080367688327	0.10678171290001885	0.4557430297591779	0.11678995058630053	0.4557430297591779	1.0	3
DLBCL10989	0.4586166372179032	0.05919223717158619	0.0651437411906171	0.356498819971957	0.06054856444793668	0.4586166372179032	1.0	0
DLBCL10532	0.34996885415036544	0.0669213484241146	0.056166511674978215	0.463734248464826	0.06320903728571567	0.463734248464826	4.0	3
DLBCL_C_D_1105_NULLPAIR	0.181721569640729	0.05981125765436745	0.17554289977739995	0.4690807949255932	0.11384347800191041	0.4690807949255932	1.0	3
DLBCL10869	0.4694564659736926	0.04892753431782445	0.03550836207802261	0.3949185953451983	0.051189042285262026	0.4694564659736926	0.0	0
DLBCL_RICOVER_1210	0.34051515681027533	0.059709634550899726	0.05580471590669364	0.4720365923173681	0.0719339004147632	0.4720365923173681	1.0	3
DLBCL11576	0.47385658132073266	0.06570724868809098	0.05521155438595971	0.35714819529316594	0.04807642031205064	0.47385658132073266	3.0	0
DLBCL11187	0.3096642772028931	0.029683051937327423	0.08637323860253947	0.4744308395033836	0.09984859275385642	0.4744308395033836	4.0	3
DLBCL10994	0.47792597983489443	0.05642201408905348	0.0391771877185275	0.3737309519698594	0.052743866387665164	0.47792597983489443	0.0	0
DLBCL_C_D_1108_NULLPAIR	0.12292311016211711	0.0674742050154045	0.1029144737320591	0.47925337622634173	0.22743483486407756	0.47925337622634173	1.0	3
DLBCL10844	0.2735764029863095	0.07884839090158613	0.08889759604003909	0.48384922049472173	0.07482838957734367	0.48384922049472173	0.0	3
DLBCL11449	0.27806207194954324	0.06976268655936925	0.10137173598816487	0.48716908362287015	0.06363442188005246	0.48716908362287015	1.0	3
DLBC_FF_8062_TP_NB	0.23770580880098863	0.03114455252194251	0.11095117615573213	0.49352516943847996	0.12667329308285682	0.49352516943847996	3.0	3
DLBCL10876	0.30312411381569815	0.06121583458429112	0.06048536690940099	0.494089458823117	0.08108522586749271	0.494089458823117	4.0	3
DLBCL_MC_F927_JHS	0.29966206001134527	0.042760832253451495	0.06363668035063047	0.5027025441660435	0.09123788321852912	0.5027025441660435	4.0	3
DLBCL10862	0.22876116602941618	0.04599172223632379	0.06485302166616444	0.502779401130723	0.15761468893737263	0.502779401130723	4.0	3
DLBCL11446	0.3658457159150063	0.039962606534824	0.03583383013814125	0.5028669924401705	0.05549085497185798	0.5028669924401705	1.0	3
DLBCL_C_D_1114_NULLPAIR	0.36747679019054463	0.04259811452516493	0.04044781635298505	0.5034429652292485	0.04603431370205691	0.5034429652292485	0.0	3
DLBCL_RICOVER_506	0.2524289344185962	0.07102484925955145	0.08289832002309153	0.5037708534586562	0.08987704284010462	0.5037708534586562	4.0	3
DLBCL11523	0.32124617557863566	0.04557736703600001	0.03170974632178331	0.507068019331167	0.09439869173241401	0.507068019331167	0.0	3
DLBCL_RICOVER_720	0.20980669399519675	0.07378110028466335	0.08321267773404832	0.5078455412807122	0.1253539867053793	0.5078455412807122	4.0	3
DLBCL_RICOVER_314	0.3232817671318728	0.0400924312064413	0.06349903022102218	0.5091239725079337	0.06400279893272995	0.5091239725079337	4.0	3
DLBCL10878	0.34119953603610464	0.04983847754924617	0.03455525776973941	0.5092148666926944	0.06519186195221531	0.5092148666926944	4.0	3
DLBCL_LS3749	0.337562530820559	0.04823564735721583	0.05517069524289618	0.5098116277227912	0.049219498856537806	0.5098116277227912	1.0	3
DLBCL11481	0.24923912349825905	0.05569098887437943	0.061472482404007114	0.5109286264240327	0.1226687787993217	0.5109286264240327	0.0	3
DFCIDL009_DT	0.27097020414269635	0.0554833728957577	0.06496944146919258	0.5128710345595796	0.09570594693277376	0.5128710345595796	2.0	3
DLBCL10483	0.26996241033034274	0.05951531749611045	0.07575929392086954	0.5142542364615547	0.08050874179112265	0.5142542364615547	1.0	3
DLBCL10995	0.2851595329687674	0.07536059635138427	0.06672803259274206	0.5144528111528704	0.05829902693423577	0.5144528111528704	2.0	3
DLBCL11535	0.30643675884250077	0.053529945942714194	0.04032547248490054	0.515074329915384	0.08463349281450051	0.515074329915384	3.0	3
DLBCL11498	0.27357143497236774	0.07282070747977996	0.04425539635350893	0.5155540438181032	0.09379841737624008	0.5155540438181032	1.0	3
DLBCL10534	0.17674640845749373	0.07260966896493513	0.09655500374875545	0.5173204844186262	0.13676843441018943	0.5173204844186262	4.0	3
DLBCL10838	0.30029165326216906	0.05499254157896952	0.03206546689217918	0.5219767776876065	0.09067356057907573	0.5219767776876065	4.0	3
DLBCL10491	0.2629722901110133	0.05962357657325868	0.0569973189754011	0.5223135626121959	0.09809325172813102	0.5223135626121959	3.0	3
DLBCL_RICOVER_174	0.23692464205815503	0.10214436149116193	0.07053281822948115	0.5225413451894754	0.06785683303172643	0.5225413451894754	1.0	3
DLBCL_C_D_1112_NULLPAIR	0.24408681868590837	0.05984913858197443	0.08272147111167605	0.5227315620154197	0.0906110096050215	0.5227315620154197	2.0	3
DLBCL10918	0.27643793119105836	0.04426478645571693	0.05959283041791923	0.5250357522459919	0.09466869968931353	0.5250357522459919	0.0	3
DLBCL_LS4593	0.29296341931018954	0.06268933628279014	0.054974048995969506	0.5251700225777625	0.06420317283328847	0.5251700225777625	2.0	3
DLBCL_MC_F519_ALT	0.30259402063864915	0.05524988636081684	0.06666436556645645	0.5264774939553373	0.049014233478740295	0.5264774939553373	4.0	3
DLBCL_RICOVER_134	0.12863652669699974	0.09782581972386777	0.07486113477168847	0.5269375643153341	0.17173895449210988	0.5269375643153341	4.0	3
DLBCL10996	0.32465448046139045	0.03819375059713445	0.05262142001635063	0.5272810445739083	0.05724930435121614	0.5272810445739083	0.0	3
DLBCL_MC_F132_MLM	0.3150471112717004	0.04015261787483879	0.05800852602552954	0.527429650981718	0.05936209384621335	0.527429650981718	0.0	3
DLBCL10485	0.2911880234666594	0.03633389762107608	0.08171664139112023	0.5278685150913305	0.06289292242981373	0.5278685150913305	4.0	3
DLBCL_C_D_1144_NULLPAIR	0.25964752828195237	0.04744031990597177	0.06214993684449026	0.5310378155841993	0.09972439938338641	0.5310378155841993	4.0	3
DLBCL11440	0.26406181006936	0.058333742028541066	0.06987384517894328	0.532748704917084	0.07498189780607162	0.532748704917084	4.0	3
DLBCL10871	0.3023834206765135	0.03728417936368074	0.051328139625328714	0.5348715620775161	0.074132698256961	0.5348715620775161	1.0	3
DLBCL_RICOVER_1287	0.3006808257098242	0.05138365543892587	0.05264641420680109	0.5352036837854358	0.06008542085901297	0.5352036837854358	4.0	3
DLBCL_RICOVER_467	0.25406904077640957	0.07337752970774665	0.0694450700028073	0.535840618010182	0.06726774150285435	0.535840618010182	1.0	3
DLBCL10848	0.31696624382493316	0.046276760155185954	0.04793581575795753	0.5363865045835946	0.05243467567832882	0.5363865045835946	4.0	3
DLBCL11590	0.2932638442583215	0.041569753169391835	0.041726821081333375	0.5366143415380124	0.08682523995294096	0.5366143415380124	2.0	3
DLBC_FF_A7CX_TP_NB	0.25991068191004985	0.07015481702538469	0.060777060569558915	0.536625017953267	0.07253242254173947	0.536625017953267	4.0	3
DLBCL_RICOVER_850	0.2999526274150817	0.04138916086942737	0.05965877978151101	0.5369303876968404	0.06206904423713949	0.5369303876968404	4.0	3
DLBCL10460	0.22238953111771476	0.06444706607959541	0.04707245884751343	0.5425812219548957	0.12350972200028067	0.5425812219548957	1.0	3
DLBCL11671	0.1762875979046345	0.04396182311521998	0.08077360553933749	0.5433177750571547	0.15565919838365327	0.5433177750571547	0.0	3
DLBCL10488	0.2600990726082788	0.049924351222658925	0.08710073165072761	0.5443438957478572	0.05853194877047748	0.5443438957478572	0.0	3
DLBCL10503	0.29338444558517185	0.04565259339870943	0.0555778923446364	0.5448254865152087	0.06055958215627372	0.5448254865152087	1.0	3
DLBCL11434	0.2922579516159138	0.0402847374465741	0.05149192825330762	0.5454092909815405	0.07055609170266418	0.5454092909815405	0.0	3
DLBCL11441	0.29998768868315295	0.05163460067300067	0.054589745140989514	0.5469888817527948	0.046799083750062004	0.5469888817527948	2.0	3
DLBCL_RICOVER_617	0.26172982023839036	0.0414091083399035	0.07151110397538758	0.5496769828349419	0.07567298461137664	0.5496769828349419	3.0	3
DLBCL_RICOVER_496	0.29646508996293736	0.056909966646286475	0.039326444523533205	0.5502071859303367	0.05709131293690631	0.5502071859303367	1.0	3
DLBCL11515	0.26423841974640944	0.050109570170325864	0.06791538675898233	0.5517541202929356	0.06598250303134685	0.5517541202929356	2.0	3
DLBCL10950	0.31547238188803417	0.03569821491906682	0.03630876207354478	0.5526244699512641	0.05989617116809006	0.5526244699512641	0.0	3
DLBCL11437	0.2787892254928721	0.05929969947577561	0.06949391104231151	0.5528478360531004	0.039569327935940445	0.5528478360531004	3.0	3
DLBCL_RICOVER_839	0.2538474546128523	0.05209427523610932	0.035840816187709956	0.5540631100402448	0.10415434392308362	0.5540631100402448	1.0	3
DLBCL11195	0.2734000882413354	0.03976089586782847	0.055825577697566554	0.5543535420267292	0.07665989616654038	0.5543535420267292	4.0	3
DLBCL10975	0.2766421772026407	0.05166156447289276	0.04189400677460085	0.554777807601305	0.07502444394856059	0.554777807601305	0.0	3
DLBCL10548	0.2773008965489479	0.06834426836020799	0.03803747327078689	0.5560598483591462	0.060257513460911016	0.5560598483591462	0.0	3
DLBCL10564	0.23920780835276326	0.04924800293346412	0.09487450159529592	0.5574440540551544	0.05922563306332227	0.5574440540551544	3.0	3
DLBCL11469	0.17961698136033913	0.02613648230446407	0.13937563209403483	0.5577568497709317	0.0971140544702302	0.5577568497709317	2.0	3
DLBCL11450	0.26554232396852023	0.0409712314171854	0.04554946799860777	0.5580593172439041	0.08987765937178244	0.5580593172439041	4.0	3
DLBCL10921	0.29352304194934214	0.057499111645163546	0.0415833853090308	0.5586325661154256	0.04876189498103798	0.5586325661154256	4.0	3
DLBCL11537	0.2758895483080133	0.05408362212417153	0.04348637052436689	0.5587586484012302	0.06778181064221801	0.5587586484012302	0.0	3
DLBCL_C_D_1130_NULLPAIR	0.2375141780314342	0.05858173900043125	0.06531564103585186	0.5625849223247078	0.07600351960757488	0.5625849223247078	0.0	3
DLBCL_LS3809	0.2902499691871028	0.043541717039182824	0.03872822319000713	0.5630009842546205	0.0644791063290867	0.5630009842546205	0.0	3
DLBCL10935	0.21819260873828059	0.0483760925502913	0.07986629176141168	0.5639768689040255	0.08958813804599096	0.5639768689040255	0.0	3
DLBCL10864	0.23952163528294407	0.05273264032552563	0.054202448424899206	0.5642068253364019	0.08933645063022921	0.5642068253364019	4.0	3
DLBCL11657	0.27259811415797996	0.035054739946859766	0.04471064714040156	0.566499511984157	0.08113698677060165	0.566499511984157	3.0	3
DLBCL10992	0.2606244402010351	0.04247387491200575	0.05866045143233665	0.5665373137402102	0.07170391971441223	0.5665373137402102	4.0	3
DLBCL_RICOVER_253	0.2563536798742764	0.05998133533454021	0.05655821888715738	0.5665404221676402	0.060566343736385676	0.5665404221676402	1.0	3
DLBCL_C_D_1125_NULLPAIR	0.23524821743238392	0.043445686306970745	0.05212645332121169	0.5669042296324529	0.10227541330698074	0.5669042296324529	4.0	3
DLBCL11504	0.220709761394337	0.04465944729093518	0.09192714741540649	0.5675178753990259	0.07518576850029549	0.5675178753990259	4.0	3
DLBCL10550	0.14505316821063963	0.03965601902227511	0.0876602887899299	0.5685674839968939	0.1590630399802614	0.5685674839968939	4.0	3
DLBCL10986	0.23949527837348986	0.04335021328041829	0.07243594516826315	0.5687288798679196	0.07598968330990896	0.5687288798679196	0.0	3
DLBCL11203	0.24546164194926073	0.05870729918659509	0.06312857558890904	0.568807174611763	0.0638953086634721	0.568807174611763	1.0	3
DLBCL_C_D_1159_NULLPAIR	0.2955346284647927	0.042016137159914944	0.04946733021568358	0.5688184860884861	0.04416341807112264	0.5688184860884861	3.0	3
DLBCL11478	0.19526676697858328	0.05048648877906986	0.06458663855236552	0.5689175818738058	0.12074252381617558	0.5689175818738058	0.0	3
DLBCL10541	0.24630431747215162	0.0538865758678795	0.06860783348661179	0.5705350489017621	0.060666224271594966	0.5705350489017621	1.0	3
DLBCL_C_D_1119_NULLPAIR	0.2811410846921204	0.04674046421797615	0.04523492215625418	0.5705924659204568	0.05629106301319248	0.5705924659204568	1.0	3
DLBCL10906	0.24915328304928505	0.047244145292667315	0.059329021908816816	0.5718809445940858	0.07239260515514503	0.5718809445940858	1.0	3
DLBCL10555	0.24710576256998237	0.035371663527314856	0.07039001628482575	0.5723998670529299	0.07473269056494722	0.5723998670529299	2.0	3
DLBCL10860	0.2133094630109332	0.0471171315349745	0.0731242764231873	0.572439498063851	0.09400963096705406	0.572439498063851	4.0	3
DLBCL10834	0.22844831011129504	0.053150033205048124	0.05323712229015832	0.572719088082494	0.09244544631100447	0.572719088082494	1.0	3
DLBCL_MC_F606_DMJ	0.23494589640378644	0.04315539625400122	0.06577123137932162	0.5753349233371545	0.08079255262573616	0.5753349233371545	2.0	3
DLBCL10891	0.24846248097193382	0.04694401566650789	0.06489839124516532	0.5763315179165609	0.0633635941998321	0.5763315179165609	4.0	3
DLBCL_RICOVER_1165	0.2729932353197025	0.0501840144384223	0.05094179866080623	0.5766491779054992	0.049231773675569676	0.5766491779054992	1.0	3
DLBCL_RICOVER_111	0.22383079543103365	0.03737637995115271	0.09502284441917126	0.5768189214015303	0.06695105879711197	0.5768189214015303	4.0	3
DLBCL_RICOVER_1263	0.21014004537137157	0.06611411993381451	0.07950706910552367	0.5769996402084654	0.06723912538082488	0.5769996402084654	2.0	3
DLBCL10951	0.194283931630807	0.045621441682815025	0.0634320646590604	0.5777387356205469	0.11892382640677067	0.5777387356205469	4.0	3
DLBCL10900	0.2510160913302167	0.05797853625577413	0.035513956110982486	0.5779426697345122	0.07754874656851442	0.5779426697345122	4.0	3
DLBCL10961	0.09386368167880405	0.07180441614048476	0.0886377164766755	0.5787041647171682	0.16699002098686747	0.5787041647171682	4.0	3
DLBCL_RICOVER_678	0.24182366799785143	0.05799668193125249	0.05039028615003751	0.5788727706791902	0.07091659324166842	0.5788727706791902	1.0	3
DLBCL11001	0.18442940231329916	0.05127707447942506	0.07972945601955682	0.5800382681118548	0.10452579907586414	0.5800382681118548	4.0	3
DLBCL11456	0.22984944682258385	0.04497555646418291	0.04996071824068854	0.580120253356655	0.0950940251158897	0.580120253356655	1.0	3
DLBCL11448	0.28159852655640055	0.04061666285944124	0.044491592563018184	0.5803456977169914	0.05294752030414862	0.5803456977169914	3.0	3
DLBCL10519	0.2636595942546491	0.05018068264185953	0.044702316442354874	0.5860370274633913	0.05542037919774521	0.5860370274633913	1.0	3
DLBCL11651	0.21731485376274606	0.050412151014197	0.09989613120139404	0.5872635108014364	0.04511335322022658	0.5872635108014364	2.0	3
DLBCL11679	0.24366510787440437	0.04630056912082908	0.05171301229813174	0.5877460122469331	0.07057529845970172	0.5877460122469331	1.0	3
DLBCL_MC_F262_WLC	0.2615453423288055	0.04701847726868981	0.05629978111588088	0.5884556102842496	0.04668078900237415	0.5884556102842496	0.0	3
DLBCL_MC_F349_BJJ	0.2345828493442016	0.04801769037955886	0.0832967935600797	0.5886101443558033	0.04549252236035652	0.5886101443558033	2.0	3
DLBCL_LS1668	0.2358024434818317	0.04219519020480256	0.06969780989280965	0.5886559289535855	0.06364862746697059	0.5886559289535855	1.0	3
DLBCL_RICOVER_577	0.20289905746231218	0.05605670687140723	0.10736073293025596	0.5894089216539228	0.04427458108210179	0.5894089216539228	2.0	3
DLBCL10464	0.19296203995796188	0.06432229227317665	0.07872855350193828	0.5907778792065496	0.07320923506037359	0.5907778792065496	2.0	3
DLBCL_RICOVER_451	0.26117753802174737	0.037299219488526596	0.04975104183122551	0.5913305296608942	0.060441670997606334	0.5913305296608942	0.0	3
DLBCL10463	0.24642893227583915	0.043046236598395106	0.03307602812849775	0.5923158105805537	0.0851329924167143	0.5923158105805537	4.0	3
DLBCL11513	0.22210006222265366	0.0537488592089555	0.07038736746577558	0.5937413866414615	0.06002232446115376	0.5937413866414615	4.0	3
DLBCL_LS3204	0.26634784122997585	0.04408284724377004	0.048373780522710526	0.5938263255968416	0.04736920540670208	0.5938263255968416	1.0	3
DLBC_FF_A7CQ_TP_NB	0.20576077520761246	0.037012660363505326	0.05528902718734732	0.5942160363060399	0.10772150093549501	0.5942160363060399	4.0	3
DLBCL10536	0.25527194508633655	0.045886382868499095	0.04307063572226101	0.5972386047750222	0.05853243154788108	0.5972386047750222	2.0	3
DLBCL11675	0.22724118871433518	0.04654394172464546	0.047835082880278594	0.598047242791632	0.08033254388910874	0.598047242791632	2.0	3
DLBCL10554	0.22665569497459861	0.04636313173069302	0.06887059796530219	0.6003615418115805	0.057749033517825586	0.6003615418115805	2.0	3
DLBCL10510	0.2246321242302639	0.06002479179631255	0.03745349773651239	0.6012478900376437	0.07664169619926756	0.6012478900376437	1.0	3
DLBCL10467	0.22802432276691112	0.030663023500987	0.06923051364510581	0.6015873047517726	0.07049483533522358	0.6015873047517726	4.0	3
DLBCL11439	0.2541621920937302	0.04143962066820145	0.04943645057209234	0.6019533583496155	0.05300837831636052	0.6019533583496155	2.0	3
DLBCL11539	0.2722025867933424	0.03476591036474804	0.044461191272506806	0.6033944259809036	0.04517588558849909	0.6033944259809036	0.0	3
DLBCL10925	0.18256497154955087	0.057636472995505665	0.05773117095788067	0.6051031318136956	0.09696425268336725	0.6051031318136956	4.0	3
DLBCL11528	0.18203206445559547	0.03867656193086551	0.07846000418371667	0.6051191582249061	0.09571221120491617	0.6051191582249061	2.0	3
DLBCL11458	0.19607258399092453	0.06575055602231264	0.060837485224679126	0.6054448656929236	0.07189450906916016	0.6054448656929236	2.0	3
DLBCL10893	0.24774938576673636	0.04092750763574343	0.0385489555533484	0.6065114296778563	0.06626272136631557	0.6065114296778563	4.0	3
DLBCL10857	0.21790004621955641	0.04571096470708773	0.05242096076600233	0.6067109736912749	0.07725705461607862	0.6067109736912749	4.0	3
DLBCL_C_D_1106_NULLPAIR	0.1863984748040605	0.05867756736723397	0.06773766427766564	0.6069735691474991	0.08021272440354069	0.6069735691474991	1.0	3
DLBCL11520	0.21648324248426465	0.039581183755944514	0.054129676897946385	0.6072277980657936	0.08257809879605085	0.6072277980657936	0.0	3
DLBCL10957	0.23223912979070732	0.04872443431681455	0.04926760894024112	0.6079924777626384	0.06177634918959856	0.6079924777626384	0.0	3
DLBCL_C_D_1128_NULLPAIR	0.2178462191022825	0.04230864755591364	0.05943353429065894	0.6081936320141009	0.07221796703704393	0.6081936320141009	0.0	3
DLBCL11663	0.24953846522112216	0.05090545675120417	0.031128956599092494	0.6082683977213657	0.0601587237072155	0.6082683977213657	0.0	3
DLBCL11591	0.2162832605061378	0.07549473583856434	0.0645471528621494	0.6093449719420729	0.03432987885107546	0.6093449719420729	1.0	3
DLBCL10867	0.2146898526019928	0.04443845150556179	0.06695609174178672	0.6113083453618685	0.06260725878879018	0.6113083453618685	4.0	3
DLBCL_RICOVER_1081	0.1920808957554163	0.04389354288062965	0.07175578940648326	0.6114644314045763	0.0808053405528945	0.6114644314045763	4.0	3
DLBCL10980	0.13558751729068214	0.04282035573876664	0.08895966018467644	0.6117179501653841	0.12091451662049076	0.6117179501653841	4.0	3
DLBCL10847	0.18861099235338147	0.031284740159776864	0.051465483451653915	0.6118189076333976	0.11681987640179009	0.6118189076333976	4.0	3
DLBCL10552	0.22668816847582587	0.039298539828862195	0.053954208498714226	0.6120894008728055	0.06796968232379223	0.6120894008728055	3.0	3
DLBCL10837	0.20102640348959178	0.050120154136243794	0.05188466489424062	0.6130807821532369	0.08388799532668682	0.6130807821532369	4.0	3
DLBCL10880	0.19116414579721117	0.03916559579592176	0.06560541068491825	0.6137042620847925	0.0903605856371564	0.6137042620847925	4.0	3
DLBCL11662	0.21719646190284272	0.04373748509641911	0.047027157558238095	0.6137396273878318	0.07829926805466826	0.6137396273878318	0.0	3
DLBCL10514	0.21642030579711805	0.04732215950065471	0.04998065283647997	0.6140500093937339	0.07222687247201331	0.6140500093937339	2.0	3
DLBCL_RICOVER_151	0.1258075045489464	0.07009185428638455	0.10364182123371339	0.6155857052719874	0.08487311465896831	0.6155857052719874	3.0	3
DLBCL10856	0.22651288502663616	0.03499898996605971	0.06284279049460434	0.6157888746925625	0.059856459820137285	0.6157888746925625	2.0	3
DLBCL_RICOVER_1248	0.1327637073063865	0.03649475349600978	0.08293638460320607	0.6172572344476674	0.1305479201467302	0.6172572344476674	4.0	3
DLBCL11542	0.20377649264371003	0.035133116248719315	0.07490497925672937	0.618101285436618	0.06808412641422326	0.618101285436618	2.0	3
DLBCL_LS1395	0.2337287068128847	0.05192270271312057	0.041454172256783134	0.6184363167183456	0.05445810149886605	0.6184363167183456	2.0	3
DLBCL_LS2089	0.20531370013357533	0.032108924109013635	0.08434012993769475	0.6186902958193352	0.0595469500003811	0.6186902958193352	1.0	3
DLBCL11673	0.12320719369605022	0.042550661716934744	0.1134138368026013	0.619670522800757	0.10115778498365674	0.619670522800757	1.0	3
DFCIDL008_DT	0.2108133094499104	0.03183152022580413	0.059617958326399705	0.6209900451841345	0.07674716681375135	0.6209900451841345	4.0	3
DLBCL_LS378	0.21426440878804037	0.04637103106000327	0.05336078494924977	0.6214626056155566	0.06454116958715003	0.6214626056155566	0.0	3
DLBCL_C_D_1113_NULLPAIR	0.167354729899417	0.04478434886786442	0.0694105750263457	0.6219012854382693	0.09654906076810367	0.6219012854382693	2.0	3
DLBCL11000	0.21661307450106473	0.029483841579611893	0.05477858217463692	0.622274819702985	0.07684968204170149	0.622274819702985	4.0	3
DLBCL11466	0.22093192802917702	0.04009642137003067	0.04724292947460824	0.6231461300703953	0.06858259105578872	0.6231461300703953	1.0	3
DLBCL_MAYO_DLBCL_3653	0.2365342469572093	0.04061848909954857	0.05207406503463691	0.6232372320591758	0.04753596684942947	0.6232372320591758	0.0	3
DLBCL11454	0.20963314822040718	0.039243908958259605	0.06333801016236147	0.6233652761292385	0.06441965652973321	0.6233652761292385	0.0	3
DLBC_FF_8046_TP_NB	0.20838109718377007	0.030761769758466097	0.06442176409998693	0.6235863133217511	0.07284905563602587	0.6235863133217511	2.0	3
DLBCL_LS2367	0.20434582597058962	0.05423107762359381	0.056641053196696316	0.6236375484139666	0.06114449479515377	0.6236375484139666	0.0	3
DLBCL10566	0.20217982634520903	0.041437961403121414	0.07376101405472255	0.6243219457436467	0.05829925245330033	0.6243219457436467	4.0	3
DLBCL10984	0.1961608054629644	0.031824006343732995	0.0776935743760648	0.624779787117273	0.06954182669996473	0.624779787117273	4.0	3
DLBCL10924	0.2216362926376237	0.03283037932301568	0.06294727453503048	0.6249480426047472	0.057638010899582905	0.6249480426047472	4.0	3
DLBCL10542	0.2264035749179071	0.042338256486932326	0.04480018999285882	0.6262557866221485	0.060202191980153225	0.6262557866221485	0.0	3
DLBCL11488	0.24768032413932048	0.04030219774437613	0.03690003777767822	0.6262898685850348	0.048827571753590406	0.6262898685850348	0.0	3
DLBCL11491	0.22040048819322502	0.03675334835086504	0.049369673489990835	0.6269315275480302	0.06654496241788899	0.6269315275480302	3.0	3
DLBCL_RICOVER_787	0.20119911135333152	0.04334486334279566	0.05292955538803862	0.6269997814937656	0.07552668842206868	0.6269997814937656	1.0	3
DLBCL_RICOVER_1269	0.19502233002387584	0.06898773826978973	0.04472929518918171	0.6272491406019568	0.06401149591519598	0.6272491406019568	2.0	3
DLBCL11205	0.22649500189444463	0.05148318748364056	0.04960444635204276	0.6302859982715037	0.0421313659983684	0.6302859982715037	0.0	3
DLBCL11518	0.17435563709793717	0.04211453039715933	0.08144012065301659	0.6307162293952091	0.0713734824566778	0.6307162293952091	2.0	3
DLBCL10985	0.2360143048889221	0.044548654045821735	0.04562183077993137	0.6316143413411432	0.04220086894418153	0.6316143413411432	1.0	3
DLBCL11676	0.22026156436477864	0.030955345682667692	0.03877503602528033	0.6317882458591422	0.07821980806813116	0.6317882458591422	0.0	3
DLBCL11431	0.19388856317075828	0.04556567107577582	0.072418638299621	0.6318206148627921	0.05630651259105285	0.6318206148627921	4.0	3
DFCIDL004_DT	0.19855585112036817	0.04555920866580293	0.03764822616737907	0.6325487225604253	0.0856879914860246	0.6325487225604253	4.0	3
DLBCL10993	0.20611684779132441	0.02942536245934757	0.07746718835805606	0.6326230470190435	0.054367554372228385	0.6326230470190435	0.0	3
DLBCL10913	0.18075439512193744	0.037279399752777255	0.05431864374767534	0.6330849768390192	0.09456258453859076	0.6330849768390192	0.0	3
DLBCL_C_D_1153_NULLPAIR	0.16018889989308335	0.059144687474596974	0.053508701195159596	0.6336662382810845	0.09349147315607555	0.6336662382810845	3.0	3
DLBCL11447	0.1895410020479787	0.04342694054643516	0.047276728144444925	0.6337793869447199	0.0859759423164213	0.6337793869447199	3.0	3
DLBCL10969	0.2363729794544298	0.03889043865870879	0.04013673176086008	0.6345498782081338	0.050049971917867524	0.6345498782081338	0.0	3
DLBCL_LS3245	0.16833443625531513	0.04593761761080152	0.0952528230590223	0.6390920212024696	0.051383101872391465	0.6390920212024696	1.0	3
DLBCL11206	0.19877343636294648	0.03746618434115603	0.05813220779299832	0.6392151859761982	0.06641298552670102	0.6392151859761982	4.0	3
DLBCL_RICOVER_948	0.17820345776574859	0.07511410354269143	0.04581752594903292	0.6408150971267804	0.060049815615746634	0.6408150971267804	1.0	3
DLBCL11566	0.19536243936039038	0.030029843055492167	0.07858772387054899	0.6409753461561774	0.05504464755739115	0.6409753461561774	2.0	3
DLBCL10896	0.21189914154125553	0.03766657453078607	0.05235626104230206	0.6409761215662301	0.05710190131942633	0.6409761215662301	0.0	3
DLBCL10912	0.21369342728900093	0.04936061424893952	0.05034230081197533	0.6412003722491543	0.045403285400929964	0.6412003722491543	0.0	3
DLBCL10870	0.19062084304561372	0.04673015085237254	0.057476697222175126	0.6415889725533755	0.0635833363264631	0.6415889725533755	4.0	3
DLBCL_RICOVER_744	0.19194229330713714	0.03582108041369771	0.0668325614451561	0.6420614786076594	0.06334258622634964	0.6420614786076594	2.0	3
DLBCL11443	0.22201646484216572	0.03361729662613249	0.04334242878128657	0.6420887130599564	0.05893509669045875	0.6420887130599564	0.0	3
DLBCL11202	0.2126931660725059	0.04236505811905468	0.04101605197972192	0.6426746395048014	0.061251084323916065	0.6426746395048014	0.0	3
DLBCL_DFCI_DLBCL_GOE07	0.2093878671021809	0.04010483319506188	0.055768390898304425	0.6427228945710776	0.052016014233375235	0.6427228945710776	1.0	3
DLBCL11500	0.21981611385222657	0.042327943600097215	0.045353526561017224	0.6441590955874155	0.04834332039924355	0.6441590955874155	4.0	3
DLBCL11473	0.20409460765967036	0.0355369120314084	0.05982327946819609	0.6447039793789242	0.05584122146180098	0.6447039793789242	0.0	3
DLBCL11595	0.13138596241671363	0.050623809567325685	0.11659379572132296	0.6462132128014778	0.055183219493159866	0.6462132128014778	4.0	3
DLBCL10472	0.2069090104608515	0.03318959795799154	0.052749613614320366	0.6464292978640445	0.06072248010279208	0.6464292978640445	2.0	3
DLBCL10480	0.2031212040283709	0.04328047728885585	0.05120031217857394	0.6468194008824648	0.055578605621734604	0.6468194008824648	1.0	3
DLBCL_RICOVER_469	0.1677014460120959	0.03946616597213679	0.09519716314785365	0.6477357290109345	0.04989949585697922	0.6477357290109345	2.0	3
DLBCL10458	0.22199362317173701	0.033199505518825397	0.05804112530622926	0.6481307181922907	0.03863502781091762	0.6481307181922907	0.0	3
DLBCL_MC_F139_LJF	0.2037086243110317	0.03423986023484463	0.05327758607218937	0.6487469442136089	0.06002698516832541	0.6487469442136089	3.0	3
DLBCL10544	0.2135860513785523	0.034112986862156865	0.03891594559711522	0.6490591823851085	0.06432583377706722	0.6490591823851085	3.0	3
DLBCL11509	0.21803558651810906	0.035547080673138526	0.029731850027070163	0.6498335342268788	0.06685194855480336	0.6498335342268788	0.0	3
DLBCL10469	0.18538247456327023	0.037394168565510116	0.0577349479893479	0.650651316056964	0.0688370928249077	0.650651316056964	3.0	3
DLBCL11432	0.19763725892353298	0.03957734773710416	0.060539775160181566	0.6514156685780786	0.05082994960110256	0.6514156685780786	0.0	3
DLBCL10452	0.2156869096354619	0.046476136422460665	0.03540033131692308	0.6521108922769028	0.0503257303482516	0.6521108922769028	1.0	3
DLBCL_C_D_1166_NULLPAIR	0.18606317015669052	0.046858499756847354	0.031624411159844865	0.6523433520818953	0.08311056684472196	0.6523433520818953	4.0	3
DLBCL_LS4619	0.12233609805350469	0.060299738884404396	0.10531690148180232	0.652575512614171	0.05947174896611758	0.652575512614171	4.0	3
DLBCL_MC_F362_MJB1	0.16428325620511258	0.0473453374857912	0.08945806003170562	0.6526175571762017	0.04629578910118891	0.6526175571762017	2.0	3
DLBCL10494	0.1993189772440128	0.04668074049808696	0.044958306397146194	0.6530392874861684	0.05600268837458567	0.6530392874861684	1.0	3
DLBCL10936	0.19727401414739296	0.031985592199082015	0.056008311234903005	0.6532350338716988	0.061497048546923234	0.6532350338716988	2.0	3
DLBCL_C_D_1156_NULLPAIR	0.22235412554879044	0.03425124864342343	0.03358026520418578	0.6537134482997344	0.05610091230386594	0.6537134482997344	0.0	3
DLBCL_LS1304	0.2005179330486427	0.0427280107589852	0.045216040725515605	0.6538607135767974	0.05767730189005912	0.6538607135767974	2.0	3
DLBCL_C_D_1103_NULLPAIR	0.18102389944885522	0.03451386233319036	0.07316950758615268	0.6550080252304943	0.05628470540130745	0.6550080252304943	3.0	3
DLBCL10835	0.18668806602326862	0.050952102944943144	0.04547052032510974	0.6550585073382651	0.061830803368413394	0.6550585073382651	4.0	3
DLBCL10954	0.18799940641469448	0.048539618320630244	0.055106482283630485	0.6555008940544589	0.052853598926585886	0.6555008940544589	1.0	3
DLBCL11541	0.19017072579668437	0.031156851519373537	0.05872688640791262	0.6555610929599147	0.06438444331611472	0.6555610929599147	2.0	3
DLBCL10959	0.1955433062306041	0.04393578119387867	0.037427390519437165	0.6572657196341312	0.06582780242194888	0.6572657196341312	0.0	3
DLBCL10977	0.15671257262357158	0.04010899249803864	0.05046052172420482	0.6579511388570962	0.09476677429708869	0.6579511388570962	4.0	3
DLBCL10782	0.18723652521999987	0.04544614707272399	0.06021407441847892	0.6581430306179715	0.04896022267082567	0.6581430306179715	3.0	3
DLBCL_RICOVER_417	0.1731374657523958	0.05040994297227138	0.04895459671646238	0.6581680608512952	0.06932993370757526	0.6581680608512952	4.0	3
DLBCL11526	0.20144546168874664	0.03913040672899348	0.049747459559165166	0.6585824953766588	0.05109417664643583	0.6585824953766588	2.0	3
DLBCL11188	0.18075302412813177	0.05549149778310623	0.04520694787267315	0.6590222533749791	0.05952627684110975	0.6590222533749791	1.0	3
DLBCL_RICOVER_1283	0.17495330820030433	0.033403548141441	0.053600637383427296	0.6596020497302372	0.07844045654459014	0.6596020497302372	2.0	3
DLBCL10917	0.18837042679302354	0.03941930503109815	0.05239425190071366	0.6597217571102592	0.060094259164905524	0.6597217571102592	1.0	3
DLBCL10866	0.2043496111467994	0.03522776836062193	0.05305519968205959	0.6613087037588081	0.046058717051710954	0.6613087037588081	4.0	3
DLBCL11496	0.19578699924641965	0.03500786399995103	0.056591383532699054	0.6616148049741187	0.050998948246811546	0.6616148049741187	0.0	3
DLBCL10842	0.20093811956078367	0.04164540577995187	0.04170687916853999	0.6618412322905338	0.05386836320019062	0.6618412322905338	4.0	3
DLBCL_LS4616	0.19270226781976832	0.04875819362787241	0.0432782750015848	0.6627378727593548	0.05252339079141971	0.6627378727593548	2.0	3
DLBCL10904	0.17239228303201728	0.03611404744710072	0.06560439813159223	0.6628598531434453	0.06302941824584438	0.6628598531434453	4.0	3
DLBCL11003	0.17624595717518637	0.04600782645508323	0.06938905423758551	0.663685334855684	0.04467182727646082	0.663685334855684	1.0	3
DLBCL_RICOVER_1018	0.1874642920586182	0.04979277462447553	0.04040849496467808	0.6642916705884623	0.05804276776376591	0.6642916705884623	3.0	3
DLBCL11459	0.18921937725485585	0.03600932018206546	0.0601220264967594	0.6651509639258585	0.04949831214046071	0.6651509639258585	3.0	3
DLBCL_MC_F500_ECU	0.16447695183148373	0.04868723709516413	0.06346678706715668	0.666189330546543	0.05717969345965252	0.666189330546543	1.0	3
DLBCL_RICOVER_1289	0.1833006660656998	0.04308780343762476	0.05925513885563589	0.6663287178860934	0.04802767375494615	0.6663287178860934	4.0	3
DLBCL_C_D_1131_NULLPAIR	0.18213465695201725	0.040815106336367424	0.05773107409429587	0.6665399169444892	0.052779245672830245	0.6665399169444892	1.0	3
DLBCL_LS762	0.1380707976295142	0.03653375571177949	0.07710684950820257	0.6669374004885273	0.08135119666197642	0.6669374004885273	2.0	3
DLBCL_C_D_1148_NULLPAIR	0.19881437016775835	0.04534265062891079	0.04500707112152133	0.6675389831831298	0.043296924898679826	0.6675389831831298	0.0	3
DLBCL10490	0.16951587252658076	0.04161680401996975	0.0599060162042252	0.6679643026620576	0.06099700458716663	0.6679643026620576	0.0	3
DLBCL10521	0.17600578840893286	0.04081351728368177	0.047540891083456605	0.6683844892566693	0.06725531396725949	0.6683844892566693	4.0	3
DLBCL11470	0.1822105676567243	0.03565316362516577	0.06376335889281985	0.6687498644104073	0.04962304541488273	0.6687498644104073	0.0	3
DLBCL10845	0.18711379315689652	0.04411229851972529	0.04460973793586057	0.6693018061758449	0.05486236421167272	0.6693018061758449	1.0	3
DLBCL_LS2154	0.19582623214321432	0.035053396323599724	0.043389884930318944	0.6695119979473695	0.056218488655497535	0.6695119979473695	0.0	3
DLBCL10964	0.1751795245187521	0.04987979700521074	0.053285513043176296	0.6696478450176916	0.05200732041516933	0.6696478450176916	4.0	3
DLBCL_RICOVER_575	0.18962899893982998	0.04518999031617232	0.048661287524264456	0.6699706081422858	0.04654911507744752	0.6699706081422858	3.0	3
DLBCL10981	0.16181765811511417	0.03978870052938694	0.05596133772664176	0.6701402179777235	0.07229208565113364	0.6701402179777235	1.0	3
DLBCL_RICOVER_120	0.19402639174897202	0.03648562639134469	0.04821372772831764	0.6705724031855667	0.050701850945798994	0.6705724031855667	4.0	3
DLBCL11664	0.13412924832467452	0.0662469006079513	0.04992640547673317	0.6719494801578293	0.07774796543281175	0.6719494801578293	1.0	3
DLBCL_RICOVER_1190	0.15422356052037245	0.047861905902082655	0.08308122789055668	0.6723064412234103	0.04252686446357795	0.6723064412234103	4.0	3
DLBCL11659	0.1755445305348916	0.04225435006446771	0.0637638537869056	0.6723614757296243	0.04607578988411076	0.6723614757296243	3.0	3
DLBCL_RICOVER_1329	0.14271166960258103	0.05147901933271041	0.05021908402948166	0.6723802450506988	0.08320998198452807	0.6723802450506988	4.0	3
DLBCL11353	0.14548446478382282	0.025374102470958493	0.061873255657063676	0.6724440792067639	0.09482409788139119	0.6724440792067639	4.0	3
DLBCL11486	0.20447412468036746	0.037541874596727615	0.04344817909882511	0.6731936007801903	0.0413422208438895	0.6731936007801903	0.0	3
DLBCL11558	0.16956748327467033	0.04749868820593136	0.060421896319470474	0.67347060971057	0.04904132248935785	0.67347060971057	2.0	3
DLBCL10781	0.15408725735687678	0.04667574020164816	0.06530290617961826	0.6738428760750647	0.060091220186792076	0.6738428760750647	4.0	3
DLBCL_RICOVER_866	0.19785196122858292	0.032585932877490995	0.04786039802212369	0.6739354170734407	0.04776629079836166	0.6739354170734407	2.0	3
DLBCL10955	0.18046212333994507	0.041733855616995996	0.03386838366880439	0.6740653732738926	0.06987026410036187	0.6740653732738926	3.0	3
DLBCL11455	0.17772609090047156	0.03555930577070663	0.05351283222382657	0.6749496130958814	0.0582521580091138	0.6749496130958814	2.0	3
DLBCL_MC_F502_RFK	0.1280228761787603	0.04405529805738549	0.08575446285569638	0.6750714378899123	0.0670959250182456	0.6750714378899123	1.0	3
DLBCL_C_D_1157_NULLPAIR	0.16582473558541838	0.02902384694402168	0.06662780205438106	0.6758513894258694	0.06267222599030947	0.6758513894258694	2.0	3
DLBCL10890	0.1628262792075241	0.038087754304178656	0.05645479622129418	0.6759535465249966	0.06667762374200643	0.6759535465249966	4.0	3
DLBCL10498	0.14322797412367366	0.0327553977092037	0.11273147958003664	0.676532727505692	0.03475242108139398	0.676532727505692	2.0	3
DLBCL_C_D_1133_NULLPAIR	0.1876224159564294	0.0341337827444525	0.04842107134406931	0.6769856354043029	0.05283709455074587	0.6769856354043029	2.0	3
DLBCL_MAYO_DLBCL_7359	0.17262629521976663	0.04711197149332381	0.04337046700182772	0.6774121834890239	0.059479082796058035	0.6774121834890239	1.0	3
DLBCL11482	0.19767598506639564	0.0345618217777541	0.04587650233746854	0.67784687671337	0.04403881410501182	0.67784687671337	0.0	3
DLBCL_LS2328	0.1649128329311396	0.03865404871095159	0.06469491946216742	0.6783469590417862	0.053391239853955254	0.6783469590417862	2.0	3
DLBCL_RICOVER_1061	0.17107256376678237	0.03721744950264645	0.04805588188120297	0.6791406783928424	0.06451342645652565	0.6791406783928424	3.0	3
DFCIDL003_DT	0.17488192478301623	0.0413883880756488	0.045350799627507134	0.6799991166993545	0.058379770814473285	0.6799991166993545	1.0	3
DLBCL_RICOVER_1045	0.16299419079327201	0.0363345860805667	0.06154763145207718	0.6801500057165375	0.0589735859575466	0.6801500057165375	3.0	3
DLBCL10549	0.18836235404372573	0.032796997928327194	0.04889291172467702	0.6803354457291924	0.04961229057407769	0.6803354457291924	1.0	3
DLBCL_RICOVER_1192	0.1771274015246984	0.033241202161135255	0.04129624488843491	0.6803566024050909	0.06797854902064052	0.6803566024050909	4.0	3
DLBCL_RICOVER_1235	0.18385233757784483	0.04472134990607682	0.043169567588252716	0.6803713081265959	0.04788543680122969	0.6803713081265959	1.0	3
DLBCL10547	0.17367819873974913	0.0515794813169282	0.046806214077475525	0.6809973629148741	0.046938742950973035	0.6809973629148741	3.0	3
DLBCL10966	0.18378596430782054	0.040842241529336104	0.04173159163729406	0.6810488263116874	0.05259137621386189	0.6810488263116874	0.0	3
DLBCL10987	0.1458973559403951	0.03577729211375075	0.058061359852266216	0.6815276043917963	0.07873638770179166	0.6815276043917963	4.0	3
DLBCL11002	0.16386850186807653	0.03629177660508663	0.06104559575531381	0.6815877483644353	0.0572063774070878	0.6815877483644353	3.0	3
DLBCL_RICOVER_1278	0.14337554439826888	0.028056465842639586	0.08132857501656274	0.6818453966124397	0.06539401813008905	0.6818453966124397	4.0	3
DLBCL10465	0.15603908986811166	0.03572830435619359	0.05862776487931491	0.6826126808948222	0.06699216000155764	0.6826126808948222	2.0	3
DLBCL11429	0.16139982123468416	0.03255775821716464	0.056787793675176855	0.6827823221658026	0.06647230470717168	0.6827823221658026	0.0	3
DLBCL11512	0.16554562202875142	0.04020003203281853	0.05945826608694131	0.6832394967248874	0.051556583126601364	0.6832394967248874	0.0	3
DLBCL11569	0.16179693142062013	0.04402176766046582	0.06120448440613345	0.6837431614350454	0.04923365507773519	0.6837431614350454	2.0	3
DLBCL10883	0.14058165372983816	0.04203082340170303	0.06256461837426043	0.6843367319560173	0.07048617253818104	0.6843367319560173	4.0	3
DLBCL10527	0.18109301786368542	0.02916448708486075	0.0504005780295188	0.6844170007090519	0.054924916312883196	0.6844170007090519	3.0	3
DLBCL_RICOVER_449	0.133712749810188	0.04742742065949665	0.06766724637025602	0.6846653076791557	0.06652727548090363	0.6846653076791557	4.0	3
DLBCL_RICOVER_910	0.15670031506850868	0.046459253098796206	0.05392768920706646	0.6850378437860088	0.05787489883961986	0.6850378437860088	0.0	3
DLBCL10903	0.17138235502034102	0.04248024273969249	0.04605273148129008	0.6851036250405355	0.05498104571814093	0.6851036250405355	1.0	3
DLBCL11667	0.14954060699964258	0.03707065842531493	0.06634514985307334	0.686076124990926	0.060967459731043186	0.686076124990926	2.0	3
DLBCL10894	0.17209266940667814	0.03194733229376561	0.06384196613857472	0.6862080964795645	0.04590993568141707	0.6862080964795645	1.0	3
DLBCL10902	0.15749127662853263	0.038249504912831175	0.03761278135377622	0.6864174786270999	0.08022895847776007	0.6864174786270999	4.0	3
DLBCL10843	0.14006780026940208	0.05192089794599974	0.06594455239627493	0.6868268806872418	0.05523986870108146	0.6868268806872418	0.0	3
DLBCL11652	0.1892220882306679	0.04038596787936565	0.037217928069507494	0.6869518676110881	0.046222148209370914	0.6869518676110881	0.0	3
DLBCL_RICOVER_335	0.14878033594917542	0.04861965949121266	0.055521652850857	0.6872339542945105	0.05984439741424442	0.6872339542945105	1.0	3
DLBCL10930	0.13241679547936605	0.05328257210744689	0.04190019986116447	0.6872720725890143	0.08512835996300822	0.6872720725890143	4.0	3
DLBCL_RICOVER_533	0.16279349564311052	0.03800755318672958	0.05884122327341169	0.6881395890992139	0.052218138797534334	0.6881395890992139	1.0	3
DLBCL_RICOVER_299	0.07589379006069906	0.06580272864419325	0.1039694049679577	0.6894580918914041	0.06487598443574585	0.6894580918914041	1.0	3
DLBCL10967	0.183002684335299	0.037755450390392416	0.04296255442961919	0.6896373368000543	0.04664197404463504	0.6896373368000543	4.0	3
DLBCL10922	0.15453625258909362	0.031758051966449555	0.05988084211887269	0.6898860063902565	0.06393884693532759	0.6898860063902565	1.0	3
DLBCL11436	0.17895975173695863	0.027680517564419492	0.037581192510603344	0.6900750271969995	0.06570351099101904	0.6900750271969995	1.0	3
DLBCL_C_D_1152_NULLPAIR	0.09847812919024163	0.05808383162725619	0.08847009866798142	0.6914584095358143	0.06350953097870651	0.6914584095358143	1.0	3
DLBCL10874	0.1699303148005481	0.030989381818501055	0.038545310880623934	0.6914899630411563	0.0690450294591706	0.6914899630411563	1.0	3
DLBCL10850	0.17625801928136892	0.03680674844875285	0.05329523432402138	0.6918682256560333	0.04177177228982356	0.6918682256560333	1.0	3
DLBCL11507	0.10751331949661712	0.035730594880868466	0.09765891536357231	0.692382231230843	0.06671493902809912	0.692382231230843	1.0	3
DLBCL_LS2208	0.1800904776753263	0.032080707317891664	0.03984206831606764	0.6929563795478598	0.05503036714285454	0.6929563795478598	4.0	3
DLBCL10482	0.17890849695015548	0.034329961600874814	0.06061987011536846	0.693033184913795	0.033108486419806314	0.693033184913795	0.0	3
DLBCL_RICOVER_440	0.18254116852931268	0.0331832976606846	0.04404521591522573	0.6932318475809699	0.04699847031380707	0.6932318475809699	2.0	3
DLBCL11495	0.13135764310559767	0.04501622775587968	0.03537025116463773	0.6933534774905127	0.0949024004833722	0.6933534774905127	4.0	3
DLBCL10895	0.12986008635955076	0.04537038629200593	0.04724493461553066	0.6937985181682732	0.08372607456463942	0.6937985181682732	4.0	3
DLBCL10535	0.15083478931828975	0.024085838900268802	0.05991543562655223	0.6944030104763748	0.07076092567851452	0.6944030104763748	4.0	3
DLBC_FF_A7CR_TP_NB	0.17081754950529646	0.035704983856793625	0.04550313087620518	0.6953339967761218	0.052640338985582937	0.6953339967761218	4.0	3
DLBCL10525	0.17662857826704909	0.04374894382563456	0.05092376071232522	0.6956238598269135	0.033074857368077644	0.6956238598269135	0.0	3
DLBCL_RICOVER_780	0.15517266889102527	0.04196780171415744	0.061013864456226564	0.6961503089152045	0.04569535602338629	0.6961503089152045	1.0	3
DLBCL_C_D_1138_NULLPAIR	0.16736225467638213	0.04952671766002449	0.045134582447377995	0.6965980132789105	0.04137843193730491	0.6965980132789105	1.0	3
DLBCL_LS1921	0.1715184242406921	0.037805260077766384	0.03666892776336849	0.6968110257553287	0.05719636216284431	0.6968110257553287	1.0	3
DLBCL10983	0.15423594019253448	0.039929725977694376	0.03889024390532744	0.697252889220564	0.06969120070387969	0.697252889220564	1.0	3
DLBCL11242	0.18157197790976923	0.04399852621329671	0.029436724590698654	0.6992917496980693	0.04570102158816611	0.6992917496980693	4.0	3
DLBCL_RICOVER_945	0.1519937761039922	0.04106132054638425	0.05304447834237915	0.6995319254999003	0.054368499507344174	0.6995319254999003	0.0	3
DLBCL11670	0.11324259366563051	0.025576846306561273	0.0807874853316406	0.6995869064228029	0.08080616827336479	0.6995869064228029	2.0	3
DLBCL10932	0.17315923924114504	0.030394263911327678	0.04473378722709617	0.6995992250276317	0.05211348459279932	0.6995992250276317	3.0	3
DLBCL10518	0.163910973119309	0.03675486587779918	0.052658055324571115	0.7000452482645575	0.046630857413763216	0.7000452482645575	2.0	3
DLBCL10553	0.16915953869657	0.03443349275280186	0.04387458862138252	0.7000501642356912	0.05248221569355434	0.7000501642356912	3.0	3
DLBCL10471	0.17237098973945808	0.03165704912766723	0.05067863077077371	0.7019192333295617	0.04337409703253929	0.7019192333295617	4.0	3
DLBCL11677	0.1272761301873684	0.03619624218961171	0.06505709605120129	0.7019765947803779	0.06949393679144081	0.7019765947803779	0.0	3
DLBCL_RICOVER_338	0.13163551283647237	0.03199253207252133	0.07944847527420021	0.7025870143553099	0.0543364654614962	0.7025870143553099	0.0	3
DLBCL10513	0.1521160690588409	0.026401280488017775	0.07836826013180588	0.7037536774432992	0.03936071287803624	0.7037536774432992	3.0	3
DLBCL11510	0.1513804712616285	0.043120076072650934	0.05268887468522144	0.7038739564977167	0.048936621482782466	0.7038739564977167	4.0	3
DLBCL10873	0.140372327598834	0.045571629748352084	0.06187698787479752	0.7040349547408807	0.04814410003713568	0.7040349547408807	1.0	3
DLBCL10539	0.14545576418369927	0.0332048803742252	0.05492387148604625	0.7042488780542097	0.062166605901819674	0.7042488780542097	3.0	3
DLBCL11462	0.13820231762855373	0.03425110475370855	0.05319469666781681	0.7046288567639389	0.06972302418598195	0.7046288567639389	0.0	3
DLBCL11683	0.15653401340718684	0.044324270356726266	0.055770139343530756	0.7048045057560997	0.03856707113645648	0.7048045057560997	2.0	3
DLBCL_C_D_1129_NULLPAIR	0.15418873416210296	0.032876179013577825	0.052647190341884066	0.7052053512758587	0.05508254520657641	0.7052053512758587	0.0	3
DLBCL_MC_F089_HCZ	0.16356129358893934	0.04489886231594387	0.03079336223052502	0.7054124954667804	0.05533398639781132	0.7054124954667804	1.0	3
DLBCL_C_D_1115_NULLPAIR	0.18384533825212546	0.03201738595511079	0.03618361064930002	0.7056604022290852	0.04229326291437849	0.7056604022290852	3.0	3
DLBCL10462	0.1833917020035672	0.02497154974134782	0.04774286321665477	0.7059716753453013	0.03792220969312894	0.7059716753453013	0.0	3
DLBCL_RICOVER_712	0.13742282301115707	0.04276138620094745	0.0506180963893064	0.7061483110245268	0.0630493833740623	0.7061483110245268	4.0	3
DLBCL11474	0.16363696785550624	0.03784491577269658	0.035888522395477095	0.7064928675932154	0.056136726383104706	0.7064928675932154	0.0	3
DLBCL_LS297	0.1643890655060072	0.03099468448933903	0.05049275840937755	0.7065450293194956	0.04757846227578062	0.7065450293194956	2.0	3
DLBCL10881	0.18356864969293238	0.028204574532144786	0.040947974133373886	0.707001553694711	0.04027724794683804	0.707001553694711	4.0	3
DLBCL10899	0.1437848651103193	0.04202993665155244	0.06308264364083495	0.7071637511323836	0.04393880346490973	0.7071637511323836	4.0	3
DLBCL_LS2599	0.16424051001568854	0.03782329942799455	0.034377543300966075	0.7073549498824317	0.056203697372919074	0.7073549498824317	2.0	3
DLBCL_RICOVER_1293	0.1501421446300886	0.03469528134474348	0.053850810515800165	0.7075374682948022	0.053774295214565525	0.7075374682948022	4.0	3
DLBCL10486	0.1689935880472922	0.03625836298302621	0.036116222838685874	0.7076943994455588	0.05093742668543698	0.7076943994455588	0.0	3
DLBCL10972	0.1524964315131297	0.03705839141400446	0.03678589266864905	0.7077026057098504	0.0659566786943664	0.7077026057098504	0.0	3
DLBCL10927	0.1596324213478036	0.03690006022694539	0.042425421100914906	0.7085395838604648	0.05250251346387138	0.7085395838604648	3.0	3
DLBCL10968	0.1671298038212665	0.030553096882757952	0.037298688435121546	0.7089052289153269	0.056113181945527134	0.7089052289153269	0.0	3
DLBCL10928	0.15022375401740057	0.04029156002267713	0.06355614632907919	0.7095354374025203	0.036393102228322746	0.7095354374025203	0.0	3
DLBCL11464	0.15451107505191128	0.041700039689622596	0.04718479874314605	0.7099566396985676	0.04664744681675252	0.7099566396985676	3.0	3
DLBCL10868	0.16210808545607586	0.03312379223690373	0.04712250414429494	0.7099760262200064	0.047669591942719046	0.7099760262200064	3.0	3
DLBCL10971	0.13420553187982118	0.04468914614491653	0.049526636442274924	0.7101327419261598	0.06144594360682747	0.7101327419261598	0.0	3
DLBCL11655	0.16398949613543198	0.032902798586641115	0.040930226951617354	0.7105613310190567	0.05161614730725287	0.7105613310190567	3.0	3
DLBCL_LS155	0.15891829098977542	0.03229334769099353	0.04146628972755065	0.7119010258124399	0.055421045779240556	0.7119010258124399	2.0	3
DLBCL11680	0.12376538199124443	0.037284652641912754	0.0636211516175504	0.7120282532331457	0.06330056051614674	0.7120282532331457	2.0	3
DLBCL_RICOVER_826	0.12426459846845417	0.0346171974915378	0.07387697110788423	0.7126196513676004	0.05462158156452339	0.7126196513676004	0.0	3
DLBCL10914	0.12078697310284456	0.047191046334815	0.06160001797621663	0.7131040464076299	0.05731791617849387	0.7131040464076299	0.0	3
DLBCL10466	0.16797116500610423	0.03188216246259361	0.03848010981260231	0.7131632205620243	0.04850334215667565	0.7131632205620243	2.0	3
DLBCL10484	0.13349763718242325	0.04038165579989237	0.0585737278817055	0.7132256105089281	0.05432136862705083	0.7132256105089281	1.0	3
DLBCL_RICOVER_473	0.11780399094855659	0.048135021066590296	0.06808517459168173	0.7136327884250431	0.05234302496812833	0.7136327884250431	0.0	3
DLBCL11194	0.1548082121703582	0.037797286520131715	0.04330569448268598	0.7136525366139879	0.05043627021283617	0.7136525366139879	4.0	3
DLBCL_BWH_DLBCL64	0.17961825619583643	0.033173782418872096	0.04277480102858672	0.7137185861026021	0.030714574254102685	0.7137185861026021	1.0	3
DLBCL10852	0.15654657248512907	0.030057513364037215	0.05981272020334262	0.7139205300926915	0.039662663854799524	0.7139205300926915	4.0	3
DLBCL10515	0.12724976809303618	0.03595207053636191	0.0781315044491346	0.7139717911430444	0.0446948657784229	0.7139717911430444	0.0	3
DLBCL11538	0.15354100893033326	0.03350144040417797	0.03994868388133042	0.7141029047033308	0.058905962080827504	0.7141029047033308	4.0	3
DLBCL10963	0.16061616799953543	0.03639075505753962	0.04107060182611294	0.714890869167054	0.047031605949758	0.714890869167054	4.0	3
DLBCL10885	0.13966946473291858	0.04735545341194316	0.05767895176704954	0.7149250630992153	0.04037106698887339	0.7149250630992153	1.0	3
DLBCL11511	0.1638714886595194	0.02773003815257063	0.04233805710979519	0.715920699132718	0.050139716945396706	0.715920699132718	0.0	3
DLBCL_C_D_1149_NULLPAIR	0.15532068643503757	0.04070048940599721	0.04343681781292245	0.7159955281873642	0.04454647815867846	0.7159955281873642	1.0	3
DLBCL11430	0.12484663374218144	0.033753150523070444	0.05480150964294188	0.716060400113251	0.07053830597855523	0.716060400113251	0.0	3
DLBCL_RICOVER_1046	0.16600172536125252	0.03634356645123047	0.037293638864577185	0.7161614657004797	0.04419960362246024	0.7161614657004797	1.0	3
DLBCL11581	0.16099008438956883	0.03140851433880497	0.04605388044283245	0.7162620749960434	0.04528544583275029	0.7162620749960434	4.0	3
DLBCL_MC_F218_RAP	0.14958216950526393	0.026658469685241395	0.045295652468841825	0.7165475190906828	0.0619161892499701	0.7165475190906828	3.0	3
DLBCL11479	0.14870362223473985	0.038114226477585805	0.04734816587208636	0.7186101051471082	0.04722388026847975	0.7186101051471082	1.0	3
DLBCL11460	0.10788768703904272	0.04037187947275888	0.07077243554475285	0.7189366938422953	0.0620313041011502	0.7189366938422953	3.0	3
DLBCL_RICOVER_701	0.15536081012111483	0.04146468770072792	0.040913955732083784	0.71938260848371	0.042877937962363444	0.71938260848371	3.0	3
DLBCL10898	0.13628946297868597	0.03545026931133672	0.05446445742826408	0.7194234986230658	0.05437231165864754	0.7194234986230658	4.0	3
DLBCL10997	0.13680266999174528	0.03429281528489814	0.029200969969086762	0.7200810779420066	0.07962246681226329	0.7200810779420066	0.0	3
DLBCL_MC_F064AB	0.11993541526061163	0.02680845189407554	0.06464850744383349	0.7203984027574095	0.06820922264406983	0.7203984027574095	2.0	3
DLBCL10854	0.1516673385009675	0.03633857324885906	0.032780181532373484	0.720489616239169	0.058724290478631	0.720489616239169	4.0	3
DLBCL10522	0.10014433003384002	0.028880979240642084	0.09501062179688337	0.7211338551393787	0.054830213789255844	0.7211338551393787	2.0	3
DLBCL10931	0.1437973518698512	0.02823480091258713	0.06956484141412358	0.721710523102462	0.03669248270097609	0.721710523102462	0.0	3
DLBCL_C_D_1151_NULLPAIR	0.1409484699777262	0.04500509868874552	0.04436789410161076	0.7222998595098604	0.047378677722057116	0.7222998595098604	3.0	3
DLBCL10497	0.13143580769386098	0.03342627137494746	0.0506457057248539	0.7225300348399866	0.06196218036635115	0.7225300348399866	3.0	3
DLBCL_RICOVER_1032	0.1565253757761991	0.03764505137491974	0.03922785828978907	0.7226369347369231	0.04396477982216894	0.7226369347369231	4.0	3
DLBCL10910	0.1515035855530502	0.03954876368071487	0.0415289517335209	0.7228369119416459	0.04458178709106817	0.7228369119416459	2.0	3
DLBCL11457	0.14968710027583002	0.03510801054728898	0.042765111040552715	0.7231302123817079	0.04930956575462032	0.7231302123817079	0.0	3
DLBCL11564	0.1423758775246424	0.03192338752216228	0.05248877135976275	0.7232845027881145	0.04992746080531809	0.7232845027881145	3.0	3
DLBCL_LS4592	0.07955806164009423	0.025451905515386935	0.08726101850134528	0.7239702247766344	0.08375878956653907	0.7239702247766344	2.0	3
DLBCL11516	0.15356839628965285	0.03231079481685308	0.040035622682357365	0.7240739141203189	0.05001127209081789	0.7240739141203189	1.0	3
DLBCL10934	0.12816041686749524	0.034082407585136865	0.06496171114549149	0.7241447903936218	0.04865067400825465	0.7241447903936218	1.0	3
DLBCL_RICOVER_401	0.13683385301637266	0.04251754414711337	0.05055062491206712	0.7243874181677812	0.04571055975666571	0.7243874181677812	1.0	3
DLBCL_C_D_1118_NULLPAIR	0.15699197655084168	0.03655108198854236	0.036538943990852384	0.7255510583631821	0.04436693910658144	0.7255510583631821	1.0	3
DLBCL11483	0.10750589984932554	0.03694131793448186	0.08068041016660533	0.7257451506914273	0.049127221358160035	0.7257451506914273	1.0	3
DLBCL10833	0.14318875142891094	0.03014811442932118	0.05189819758441498	0.7257990702678513	0.04896586628950162	0.7257990702678513	4.0	3
DLBCL_RICOVER_1219	0.13203399037194605	0.03157891900759718	0.04666926752932336	0.7259335243705343	0.0637842987205991	0.7259335243705343	4.0	3
DLBCL10947	0.10470352195465932	0.04480740430795185	0.0656122612068235	0.726038015796853	0.05883879673371239	0.726038015796853	1.0	3
DLBCL_RICOVER_773	0.09067072494665229	0.0392286512988189	0.05893613963719252	0.7260603074069779	0.08510417671035839	0.7260603074069779	4.0	3
DLBCL10456	0.1415028978557047	0.03348927178451882	0.06522309705567128	0.7265897232246087	0.03319501007949647	0.7265897232246087	3.0	3
DLBCL10919	0.12569180135400024	0.036775595381295934	0.0467185341345966	0.7266374861976296	0.06417658293247767	0.7266374861976296	3.0	3
DLBCL10846	0.14403516065361305	0.03689181876254041	0.04580691877307259	0.7273882331618502	0.04587786864892372	0.7273882331618502	1.0	3
DLBCL_RICOVER_956	0.1426357601561229	0.03235964214036203	0.04173760151191833	0.7273903909419537	0.05587660524964305	0.7273903909419537	4.0	3
DLBCL_RICOVER_985	0.12660831153393134	0.04042683041100458	0.05797251014792883	0.727416583099616	0.04757576480751923	0.727416583099616	3.0	3
DLBCL10889	0.12607528395252318	0.041323757685831033	0.04156465574734058	0.7274373580241895	0.06359894459011564	0.7274373580241895	4.0	3
DLBCL10974	0.14211945056453984	0.03594997965153947	0.04547548355382438	0.7277430772500271	0.04871200898006928	0.7277430772500271	3.0	3
DLBCL_RICOVER_320	0.14234556928273842	0.033100563299645655	0.05838611267976942	0.7278128412925512	0.03835491344529528	0.7278128412925512	2.0	3
DLBCL11461	0.15096271590597707	0.030423143752769118	0.04779987618611541	0.729910657701454	0.040903606453684446	0.729910657701454	0.0	3
DLBCL10836	0.12298521790804764	0.03559029225952601	0.043412475087730926	0.72997930983073	0.06803270491396539	0.72997930983073	4.0	3
DLBCL_RICOVER_685	0.13664843559672057	0.031617217379187317	0.05621709102407758	0.7300793690042969	0.04543788699571767	0.7300793690042969	4.0	3
DLBCL10970	0.14253334901766807	0.0234905748722622	0.0680637878419425	0.7300849029299306	0.035827385338196675	0.7300849029299306	3.0	3
DLBCL_RICOVER_583	0.11085509618336155	0.041233902349198666	0.04432880107460938	0.7300913911148028	0.07349080927802759	0.7300913911148028	1.0	3
DLBCL10509	0.12574432780085498	0.04615165812200943	0.05254912985632005	0.7313757109296422	0.04417917329117343	0.7313757109296422	0.0	3
DLBCL10888	0.1525721751328021	0.029295546758158274	0.04855068794142986	0.7314352587383278	0.03814633142928194	0.7314352587383278	4.0	3
DLBCL11574	0.15087099248650418	0.037567265549822995	0.04278483449334154	0.731919214157056	0.03685769331327543	0.731919214157056	2.0	3
DLBCL_LS2590	0.14254223685828077	0.03499615683257036	0.044757553911758556	0.7336333746121806	0.04407067778520969	0.7336333746121806	3.0	3
DLBCL10956	0.12231497446677617	0.03702162345896853	0.04518200293010461	0.7342442427786571	0.061237156365493546	0.7342442427786571	1.0	3
DLBCL10908	0.15169852315614724	0.036984924117803485	0.038790640860231505	0.734733798804473	0.0377921130613448	0.734733798804473	4.0	3
DFCIDL010_DT	0.14203130606817374	0.03793487091691209	0.04165389569068699	0.7350448306370225	0.043335096687204665	0.7350448306370225	0.0	3
DLBCL_C_D_1135_NULLPAIR	0.1260203608151637	0.03503826951766381	0.05035204133637102	0.7366473090235898	0.051942019307211686	0.7366473090235898	1.0	3
DLBCL10502	0.1518424559703552	0.030714583050579756	0.04612301509571716	0.737342447147881	0.033977498735467	0.737342447147881	1.0	3
DLBCL10450	0.13530082804804247	0.03818382341911034	0.04484627603327033	0.7377349813403666	0.04393409115921024	0.7377349813403666	0.0	3
DLBCL_RICOVER_1106	0.14848061804091192	0.030925457569257124	0.041024090255559385	0.7379094625735615	0.04166037156071014	0.7379094625735615	4.0	3
DLBCL11467	0.14375700893932236	0.04061959296025411	0.04174386571224828	0.7381992381049445	0.035680294283230725	0.7381992381049445	3.0	3
DLBCL_RICOVER_361	0.13913627858779296	0.03993905779806504	0.040649513146481055	0.7382018980599039	0.042073252407757	0.7382018980599039	3.0	3
DLBC_FF_A7CW_TP_NB	0.13984191510810462	0.029369038510325463	0.044342420330578274	0.7386349190086391	0.047811707042352596	0.7386349190086391	4.0	3
DLBCL_DFCI_DLBCL_GOE05	0.10409994791086355	0.041919996741826254	0.05141382068157723	0.73934106116052	0.06322517350521305	0.73934106116052	1.0	3
DLBCL11669	0.14261476470676995	0.02737833649227301	0.041296978357676324	0.7400995612726746	0.04861035917060607	0.7400995612726746	2.0	3
DLBCL11501	0.12162134191700319	0.0361314239080764	0.04818757893617755	0.7408034038669793	0.05325625137176358	0.7408034038669793	0.0	3
DLBCL_MAYO_DLBCL_234	0.1275844310031589	0.03460319275473716	0.054576499814217035	0.7412611775271767	0.04197469890071032	0.7412611775271767	2.0	3
DLBCL10909	0.13609928186858813	0.03119364575241866	0.04843172174531829	0.7416952371983256	0.04258011343534931	0.7416952371983256	4.0	3
DLBCL_MC_F739_AMA3	0.12705965094840635	0.04184704410082219	0.04566428561016894	0.7418731501449289	0.04355586919567357	0.7418731501449289	1.0	3
DLBCL10858	0.13322384569278192	0.02675484981370071	0.038203384860906894	0.74228442912924	0.059533490503370444	0.74228442912924	3.0	3
DLBCL_RICOVER_258	0.1386090690726661	0.02725840811973516	0.043045408425188086	0.7424845393793402	0.048602575003070476	0.7424845393793402	2.0	3
DLBCL10915	0.14075392636773315	0.03000527972415371	0.03231942945524813	0.7427454083415805	0.054175956111284465	0.7427454083415805	4.0	3
DLBCL_LS3499	0.11811886027856822	0.030194736286672665	0.06138258791449034	0.7438905808701045	0.04641323465016428	0.7438905808701045	3.0	3
DLBCL10851	0.12987839285473085	0.027518750120859907	0.04325505949101321	0.7445848135555074	0.05476298397788857	0.7445848135555074	1.0	3
DLBCL_RICOVER_408	0.11761240460721784	0.031341985643311705	0.06438008307900488	0.7451238010195865	0.041541725650879074	0.7451238010195865	2.0	3
DLBCL11472	0.08278451285670292	0.031861934274548094	0.04034737992564924	0.7454416954851263	0.09956447745797346	0.7454416954851263	0.0	3
DLBCL_MC_F307_JPS	0.13277859439112125	0.03436065655590633	0.04265573691640104	0.7454938029136509	0.04471120922292051	0.7454938029136509	0.0	3
DLBCL11433	0.14147329273992834	0.030531423200005146	0.039627596985084536	0.7467629713526001	0.041604715722381926	0.7467629713526001	3.0	3
DLBCL10459	0.11262636538660857	0.030187024034366686	0.05294957999710459	0.7471005082693503	0.05713652231256981	0.7471005082693503	2.0	3
DLBCL_LS4054	0.1261617030224426	0.030953106902865738	0.05690833659768134	0.7478274845652867	0.03814936891172369	0.7478274845652867	1.0	3
DLBCL_RICOVER_711	0.1169710683366923	0.034066246690688494	0.04696535928879316	0.7488882391666739	0.0531090865171522	0.7488882391666739	3.0	3
DLBCL11191	0.13072300576439339	0.02068367618170465	0.05121816672301334	0.7492065811917834	0.04816857013910517	0.7492065811917834	0.0	3
DLBCL11196	0.14185544276524167	0.03095167754592241	0.040197865318570586	0.7493236669983734	0.03767134737189193	0.7493236669983734	3.0	3
DLBCL10530	0.11764195143619297	0.030633324028907175	0.053079811002558146	0.7496711513591957	0.04897376217314603	0.7496711513591957	4.0	3
DLBCL_LS1757	0.11016000167005868	0.03381543685055248	0.04528938295145075	0.7504511432215561	0.06028403530638195	0.7504511432215561	0.0	3
DLBCL10453	0.13362760213968988	0.027680319795616585	0.04887237248175208	0.7506568618582472	0.03916284372469429	0.7506568618582472	1.0	3
DLBCL_LS2325	0.10959963371459769	0.0318429812141393	0.060256060931584754	0.7509591661998049	0.04734215793987334	0.7509591661998049	2.0	3
DLBCL_LS951	0.13010157719584584	0.03349902242542252	0.03409363292074248	0.7525414621741484	0.04976430528384075	0.7525414621741484	0.0	3
DLBCL11573	0.11052390357219646	0.044024085569894324	0.04579808034417956	0.7532623712515832	0.04639155926214638	0.7532623712515832	2.0	3
DLBCL_LS3200	0.1056141065214319	0.03387633038586523	0.06507875130858867	0.7532899108509157	0.042140900933198513	0.7532899108509157	4.0	3
DLBCL_MC_F815_BAT	0.1208762189002748	0.027271182874581593	0.062404306675577295	0.7535732604334503	0.035875031116115924	0.7535732604334503	2.0	3
DLBCL_RICOVER_977	0.1358516084817895	0.033177407431320305	0.03908366714347302	0.7539274801768214	0.037959836766595784	0.7539274801768214	0.0	3
DLBCL11471	0.13215518793108622	0.03263646472171616	0.057632835578949465	0.7546259911919527	0.02294952057629542	0.7546259911919527	3.0	3
DLBCL10853	0.09392873623973981	0.028465003846340115	0.06384577005619067	0.7549510908267624	0.05880939903096708	0.7549510908267624	4.0	3
DLBCL11346	0.11640807978460292	0.031439001523766205	0.050993869477873925	0.7554132195003602	0.04574582971339666	0.7554132195003602	1.0	3
DLBCL10962	0.12054142979691804	0.03309593426475846	0.04627494047468248	0.755922642868529	0.04416505259511206	0.755922642868529	1.0	3
DLBCL11477	0.1333993928129844	0.026718921445699213	0.04283238440008521	0.7561902038703727	0.040859097470858426	0.7561902038703727	0.0	3
DLBCL_LS1065	0.12652479879492146	0.030984140180651237	0.04945230409371813	0.7572573590975324	0.03578139783317676	0.7572573590975324	1.0	3
DLBCL_C_D_1163_NULLPAIR	0.12688280015687273	0.026091307658173336	0.049596993526600325	0.7576552679739886	0.039773630684365006	0.7576552679739886	4.0	3
DLBCL10487	0.09518997795911847	0.03364017214409476	0.04905327014835501	0.7583116578227995	0.06380492192563222	0.7583116578227995	1.0	3
DLBCL_LS3820	0.11781922327089149	0.03034497581655783	0.038094344546454585	0.7584627113209029	0.05527874504519317	0.7584627113209029	2.0	3
DLBCL_RICOVER_221	0.13242299702120328	0.03199771492429967	0.041832361593474844	0.7587888849240378	0.03495804153698442	0.7587888849240378	4.0	3
DLBCL_RICOVER_274	0.12636237354569366	0.033469258077142315	0.04129158359002602	0.758802524297955	0.04007426048918294	0.758802524297955	3.0	3
DLBCL11468	0.11987271465010264	0.03582293517709233	0.04196403253692129	0.7597016062208991	0.04263871141498466	0.7597016062208991	2.0	3
DLBCL10457	0.11673316016769096	0.02690192897161749	0.0441408835377785	0.759980295801763	0.05224373152115006	0.759980295801763	4.0	3
DLBCL10523	0.10265709693533952	0.02740920575750587	0.06744313772296276	0.7611101558869319	0.04138040369726003	0.7611101558869319	2.0	3
DLBCL11666	0.13224629922893252	0.023786458099344397	0.04591608192532526	0.7616841672291284	0.03636699351726944	0.7616841672291284	2.0	3
DLBCL11656	0.1275836716870486	0.02637770046051311	0.04361624430072743	0.7619482552385682	0.040474128313142566	0.7619482552385682	2.0	3
DLBCL10517	0.0874014009700359	0.033552864950305225	0.0684610563980759	0.7622415319432079	0.0483431457383751	0.7622415319432079	1.0	3
DLBCL_RICOVER_1299	0.12318648063947761	0.029682522255872305	0.04259357215156584	0.7625208476152968	0.042016577337787464	0.7625208476152968	4.0	3
DLBCL10454	0.08256973467698188	0.027256483799719285	0.056495586442072955	0.7631074758030642	0.07057071927816175	0.7631074758030642	4.0	3
DLBCL_RICOVER_1060	0.12000767297340369	0.03372738235227676	0.03503057473429228	0.7641800900186041	0.04705427992142321	0.7641800900186041	1.0	3
DLBCL_C_D_PAIR13	0.1202827428956315	0.029480135701056082	0.04675757637016095	0.7642097881918668	0.03926975684128462	0.7642097881918668	4.0	3
DLBCL10907	0.10138496031896797	0.034795163470672706	0.04960394193068487	0.7658874565861422	0.048328477693532206	0.7658874565861422	1.0	3
DLBCL11484	0.09563918176147665	0.02422597327154232	0.060045780722277266	0.7668826069563872	0.0532064572883165	0.7668826069563872	1.0	3
DLBCL10865	0.11589564182509442	0.030963706326042114	0.04197690503720361	0.7673145236919946	0.04384922311966523	0.7673145236919946	4.0	3
DLBCL_C_D_1140_NULLPAIR	0.10769223710792807	0.026814715088042576	0.054377485180994126	0.7674859402773094	0.043629622345725864	0.7674859402773094	4.0	3
DLBCL10501	0.07203389845523218	0.03621027604911615	0.07223116765555124	0.7676648915494132	0.05185976629068728	0.7676648915494132	2.0	3
DLBCL10990	0.11851301548953273	0.03160225528772599	0.03854188683862126	0.7678397711249138	0.04350307125920626	0.7678397711249138	4.0	3
DLBCL_RICOVER_267	0.10621893079963475	0.024351804898804633	0.052766976908564335	0.7683605880515002	0.048301699341496064	0.7683605880515002	2.0	3
DLBCL11428	0.09091780271819008	0.03477319056472347	0.06707083042406922	0.7684813040282077	0.03875687226480955	0.7684813040282077	2.0	3
DLBCL_C_D_1139_NULLPAIR	0.10534256919719172	0.029845832551400324	0.05741807744723034	0.7685771101951223	0.03881641060905531	0.7685771101951223	3.0	3
DLBCL11672	0.11792498743125047	0.02646614243312737	0.051636874935185276	0.768978646225154	0.034993348975282904	0.768978646225154	2.0	3
DLBCL_C_D_1126_NULLPAIR	0.11045631614455599	0.024241149084533047	0.041962833122776884	0.7702010112689607	0.05313869037917344	0.7702010112689607	1.0	3
DLBCL11208	0.09677206791909951	0.029005652628689295	0.06242918139210401	0.7716965621334172	0.04009653592668991	0.7716965621334172	1.0	3
DLBCL_LS146	0.11571725687798372	0.03377564263264149	0.05210200818943831	0.77283100895004	0.02557408334989641	0.77283100895004	1.0	3
DLBCL10451	0.10719096559544448	0.02983096399183009	0.049119523759543884	0.7736033045024677	0.040255242150713785	0.7736033045024677	0.0	3
DLBCL10863	0.11387281902501953	0.0318856516393938	0.039494184039031446	0.7774421137455001	0.03730523155105512	0.7774421137455001	3.0	3
DLBCL10884	0.09979510459086176	0.03329047915549386	0.053453274678535584	0.7776441525185137	0.03581698905659507	0.7776441525185137	0.0	3
DLBCL10973	0.10604009240351003	0.030049033743950952	0.05309167216541951	0.7801250852377121	0.030694116449407415	0.7801250852377121	3.0	3
DLBCL10939	0.0994833751937721	0.025208384038414185	0.05943247757958679	0.7809256719847198	0.034950091203507096	0.7809256719847198	3.0	3
DLBCL_C_D_1141_NULLPAIR	0.11197181922270232	0.026270631061565825	0.04361020258395692	0.7815339887917481	0.036613358340026846	0.7815339887917481	2.0	3
DLBCL_RICOVER_1204	0.115042608906543	0.024149796829795796	0.03850626118056609	0.7815923669759748	0.040708966107120347	0.7815923669759748	3.0	3
DLBCL_RICOVER_829	0.0982064603189276	0.02774401738780368	0.055400484103612875	0.7823216553719513	0.03632738281770461	0.7823216553719513	0.0	3
DLBCL10911	0.1216595471196298	0.026232894488505208	0.03076289192445905	0.7836590867268791	0.03768557974052682	0.7836590867268791	1.0	3
DLBCL_RICOVER_288	0.08904105792404915	0.03147373481184614	0.0390196757016252	0.7857676914806204	0.054697840081859045	0.7857676914806204	1.0	3
DLBCL_C_D_1123_NULLPAIR	0.0985893730191185	0.02644139655301643	0.0407972990318153	0.787184160204396	0.046987771191653795	0.787184160204396	0.0	3
DLBCL10887	0.11561838776148173	0.027188617143452876	0.038538538035068105	0.7884463644005197	0.030208092659477537	0.7884463644005197	4.0	3
DLBC_FF_8042_TP_NB	0.10724773734396038	0.02405770749859525	0.03740032850606057	0.7892817679162237	0.042012458735160074	0.7892817679162237	4.0	3
DLBCL_MC_F729_MAN	0.10552754886077213	0.03492965932513624	0.03392087392813329	0.7896696218644546	0.0359522960215038	0.7896696218644546	1.0	3
DLBCL11476	0.10825517923024097	0.035623407321677125	0.0399431827609609	0.7900645376962113	0.026113692990909668	0.7900645376962113	4.0	3
DLBCL_C_D_1109_NULLPAIR	0.11818101533904467	0.029453603929495562	0.027178706363340625	0.7912413083431454	0.033945366024973694	0.7912413083431454	3.0	3
DLBCL11681	0.10957957519163493	0.022872622690884886	0.037014734571234914	0.7920950943481071	0.0384379731981382	0.7920950943481071	0.0	3
DLBCL_LS2357	0.11172710746817655	0.020260434862377972	0.041484776918057284	0.7949037502204227	0.031623930530965544	0.7949037502204227	3.0	3
DLBCL_RICOVER_950	0.09231810863949495	0.02413749679382544	0.03968951214875182	0.7981013840997677	0.045753498318160085	0.7981013840997677	3.0	3
DLBCL_MAYO_DLBCL_5613	0.08868332640834156	0.023582988592435117	0.057167263675357405	0.8008290788432832	0.029737342480582626	0.8008290788432832	0.0	3
DLBCL10897	0.09380454324924624	0.028626491280865463	0.03580382184429201	0.8046181314965808	0.037147012129015555	0.8046181314965808	0.0	3
DLBCL10529	0.08980018531701729	0.027363178395708607	0.04456926111735645	0.8052063197128446	0.03306105545707304	0.8052063197128446	4.0	3
DLBCL_LS1098	0.095392881173357	0.02449305715037244	0.03994785239863768	0.8061539630398403	0.03401224623779249	0.8061539630398403	2.0	3
DLBCL11519	0.08570838970830046	0.025624332853294303	0.04842917458969688	0.8068086301256536	0.0334294727230548	0.8068086301256536	0.0	3
DLBCL_RICOVER_478	0.09542201759232104	0.028850715756374927	0.03723483426691157	0.8070626563005744	0.031429776083818035	0.8070626563005744	1.0	3
DLBCL10461	0.07611326379271	0.026158416173658234	0.05265614901837256	0.807451209610247	0.037620961405012185	0.807451209610247	1.0	3
DLBCL10945	0.08488820737824208	0.025874480926426042	0.04924804286139472	0.8076469777863239	0.032342291047613214	0.8076469777863239	0.0	3
DLBCL10999	0.09614568548503784	0.023084224921251055	0.03373230843537306	0.8083850125663709	0.038652768591967146	0.8083850125663709	4.0	3
DLBCL_RICOVER_216	0.07439379102715675	0.02559264808439901	0.06111488544158743	0.8088232227611278	0.03007545268572901	0.8088232227611278	2.0	3
DLBCL_LS843	0.08979761505123272	0.02210286200126476	0.040266576299325986	0.8092747449556151	0.03855820169256138	0.8092747449556151	2.0	3
DLBCL10901	0.06734212590404363	0.02713216967235669	0.05749939324740688	0.8094467375416814	0.03857957363451137	0.8094467375416814	4.0	3
DLBCL10512	0.07191871864000167	0.028477919858187265	0.03589614225681087	0.8099814088104921	0.05372581043450811	0.8099814088104921	2.0	3
DLBCL_DFCI_DLBCL_GOE16	0.10340661538434028	0.022127648774603985	0.03710911131604529	0.8102589565508364	0.02709766797417415	0.8102589565508364	2.0	3
DLBCL11678	0.08350852771531193	0.025899756392407578	0.04214134073735712	0.8108040699766027	0.037646305178320676	0.8108040699766027	3.0	3
DLBCL_RICOVER_1150	0.08840662501387195	0.025675256842069404	0.03706969321988527	0.8123882797086804	0.03646014521549289	0.8123882797086804	0.0	3
DLBCL_LS2245	0.08177222084598318	0.028502302776508517	0.04193709768473039	0.8126488876606575	0.03513949103212046	0.8126488876606575	1.0	3
DLBCL11435	0.08518173332181442	0.021485311700641177	0.040142160376977175	0.8136449472801595	0.03954584732040778	0.8136449472801595	0.0	3
DLBCL10492	0.09051010470099581	0.023574483809139703	0.037635275513046615	0.8157984937463494	0.03248164223046848	0.8157984937463494	0.0	3
DLBCL10780	0.08726777063056318	0.026416418959421983	0.03724874954198586	0.8158235650205203	0.03324349584750864	0.8158235650205203	1.0	3
DLBCL10965	0.08857713132616585	0.027798725816045748	0.04387851256294788	0.816224077966527	0.02352155232831356	0.816224077966527	3.0	3
DLBCL11658	0.08399897852236704	0.02630798856763713	0.04164518699932923	0.8172599102156575	0.030787935695009174	0.8172599102156575	3.0	3
DLBCL10565	0.08869509144636338	0.023588701777247936	0.041073960896135145	0.8195990934047919	0.027043152475461664	0.8195990934047919	3.0	3
DLBCL11533	0.09041311965525167	0.021034896750702428	0.03617529565153837	0.8196587609225643	0.03271792701994322	0.8196587609225643	1.0	3
DLBCL_C_D_1117_NULLPAIR	0.0736370807283202	0.02701061463571449	0.04420514475828882	0.8202754043380324	0.034871755539644084	0.8202754043380324	1.0	3
DLBCL10916	0.08359294402421744	0.01905719976935744	0.03921136654259694	0.8219354065923862	0.03620308307144194	0.8219354065923862	4.0	3
DLBCL11661	0.0924875122226865	0.026740477233936088	0.03149958223516811	0.8221764049575837	0.027096023350625588	0.8221764049575837	1.0	3
DLBCL10879	0.07296073100851196	0.025707550822240036	0.043180211183685396	0.8223069186626221	0.0358445883229406	0.8223069186626221	2.0	3
DLBCL10877	0.08140881721294342	0.020674680387777436	0.04056616333735828	0.8264161951869246	0.030934143874996274	0.8264161951869246	0.0	3
DLBCL_LS1683	0.06733445362620268	0.023192788951814328	0.04261480640729161	0.8278720774130683	0.03898587360162309	0.8278720774130683	1.0	3
DLBCL_RICOVER_173	0.06173671381241864	0.023996925702510965	0.048525752340445046	0.832526591358889	0.03321401678573647	0.832526591358889	4.0	3
DLBCL10495	0.08738130736757123	0.022858168264041308	0.030456878029153915	0.8341807013541758	0.025122944985057762	0.8341807013541758	0.0	3
DLBCL_C_D_1136_NULLPAIR	0.06421840003546932	0.0280406419542443	0.03575070379230865	0.8361793385465585	0.03581091567141931	0.8361793385465585	1.0	3
DLBCL11685	0.06687488930683179	0.023166453550800336	0.040903441882187225	0.8399956562938689	0.029059558966311835	0.8399956562938689	2.0	3
DLBCL11527	0.06780223052028454	0.025708960033483275	0.037222706468366874	0.8404505908323899	0.028815512145475394	0.8404505908323899	3.0	3
DLBCL11004	0.054069593993146266	0.02197391235620093	0.047126760553482555	0.8442671019559174	0.03256263114125287	0.8442671019559174	4.0	3
DLBCL10875	0.07799064454934379	0.020762983561767503	0.029808972663865885	0.8448209479531671	0.026616451271855742	0.8448209479531671	0.0	3
DLBCL11534	0.05409144943225492	0.019928129755133393	0.04314015176351444	0.8448356115224671	0.03800465752663016	0.8448356115224671	2.0	3
DLBCL10988	0.07226965627079142	0.01986589543374846	0.03168269731563519	0.8497253447741249	0.026456406205700063	0.8497253447741249	1.0	3
DLBC_FF_8043_TP_NB	0.06438056566022761	0.023372257703105106	0.034042363330671455	0.8516107441561185	0.02659406914987736	0.8516107441561185	1.0	3
DLBCL11204	0.06503937964006429	0.025639743985917618	0.031482869297964615	0.8524302554173468	0.02540775165870659	0.8524302554173468	1.0	3
DLBCL11536	0.0655007877427894	0.020562206346979087	0.033279242078872354	0.8555201244460355	0.025137639385323575	0.8555201244460355	3.0	3
DLBCL_MC_F496DMP	0.0658153326098624	0.018083196338071674	0.033698667898149064	0.8593610617800478	0.023041741373869093	0.8593610617800478	1.0	3
DLBCL11480	0.05840490001014271	0.01734773685537634	0.0383678477366545	0.861056415048558	0.02482310034926845	0.861056415048558	0.0	3
DLBCL_RICOVER_522	0.05868059108604018	0.021300986557209585	0.0341742451977949	0.8634138178336835	0.02243035932527186	0.8634138178336835	2.0	3
DLBCL10978	0.05878939362313087	0.01504893546187833	0.03628025857741696	0.87062044234682	0.019260969990753853	0.87062044234682	3.0	3
DLBCL11525	0.053391966123463946	0.016542838619084947	0.028689561106883796	0.8816161931803844	0.019759440970182916	0.8816161931803844	2.0	3
