SampleName	cluster	silhouetteValue	unmapped_cluster
DLBCL_RICOVER_111	1	0.121094983494125	5
DLBCL_MC_F132_MLM	1	0.126536814803568	5
DLBCL_MC_F648_JKW	1	-0.0579821382155318	5
DLBCL_LS1757	1	0.0446056230351708	5
DLBCL_RICOVER_473	1	0.0597101422683931	5
DLBCL_LS2978	1	0.0775871893779894	5
DLBCL_RICOVER_865	1	-0.0156079097970338	5
DLBCL_MC_F307_JPS	1	0.0599988926979493	5
DLBCL_LS3866	1	-0.0318355320412191	5
DLBCL_C_D_1109_NULLPAIR	1	0.0851809798773985	5
DFCIDL001_DT	1	0.0071033784166207	5
DLBCL_RICOVER_290	1	0.0526166407355293	5
DLBCL_RICOVER_451	1	-0.0616763116045185	5
DLBCL_LS2367	1	0.037417816386358	5
DLBCL_RICOVER_1150	1	0.0494170277297213	5
DLBCL_RICOVER_1144	1	-0.0520837082694431	5
DLBCL_C_D_1158_NULLPAIR	1	-0.0482975902637773	5
DLBCL_RICOVER_978	1	-0.0315850894592966	5
DLBCL_RICOVER_181	1	-0.0008617485602196	5
DLBCL_C_D_1129_NULLPAIR	1	0.0713704078535471	5
DLBCL_LS4323	1	0.0611612826720366	5
DLBCL_RICOVER_829	1	0.0748767953797412	5
DLBCL_C_D_1155_NULLPAIR	1	0.171851210779114	5
DLBCL_RICOVER_826	1	0.10476287180857	5
DLBCL_LS3808	1	0.162727233526212	5
DFCIDL010_DT	1	0.172247978121554	5
DLBCL_RICOVER_258	1	-0.0317730169014693	5
DLBCL_C_D_1123_NULLPAIR	1	0.0939509971661008	5
DLBCL_LS2154	1	0.175150627007499	5
DLBCL_RICOVER_120	1	0.0360446916691832	5
DLBCL_C_D_1132_NULLPAIR	1	-0.0279409918977862	5
DLBCL_RICOVER_945	1	0.0641093601505483	5
DLBCL_C_D_1128_NULLPAIR	1	0.181528933158764	5
DLBCL_C_D_1156_NULLPAIR	1	0.0480101478926262	5
DLBCL_C_D_1130_NULLPAIR	1	0.0054026510465852	5
DLBCL_RICOVER_910	1	0.0233212843556119	5
DLBCL_MC_F300_TBF	1	0.0148304505088293	5
DLBCL_C_D_1114_NULLPAIR	1	-0.0056662692291648	5
DLBCL_LS3809	1	-0.0834603098015885	5
DLBCL_MAYO_DLBCL_3653	1	-0.0054232226411711	5
DLBCL_LS378	1	0.0944324134159349	5
DLBCL_MAYO_DLBCL_5613	1	0.181279481893802	5
DLBCL_RICOVER_977	1	0.172526611429492	5
DLBCL_MC_F262_WLC	1	0.0463647522240254	5
DLBCL_LS4394	1	0.0836815490614282	5
DLBCL_RICOVER_694	1	0.0906344357185945	5
DLBCL_RICOVER_1210	2	0.0268632066523969	3
DLBCL_RICOVER_478	2	0.0417933998362419	3
DLBCL_C_D_1106_NULLPAIR	2	0.0431323758642095	3
DLBCL_RICOVER_401	2	0.0987096796114766	3
DLBCL_RICOVER_948	2	0.129772167529627	3
DLBCL_C_D_1126_NULLPAIR	2	0.11073727018108	3
DFCIDL003_DT	2	0.0968872108080637	3
DLBCL_RICOVER_678	2	-0.0255733958822822	3
DLBCL_RICOVER_822	2	0.0732458692280112	3
DLBCL_C_D_1119_NULLPAIR	2	0.15370345370097	3
DLBCL_RICOVER_1169	2	0.105628566878218	3
DLBCL_RICOVER_623	2	0.0881385230721926	3
DLBCL_RICOVER_787	2	-0.0506942613050526	3
DLBCL_C_D_1117_NULLPAIR	2	0.135287868679779	3
DLBCL_RICOVER_107	2	-0.128430415951311	3
DLBCL_LS1921	2	0.172630924662368	3
DLBCL_C_D_PAIR9	2	0.228474985217447	3
DLBCL_C_D_1136_NULLPAIR	2	0.137881443481867	3
DLBCL_MC_F500_ECU	2	0.0684167403065051	3
DLBCL_RICOVER_780	2	0.103407698148053	3
DLBCL_C_D_PAIR5	2	0.253269038460332	3
DLBCL_C_D_1108_NULLPAIR	2	0.0087370312245797	3
DLBCL_LS3309	2	0.0026047447948732	3
DLBCL_RICOVER_174	2	-0.0305985758472161	3
DLBCL_C_D_PAIR13	2	0.136283149347893	3
DLBCL_RICOVER_288	2	-0.0087839946043182	3
DLBCL_DFCI_DLBCL_GOE07	2	0.09076616879794	3
DLBCL_MC_F210_GWC	2	0.101791703794314	3
DLBCL_RICOVER_253	2	-0.0163333715335414	3
DLBCL_LS146	2	0.179231038232992	3
DLBCL_RICOVER_1165	2	0.27173206641147	3
DLBCL_C_D_1131_NULLPAIR	2	0.0501341508166139	3
DLBCL_C_D_1135_NULLPAIR	2	0.0201121095263288	3
DLBCL_LS1065	2	0.173187591055845	3
DLBCL_C_D_1118_NULLPAIR	2	0.102343198521562	3
DLBCL_RICOVER_266	2	0.0270223819426428	3
DLBCL_LS4054	2	0.174398329481635	3
DLBCL_RICOVER_1060	2	0.0093569165062141	3
DLBCL_RICOVER_583	2	0.0829813868760853	3
DLBCL_C_D_PAIR2	2	0.0323792890306035	3
DLBCL_LS3245	2	0.054839543009849	3
DLBCL_C_D_1152_NULLPAIR	2	0.150735438364236	3
DLBCL_RICOVER_839	2	0.112675312277545	3
DLBCL_LS2245	2	0.124167233461002	3
DLBCL_LS2258	2	0.127819602405683	3
DLBCL_RICOVER_126	2	0.319563627914331	3
DLBCL_RICOVER_335	2	-0.012025912942269	3
DLBCL_MC_F089_HCZ	2	0.138813426343414	3
DLBCL_MC_F502_RFK	2	0.0121635141128987	3
DLBCL_RICOVER_773	2	-0.0731824077918907	3
DLBCL_MC_F729_MAN	2	0.0576015189309372	3
DLBCL_MC_F959_ERM	2	0.0383829512575319	3
DLBCL_MC_F496DMP	2	0.0454849046432629	3
DLBCL_RICOVER_105	2	0.033561699085767	3
DLBCL_MAYO_DLBCL_7359	2	0.0318363602480252	3
DLBCL_RICOVER_1235	2	0.198276310035865	3
DLBCL_RICOVER_533	2	0.11717530337833	3
DLBCL_LS88	2	0.0161749159144248	3
DLBCL_LS2089	2	-0.0993489872440706	3
DLBCL_C_D_1149_NULLPAIR	2	0.0751221503765098	3
DLBCL_LS3204	2	0.0717374152312648	3
DLBCL_RICOVER_496	2	0.0846963479686498	3
DLBCL_C_D_PAIR22	2	0.159835526738168	3
DLBCL_MC_F739_AMA3	2	0.0136232484249993	3
DLBCL_RICOVER_299	2	-0.108581239430893	3
DLBCL_LS3749	2	-0.023907632649182	3
DLBCL_LS297	3	0.113104572394086	2
DLBCL_C_D_1127_NULLPAIR	3	-0.0130944603301635	2
DLBCL_LS155	3	0.105241584330683	2
DLBCL_LS2305	3	0.0807276435246807	2
DLBCL_MC_F358_WDS	3	0.255313813771702	2
DLBCL_LS3615	3	0.0004915061210796	2
DLBCL_LS762	3	0.0767741830222542	2
DLBCL_C_D_1112_NULLPAIR	3	-0.0023436349478343	2
DLBCL_C_D_1113_NULLPAIR	3	0.0125516486031288	2
DLBCL_RICOVER_469	3	-0.0099355737168961	2
DLBCL_RICOVER_1283	3	-0.13443246981259	2
DLBCL_LS3820	3	0.0416930937636458	2
DLBCL_RICOVER_267	3	0.152609161813035	2
DLBCL_MC_F064AB	3	0.047392224406281	2
DLBCL_RICOVER_1013	3	0.0735640506062482	2
DLBCL_RICOVER_744	3	0.0426475767496895	2
DLBCL_MC_F362_MJB1	3	0.0763685220318964	2
DLBCL_LS2325	3	0.182285517371142	2
DLBCL_RICOVER_1263	3	0.140043054216453	2
DLBCL_MC_F349_BJJ	3	-0.149979028688313	2
DLBCL_LS1098	3	0.119441253079225	2
DLBCL_RICOVER_440	3	0.121633242740097	2
DLBCL_MAYO_DLBCL_234	3	0.0352002960498292	2
DLBCL_LS4618	3	-0.0681842890990475	2
DLBCL_C_D_1133_NULLPAIR	3	0.0706217746580606	2
DLBCL_RICOVER_1046	3	0.0462382907209186	2
DLBCL_DFCI_DLBCL_GOE16	3	0.0302837346146283	2
DLBCL_LS4616	3	0.0605684914935074	2
DLBCL_LS1395	3	0.113371668954558	2
DLBCL_MC_F344_CJS	3	0.0019836294335315	2
DLBCL_LS2328	3	0.170200100786447	2
DLBCL_RICOVER_208	3	0.0509782579923856	2
DLBCL_C_D_1162_NULLPAIR	3	-0.0206539370124244	2
DLBCL_RICOVER_577	3	0.158019116539613	2
DLBCL_RICOVER_320	3	-0.0192030405266638	2
DLBCL_LS4593	3	0.0505500660303044	2
DLBCL_RICOVER_269	3	0.0742552750180951	2
DLBCL_LS843	3	-0.038817775455576	2
DLBCL_RICOVER_384	3	0.104976617045753	2
DLBCL_MC_F606_DMJ	3	0.0321904983633953	2
DLBCL_RICOVER_463	3	0.116410179754054	2
DLBCL_LS4592	3	0.0212130603530784	2
DLBCL_RICOVER_1269	3	-0.114141294215668	2
DLBCL_LS1620	3	0.219643930610271	2
DLBCL_C_D_1141_NULLPAIR	3	0.0038210445484059	2
DFCIDL009_DT	3	0.253453200144415	2
DLBCL_C_D_1157_NULLPAIR	3	0.155305540388785	2
DLBCL_C_D_1110_NULLPAIR	3	0.170375988816989	2
DLBCL_LS951	4	0.139082104274559	1
DLBCL_RICOVER_1061	4	0.142479505358208	1
DLBCL_C_D_1138_NULLPAIR	4	0.0657743984106892	1
DLBCL_LS1668	4	0.0381727586234635	1
DLBCL_C_D_1148_NULLPAIR	4	0.153163333709436	1
DLBCL_RICOVER_866	4	0.0387421741933507	1
DLBCL_RICOVER_522	4	0.0712842765227943	1
DLBCL_C_D_1139_NULLPAIR	4	-0.089632934319793	1
DLBCL_C_D_1159_NULLPAIR	4	0.234881961384379	1
DLBCL_C_D_1103_NULLPAIR	4	0.257358231724368	1
DLBCL_RICOVER_1199	4	0.154483833947552	1
DLBCL_RICOVER_950	4	0.0716523821715718	1
DLBCL_RICOVER_985	4	-0.0059144501414873	1
DLBCL_C_D_1146_NULLPAIR	4	0.158378946305621	1
DLBCL_C_D_1153_NULLPAIR	4	0.247650975714338	1
DLBCL_RICOVER_361	4	0.095267981665016	1
DLBCL_MC_F139_LJF	4	0.001825013300695	1
DLBCL_C_D_1151_NULLPAIR	4	0.0701658046401255	1
DLBCL_RICOVER_701	4	0.217813704309555	1
DLBCL_C_D_1107_NULLPAIR	4	0.0510161030944338	1
DLBCL_MC_F815_BAT	4	-0.0169425012402991	1
DLBCL_LS2357	4	0.0645535362585314	1
DLBCL_RICOVER_1138	4	0.0387663177882383	1
DLBCL_RICOVER_408	4	0.163582749201006	1
DLBCL_RICOVER_336	4	-0.14327501661706	1
DLBCL_RICOVER_1018	4	-0.0003096809275113	1
DLBCL_RICOVER_1072	4	0.0699169924702329	1
DLBCL_RICOVER_1247	4	-0.10932531318547	1
DLBCL_RICOVER_151	4	0.0035314653584611	1
DLBCL_RICOVER_617	4	-0.038366117408055	1
DLBCL_RICOVER_1045	4	0.284881437446583	1
DLBCL_LS3499	4	0.0986098128887015	1
DLBCL_LS1899	4	0.070959192677533	1
DLBCL_C_D_1121_NULLPAIR	4	-0.0268352290302411	1
DLBCL_RICOVER_338	4	0.0770133735492869	1
DLBCL_RICOVER_148	4	0.10755450778646	1
DLBCL_RICOVER_197	4	0.0274985830589524	1
DLBCL_LS2599	4	-0.026658128009185	1
DLBCL_MC_F218_RAP	4	0.0468598754984213	1
DLBCL_LS3387	4	0.169036651077994	1
DLBCL_RICOVER_692	4	0.124162861053023	1
DLBCL_RICOVER_711	4	0.0324557978936301	1
DLBCL_RICOVER_274	4	0.0116797796017178	1
DLBCL_BWH_DLBCL64	4	0.107023120545429	1
DLBCL_RICOVER_1081	4	-0.0366251085688197	1
DLBCL_C_D_1115_NULLPAIR	4	0.0071564979839583	1
DLBCL_RICOVER_575	4	0.192343700313587	1
DLBCL_C_D_1166_NULLPAIR	5	0.147995600040814	4
DLBCL_RICOVER_1293	5	0.0646526773651474	4
DLBCL_C_D_PAIR23	5	0.227109136137407	4
DLBCL_RICOVER_1248	5	0.190128712509934	4
DLBCL_C_D_1125_NULLPAIR	5	-0.0112760524087832	4
DLBCL_MC_F519_ALT	5	-0.112915844738191	4
DFCIDL004_DT	5	-0.0978013768269095	4
DLBCL_C_D_1142_NULLPAIR	5	0.0886527964181897	4
DLBCL_RICOVER_467	5	-0.0205874679753276	4
DLBCL_C_D_1104_NULLPAIR	5	0.125810840970088	4
DLBCL_RICOVER_1278	5	0.0562554479012685	4
DLBCL_C_D_1145_NULLPAIR	5	-0.0325989472462166	4
DLBCL_RICOVER_150	5	-0.0220526584466079	4
DLBCL_DFCI_DLBCL_GOE05	5	0.240064829783855	4
DLBCL_RICOVER_1106	5	0.0918458869748714	4
DLBCL_RICOVER_314	5	0.203892110776165	4
DLBCL_RICOVER_850	5	0.141984060783369	4
DLBCL_LS148	5	0.0866313908385324	4
DLBCL_RICOVER_1032	5	0.192219093545362	4
DLBCL_RICOVER_1329	5	-0.0116104918754023	4
DLBCL_RICOVER_704	5	-0.144983511741805	4
DLBCL_RICOVER_1219	5	-0.0036832212254598	4
DLBCL_LS4085	5	0.0411930094974043	4
DLBCL_RICOVER_99	5	0.153114646670198	4
DLBCL_LS2596	5	-0.0438317159390497	4
DLBCL_RICOVER_1204	5	0.0196173258114138	4
DLBCL_RICOVER_585	5	-0.10218822172985	4
DLBCL_RICOVER_956	5	-0.0060831216662174	4
DLBCL_C_D_1144_NULLPAIR	5	0.0755610110583202	4
DFCIDL008_DT	5	-0.0331651905579945	4
DLBCL_C_D_1105_NULLPAIR	5	0.1068609655313	4
DLBCL_C_D_1124_NULLPAIR	5	0.0589482606965495	4
DLBCL_RICOVER_224	5	-0.0811374828155288	4
DLBCL_RICOVER_597	5	-0.0149192388510617	4
DLBCL_RICOVER_1289	5	0.152448771091603	4
DLBCL_MC_F089_MLB	5	0.0954223562833318	4
DLBCL_C_D_1120_NULLPAIR	5	0.158628192314288	4
DLBCL_RICOVER_417	5	0.182825979278318	4
DLBCL_LS1546	5	0.156469462983474	4
DLBCL_RICOVER_221	5	-0.104438895440264	4
DLBCL_RICOVER_431	5	-0.0837790859812198	4
DLBCL_MC_F990_MNA	5	0.0034847839631975	4
DLBCL_RICOVER_1190	5	-0.193983281263251	4
DLBCL_RICOVER_712	5	-0.0733936628855631	4
DLBCL_RICOVER_543	5	0.0942906085823529	4
DLBCL_RICOVER_134	5	-0.12554872799999	4
DLBCL_LS1583	5	0.219464600693251	4
DLBCL_C_D_1140_NULLPAIR	5	0.0939280615794375	4
DLBCL_LS1304	5	0.147373231558454	4
DLBCL_LS4619	5	0.197190107314791	4
DLBCL_RICOVER_763	5	0.0315419242273826	4
DLBCL_RICOVER_216	5	0.176504444476122	4
DLBCL_RICOVER_1192	5	0.101770015843816	4
DLBCL_RICOVER_1237	5	-0.136541444708552	4
DLBCL_LS2208	5	0.0206942182041526	4
DLBCL_C_D_1163_NULLPAIR	5	0.150756235157385	4
DLBCL_LS2590	5	0.0362874040911786	4
DLBCL_RICOVER_720	5	0.0620623867461909	4
DLBCL_LS3200	5	0.121186143220644	4
DLBCL_LS1683	5	0.0658838316726479	4
DLBCL_RICOVER_449	5	-0.0933421619067284	4
DLBCL_RICOVER_173	5	-0.0092787203022652	4
DLBCL_RICOVER_685	5	-0.0215464147287098	4
DLBCL_MC_F927_JHS	5	0.0922261714447949	4
DLBCL_C_D_PAIR20	5	0.0240646827968326	4
DLBCL_RICOVER_1257	5	0.0614788045864737	4
DLBCL_RICOVER_506	5	0.0708568475991758	4
DLBCL_MC_F339_JPS2	5	-0.113471618661602	4
DLBCL_RICOVER_1299	5	-0.116175022801006	4
DLBCL_RICOVER_1287	5	0.195813502861934	4
