	C1	C2	C3	C4	C5	Confidence	True Cluster	Predicted Cluster
DLBCL_MC_F210_GWC	0.058299553	0.36126003	0.03314844	0.25458553	0.29270643	0.36126003	1.0	1
DLBCL_RICOVER_787	0.36576024	0.30889854	0.08378454	0.2256893	0.015867408	0.36576024	1.0	0
DLBCL_C_D_1112_NULLPAIR	0.045351792	0.38305846	0.3104233	0.14249678	0.118669644	0.38305846	2.0	1
DLBCL_LS1668	0.034717638	0.24451041	0.40176335	0.26094577	0.058062848	0.40176335	1.0	2
DLBCL_C_D_1138_NULLPAIR	0.033199158	0.4379011	0.25375292	0.18410708	0.0910397	0.4379011	1.0	1
DLBCL_RICOVER_711	0.44129878	0.17557967	0.025087621	0.32990316	0.028130764	0.44129878	3.0	0
DLBCL_RICOVER_1278	0.2830212	0.02803405	0.024411907	0.45138216	0.21315068	0.45138216	4.0	3
DLBCL_MC_F496DMP	0.2799602	0.17919159	0.46567237	0.05379815	0.021377707	0.46567237	1.0	2
DLBCL_BWH_DLBCL64	0.18006763	0.24504384	0.06803753	0.4872276	0.019623408	0.4872276	3.0	3
DLBCL_RICOVER_1045	0.49812543	0.029727068	0.032350626	0.40831816	0.031478725	0.49812543	3.0	0
DLBCL_C_D_1118_NULLPAIR	0.5058353	0.37406892	0.02145162	0.05801344	0.040630747	0.5058353	1.0	0
DLBCL_MAYO_DLBCL_234	0.19062343	0.0142798545	0.25617644	0.51294863	0.025971618	0.51294863	2.0	3
DLBCL_MC_F739_AMA3	0.0184927	0.51522774	0.41035488	0.037492227	0.018432464	0.51522774	1.0	1
DLBCL_RICOVER_866	0.05473276	0.01934572	0.39029554	0.5176344	0.017991602	0.5176344	2.0	3
DLBCL_C_D_1117_NULLPAIR	0.24341395	0.55773443	0.0215479	0.14821976	0.029083943	0.55773443	1.0	1
DLBCL_LS4619	0.018308293	0.08203163	0.55872566	0.100095615	0.24083883	0.55872566	4.0	2
DLBCL_RICOVER_473	0.5898265	0.21263295	0.017944215	0.04195435	0.13764195	0.5898265	0.0	0
DLBCL_RICOVER_1060	0.08478271	0.59643793	0.026435686	0.02518355	0.26716012	0.59643793	1.0	1
DLBCL_RICOVER_1150	0.6149891	0.07756598	0.016788792	0.20869932	0.08195682	0.6149891	0.0	0
DLBCL_RICOVER_111	0.112256326	0.025110306	0.168485	0.07603935	0.618109	0.618109	4.0	4
DLBCL_RICOVER_522	0.13534522	0.023461886	0.1795638	0.6450119	0.016617177	0.6450119	2.0	3
DLBCL_C_D_1126_NULLPAIR	0.25740036	0.6467545	0.027258521	0.034973785	0.03361283	0.6467545	1.0	1
DLBCL_RICOVER_258	0.65054405	0.019381369	0.17033738	0.055008516	0.104728684	0.65054405	2.0	0
DLBCL_LS2245	0.071210876	0.6586448	0.21850939	0.028558664	0.023076287	0.6586448	1.0	1
DLBCL_C_D_1159_NULLPAIR	0.24917889	0.017396178	0.028806271	0.65993196	0.044686727	0.65993196	3.0	3
DLBCL_RICOVER_1081	0.058594737	0.012167454	0.05596076	0.21083418	0.66244286	0.66244286	4.0	4
DLBCL_RICOVER_120	0.19911294	0.038224846	0.037107274	0.056821216	0.6687337	0.6687337	4.0	4
DLBCL_RICOVER_720	0.028701602	0.675183	0.050429504	0.016554464	0.22913145	0.675183	4.0	1
DLBCL_RICOVER_467	0.011396397	0.680185	0.03320145	0.015379641	0.25983748	0.680185	1.0	1
DLBCL_RICOVER_773	0.015293595	0.18065725	0.090964615	0.025476875	0.68760765	0.68760765	4.0	4
DLBCL_RICOVER_1210	0.015953805	0.70126253	0.13646172	0.11826406	0.028057877	0.70126253	1.0	1
DLBCL_LS3499	0.1465865	0.064092636	0.044253528	0.7019354	0.043131966	0.7019354	3.0	3
DLBCL_C_D_1106_NULLPAIR	0.18932654	0.7210141	0.016216975	0.04197355	0.031468835	0.7210141	1.0	1
DLBCL_RICOVER_978	0.7441133	0.015283888	0.12660974	0.10239653	0.011596541	0.7441133	2.0	0
DLBCL_RICOVER_408	0.050732132	0.74580544	0.16154006	0.024102768	0.017819606	0.74580544	2.0	1
DLBCL_LS2590	0.02383872	0.016021542	0.039935257	0.16706826	0.7531362	0.7531362	3.0	4
DLBCL_RICOVER_274	0.053270664	0.089584865	0.028115924	0.75985724	0.06917132	0.75985724	3.0	3
DLBCL_RICOVER_985	0.03274004	0.031072536	0.1463521	0.7651413	0.024694039	0.7651413	3.0	3
DLBCL_RICOVER_780	0.012758248	0.7715566	0.16528888	0.035650358	0.014745896	0.7715566	1.0	1
DLBCL_C_D_1105_NULLPAIR	0.14380953	0.7776912	0.020414677	0.03463146	0.023453128	0.7776912	1.0	1
DLBCL_LS1921	0.021780867	0.79227525	0.07627893	0.09673635	0.012928594	0.79227525	1.0	1
DLBCL_RICOVER_314	0.008831949	0.08757891	0.056046464	0.046564106	0.80097854	0.80097854	4.0	4
DLBCL_LS4054	0.03649877	0.8123307	0.037002243	0.08146578	0.032702513	0.8123307	1.0	1
DLBCL_RICOVER_299	0.016081104	0.8147114	0.13924074	0.0128351655	0.017131595	0.8147114	1.0	1
DLBCL_RICOVER_496	0.03839625	0.81509703	0.102270216	0.032033756	0.012202762	0.81509703	1.0	1
DLBCL_DFCI_DLBCL_GOE05	0.009710847	0.82361	0.037126016	0.01130419	0.118248925	0.82361	1.0	1
DLBCL_LS1683	0.007880213	0.83029294	0.045225047	0.017169343	0.09943243	0.83029294	1.0	1
DLBCL_RICOVER_440	0.016309815	0.11219877	0.8356736	0.021052953	0.014764915	0.8356736	2.0	2
DLBCL_RICOVER_1289	0.048458505	0.012774073	0.013105484	0.08833622	0.8373257	0.8373257	4.0	4
DLBCL_LS3245	0.011303263	0.8579578	0.101812	0.014274339	0.014652608	0.8579578	1.0	1
DLBCL_C_D_1103_NULLPAIR	0.035138514	0.02156204	0.06185784	0.8610397	0.020401934	0.8610397	3.0	3
DLBCL_RICOVER_1106	0.009639185	0.043032978	0.02203476	0.0628703	0.86242276	0.86242276	4.0	4
DLBCL_C_D_1166_NULLPAIR	0.0103120515	0.09100192	0.012359249	0.012756396	0.8735704	0.8735704	4.0	4
DLBCL_MC_F362_MJB1	0.013587784	0.034969237	0.8753136	0.019270886	0.056858532	0.8753136	2.0	2
DLBCL_MAYO_DLBCL_3653	0.8766611	0.016400853	0.023547601	0.03529066	0.04809974	0.8766611	0.0	0
DLBCL_RICOVER_1061	0.045152154	0.011376124	0.037263807	0.88810384	0.018104088	0.88810384	3.0	3
DLBCL_C_D_1151_NULLPAIR	0.040446218	0.016729621	0.030343438	0.8943857	0.018095052	0.8943857	3.0	3
DLBCL_LS4616	0.008384991	0.05557304	0.8944116	0.02925398	0.012376382	0.8944116	2.0	2
DLBCL_C_D_1149_NULLPAIR	0.01723132	0.89582044	0.03218546	0.008018989	0.046743777	0.89582044	1.0	1
DLBCL_RICOVER_361	0.025956197	0.012301565	0.03422815	0.9026106	0.024903515	0.9026106	3.0	3
DLBCL_RICOVER_701	0.03673452	0.012504438	0.02497947	0.90298223	0.022799317	0.90298223	3.0	3
DFCIDL008_DT	0.012944921	0.022817163	0.044161282	0.013789464	0.9062872	0.9062872	4.0	4
DLBCL_RICOVER_533	0.03224781	0.9068997	0.03169452	0.022321185	0.00683678	0.9068997	1.0	1
DLBCL_C_D_1135_NULLPAIR	0.028700454	0.9132755	0.0123469075	0.027253885	0.018423289	0.9132755	1.0	1
DLBCL_RICOVER_1299	0.023822913	0.010821633	0.008523798	0.042014744	0.9148169	0.9148169	4.0	4
DLBCL_MC_F815_BAT	0.016852321	0.023694266	0.9159364	0.036914658	0.006602365	0.9159364	2.0	2
DLBCL_MC_F064AB	0.013331905	0.009532555	0.9215515	0.04670615	0.0088778455	0.9215515	2.0	2
DLBCL_LS4592	0.007240546	0.011720637	0.9245717	0.034825727	0.02164137	0.9245717	2.0	2
DLBCL_RICOVER_1032	0.0073052654	0.03682543	0.006286425	0.011702716	0.93788016	0.93788016	4.0	4
DLBCL_LS762	0.0121755805	0.018670196	0.012403498	0.017679298	0.9390714	0.9390714	2.0	4
DLBCL_LS2599	0.012289927	0.010881068	0.93973213	0.031973112	0.0051237335	0.93973213	2.0	2
DLBCL_RICOVER_1269	0.009775895	0.017930575	0.94142777	0.021640891	0.00922487	0.94142777	2.0	2
DLBCL_RICOVER_1248	0.0179899	0.021731803	0.0045791934	0.011783406	0.9439157	0.9439157	4.0	4
DLBCL_C_D_1156_NULLPAIR	0.94544435	0.006823922	0.0072189895	0.03342434	0.007088413	0.94544435	0.0	0
DLBCL_RICOVER_850	0.007523856	0.018071905	0.008461286	0.020317122	0.94562584	0.94562584	4.0	4
DLBCL_RICOVER_267	0.007888417	0.007337518	0.9459231	0.019240096	0.019610908	0.9459231	2.0	2
DLBCL_RICOVER_1263	0.012951728	0.016381687	0.95096684	0.013365561	0.006334186	0.95096684	2.0	2
DLBCL_C_D_1157_NULLPAIR	0.016166046	0.007206929	0.95119	0.018601915	0.006835112	0.95119	2.0	2
DLBCL_RICOVER_134	0.0060544433	0.01923855	0.0055609494	0.013079764	0.9560663	0.9560663	4.0	4
DFCIDL003_DT	0.0074441973	0.9560776	0.025178233	0.005341351	0.005958638	0.9560776	1.0	1
DLBCL_C_D_1108_NULLPAIR	0.0060267146	0.9575543	0.007669829	0.005308229	0.023440946	0.9575543	1.0	1
DLBCL_LS3820	0.0048269187	0.011886535	0.9576826	0.016113192	0.009490719	0.9576826	2.0	2
DLBCL_C_D_1113_NULLPAIR	0.009000968	0.011242893	0.95968187	0.015373212	0.004701046	0.95968187	2.0	2
DLBCL_RICOVER_945	0.96070874	0.007424929	0.004307612	0.019705253	0.007853496	0.96070874	0.0	0
DLBCL_RICOVER_744	0.015057025	0.008123356	0.9610835	0.010692191	0.005043931	0.9610835	2.0	2
DLBCL_RICOVER_577	0.0068872785	0.00664184	0.9697802	0.011966786	0.004723882	0.9697802	2.0	2
DLBCL_RICOVER_469	0.007056007	0.005065676	0.9706404	0.013710715	0.003527153	0.9706404	2.0	2
DLBCL_C_D_1133_NULLPAIR	0.004700548	0.010911005	0.97096306	0.007555015	0.0058703874	0.97096306	2.0	2
DLBCL_MC_F089_HCZ	0.0026365242	0.97096604	0.01220634	0.006414135	0.0077769747	0.97096604	1.0	1
DLBCL_LS3200	0.0039524534	0.014107007	0.004299348	0.0062395628	0.97140163	0.97140163	4.0	4
DFCIDL010_DT	0.97172475	0.0039777583	0.0044055018	0.015927695	0.003964313	0.97172475	0.0	0
DLBCL_C_D_1141_NULLPAIR	0.0047084936	0.009967359	0.9718416	0.0073510827	0.006131521	0.9718416	2.0	2
DLBCL_LS297	0.0049982867	0.0050055305	0.97533816	0.011631411	0.0030266072	0.97533816	2.0	2
DLBCL_LS843	0.004184737	0.0050859237	0.97602135	0.010645123	0.0040628733	0.97602135	2.0	2
DLBCL_C_D_1163_NULLPAIR	0.003916601	0.00481896	0.0043332297	0.010510156	0.97642106	0.97642106	4.0	4
DLBCL_LS1098	0.0048833657	0.0043902104	0.9774574	0.010703699	0.002565331	0.9774574	2.0	2
DLBCL_RICOVER_948	0.0028759346	0.97993004	0.010006931	0.0022576302	0.0049294652	0.97993004	1.0	1
DLBCL_DFCI_DLBCL_GOE16	0.0035111737	0.0039682933	0.98180795	0.0076703965	0.0030421647	0.98180795	2.0	2
DLBCL_RICOVER_451	0.9836767	0.0020933037	0.0060230875	0.00571061	0.002496353	0.9836767	0.0	0
DLBCL_LS1065	0.0039626877	0.9843304	0.0044788904	0.0037295865	0.0034984364	0.9843304	1.0	1
DLBCL_C_D_1131_NULLPAIR	0.0030841124	0.98522884	0.0068977633	0.0020825882	0.0027067254	0.98522884	1.0	1
DLBCL_RICOVER_1219	0.0020081147	0.003823286	0.0024045778	0.005059335	0.9867047	0.9867047	4.0	4
DLBCL_LS1757	0.98699224	0.0024265319	0.002094173	0.0063619264	0.0021251547	0.98699224	0.0	0
DLBCL_LS3749	0.00247448	0.9871018	0.004395185	0.0036699325	0.0023586059	0.9871018	1.0	1
DLBCL_MC_F349_BJJ	0.002345032	0.0030731529	0.9877213	0.004481306	0.0023792041	0.9877213	2.0	2
DLBCL_RICOVER_417	0.0016853507	0.002803496	0.0020757823	0.0036118317	0.9898235	0.9898235	4.0	4
DLBCL_RICOVER_826	0.98992467	0.0012668874	0.0018429245	0.0046867537	0.0022787473	0.98992467	0.0	0
DLBCL_RICOVER_685	0.0016487916	0.0024102125	0.0018931114	0.0035459865	0.9905019	0.9905019	4.0	4
DLBCL_RICOVER_1293	0.0023697827	0.0021842814	0.0016309068	0.002877845	0.9909372	0.9909372	4.0	4
DLBCL_MC_F519_ALT	0.0011264674	0.0021334821	0.0009923398	0.0018002418	0.99394745	0.99394745	4.0	4
DLBCL_LS2089	0.0011610896	0.9944571	0.0017654961	0.00074954954	0.001866723	0.9944571	1.0	1
DLBCL_RICOVER_174	0.0014117413	0.9950602	0.0015513492	0.0009544714	0.0010222121	0.9950602	1.0	1
DLBCL_MC_F729_MAN	0.0009145085	0.9953859	0.0013852883	0.000707744	0.0016065931	0.9953859	1.0	1
DLBCL_C_D_1125_NULLPAIR	0.0007492196	0.0012174653	0.00074562547	0.0012557433	0.99603194	0.99603194	4.0	4
DLBCL_C_D_1114_NULLPAIR	0.9978418	0.0002884529	0.00041715094	0.0009950765	0.00045754973	0.9978418	0.0	0
DLBCL_LS146	0.0002336637	0.998744	0.00045806632	0.00021640357	0.0003478798	0.998744	1.0	1
DLBCL_C_D_1130_NULLPAIR	0.99888915	0.00013001966	0.00024449834	0.00045417665	0.00028215998	0.99888915	0.0	0
DLBCL_MC_F262_WLC	0.9990611	0.00013587627	0.00016310014	0.0004054713	0.00023442326	0.9990611	0.0	0
DLBCL_RICOVER_253	0.00021084126	0.9991483	0.00028114644	0.0001451199	0.00021456665	0.9991483	1.0	1
DLBCL_C_D_1136_NULLPAIR	5.497163e-05	0.9997443	8.463587e-05	5.6692486e-05	5.939253e-05	0.9997443	1.0	1
