	C1	C2	C3	C4	C5	Confidence	True Cluster	Predicted Cluster
DLBCL11467	0.21644521	0.18838224	0.21589814	0.14513563	0.2341388	0.2341388	3.0	4
DLBCL_C_D_PAIR13	0.23760128	0.19234003	0.20938626	0.15165713	0.2090153	0.23760128	4.0	0
DLBCL11663	0.2011765	0.1922914	0.24129608	0.14724414	0.21799189	0.24129608	0.0	2
DLBCL_RICOVER_773	0.049985953	0.33180064	0.23203616	0.12931061	0.25686663	0.33180064	4.0	1
DLBCL10877	0.24900612	0.3338207	0.09701848	0.06793724	0.25221747	0.3338207	0.0	1
DLBCL10466	0.024192173	0.25268725	0.3538863	0.31660375	0.052630544	0.3538863	2.0	2
DLBCL11590	0.35492516	0.01856347	0.21081428	0.28602314	0.12967397	0.35492516	2.0	0
DLBCL11581	0.023325372	0.099279635	0.31631285	0.35581574	0.20526639	0.35581574	4.0	3
DLBCL10490	0.25160515	0.07137711	0.048572883	0.3598461	0.26859874	0.3598461	0.0	3
DLBCL_RICOVER_522	0.2985835	0.076105155	0.36088717	0.2553101	0.0091140885	0.36088717	2.0	2
DLBCL10513	0.3626857	0.08143138	0.21967694	0.32194343	0.014262525	0.3626857	3.0	0
DLBCL10955	0.12797181	0.17644127	0.089072905	0.2347808	0.37173322	0.37173322	3.0	4
DLBCL_C_D_1148_NULLPAIR	0.29230785	0.012013928	0.29116684	0.37938085	0.025130518	0.37938085	0.0	3
DLBCL10904	0.026639782	0.38909784	0.22792523	0.036348525	0.31998864	0.38909784	4.0	1
DLBCL10454	0.35818782	0.15558183	0.068024345	0.021002188	0.39720383	0.39720383	4.0	4
DLBCL_MC_F496DMP	0.39774865	0.21495657	0.30198273	0.06683558	0.018476458	0.39774865	1.0	0
DLBC_FF_A7CQ_TP_NB	0.40145943	0.03387428	0.039838545	0.32218587	0.20264186	0.40145943	4.0	0
DLBCL10873	0.0951268	0.40484312	0.123853005	0.34447417	0.031702876	0.40484312	1.0	1
DLBCL_BWH_DLBCL64	0.26815003	0.40690905	0.039207656	0.26414156	0.021591706	0.40690905	3.0	1
DLBCL11538	0.41139314	0.01450119	0.20122805	0.14016287	0.23271476	0.41139314	3.0	0
DLBCL10993	0.41298538	0.028656192	0.25419	0.17040646	0.13376196	0.41298538	0.0	0
DLBCL_C_D_1115_NULLPAIR	0.17759411	0.2771453	0.06595699	0.4170279	0.062275708	0.4170279	3.0	3
DLBCL_RICOVER_478	0.4175929	0.36006975	0.12869976	0.038508456	0.055129115	0.4175929	1.0	0
DLBCL_MAYO_DLBCL_234	0.42028567	0.020485345	0.33662763	0.20742203	0.015179308	0.42028567	2.0	0
DLBC_FF_A7CX_TP_NB	0.1071919	0.30756044	0.4235874	0.07499315	0.086667076	0.4235874	4.0	2
DLBCL_MC_F210_GWC	0.07814387	0.26811236	0.037973348	0.4268736	0.1888968	0.4268736	1.0	3
DLBCL11573	0.05034876	0.3549702	0.43227658	0.08306897	0.07933552	0.43227658	2.0	2
DLBCL10456	0.028131368	0.043255866	0.12793322	0.36648294	0.43419662	0.43419662	3.0	4
DLBCL10980	0.015469877	0.21292412	0.16713402	0.17024587	0.4342261	0.4342261	4.0	4
DLBCL10907	0.1891568	0.26773652	0.021833804	0.08442045	0.43685243	0.43685243	1.0	4
DLBCL11433	0.052632406	0.024928758	0.1261169	0.34651467	0.44980726	0.44980726	3.0	4
DLBCL_C_D_1138_NULLPAIR	0.024472658	0.45207748	0.38501337	0.073629044	0.06480745	0.45207748	1.0	1
DLBCL_C_D_1112_NULLPAIR	0.03263483	0.455028	0.35705096	0.042779554	0.11250664	0.455028	2.0	1
DLBCL_MC_F927_JHS	0.09334514	0.25100783	0.11848669	0.07634843	0.4608119	0.4608119	4.0	4
DLBCL11534	0.06054043	0.031898953	0.4642164	0.23958704	0.20375718	0.4642164	2.0	2
DLBCL_C_D_1106_NULLPAIR	0.46510416	0.39644438	0.014885202	0.05960013	0.063966125	0.46510416	1.0	0
DLBCL10522	0.04912414	0.029335262	0.46529996	0.09319119	0.36304945	0.46529996	2.0	2
DLBCL10936	0.16768348	0.46586692	0.15512739	0.10786474	0.10345746	0.46586692	2.0	1
DLBCL10512	0.018049942	0.46621776	0.16963768	0.14373389	0.20236075	0.46621776	2.0	1
DLBCL_MC_F739_AMA3	0.017594956	0.4144814	0.47013265	0.07575381	0.02203719	0.47013265	1.0	2
DLBCL_LS1304	0.051544495	0.029169573	0.47035006	0.05743585	0.39150003	0.47035006	2.0	2
DLBCL10486	0.47830114	0.0885724	0.028521786	0.24612384	0.15848084	0.47830114	0.0	0
DLBCL10451	0.42938727	0.03567281	0.47987238	0.044103067	0.010964456	0.47987238	0.0	2
DLBCL10962	0.042808462	0.15453382	0.28967398	0.03195146	0.48103228	0.48103228	1.0	4
DLBCL10974	0.03352806	0.038551617	0.076768026	0.36947456	0.48167774	0.48167774	3.0	4
DLBCL_RICOVER_1204	0.030213695	0.16813026	0.036653947	0.28240573	0.48259634	0.48259634	4.0	4
DLBCL11454	0.43183506	0.02949139	0.025467481	0.48383594	0.02937014	0.48383594	0.0	3
DLBCL_C_D_1153_NULLPAIR	0.075032145	0.028738877	0.025728045	0.48779225	0.3827087	0.48779225	3.0	3
DLBCL10950	0.31728297	0.034674317	0.057942007	0.10084166	0.48925903	0.48925903	0.0	4
DLBCL10895	0.024416672	0.49062175	0.10906351	0.029368889	0.3465292	0.49062175	4.0	1
DLBCL10835	0.020560686	0.13125573	0.05249177	0.30253655	0.49315527	0.49315527	4.0	4
DLBCL11523	0.5010172	0.17893586	0.08751235	0.13778718	0.0947474	0.5010172	0.0	0
DLBCL11202	0.5038859	0.06769134	0.2835262	0.13424368	0.010652831	0.5038859	0.0	0
DLBCL_RICOVER_1045	0.37049946	0.02332483	0.028430657	0.50424856	0.07349651	0.50424856	3.0	3
DLBCL_LS2328	0.032037694	0.42309582	0.5047679	0.025932567	0.01416601	0.5047679	2.0	2
DLBCL11576	0.1220768	0.21783549	0.119974144	0.5053259	0.034787685	0.5053259	3.0	3
DLBCL_MC_F139_LJF	0.39285526	0.024004553	0.05417802	0.5053497	0.023612455	0.5053497	3.0	3
DLBCL10869	0.3001182	0.100006185	0.5071857	0.058024913	0.034665015	0.5071857	0.0	2
DLBCL11205	0.3207158	0.058192436	0.5081643	0.10194908	0.010978377	0.5081643	0.0	2
DLBCL11480	0.08218855	0.51260597	0.07013777	0.02342974	0.311638	0.51260597	0.0	1
DLBCL_MC_F218_RAP	0.30761704	0.037089173	0.12841615	0.51340944	0.013468207	0.51340944	3.0	3
DLBCL11675	0.047549468	0.011527112	0.5145656	0.07464949	0.35170835	0.5145656	2.0	2
DLBCL11574	0.15218993	0.10672536	0.51505065	0.117157996	0.10887608	0.51505065	2.0	2
DLBCL_RICOVER_1165	0.022778757	0.5171592	0.109029084	0.04405121	0.30698174	0.5171592	1.0	1
DLBCL10780	0.017312417	0.51793736	0.3757684	0.059425816	0.029556023	0.51793736	1.0	1
DLBCL_LS4593	0.028382191	0.29045483	0.51801527	0.13476913	0.028378569	0.51801527	2.0	2
DLBCL_RICOVER_1060	0.12545578	0.52042794	0.03387165	0.033367198	0.28687745	0.52042794	1.0	1
DLBCL_C_D_1126_NULLPAIR	0.520741	0.3549624	0.026086928	0.061194826	0.037014842	0.520741	1.0	0
DLBCL11541	0.032238156	0.07633145	0.5215746	0.09920527	0.2706505	0.5215746	2.0	2
DLBCL10494	0.022142394	0.52379525	0.3971742	0.032994606	0.02389354	0.52379525	1.0	1
DLBCL10964	0.035699464	0.25084037	0.05815234	0.525305	0.1300029	0.525305	4.0	3
DLBCL_RICOVER_111	0.14999487	0.0541231	0.5268787	0.11199595	0.15700741	0.5268787	4.0	2
DLBCL_LS3809	0.26840055	0.072922975	0.061771806	0.06250462	0.53440005	0.53440005	0.0	4
DLBCL10910	0.013460518	0.2313569	0.53593725	0.16043128	0.058814015	0.53593725	2.0	2
DLBCL10908	0.123853	0.14423561	0.11534	0.08012666	0.5364447	0.5364447	4.0	4
DLBC_FF_8046_TP_NB	0.20455089	0.09333335	0.5397485	0.050700232	0.11166702	0.5397485	2.0	2
DLBCL10450	0.54093164	0.042019498	0.01722479	0.28467205	0.11515204	0.54093164	0.0	0
DLBCL_RICOVER_467	0.019668946	0.40148532	0.0202432	0.015430039	0.5431725	0.5431725	1.0	4
DLBCL11431	0.124707386	0.14205052	0.11123757	0.07778976	0.5442148	0.5442148	4.0	4
DLBCL11429	0.54526263	0.018681232	0.07744418	0.19401662	0.16459535	0.54526263	0.0	0
DLBCL_C_D_1118_NULLPAIR	0.5457533	0.34964675	0.02477925	0.05398254	0.025838155	0.5457533	1.0	0
DLBCL10544	0.037748143	0.017186064	0.034026496	0.3624691	0.54857016	0.54857016	3.0	4
DLBCL_LS1683	0.010621853	0.54871356	0.061672445	0.026979327	0.3520128	0.54871356	1.0	1
DLBCL11435	0.5491082	0.017760959	0.028307403	0.19556673	0.20925674	0.5491082	0.0	0
DLBCL10553	0.05615893	0.026280409	0.30433574	0.5491328	0.06409208	0.5491328	3.0	3
DLBCL10874	0.054938152	0.11776699	0.042801537	0.23380713	0.5506862	0.5506862	1.0	4
DLBCL10503	0.06727731	0.26155046	0.5522863	0.07079947	0.04808641	0.5522863	1.0	2
DLBCL11479	0.036572468	0.5581768	0.28610528	0.037920743	0.0812247	0.5581768	1.0	1
DLBCL10994	0.5601926	0.26213723	0.048556283	0.045828536	0.083285354	0.5601926	0.0	0
DLBCL10467	0.2647728	0.020079922	0.030960158	0.123557776	0.56062937	0.56062937	4.0	4
DLBCL_RICOVER_1150	0.5609914	0.05721831	0.05631846	0.2631295	0.062342316	0.5609914	0.0	0
DLBCL_C_D_1119_NULLPAIR	0.56213015	0.35096577	0.028144298	0.03669044	0.022069344	0.56213015	1.0	0
DLBCL_C_D_1117_NULLPAIR	0.1584579	0.56376684	0.024853973	0.2263046	0.026616672	0.56376684	1.0	1
DLBCL11448	0.023612306	0.04222579	0.072001345	0.29833877	0.5638218	0.5638218	3.0	4
DLBCL11446	0.031991474	0.5643263	0.10587918	0.14423947	0.15356359	0.5643263	1.0	1
DLBCL_MC_F502_RFK	0.017379278	0.36704582	0.56608415	0.019808486	0.029682266	0.56608415	1.0	2
DLBCL11504	0.5661668	0.027869668	0.024269164	0.097679906	0.28401443	0.5661668	3.0	0
DLBCL10970	0.05706953	0.25449148	0.07906371	0.5677687	0.041606598	0.5677687	3.0	3
DFCIDL009_DT	0.02025684	0.35217384	0.56845516	0.039394148	0.019720009	0.56845516	2.0	2
DLBCL11491	0.5690751	0.026790725	0.03015173	0.3027522	0.07123024	0.5690751	3.0	0
DLBCL11528	0.07490829	0.5691837	0.20801146	0.059120584	0.08877596	0.5691837	2.0	1
DLBCL10482	0.324427	0.043548483	0.02375701	0.037449934	0.5708176	0.5708176	0.0	4
DLBCL11483	0.11669979	0.12663954	0.10920246	0.07654319	0.57091504	0.57091504	1.0	4
DLBC_FF_8062_TP_NB	0.08730531	0.047495548	0.5727028	0.27900812	0.0134882135	0.5727028	3.0	2
DLBCL11681	0.28285816	0.013934131	0.5763699	0.099786706	0.02705111	0.5763699	0.0	2
DLBCL_C_D_1103_NULLPAIR	0.040183444	0.07122785	0.2921123	0.577804	0.018672377	0.577804	3.0	3
DLBCL_LS2325	0.05842571	0.57790285	0.32010043	0.028047381	0.01552361	0.57790285	2.0	1
DLBCL10858	0.07110814	0.013018819	0.02956281	0.30244446	0.58386576	0.58386576	3.0	4
DLBCL11478	0.30482188	0.03851199	0.5923291	0.05426926	0.01006779	0.5923291	0.0	2
DLBCL10549	0.060469564	0.29089335	0.5954573	0.038201462	0.014978303	0.5954573	2.0	2
DLBCL10930	0.26605606	0.036434036	0.07123498	0.028534807	0.5977401	0.5977401	4.0	4
DLBCL11439	0.59805536	0.02099827	0.28087875	0.08694611	0.013121512	0.59805536	2.0	0
DLBCL11664	0.22978428	0.5980734	0.051435515	0.09637187	0.02433494	0.5980734	1.0	1
DLBCL11346	0.014873249	0.59959036	0.034730803	0.028235367	0.3225702	0.59959036	1.0	1
DLBCL11535	0.0646954	0.025549233	0.03889031	0.2708079	0.6000572	0.6000572	3.0	4
DLBCL11194	0.19878967	0.016042069	0.023354158	0.15526906	0.60654503	0.60654503	4.0	4
DLBCL10898	0.03055283	0.3067488	0.018092224	0.036968406	0.6076377	0.6076377	4.0	4
DLBCL11498	0.30131823	0.60798776	0.023689844	0.032432985	0.034571182	0.60798776	1.0	1
DLBCL_C_D_1149_NULLPAIR	0.024344882	0.6165888	0.08306005	0.017640792	0.25836554	0.6165888	1.0	1
DLBCL11473	0.18318006	0.097849905	0.032308012	0.6166934	0.06996866	0.6166934	0.0	3
DLBCL_C_D_1108_NULLPAIR	0.019232746	0.6172062	0.021529043	0.020738792	0.32129318	0.6172062	1.0	1
DLBCL_C_D_1156_NULLPAIR	0.61765724	0.036494084	0.033897996	0.28057387	0.031376813	0.61765724	0.0	0
DLBCL10989	0.12844339	0.6185066	0.026682042	0.081363425	0.14500453	0.6185066	1.0	1
DLBCL10971	0.09967992	0.14571	0.027342418	0.1081844	0.6190833	0.6190833	0.0	4
DLBCL_LS2208	0.055039648	0.12517881	0.6208918	0.072623655	0.12626609	0.6208918	4.0	2
DLBCL11441	0.07909346	0.016304558	0.18941608	0.6217449	0.09344103	0.6217449	2.0	3
DLBCL11659	0.1590279	0.028854934	0.62232924	0.17073572	0.019052217	0.62232924	0.0	2
DLBCL11468	0.051866557	0.033827882	0.26592255	0.6268765	0.02150657	0.6268765	2.0	3
DLBCL_DFCI_DLBCL_GOE05	0.016196046	0.6278235	0.027201895	0.016599178	0.3121794	0.6278235	1.0	1
DLBCL10539	0.020440834	0.6296894	0.08883269	0.1288591	0.132178	0.6296894	3.0	1
DLBCL10885	0.039723154	0.6313695	0.022956558	0.03917693	0.26677388	0.6313695	1.0	1
DLBCL10968	0.63162005	0.0118556535	0.020061357	0.120863155	0.21559979	0.63162005	0.0	0
DLBCL10965	0.6325872	0.02096226	0.04228325	0.2816616	0.022505704	0.6325872	3.0	0
DLBCL10863	0.2644985	0.013862693	0.035362236	0.6337428	0.052533746	0.6337428	3.0	3
DLBCL10888	0.067421675	0.013389189	0.18850784	0.09659837	0.6340829	0.6340829	4.0	4
DLBCL10969	0.11472971	0.061290912	0.63470834	0.040236928	0.14903411	0.63470834	0.0	2
DLBCL10527	0.024872972	0.023665834	0.1696738	0.635549	0.14623839	0.635549	3.0	3
DLBCL11449	0.036151204	0.63631576	0.036722895	0.01841281	0.27239734	0.63631576	1.0	1
DLBCL_RICOVER_1278	0.12306497	0.01855393	0.052495424	0.6429361	0.16294956	0.6429361	4.0	3
DLBCL10867	0.02191006	0.20797454	0.034274172	0.08917219	0.64666903	0.64666903	4.0	4
DLBCL11525	0.19406149	0.018622385	0.6470384	0.12395519	0.016322512	0.6470384	2.0	2
DLBCL10973	0.09136994	0.015911577	0.07723618	0.16767934	0.64780295	0.64780295	3.0	4
DLBCL_RICOVER_258	0.64876074	0.019480273	0.17120662	0.055289224	0.10526312	0.64876074	2.0	0
DLBCL10935	0.64883894	0.25839564	0.018493496	0.046520725	0.027751215	0.64883894	0.0	0
DLBCL10906	0.08295588	0.2019112	0.027542192	0.036934163	0.6506566	0.6506566	1.0	4
DLBCL_LS1921	0.03455384	0.65074694	0.132212	0.1678641	0.014623133	0.65074694	1.0	1
DLBCL_RICOVER_1269	0.03534921	0.2514537	0.6512853	0.032130044	0.02978172	0.6512853	2.0	2
DLBCL_LS1395	0.027604943	0.6534231	0.23005012	0.027437367	0.061484493	0.6534231	2.0	1
DLBCL10465	0.022013566	0.16275784	0.65646535	0.1302544	0.028508848	0.65646535	2.0	2
DLBCL11679	0.66007376	0.18122748	0.07566406	0.0709517	0.012083043	0.66007376	1.0	0
DLBCL10453	0.020630462	0.24547252	0.032969125	0.040784147	0.66014373	0.66014373	1.0	4
DLBCL11526	0.2379492	0.02604568	0.6616583	0.063746564	0.010600282	0.6616583	2.0	2
DLBCL_C_D_1140_NULLPAIR	0.07373733	0.045319896	0.08813633	0.1289578	0.66384864	0.66384864	4.0	4
DLBCL10564	0.0611332	0.018486567	0.6650695	0.20149088	0.05381982	0.6650695	3.0	2
DLBCL10856	0.094067566	0.014032417	0.16978265	0.0536322	0.66848516	0.66848516	2.0	4
DLBCL10566	0.12096267	0.15807717	0.022895131	0.029399315	0.6686657	0.6686657	4.0	4
DLBCL11206	0.033159483	0.2378203	0.039384633	0.016822135	0.6728135	0.6728135	4.0	4
DLBCL11542	0.021303164	0.23736459	0.6743178	0.051061347	0.01595312	0.6743178	2.0	2
DLBCL10899	0.6759381	0.0836303	0.009941356	0.073009126	0.1574811	0.6759381	4.0	0
DLBCL11496	0.67602473	0.01986699	0.049094442	0.047078583	0.20793523	0.67602473	0.0	0
DLBCL10844	0.67634785	0.15811867	0.036517344	0.04592209	0.083094046	0.67634785	0.0	0
DLBCL11447	0.032990616	0.026094189	0.065464325	0.67770654	0.19774432	0.67770654	3.0	3
DLBCL11474	0.67861444	0.020931622	0.014583493	0.12536822	0.16050221	0.67861444	0.0	0
DLBCL_RICOVER_216	0.05781801	0.08413867	0.6792189	0.057078928	0.12174548	0.6792189	2.0	2
DLBCL_RICOVER_1190	0.68070966	0.019814484	0.0787683	0.10600149	0.11470608	0.68070966	4.0	0
DLBCL11437	0.08830347	0.010938857	0.06861187	0.6829534	0.1491924	0.6829534	3.0	3
DLBCL_RICOVER_866	0.036717884	0.025331106	0.6856176	0.2393347	0.0129986955	0.6856176	2.0	2
DLBCL10854	0.034847323	0.01694396	0.052583843	0.20694655	0.6886783	0.6886783	4.0	4
DLBCL10514	0.13414703	0.09174412	0.6901765	0.070563935	0.013368447	0.6901765	2.0	2
DLBCL11507	0.119213864	0.69095826	0.13411616	0.03175255	0.023959158	0.69095826	1.0	1
DLBCL_C_D_1109_NULLPAIR	0.162824	0.013537727	0.0452279	0.6936642	0.084746175	0.6936642	3.0	3
DLBCL11484	0.045503784	0.69385034	0.04439846	0.02969485	0.18655258	0.69385034	1.0	1
DLBCL_LS1668	0.12598132	0.048763696	0.09681286	0.69510144	0.03334069	0.69510144	1.0	3
DLBCL10891	0.047932282	0.01290935	0.17887993	0.06267016	0.6976083	0.6976083	4.0	4
DLBCL11515	0.021750258	0.08366487	0.119821146	0.07262586	0.7021379	0.7021379	2.0	4
DLBCL10909	0.032731734	0.030564176	0.0831283	0.7031946	0.15038115	0.7031946	4.0	3
DLBCL_RICOVER_910	0.079045124	0.1299605	0.050982304	0.70579773	0.034214325	0.70579773	0.0	3
DLBCL11652	0.70698565	0.16125688	0.048818562	0.044810716	0.038128167	0.70698565	0.0	0
DLBCL_LS3499	0.1300238	0.07371903	0.048876446	0.7071663	0.040214423	0.7071663	3.0	3
DLBCL10978	0.027144747	0.056087848	0.14655748	0.7087806	0.06142931	0.7087806	3.0	3
DLBCL11495	0.11164779	0.011851518	0.024412116	0.14302476	0.7090638	0.7090638	4.0	4
DLBCL11432	0.7097329	0.010354911	0.1857528	0.077424325	0.016735053	0.7097329	0.0	0
DLBCL10501	0.009145897	0.7098128	0.22260348	0.026304204	0.032133568	0.7098128	2.0	1
DLBCL_LS2154	0.09085731	0.7101216	0.09349711	0.062498663	0.04302532	0.7101216	0.0	1
DLBCL10488	0.71045965	0.042285226	0.1882106	0.049761735	0.009282807	0.71045965	0.0	0
DLBCL11488	0.15771452	0.010516574	0.020278094	0.10040447	0.71108633	0.71108633	0.0	4
DLBCL11469	0.023686048	0.05475107	0.71157753	0.029720511	0.18026483	0.71157753	2.0	2
DLBCL_RICOVER_151	0.13191172	0.07864835	0.028178032	0.7130642	0.048197705	0.7130642	3.0	3
DLBCL10986	0.71331596	0.02880944	0.047534503	0.18552671	0.024813395	0.71331596	0.0	0
DLBCL11678	0.040787082	0.028703699	0.7145043	0.2021214	0.01388349	0.7145043	3.0	2
DLBCL11536	0.08027407	0.12137053	0.032554027	0.71472913	0.05107223	0.71472913	3.0	3
DLBCL10484	0.018560112	0.7151037	0.22516349	0.02647509	0.014697643	0.7151037	1.0	1
DLBCL_LS4619	0.01800239	0.0626261	0.10583793	0.09786224	0.7156713	0.7156713	4.0	4
DLBCL_RICOVER_1061	0.11148877	0.011826987	0.1368242	0.71584564	0.02401442	0.71584564	3.0	3
DLBCL_MC_F606_DMJ	0.017450346	0.7163922	0.22559595	0.020099143	0.020462334	0.7163922	2.0	1
DLBCL11204	0.020476703	0.7179098	0.06467432	0.03525258	0.16168657	0.7179098	1.0	1
DLBCL11672	0.0655809	0.033100724	0.7215146	0.16767687	0.012126943	0.7215146	2.0	2
DLBCL10849	0.032914393	0.7225467	0.015619058	0.014555439	0.21436442	0.7225467	1.0	1
DLBCL_RICOVER_451	0.7229306	0.033368897	0.17562638	0.044613138	0.023460971	0.7229306	0.0	0
DLBCL10857	0.10574287	0.016989876	0.017047081	0.13657713	0.72364306	0.72364306	4.0	4
DLBCL10921	0.04826794	0.72418594	0.019855855	0.02176823	0.185922	0.72418594	4.0	1
DLBCL10865	0.07754606	0.72658145	0.051384818	0.073295124	0.07119255	0.72658145	4.0	1
DLBCL10552	0.72992986	0.014371237	0.06075674	0.1819734	0.012968762	0.72992986	3.0	0
DLBCL_MC_F500_ECU	0.03822428	0.73276657	0.08930261	0.07874544	0.06096109	0.73276657	1.0	1
DLBCL11533	0.092031464	0.7353238	0.11804636	0.039295595	0.015302816	0.7353238	1.0	1
DLBCL10957	0.7397419	0.06437466	0.08527147	0.0988646	0.011747355	0.7397419	0.0	0
DLBCL10536	0.045082495	0.740846	0.15607524	0.037606742	0.020389529	0.740846	2.0	1
DLBCL_RICOVER_401	0.037572578	0.18407822	0.7411815	0.024218252	0.012949465	0.7411815	1.0	2
DLBCL11657	0.024131782	0.7432886	0.18733439	0.02174467	0.023500575	0.7432886	3.0	1
DLBCL_RICOVER_1235	0.010870059	0.7435965	0.18178126	0.021021726	0.042730432	0.7435965	1.0	1
DLBCL_C_D_1105_NULLPAIR	0.18027426	0.7448266	0.03655054	0.0155405365	0.022808021	0.7448266	1.0	1
DLBCL10502	0.0112849735	0.7461897	0.1856884	0.031269193	0.025567733	0.7461897	1.0	1
DLBCL11516	0.07330108	0.7466769	0.030527042	0.053534668	0.09596031	0.7466769	1.0	1
DLBCL11661	0.021052448	0.74760354	0.11620048	0.10309948	0.01204407	0.74760354	1.0	1
DLBCL11430	0.17023508	0.022469219	0.033233617	0.7477449	0.026317144	0.7477449	0.0	3
DLBCL_RICOVER_950	0.035663314	0.020250179	0.16145372	0.74824697	0.034385838	0.74824697	3.0	3
DLBCL_RICOVER_1283	0.05595583	0.014518376	0.7485143	0.08877247	0.09223905	0.7485143	2.0	2
DLBCL11472	0.74859804	0.009583614	0.022168083	0.13792886	0.08172137	0.74859804	0.0	0
DLBCL10881	0.178379	0.022419516	0.017635494	0.028404692	0.7531613	0.7531613	4.0	4
DLBCL10939	0.05742902	0.02040536	0.04102246	0.7536499	0.12749326	0.7536499	3.0	3
DLBC_FF_A7CW_TP_NB	0.016053969	0.13152096	0.062242094	0.035515398	0.7546676	0.7546676	4.0	4
DLBCL10999	0.016569678	0.020413162	0.04731788	0.16051096	0.75518835	0.75518835	4.0	4
DLBCL10532	0.104077816	0.021922078	0.05668744	0.757901	0.05941164	0.757901	4.0	3
DLBCL_RICOVER_320	0.043990478	0.1027047	0.76678354	0.05608509	0.030436188	0.76678354	2.0	2
DLBCL_RICOVER_473	0.7668602	0.044820648	0.028760595	0.0839374	0.07562116	0.7668602	0.0	0
DLBCL_RICOVER_449	0.13194878	0.015129437	0.039584152	0.043567356	0.76977026	0.76977026	4.0	4
DLBCL_RICOVER_787	0.06724342	0.77133864	0.08286373	0.06855122	0.010003004	0.77133864	1.0	1
DLBCL10925	0.01754116	0.051571146	0.02734319	0.13199808	0.7715464	0.7715464	4.0	4
DLBCL10876	0.021413391	0.10549536	0.021331543	0.08002469	0.771735	0.771735	4.0	4
DLBCL_RICOVER_1081	0.08855702	0.011909113	0.033774294	0.09323062	0.77252895	0.77252895	4.0	4
DLBCL10509	0.14286251	0.7759008	0.018124977	0.034083527	0.029028215	0.7759008	0.0	1
DLBCL_RICOVER_299	0.018349972	0.77644557	0.17400579	0.01405452	0.017144125	0.77644557	1.0	1
DLBCL10548	0.7787841	0.090694875	0.016673671	0.096272595	0.017574767	0.7787841	0.0	0
DLBCL10846	0.011054556	0.7790259	0.057913873	0.06286288	0.08914276	0.7790259	1.0	1
DLBCL_RICOVER_701	0.13502307	0.025849232	0.028462078	0.78199893	0.028666684	0.78199893	3.0	3
DLBCL11471	0.058031287	0.78325933	0.111135624	0.015228365	0.032345377	0.78325933	3.0	1
DLBCL_RICOVER_720	0.033716373	0.7840341	0.02404091	0.014749376	0.14345929	0.7840341	4.0	1
DLBCL_RICOVER_1018	0.031934965	0.05812167	0.043105986	0.78433937	0.08249799	0.78433937	3.0	3
DLBCL_MC_F815_BAT	0.043535955	0.019258266	0.11414013	0.7852045	0.0378611	0.7852045	2.0	3
DLBCL_LS3204	0.056099527	0.78560424	0.0696409	0.07419491	0.014460441	0.78560424	1.0	1
DLBCL_RICOVER_440	0.023223557	0.15123345	0.78572774	0.020399243	0.019416008	0.78572774	2.0	2
DLBCL10927	0.086429305	0.01164582	0.040327918	0.78714705	0.07444994	0.78714705	3.0	3
DLBCL_RICOVER_1329	0.054728657	0.78729904	0.02455178	0.029150795	0.10426971	0.78729904	4.0	1
DLBCL11527	0.09412511	0.026245551	0.030676832	0.7875993	0.061353188	0.7875993	3.0	3
DLBCL11666	0.039862335	0.09173778	0.78769803	0.070668705	0.010033141	0.78769803	2.0	2
DLBCL11466	0.047882557	0.78957504	0.065020315	0.03661267	0.06090939	0.78957504	1.0	1
DLBCL_RICOVER_985	0.033414416	0.024469681	0.11036238	0.792041	0.039712522	0.792041	3.0	3
DLBCL_LS155	0.039003883	0.012807236	0.792158	0.13194992	0.024080977	0.792158	2.0	2
DLBCL_RICOVER_1289	0.054157913	0.010455322	0.021034941	0.120037906	0.7943139	0.7943139	4.0	4
DLBCL10871	0.09936895	0.7993039	0.061504316	0.014735657	0.025087178	0.7993039	1.0	1
DLBCL_RICOVER_956	0.012576089	0.12678929	0.025640262	0.03553635	0.799458	0.799458	4.0	4
DLBCL10919	0.11873546	0.0130413035	0.032004904	0.8000257	0.036192656	0.8000257	3.0	3
DLBCL10565	0.05912347	0.01611135	0.80074596	0.098491184	0.025528057	0.80074596	3.0	2
DLBCL10918	0.80111444	0.010932554	0.015828608	0.036895454	0.13522893	0.80111444	0.0	0
DLBCL10866	0.018360432	0.01586447	0.036831025	0.1274981	0.80144596	0.80144596	4.0	4
DLBCL_RICOVER_496	0.06512195	0.8085324	0.061207347	0.04083549	0.024302801	0.8085324	1.0	1
DLBCL10984	0.012191813	0.80900306	0.020289168	0.03047406	0.1280419	0.80900306	4.0	1
DLBCL10487	0.03574706	0.81160474	0.055153735	0.084770024	0.012724465	0.81160474	1.0	1
DLBCL11658	0.027914772	0.015121855	0.05509357	0.8116377	0.09023208	0.8116377	3.0	3
DLBCL_RICOVER_408	0.08249662	0.81164193	0.07085253	0.023934942	0.011073948	0.81164193	2.0	1
DLBCL10838	0.020319546	0.13705458	0.012880585	0.018071523	0.81167376	0.81167376	4.0	4
DLBCL_LS951	0.8129149	0.05162289	0.082566224	0.042307388	0.010588599	0.8129149	0.0	0
DLBCL10491	0.04159606	0.052511066	0.07274115	0.8133606	0.019791158	0.8133606	3.0	3
DLBCL_RICOVER_274	0.01784757	0.81339103	0.03693251	0.0937365	0.03809238	0.81339103	3.0	1
DLBCL_C_D_1151_NULLPAIR	0.0923135	0.032593835	0.04236586	0.8141809	0.018545868	0.8141809	3.0	3
DLBCL10498	0.03183984	0.02939346	0.8159572	0.1148425	0.007966988	0.8159572	2.0	2
DLBCL10963	0.020319078	0.029970298	0.03850262	0.08925045	0.8219575	0.8219575	4.0	4
DLBCL11518	0.01573748	0.1003694	0.8258262	0.036513645	0.021553224	0.8258262	2.0	2
DLBCL_RICOVER_1046	0.010249557	0.8262282	0.12234685	0.012772229	0.028403154	0.8262282	1.0	1
DLBCL10934	0.03821048	0.8275615	0.011600957	0.022054436	0.100572646	0.8275615	1.0	1
DLBCL_RICOVER_711	0.82813907	0.03379869	0.013805905	0.09999255	0.02426378	0.82813907	3.0	0
DLBCL_RICOVER_338	0.8287996	0.008281308	0.026099939	0.117759965	0.019059153	0.8287996	0.0	0
DLBCL_LS4592	0.011199663	0.019633874	0.830941	0.04334186	0.0948836	0.830941	2.0	2
DLBCL10868	0.049198307	0.016516088	0.025440468	0.8309615	0.07788364	0.8309615	3.0	3
DLBCL10848	0.024985759	0.011280291	0.032673173	0.09962617	0.8314346	0.8314346	4.0	4
DLBCL_RICOVER_826	0.8323082	0.021825086	0.012250319	0.10179421	0.031822212	0.8323082	0.0	0
DLBCL11455	0.05681284	0.01646125	0.0644712	0.8334616	0.02879313	0.8334616	3.0	3
DLBCL11676	0.8335096	0.01342051	0.070809335	0.07460047	0.0076600392	0.8335096	0.0	0
DLBCL_RICOVER_506	0.015392451	0.112367705	0.014036064	0.024629066	0.8335747	0.8335747	4.0	4
DLBCL10947	0.015367077	0.83413196	0.024536334	0.010352616	0.11561203	0.83413196	1.0	1
DLBCL_RICOVER_314	0.012110906	0.10963446	0.015553489	0.026823029	0.83587813	0.83587813	4.0	4
DLBCL_RICOVER_617	0.056810882	0.018004684	0.065752015	0.8391005	0.020331936	0.8391005	3.0	3
DLBCL10902	0.014907227	0.10644216	0.015762255	0.021746552	0.8411418	0.8411418	4.0	4
DLBCL_RICOVER_575	0.041153565	0.020254139	0.077990554	0.8422532	0.018348515	0.8422532	3.0	3
DLBCL_LS4616	0.010883631	0.08603418	0.84542936	0.04227514	0.015377695	0.84542936	2.0	2
DLBCL10931	0.8460867	0.0056932336	0.020649672	0.061919075	0.06565132	0.8460867	0.0	0
DLBCL10981	0.030511122	0.8536491	0.02288984	0.057852793	0.035097137	0.8536491	1.0	1
DLBCL10915	0.02765668	0.059534524	0.011950783	0.046122976	0.854735	0.854735	4.0	4
DLBCL_C_D_1133_NULLPAIR	0.03456341	0.048933364	0.8560793	0.028460646	0.031963274	0.8560793	2.0	2
DLBCL_LS2245	0.020650607	0.8585936	0.089011095	0.015886297	0.015858445	0.8585936	1.0	1
DLBCL11510	0.03600237	0.8586668	0.04998555	0.028632266	0.026713021	0.8586668	4.0	1
DLBCL_RICOVER_583	0.020386297	0.85995334	0.0331073	0.019541336	0.067011744	0.85995334	1.0	1
DLBCL11655	0.052397724	0.010708396	0.027686926	0.8601443	0.049062643	0.8601443	3.0	3
DLBCL11208	0.038030323	0.8608511	0.05094426	0.031716432	0.01845788	0.8608511	1.0	1
DLBCL11683	0.02272052	0.019146595	0.86247003	0.08529242	0.010370428	0.86247003	2.0	2
DLBCL_RICOVER_780	0.023684593	0.064487405	0.8626738	0.04193172	0.007222484	0.8626738	1.0	2
DLBCL_RICOVER_850	0.02045875	0.070377365	0.017420355	0.028356483	0.86338705	0.86338705	4.0	4
DLBCL11457	0.86367166	0.008678121	0.01843187	0.094313875	0.014904504	0.86367166	0.0	0
DLBCL10894	0.06440229	0.86531633	0.0149195995	0.03967835	0.01568346	0.86531633	0.0	1
DLBCL10469	0.048086155	0.01058389	0.046261087	0.8658945	0.029174346	0.8658945	3.0	3
DLBCL10879	0.0303556	0.0134612145	0.86606705	0.04634311	0.043773025	0.86606705	2.0	2
DLBCL_C_D_1159_NULLPAIR	0.06446726	0.012205307	0.03347002	0.8663939	0.023463473	0.8663939	3.0	3
DLBCL10521	0.013478059	0.092099264	0.0110379085	0.016953954	0.8664308	0.8664308	4.0	4
DLBCL11564	0.032767702	0.0135565	0.028791372	0.8670113	0.05787311	0.8670113	3.0	3
DLBCL10517	0.013954606	0.86777604	0.08635843	0.012720997	0.019189935	0.86777604	1.0	1
DLBCL_RICOVER_1287	0.027657863	0.8681343	0.027355094	0.018102497	0.058750246	0.8681343	4.0	1
DLBCL11436	0.024194065	0.869534	0.026609149	0.015896233	0.06376652	0.869534	1.0	1
DLBCL10547	0.040470127	0.018555878	0.04260354	0.87255466	0.02581579	0.87255466	3.0	3
DLBCL10542	0.87328607	0.008005831	0.019721348	0.030610105	0.06837666	0.87328607	0.0	0
DLBCL10459	0.010951035	0.06481615	0.8733492	0.028525682	0.022357963	0.8733492	2.0	2
DLBCL11196	0.043418508	0.010423696	0.03133292	0.8752696	0.039555296	0.8752696	3.0	3
DLBCL11671	0.87562925	0.02331625	0.05607739	0.037291635	0.007685491	0.87562925	0.0	0
DLBCL_LS843	0.017041713	0.015102242	0.8757519	0.049275953	0.04282817	0.8757519	2.0	2
DLBCL_C_D_1139_NULLPAIR	0.041434526	0.028539231	0.034338165	0.87576145	0.019926602	0.87576145	3.0	3
DLBCL10896	0.8765074	0.013878107	0.0077718087	0.056970038	0.044872634	0.8765074	0.0	0
DLBCL11464	0.05251937	0.012674345	0.024988247	0.87790436	0.031913675	0.87790436	3.0	3
DLBCL11512	0.8787548	0.03868119	0.027202358	0.0484565	0.0069051757	0.8787548	0.0	0
DLBCL11501	0.88012934	0.050611943	0.009047578	0.029584773	0.030626364	0.88012934	0.0	0
DLBCL11670	0.007347691	0.034973443	0.8808618	0.04499369	0.031823363	0.8808618	2.0	2
DLBCL_LS762	0.028301047	0.024083348	0.026806407	0.039223015	0.8815862	0.8815862	2.0	4
DLBCL11461	0.8834037	0.016445663	0.018724712	0.073252015	0.008173913	0.8834037	0.0	0
DLBCL11002	0.88445336	0.012468549	0.039016772	0.05357614	0.010485149	0.88445336	3.0	0
DLBCL10492	0.88501894	0.010577923	0.009709161	0.035750553	0.058943406	0.88501894	0.0	0
DLBC_FF_8042_TP_NB	0.009411014	0.04330536	0.02377966	0.038138315	0.88536566	0.88536566	4.0	4
DLBCL11558	0.02360602	0.028301371	0.88624734	0.0557493	0.006096001	0.88624734	2.0	2
DLBCL11519	0.88866234	0.03086581	0.0112000285	0.05966931	0.009602523	0.88866234	0.0	0
DLBCL_C_D_1157_NULLPAIR	0.051243085	0.019420542	0.89019454	0.031231437	0.007910381	0.89019454	2.0	2
DLBCL11459	0.037213147	0.012111011	0.03780514	0.8911413	0.021729417	0.8911413	3.0	3
DLBCL10833	0.04085567	0.010330349	0.013792321	0.043765906	0.89125574	0.89125574	4.0	4
DLBCL11651	0.016216295	0.014574797	0.89330435	0.021819316	0.05408524	0.89330435	2.0	2
DLBCL_RICOVER_839	0.031546377	0.8937542	0.023280432	0.015077877	0.036341123	0.8937542	1.0	1
DLBCL11511	0.89396846	0.013014204	0.025463203	0.04382954	0.023724595	0.89396846	0.0	0
DLBCL_LS2590	0.01633089	0.011204222	0.03362412	0.04463547	0.8942053	0.8942053	3.0	4
DLBCL_C_D_1144_NULLPAIR	0.010520467	0.061487738	0.0122970175	0.020831257	0.89486355	0.89486355	4.0	4
DLBCL10457	0.012843406	0.032236915	0.02206537	0.036550708	0.8963036	0.8963036	4.0	4
DLBCL10932	0.03095796	0.013377405	0.033123374	0.89656484	0.025976406	0.89656484	3.0	3
DLBCL10497	0.034796882	0.010692989	0.031562082	0.8967824	0.026165638	0.8967824	3.0	3
DLBCL11440	0.032218788	0.014399715	0.03693335	0.019400183	0.89704794	0.89704794	4.0	4
DLBCL_MAYO_DLBCL_3653	0.8976425	0.02236631	0.023705067	0.041369863	0.014916264	0.8976425	0.0	0
DLBCL_LS2357	0.031379562	0.0130161	0.026469318	0.8985357	0.030599294	0.8985357	3.0	3
DLBCL10914	0.8995252	0.026111746	0.042999577	0.02038072	0.010982746	0.8995252	0.0	0
DLBCL11003	0.014784989	0.060796082	0.007577756	0.016956052	0.8998851	0.8998851	1.0	4
DLBCL_RICOVER_361	0.026615635	0.012614096	0.03509774	0.9001363	0.02553621	0.9001363	3.0	3
DLBCL10878	0.026336933	0.009965662	0.012143329	0.051181547	0.9003725	0.9003725	4.0	4
DLBCL10782	0.030492436	0.013498754	0.031032369	0.90190274	0.023073712	0.90190274	3.0	3
DLBC_FF_A7CR_TP_NB	0.042419575	0.009477392	0.008686342	0.037345424	0.9020713	0.9020713	4.0	4
DLBCL11450	0.012218514	0.033976447	0.010296315	0.040492367	0.9030163	0.9030163	4.0	4
DLBCL11513	0.008602741	0.013520965	0.033837005	0.04084927	0.90319	0.90319	4.0	4
DLBCL_LS2599	0.020066153	0.019195674	0.9032306	0.050608456	0.0068990956	0.9032306	2.0	2
DLBCL_RICOVER_1299	0.051512	0.014505262	0.009599987	0.01909702	0.9052857	0.9052857	4.0	4
DLBCL11566	0.04197433	0.018426709	0.90600634	0.025541298	0.008051355	0.90600634	2.0	2
DLBCL10541	0.044665772	0.90636736	0.018978698	0.015299356	0.014688814	0.90636736	1.0	1
DLBCL10523	0.027735662	0.009891597	0.90729046	0.04747389	0.007608415	0.90729046	2.0	2
DLBCL10555	0.04225003	0.0222295	0.9083738	0.02081765	0.0063290456	0.9083738	2.0	2
DLBCL10922	0.018397823	0.90846366	0.015070705	0.018762365	0.039305463	0.90846366	1.0	1
DLBCL11460	0.032802958	0.011870988	0.026581123	0.90878284	0.01996211	0.90878284	3.0	3
DLBCL10961	0.0067204516	0.023389852	0.018476551	0.04054631	0.91086686	0.91086686	4.0	4
DLBCL_MC_F362_MJB1	0.0126279425	0.015860759	0.91249335	0.019104289	0.039913654	0.91249335	2.0	2
DLBCL_RICOVER_173	0.012726703	0.0101357605	0.014164482	0.05015489	0.9128182	0.9128182	4.0	4
DLBCL11500	0.0106171435	0.022909038	0.03895937	0.013149194	0.91436523	0.91436523	4.0	4
DLBCL10845	0.008085737	0.91455805	0.01796384	0.030502813	0.02888953	0.91455805	1.0	1
DLBCL10852	0.011673009	0.015037787	0.012326918	0.045655422	0.91530687	0.91530687	4.0	4
DLBCL10870	0.009233003	0.023033626	0.91720337	0.029791666	0.02073834	0.91720337	4.0	2
DLBCL_RICOVER_978	0.9203517	0.01488386	0.014894561	0.040434893	0.00943501	0.9203517	2.0	0
DLBCL_C_D_1113_NULLPAIR	0.020680573	0.02069493	0.9205683	0.026292933	0.011763285	0.9205683	2.0	2
DLBCL10956	0.0285178	0.92109823	0.008381855	0.011445821	0.030556276	0.92109823	1.0	1
DLBCL11481	0.9232977	0.01027802	0.038147297	0.020085834	0.00819117	0.9232977	0.0	0
DLBCL11569	0.01118509	0.039180152	0.9250269	0.01755877	0.007049084	0.9250269	2.0	2
DLBCL_LS2367	0.92507756	0.015138509	0.008555978	0.038449213	0.012778742	0.92507756	0.0	0
DLBCL_RICOVER_1106	0.0074069384	0.029075408	0.010503176	0.027072528	0.92594194	0.92594194	4.0	4
DLBCL10843	0.9270805	0.007253889	0.0072135916	0.03956617	0.018885855	0.9270805	0.0	0
DFCIDL003_DT	0.014100812	0.92830706	0.042176653	0.0065626632	0.0088527985	0.92830706	1.0	1
DFCIDL008_DT	0.010385968	0.028413061	0.021645311	0.010923269	0.9286324	0.9286324	4.0	4
DLBCL_C_D_1166_NULLPAIR	0.008584254	0.045244727	0.0065654498	0.01020346	0.9294021	0.9294021	4.0	4
DLBCL11191	0.9297143	0.0068990886	0.0124684	0.041576337	0.00934184	0.9297143	0.0	0
DLBCL10464	0.030925103	0.013414803	0.9299972	0.018678626	0.0069842534	0.9299972	2.0	2
DLBCL11456	0.012626447	0.9302797	0.024460096	0.024707992	0.007925813	0.9302797	1.0	1
DLBCL10452	0.010000867	0.9303755	0.01870991	0.01491656	0.025997138	0.9303755	1.0	1
DLBCL10518	0.012784317	0.009393015	0.9304803	0.03929926	0.008043087	0.9304803	2.0	2
DLBCL10472	0.018877862	0.008707376	0.9326295	0.031909022	0.007876203	0.9326295	2.0	2
DLBCL_RICOVER_533	0.021776412	0.9332577	0.02396538	0.014098488	0.0069020046	0.9332577	1.0	1
DLBCL10529	0.00625721	0.03554816	0.009876174	0.01302947	0.93528897	0.93528897	4.0	4
DLBCL_LS1065	0.023985058	0.9353619	0.013526895	0.019419719	0.007706425	0.9353619	1.0	1
DLBCL11001	0.01803867	0.007507409	0.014069951	0.023678934	0.93670505	0.93670505	4.0	4
DLBCL11591	0.0076245447	0.9377353	0.03924023	0.007106628	0.008293288	0.9377353	1.0	1
DLBCL_RICOVER_678	0.011227443	0.93788344	0.010061168	0.0072778943	0.03355007	0.93788344	1.0	1
DLBCL10924	0.011884914	0.008152442	0.008509795	0.033480063	0.9379728	0.9379728	4.0	4
DLBCL10959	0.93810624	0.009002951	0.0063348482	0.036092114	0.010463861	0.93810624	0.0	0
DLBCL_MC_F307_JPS	0.93890435	0.011668335	0.0131115075	0.022778468	0.01353735	0.93890435	0.0	0
DLBCL_MC_F089_HCZ	0.0039852182	0.94063133	0.029653138	0.009450948	0.016279347	0.94063133	1.0	1
DLBCL10836	0.020235028	0.006286306	0.013753909	0.018660832	0.94106394	0.94106394	4.0	4
DLBCL_LS4054	0.016316166	0.9414821	0.014633695	0.009807925	0.017760068	0.9414821	1.0	1
DLBCL_LS1757	0.9414836	0.014149296	0.014019375	0.02482927	0.005518459	0.9414836	0.0	0
DLBCL_C_D_1125_NULLPAIR	0.0072356225	0.03602053	0.0059645134	0.009069898	0.94170946	0.94170946	4.0	4
DLBCL10889	0.0076806853	0.009720692	0.011777377	0.02886586	0.9419554	0.9419554	4.0	4
DLBCL_LS3200	0.006625395	0.033464517	0.0076071634	0.0095998915	0.942703	0.942703	4.0	4
DLBCL10837	0.011306404	0.008315569	0.010253975	0.027348734	0.9427753	0.9427753	4.0	4
DLBCL10995	0.009323086	0.012384712	0.94297457	0.02747238	0.007845229	0.94297457	2.0	2
DLBCL10987	0.013878784	0.020059155	0.009473436	0.0123192165	0.9442694	0.9442694	4.0	4
DLBCL10519	0.009524357	0.9446632	0.02774403	0.010231271	0.007837125	0.9446632	1.0	1
DLBCL11195	0.0041482337	0.021600028	0.012024095	0.017453881	0.94477373	0.94477373	4.0	4
DLBCL_C_D_1130_NULLPAIR	0.9452092	0.0045490097	0.009742166	0.014059064	0.026440576	0.9452092	0.0	0
DLBCL10480	0.015914334	0.94772774	0.010610478	0.009072438	0.016675018	0.94772774	1.0	1
DLBCL11486	0.0137251	0.0075951717	0.012770756	0.017522702	0.94838625	0.94838625	0.0	4
DLBCL11477	0.9501488	0.004572114	0.00868639	0.026671981	0.009920689	0.9501488	0.0	0
DLBCL_LS3245	0.0059525184	0.9518515	0.022866735	0.011210808	0.008118452	0.9518515	1.0	1
DLBCL_RICOVER_469	0.018172389	0.0073432904	0.9519848	0.016500082	0.005999437	0.9519848	2.0	2
DFCIDL004_DT	0.01237156	0.0063539855	0.009342537	0.019873818	0.9520581	0.9520581	4.0	4
DLBCL11685	0.0071747224	0.008540607	0.9521412	0.016259417	0.015884053	0.9521412	2.0	2
DLBCL11656	0.011310909	0.0066750827	0.95346504	0.014024071	0.014524895	0.95346504	2.0	2
DLBCL11595	0.007196299	0.01888659	0.008076669	0.012027948	0.9538125	0.9538125	4.0	4
DLBCL_DFCI_DLBCL_GOE07	0.009866448	0.9542239	0.017319817	0.007815175	0.010774676	0.9542239	1.0	1
DLBCL_RICOVER_120	0.011774983	0.012411223	0.0071505234	0.014117802	0.9545455	0.9545455	4.0	4
DLBCL11673	0.0074911793	0.9546516	0.02209958	0.00978573	0.0059719207	0.9546516	1.0	1
DLBCL_LS1098	0.010714435	0.0069444356	0.9549568	0.023321703	0.004062569	0.9549568	2.0	2
DLBCL10781	0.00767533	0.0072679073	0.0074379896	0.022521075	0.9550977	0.9550977	4.0	4
DLBCL_LS3820	0.005698354	0.009781057	0.9556783	0.020906245	0.007936085	0.9556783	2.0	2
DLBCL10851	0.0069280313	0.95649004	0.017687894	0.0064880177	0.012406024	0.95649004	1.0	1
DLBCL_LS297	0.011443444	0.006838779	0.9568436	0.016866578	0.008007581	0.9568436	2.0	2
DLBCL11662	0.9569338	0.0068116128	0.0044597806	0.014942353	0.016852451	0.9569338	0.0	0
DLBCL10992	0.0071817897	0.0066823075	0.013624922	0.015424767	0.9570862	0.9570862	4.0	4
DLBCL_RICOVER_1032	0.006148675	0.021211023	0.00621841	0.00907961	0.95734227	0.95734227	4.0	4
DLBCL11470	0.9574039	0.0030750341	0.0074877045	0.024750272	0.0072831092	0.9574039	0.0	0
DLBCL10954	0.009549121	0.95751005	0.013222758	0.009577323	0.010140736	0.95751005	1.0	1
DLBCL11458	0.008008928	0.014261753	0.9578784	0.013243111	0.0066078235	0.9578784	2.0	2
DLBCL10913	0.959987	0.0027286622	0.0075349826	0.016970692	0.012778666	0.959987	0.0	0
DLBCL10847	0.008623694	0.019675188	0.0046602897	0.006845385	0.9601954	0.9601954	4.0	4
DLBCL11680	0.014921337	0.006875092	0.960382	0.012725005	0.005096559	0.960382	2.0	2
DLBCL10916	0.005048106	0.014680186	0.0060134144	0.013741328	0.960517	0.960517	4.0	4
DLBCL10860	0.0046784226	0.008009159	0.01144902	0.0147284325	0.96113497	0.96113497	4.0	4
DLBCL11667	0.008251107	0.011387319	0.9617187	0.014470666	0.0041722185	0.9617187	2.0	2
DLBCL_LS378	0.96187985	0.0090145245	0.010963909	0.014357091	0.0037846458	0.96187985	0.0	0
DLBCL_RICOVER_267	0.0060187257	0.006279064	0.9622015	0.01380697	0.011693763	0.9622015	2.0	2
DLBCL10975	0.9623347	0.003466731	0.0047647352	0.018224606	0.011209262	0.9623347	0.0	0
DLBCL10977	0.008254672	0.005514461	0.010958003	0.0113929445	0.96387994	0.96387994	4.0	4
DLBCL10462	0.96424544	0.002773378	0.008844637	0.01289581	0.011240715	0.96424544	0.0	0
DLBCL_RICOVER_945	0.96477306	0.0070068752	0.004870632	0.015856665	0.007492741	0.96477306	0.0	0
DLBCL_RICOVER_288	0.014337235	0.9653272	0.0067687077	0.007458195	0.006108649	0.9653272	1.0	1
DLBCL11509	0.9656383	0.00843442	0.008427297	0.012952918	0.004547064	0.9656383	0.0	0
DLBCL10972	0.9656914	0.00406438	0.007610104	0.015851375	0.0067827804	0.9656914	0.0	0
DLBCL11353	0.0046904674	0.012971142	0.00895474	0.0076295547	0.9657541	0.9657541	4.0	4
DLBCL_RICOVER_577	0.008829707	0.0069735385	0.9658856	0.014924951	0.0033862274	0.9658856	2.0	2
DLBCL11428	0.008960552	0.0087887505	0.96640193	0.010912791	0.0049359608	0.96640193	2.0	2
DLBCL10912	0.96684146	0.0061620246	0.004884174	0.017162573	0.004949751	0.96684146	0.0	0
DLBCL11669	0.0054826187	0.007991952	0.96742946	0.015050958	0.0040450334	0.96742946	2.0	2
DLBCL_RICOVER_1219	0.004209056	0.008369599	0.0059477654	0.013792882	0.9676807	0.9676807	4.0	4
DLBCL10887	0.0045179245	0.01001227	0.007966293	0.009166616	0.9683369	0.9683369	4.0	4
DLBCL10990	0.005758178	0.014959005	0.00435671	0.00581829	0.9691078	0.9691078	4.0	4
DLBCL11677	0.9697035	0.0024322623	0.007357516	0.012805849	0.007700879	0.9697035	0.0	0
DLBCL_MC_F519_ALT	0.0039020842	0.014760963	0.004325125	0.0069023846	0.97010946	0.97010946	4.0	4
DLBCL10880	0.009133494	0.008939481	0.0057099843	0.0058548814	0.9703622	0.9703622	4.0	4
DLBCL_LS3749	0.005533407	0.97040373	0.010860379	0.008690399	0.0045121065	0.97040373	1.0	1
DLBCL11520	0.97042483	0.0026580214	0.004535686	0.011360082	0.011021379	0.97042483	0.0	0
DLBCL10485	0.0051790522	0.013697835	0.004877472	0.0057920357	0.9704536	0.9704536	4.0	4
DLBCL10985	0.0067077675	0.97051466	0.008137517	0.008870306	0.0057697743	0.97051466	1.0	1
DLBCL_C_D_1141_NULLPAIR	0.00513714	0.0098408945	0.97059083	0.010018772	0.0044123526	0.97059083	2.0	2
DLBCL11476	0.0055071474	0.011762671	0.004623306	0.006338848	0.971768	0.971768	4.0	4
DLBCL11462	0.97285944	0.0031237474	0.009048599	0.009224879	0.0057433182	0.97285944	0.0	0
DLBCL10859	0.0032287305	0.9728767	0.008740408	0.0038717235	0.011282415	0.9728767	1.0	1
DLBCL_MC_F064AB	0.0066185216	0.0063962834	0.97288024	0.009418715	0.0046862164	0.97288024	2.0	2
DLBCL10535	0.006680518	0.006111756	0.0070078094	0.0072662137	0.9729337	0.9729337	4.0	4
DLBCL_RICOVER_948	0.0035239197	0.9737077	0.01387844	0.0030302778	0.0058597047	0.9737077	1.0	1
DLBCL10461	0.0034268405	0.97372025	0.012578347	0.0034576396	0.0068169297	0.97372025	1.0	1
DLBCL10550	0.0036604423	0.011269239	0.0053201006	0.005794145	0.97395605	0.97395605	4.0	4
DLBCL10890	0.005029485	0.009559319	0.0036630088	0.007175568	0.9745726	0.9745726	4.0	4
DLBCL_DFCI_DLBCL_GOE16	0.00532122	0.0051235873	0.9747439	0.009620101	0.0051912135	0.9747439	2.0	2
DLBCL10893	0.0045489026	0.0047912747	0.005240583	0.010643299	0.97477597	0.97477597	4.0	4
DLBCL_RICOVER_253	0.009080172	0.974845	0.006849019	0.0033862966	0.0058395118	0.974845	1.0	1
DLBCL10510	0.008874881	0.974996	0.0058662025	0.0044070943	0.005855862	0.974996	1.0	1
DLBCL10483	0.0037207701	0.9755276	0.012630533	0.0033084268	0.004812697	0.9755276	1.0	1
DLBCL_RICOVER_1192	0.004841394	0.00732557	0.006767345	0.00513571	0.97593	0.97593	4.0	4
DLBCL10903	0.0032623105	0.9760841	0.009655917	0.0029475223	0.008050148	0.9760841	1.0	1
DLBCL_RICOVER_744	0.0071127624	0.005085693	0.97638386	0.00795141	0.0034662664	0.97638386	2.0	2
DLBCL10554	0.006354296	0.004988293	0.9764456	0.008891822	0.0033199957	0.9764456	2.0	2
DLBCL_C_D_1163_NULLPAIR	0.0039323545	0.0050073117	0.0043082335	0.010159597	0.9765925	0.9765925	4.0	4
DLBCL_RICOVER_1263	0.005057122	0.0059620845	0.9768367	0.00929422	0.002849892	0.9768367	2.0	2
DLBCL_MC_F349_BJJ	0.00411303	0.004558277	0.97696626	0.008160444	0.006201985	0.97696626	2.0	2
DLBCL11242	0.004621694	0.0057832743	0.0044622594	0.007961668	0.9771711	0.9771711	4.0	4
DLBCL_C_D_1129_NULLPAIR	0.9773571	0.0026825715	0.0056658513	0.007577637	0.006716841	0.9773571	0.0	0
DLBCL11203	0.0033547028	0.9773701	0.0072345412	0.0069797523	0.0050609396	0.9773701	1.0	1
DLBCL11004	0.0032287384	0.005765721	0.0039818934	0.009633978	0.9773897	0.9773897	4.0	4
DLBCL10917	0.005793303	0.97752374	0.005117669	0.004527735	0.007037551	0.97752374	1.0	1
DLBCL10460	0.0063971374	0.9777453	0.008477448	0.0037287606	0.0036513756	0.9777453	1.0	1
DLBCL_RICOVER_829	0.9781868	0.0026660038	0.0037404886	0.010613431	0.004793306	0.9781868	0.0	0
DLBCL_MAYO_DLBCL_5613	0.97844625	0.0035525302	0.003520613	0.00827466	0.0062059434	0.97844625	0.0	0
DLBCL_RICOVER_221	0.0029630675	0.008145571	0.004057773	0.005972785	0.9788608	0.9788608	4.0	4
DLBCL10901	0.0037002487	0.0043725497	0.004716346	0.008315648	0.9788952	0.9788952	4.0	4
DLBCL_C_D_1152_NULLPAIR	0.0034448071	0.97935444	0.007986363	0.0040280074	0.005186352	0.97935444	1.0	1
DFCIDL010_DT	0.9805451	0.0027244342	0.0033696382	0.010114455	0.003246346	0.9805451	0.0	0
DLBCL_RICOVER_335	0.0037811531	0.98122495	0.005922683	0.005545745	0.003525441	0.98122495	1.0	1
DLBCL10463	0.0031206282	0.00429614	0.005339364	0.0056479126	0.98159593	0.98159593	4.0	4
DLBCL10842	0.0032431441	0.00417103	0.0032667653	0.0076161628	0.9817029	0.9817029	4.0	4
DLBCL10530	0.0030628608	0.006348486	0.0035382644	0.005044815	0.9820056	0.9820056	4.0	4
DLBCL10471	0.003786035	0.0077250376	0.0026362468	0.0036758473	0.98217684	0.98217684	4.0	4
DLBCL_C_D_1128_NULLPAIR	0.98224056	0.0027069517	0.0031900965	0.006456217	0.0054061543	0.98224056	0.0	0
DLBCL10495	0.9823696	0.0027397275	0.0024599019	0.007442547	0.0049882294	0.9823696	0.0	0
DLBCL_RICOVER_134	0.0022832456	0.006497434	0.002892972	0.0051585143	0.9831678	0.9831678	4.0	4
DLBCL_LS2089	0.0030471697	0.98379165	0.0043463567	0.0022289	0.0065859207	0.98379165	1.0	1
DLBCL10884	0.98384404	0.001726876	0.003456938	0.008113238	0.0028589305	0.98384404	0.0	0
DLBCL10928	0.9839298	0.0016664915	0.0044608526	0.006396856	0.0035459625	0.9839298	0.0	0
DLBCL_RICOVER_1210	0.003024675	0.9842872	0.0060062483	0.0038223867	0.0028594728	0.9842872	1.0	1
DLBCL11443	0.9850551	0.001520247	0.0047699716	0.006223182	0.002431498	0.9850551	0.0	0
DLBCL11565	0.002841353	0.9852092	0.005285686	0.003475777	0.0031879623	0.9852092	1.0	1
DLBCL_RICOVER_1293	0.003336571	0.00375579	0.002485309	0.004886337	0.985536	0.985536	4.0	4
DLBCL10875	0.9858678	0.003201718	0.003455249	0.004958926	0.0025162837	0.9858678	0.0	0
DLBCL10951	0.0029065816	0.005056228	0.0020482074	0.0033968491	0.9865921	0.9865921	4.0	4
DLBCL_MC_F729_MAN	0.002451308	0.986732	0.004582155	0.002200783	0.004033729	0.986732	1.0	1
DLBCL_RICOVER_977	0.98680776	0.0013994775	0.0021501107	0.0060203522	0.0036222707	0.98680776	0.0	0
DLBCL10900	0.0034251069	0.0030482765	0.002120924	0.004516954	0.98688877	0.98688877	4.0	4
DLBCL10525	0.9868889	0.0012662242	0.0035442996	0.005022458	0.0032781532	0.9868889	0.0	0
DLBCL10983	0.0026798237	0.98689425	0.0036886146	0.0025208017	0.004216519	0.98689425	1.0	1
DLBCL_RICOVER_685	0.0024019324	0.0036988135	0.002393181	0.004441901	0.9870642	0.9870642	4.0	4
DLBCL10988	0.002100895	0.987508	0.004882838	0.0029903217	0.0025179412	0.987508	1.0	1
DLBCL10967	0.0022557913	0.0028101224	0.0028594974	0.0044567967	0.9876178	0.9876178	4.0	4
DLBCL10883	0.0024288248	0.0026022925	0.0029585764	0.004059798	0.9879505	0.9879505	4.0	4
DLBCL_C_D_1136_NULLPAIR	0.0018880013	0.98822236	0.0038617735	0.0028576902	0.0031701496	0.98822236	1.0	1
DLBCL11434	0.9882779	0.0020455313	0.0029622777	0.005012616	0.0017016635	0.9882779	0.0	0
DLBCL11187	0.0024760047	0.0025519107	0.0021665636	0.004138102	0.9886674	0.9886674	4.0	4
DLBCL_RICOVER_1248	0.00214142	0.0040745474	0.0015686883	0.0031114926	0.98910385	0.98910385	4.0	4
DLBCL10996	0.98936915	0.0010901495	0.0024442072	0.0043697245	0.002726767	0.98936915	0.0	0
DLBCL_C_D_1131_NULLPAIR	0.0022683628	0.98955876	0.0040043453	0.0016227977	0.002545743	0.98955876	1.0	1
DLBCL_C_D_1135_NULLPAIR	0.002551112	0.989609	0.0031301044	0.0020700241	0.0026397305	0.989609	1.0	1
DLBCL_RICOVER_712	0.0019093858	0.0032552516	0.0016638829	0.0030709344	0.99010056	0.99010056	4.0	4
DLBCL11000	0.0018629319	0.0025459535	0.0021336586	0.0033539382	0.99010354	0.99010354	4.0	4
DLBCL_LS146	0.0015697819	0.9901339	0.0040821433	0.0018454682	0.0023687328	0.9901339	1.0	1
DLBCL10966	0.9901747	0.0011703514	0.0020923323	0.0049285316	0.0016340566	0.9901747	0.0	0
DLBCL10945	0.99035263	0.0010505122	0.0016533241	0.003881407	0.003062129	0.99035263	0.0	0
DLBCL10853	0.002474184	0.002233669	0.0017940426	0.0029344382	0.9905637	0.9905637	4.0	4
DLBCL_C_D_1123_NULLPAIR	0.9905678	0.0014026458	0.0019309631	0.0046219775	0.0014766366	0.9905678	0.0	0
DLBC_FF_8043_TP_NB	0.0020819244	0.9905734	0.0034460574	0.0014857264	0.0024128864	0.9905734	1.0	1
DLBCL11482	0.991024	0.001109628	0.0015797947	0.004165237	0.0021213358	0.991024	0.0	0
DLBCL10534	0.0019167806	0.0019293802	0.0016464095	0.003166899	0.9913405	0.9913405	4.0	4
DLBCL_RICOVER_417	0.0015949266	0.0023023284	0.0016890633	0.0026603078	0.9917534	0.9917534	4.0	4
DLBCL11539	0.9918666	0.0008785775	0.001709151	0.0040408233	0.0015048708	0.9918666	0.0	0
DLBCL_MC_F132_MLM	0.9923935	0.0009868456	0.0013972997	0.0031875495	0.002034796	0.9923935	0.0	0
DLBCL10997	0.9932262	0.001069586	0.0015026886	0.0026138995	0.0015876729	0.9932262	0.0	0
DLBCL_RICOVER_174	0.0018087047	0.9935726	0.0020292331	0.0012182059	0.0013712638	0.9935726	1.0	1
DLBCL10515	0.99361587	0.0010313457	0.0011340326	0.002738143	0.0014806286	0.99361587	0.0	0
DLBCL10850	0.0012662567	0.99361753	0.0023440672	0.0009984856	0.0017736331	0.99361753	1.0	1
DLBCL10864	0.0012221627	0.0015318246	0.0013605224	0.0021598523	0.99372566	0.99372566	4.0	4
DLBCL11188	0.0010469577	0.9938549	0.0022515922	0.0011640071	0.0016825383	0.9938549	1.0	1
DLBCL_MAYO_DLBCL_7359	0.0014182262	0.9941533	0.0016304607	0.0009697071	0.0018282626	0.9941533	1.0	1
DLBCL10862	0.0012133326	0.0015189202	0.0012811909	0.0017638996	0.99422264	0.99422264	4.0	4
DLBCL10911	0.0012220405	0.9944386	0.0019970369	0.0010576241	0.0012847338	0.9944386	1.0	1
DLBCL10897	0.99447715	0.0008366091	0.0010098412	0.0023669049	0.0013095025	0.99447715	0.0	0
DLBCL10458	0.9948842	0.00068980176	0.0010932592	0.0023693407	0.00096343074	0.9948842	0.0	0
DLBCL_MC_F262_WLC	0.99524873	0.00064146967	0.00083411165	0.0020331284	0.0012425327	0.99524873	0.0	0
DLBCL_C_D_1114_NULLPAIR	0.9954182	0.0006151812	0.0009577334	0.0021034125	0.0009054901	0.9954182	0.0	0
DLBCL11537	0.9956469	0.00047807087	0.00095561164	0.0019035682	0.0010158836	0.9956469	0.0	0
DLBCL10834	0.00068493903	0.99711424	0.0009794905	0.00047124713	0.00075005426	0.99711424	1.0	1
