	C1	C2	C3	C4	C5	Confidence	True Cluster	Predicted Cluster
DLBCL10874	0.08972186	0.3105216	0.040315796	0.27843204	0.2810087	0.3105216	1.0	1
DLBCL11471	0.26474863	0.15657897	0.10144896	0.15940364	0.3178198	0.3178198	3.0	4
DLBCL11528	0.34620354	0.2747031	0.29978678	0.060869582	0.01843703	0.34620354	2.0	0
DLBCL_RICOVER_787	0.3647576	0.30938685	0.08391699	0.22604609	0.015892493	0.3647576	1.0	0
DLBCL10873	0.0965987	0.37379545	0.15889774	0.32955718	0.041150957	0.37379545	1.0	1
DLBCL11483	0.124170534	0.3807628	0.10942607	0.07478779	0.31085283	0.3807628	1.0	1
DLBCL11433	0.10624525	0.01474656	0.168732	0.32540923	0.38486695	0.38486695	3.0	4
DLBCL10955	0.09155523	0.086302	0.15245415	0.38841018	0.28127846	0.38841018	3.0	3
DLBCL_RICOVER_1150	0.35344192	0.39508116	0.025260411	0.18233779	0.043878708	0.39508116	0.0	1
DLBCL_MAYO_DLBCL_234	0.39671957	0.012290809	0.20670226	0.34675065	0.037536718	0.39671957	2.0	0
DLBCL10971	0.22162296	0.40698364	0.022020578	0.074105956	0.27526686	0.40698364	0.0	1
DLBCL10907	0.19750933	0.40825132	0.020805262	0.06925352	0.3041806	0.40825132	1.0	1
DLBCL10986	0.34256026	0.11153076	0.107696466	0.40868104	0.02953148	0.40868104	0.0	3
DLBCL11657	0.069447905	0.3238395	0.42027324	0.14752093	0.03891842	0.42027324	3.0	2
DLBCL_RICOVER_111	0.1222033	0.02664316	0.34383842	0.08407936	0.42323577	0.42323577	4.0	4
DLBCL10950	0.21566096	0.033910558	0.17906325	0.4293729	0.14199232	0.4293729	0.0	3
DLBCL_RICOVER_258	0.43262348	0.015488055	0.14558367	0.076920375	0.32938442	0.43262348	2.0	0
DLBCL10969	0.29942593	0.4331624	0.06377711	0.044401165	0.15923342	0.4331624	0.0	1
DLBCL_C_D_1117_NULLPAIR	0.26847687	0.43899548	0.028162844	0.23446272	0.029902097	0.43899548	1.0	1
DLBCL11538	0.081012584	0.012844949	0.44486323	0.38225374	0.0790255	0.44486323	3.0	2
DLBCL11466	0.0746438	0.33497217	0.073246434	0.45580375	0.061333824	0.45580375	1.0	3
DLBCL_MC_F927_JHS	0.09334514	0.25100783	0.11848669	0.07634843	0.4608119	0.4608119	4.0	4
DLBCL10486	0.4611409	0.16401674	0.017275775	0.10009421	0.25747237	0.4611409	0.0	0
DLBCL_LS4619	0.019092541	0.17598228	0.4630289	0.09390969	0.24798658	0.4630289	4.0	2
DLBCL10993	0.2704917	0.015062732	0.178085	0.46332037	0.0730402	0.46332037	0.0	3
DLBCL11534	0.06054043	0.031898953	0.4642164	0.23958704	0.20375718	0.4642164	2.0	2
DLBCL11519	0.46507522	0.06878838	0.05758595	0.3939421	0.01460836	0.46507522	0.0	0
DLBCL10936	0.16768348	0.46586692	0.15512739	0.10786474	0.10345746	0.46586692	2.0	1
DLBCL11576	0.05092645	0.27006975	0.18622726	0.46672425	0.026052276	0.46672425	3.0	3
DLBCL10532	0.039583076	0.021167737	0.20569243	0.2639874	0.46956936	0.46956936	4.0	4
DLBCL10856	0.058468312	0.08043579	0.34226933	0.049197398	0.46962914	0.46962914	2.0	4
DLBCL_C_D_1148_NULLPAIR	0.47059137	0.011519938	0.15430763	0.33838314	0.025197903	0.47059137	0.0	0
DLBCL_LS2154	0.3448461	0.4813755	0.0763652	0.07636159	0.021051597	0.4813755	0.0	1
DLBCL11003	0.05842244	0.40682128	0.018801888	0.031801842	0.48415256	0.48415256	1.0	4
DLBCL_RICOVER_522	0.12161108	0.02513523	0.35236916	0.4853929	0.01549162	0.4853929	2.0	3
DLBCL11590	0.22004433	0.01615891	0.4900886	0.24207841	0.03162972	0.4900886	2.0	2
DLBCL_LS1668	0.043681324	0.16880019	0.24262948	0.4937505	0.051138476	0.4937505	1.0	3
DLBCL10906	0.052790903	0.4151638	0.01794626	0.020054396	0.49404466	0.49404466	1.0	4
DLBCL_C_D_1153_NULLPAIR	0.06776211	0.044624317	0.021897051	0.371655	0.49406156	0.49406156	3.0	4
DLBCL11441	0.17480132	0.0129670445	0.09709374	0.49630585	0.21883205	0.49630585	2.0	3
DLBCL10974	0.038642894	0.025177734	0.060114328	0.37807855	0.4979865	0.4979865	3.0	4
DLBCL11510	0.4982536	0.22464235	0.036385477	0.050264187	0.1904544	0.4982536	4.0	0
DLBCL_RICOVER_720	0.03030705	0.5011859	0.038185164	0.019275935	0.41104594	0.5011859	4.0	1
DLBCL10539	0.051390648	0.22502112	0.07476028	0.5017897	0.14703827	0.5017897	3.0	3
DLBCL_LS1304	0.028067276	0.04560499	0.5040188	0.044222612	0.37808633	0.5040188	2.0	2
DLBCL10869	0.3001182	0.100006185	0.5071857	0.058024913	0.034665015	0.5071857	0.0	2
DLBCL10454	0.095293276	0.50881475	0.080112495	0.018000362	0.2977791	0.50881475	4.0	1
DLBCL11446	0.17715807	0.5095007	0.076663546	0.18534239	0.051335312	0.5095007	1.0	1
DLBCL_BWH_DLBCL64	0.23106675	0.17762606	0.059964985	0.51033956	0.021002624	0.51033956	3.0	3
DLBCL10915	0.055453286	0.1286675	0.060657125	0.5116888	0.24353322	0.5116888	4.0	3
DLBCL_RICOVER_401	0.039060343	0.5227704	0.40032524	0.023698123	0.014145869	0.5227704	1.0	1
DLBCL_RICOVER_1278	0.123818085	0.028383655	0.022725848	0.30023363	0.5248388	0.5248388	4.0	4
DLBCL10491	0.04723065	0.28335306	0.11907564	0.52910197	0.021238642	0.52910197	3.0	3
DLBCL10865	0.14763093	0.2436663	0.021942561	0.056903444	0.52985674	0.52985674	4.0	4
DLBCL_RICOVER_711	0.28547063	0.119511425	0.028593568	0.535377	0.031047365	0.535377	3.0	3
DLBCL10968	0.5372396	0.013090905	0.022662986	0.3495762	0.07743028	0.5372396	0.0	0
DLBCL10985	0.07366007	0.53797305	0.033846613	0.3131646	0.04135568	0.53797305	1.0	1
DLBCL10450	0.53854567	0.06844346	0.019238308	0.22393304	0.14983949	0.53854567	0.0	0
DLBCL_C_D_PAIR13	0.12585144	0.14365125	0.1059089	0.083555594	0.5410328	0.5410328	4.0	4
DLBCL11536	0.05514471	0.28110033	0.062332854	0.542477	0.058945112	0.542477	3.0	3
DLBCL11431	0.124707386	0.14205052	0.11123757	0.07778976	0.5442148	0.5442148	4.0	4
DLBCL11002	0.5454083	0.02409658	0.09713966	0.31751376	0.015841663	0.5454083	3.0	0
DLBCL_DFCI_DLBCL_GOE05	0.011518819	0.547094	0.07762422	0.019458832	0.34430414	0.547094	1.0	1
DLBCL_RICOVER_1204	0.025375023	0.04697018	0.0874762	0.5481089	0.2920697	0.5481089	4.0	3
DLBCL11467	0.0722272	0.05619368	0.100611	0.5486813	0.22228682	0.5486813	3.0	3
DLBCL11447	0.05004945	0.020462126	0.051082745	0.55098855	0.32741714	0.55098855	3.0	3
DLBCL_MC_F210_GWC	0.063485086	0.5521708	0.035316236	0.24643706	0.10259082	0.5521708	1.0	1
DLBCL11439	0.32896033	0.022235446	0.55217123	0.07563624	0.020996738	0.55217123	2.0	2
DLBCL10451	0.5526225	0.027658127	0.36775303	0.03822185	0.013744513	0.5526225	0.0	0
DLBCL10482	0.55510455	0.0407322	0.019819802	0.0326679	0.35167557	0.55510455	0.0	0
DLBCL11436	0.11221155	0.5607984	0.036112387	0.23500107	0.05587661	0.5607984	1.0	1
DLBCL_RICOVER_120	0.5610917	0.038047392	0.04943723	0.09711887	0.2543048	0.5610917	4.0	0
DLBCL10999	0.019246709	0.03801583	0.09635646	0.28481522	0.56156576	0.56156576	4.0	4
DLBCL10973	0.10844061	0.01920085	0.18760192	0.56269765	0.12205894	0.56269765	3.0	3
DLBCL_C_D_1138_NULLPAIR	0.020193135	0.5639053	0.2662781	0.056139477	0.093484014	0.5639053	1.0	1
DLBCL10549	0.04236281	0.56786215	0.33566326	0.0386826	0.015429204	0.56786215	2.0	1
DLBCL11681	0.5722279	0.011197821	0.27553463	0.09887168	0.042167958	0.5722279	0.0	0
DLBCL11652	0.57261014	0.28857285	0.054430965	0.047150988	0.037235036	0.57261014	0.0	0
DLBCL10965	0.2855298	0.015172514	0.044683617	0.5737237	0.08089041	0.5737237	3.0	3
DLBCL10909	0.055168185	0.018383496	0.0540778	0.57599634	0.2963742	0.57599634	4.0	3
DLBCL_RICOVER_1190	0.2759609	0.028089661	0.053372685	0.064927176	0.5776496	0.5776496	4.0	4
DLBCL10509	0.29048097	0.57852256	0.014700676	0.06293974	0.053356033	0.57852256	0.0	1
DLBCL11449	0.018300345	0.5819605	0.04554123	0.022346905	0.33185104	0.5819605	1.0	1
DLBCL_RICOVER_1287	0.026457042	0.3218357	0.029480765	0.03235673	0.5898698	0.5898698	4.0	4
DLBCL11474	0.5911943	0.01829257	0.023346385	0.32185987	0.04530691	0.5911943	0.0	0
DLBCL_RICOVER_1060	0.0851262	0.594803	0.026542787	0.025285576	0.26824248	0.594803	1.0	1
DLBCL10934	0.033018164	0.5955733	0.016611561	0.040581748	0.3142152	0.5955733	1.0	1
DLBCL_RICOVER_151	0.06913559	0.22239698	0.056772765	0.59575963	0.055935033	0.59575963	3.0	3
DLBCL_C_D_1103_NULLPAIR	0.046969943	0.047423683	0.290263	0.5966295	0.018713854	0.5966295	3.0	3
DLBCL10962	0.03329711	0.6035751	0.17366348	0.041225996	0.14823829	0.6035751	1.0	1
DLBCL11501	0.608616	0.27171788	0.033224426	0.03323357	0.05320809	0.608616	0.0	0
DLBCL_C_D_1166_NULLPAIR	0.018102452	0.33332008	0.022011576	0.014987235	0.61157864	0.61157864	4.0	4
DLBCL10552	0.18315771	0.025416167	0.16103165	0.6119456	0.018448824	0.6119456	3.0	3
DLBCL_MC_F496DMP	0.03715422	0.27525836	0.61473894	0.04697797	0.02587052	0.61473894	1.0	2
DLBCL10553	0.040197324	0.031542987	0.27599245	0.6163684	0.03589883	0.6163684	3.0	3
DLBC_FF_8042_TP_NB	0.014331734	0.18085796	0.10714948	0.07673451	0.6209263	0.6209263	4.0	4
DLBCL_LS2328	0.07167245	0.2593433	0.621195	0.037962466	0.0098267505	0.621195	2.0	2
DLBCL10877	0.6214534	0.20049861	0.06252893	0.067073666	0.04844541	0.6214534	0.0	0
DLBCL10867	0.029173339	0.26941723	0.019033615	0.056874942	0.62550086	0.62550086	4.0	4
DLBCL_RICOVER_1045	0.6285171	0.028633023	0.02236336	0.2815868	0.038899753	0.6285171	3.0	0
DLBCL_RICOVER_1018	0.055424184	0.21657722	0.038225565	0.6288005	0.06097252	0.6288005	3.0	3
DLBCL11432	0.632614	0.008054862	0.13130355	0.1805754	0.047452178	0.632614	0.0	0
DLBCL_RICOVER_506	0.015561231	0.28892547	0.033484854	0.028802695	0.63322574	0.63322574	4.0	4
DLBCL10868	0.09459986	0.016959	0.025275836	0.6378355	0.22532979	0.6378355	3.0	3
DLBCL11518	0.6390337	0.12621853	0.17196278	0.037938472	0.024846518	0.6390337	2.0	0
DLBCL_RICOVER_910	0.12095555	0.15834936	0.050386656	0.64112574	0.029182687	0.64112574	0.0	3
DLBCL10908	0.059712566	0.11588611	0.6441915	0.054219633	0.12599017	0.6441915	4.0	2
DLBCL11202	0.17134851	0.06768077	0.64617914	0.106413074	0.008378483	0.64617914	0.0	2
DLBCL11525	0.19406149	0.018622385	0.6470384	0.12395519	0.016322512	0.6470384	2.0	2
DLBCL11206	0.025211444	0.64751714	0.04050978	0.016899891	0.26986173	0.64751714	4.0	1
DLBCL_MC_F362_MJB1	0.025671432	0.25512022	0.6484716	0.021312172	0.04942455	0.6484716	2.0	2
DLBCL11664	0.18940893	0.654889	0.061222736	0.077462725	0.017016647	0.654889	1.0	1
DLBCL_C_D_1118_NULLPAIR	0.24476837	0.6604363	0.023016728	0.044478714	0.02729989	0.6604363	1.0	1
DLBCL11535	0.12302764	0.04913056	0.030626088	0.66330737	0.13390836	0.66330737	3.0	3
DLBCL_C_D_1140_NULLPAIR	0.07373733	0.045319896	0.08813633	0.1289578	0.66384864	0.66384864	4.0	4
DLBCL_MC_F064AB	0.038618207	0.018360212	0.6670816	0.22936146	0.04657855	0.6670816	2.0	2
DLBCL10453	0.016964106	0.6701994	0.033830106	0.031132672	0.24787371	0.6701994	1.0	1
DLBCL11574	0.06420699	0.08789816	0.6708139	0.063809484	0.11327144	0.6708139	2.0	2
DLBCL10514	0.077432945	0.15272985	0.67102855	0.087470986	0.011337644	0.67102855	2.0	2
DLBCL_MC_F739_AMA3	0.015373689	0.6714129	0.26657322	0.027749788	0.018890424	0.6714129	1.0	1
DLBCL_MC_F502_RFK	0.01392478	0.67352253	0.26716614	0.015690792	0.029695777	0.67352253	1.0	1
DLBCL_RICOVER_216	0.05781801	0.08413867	0.6792189	0.057078928	0.12174548	0.6792189	2.0	2
DLBCL10871	0.05631227	0.6831527	0.054930646	0.029554626	0.17604977	0.6831527	1.0	1
DFCIDL004_DT	0.18625858	0.013435516	0.018870486	0.09558774	0.6858477	0.6858477	4.0	4
DLBCL11678	0.058865633	0.031338837	0.18894368	0.68872917	0.032122675	0.68872917	3.0	3
DLBCL_LS3499	0.12121199	0.0975216	0.052303925	0.6893267	0.0396358	0.6893267	3.0	3
DLBCL_RICOVER_1081	0.05591771	0.011120861	0.04969292	0.19353259	0.68973595	0.68973595	4.0	4
DLBCL11659	0.6900153	0.017368257	0.17063726	0.10944325	0.012535911	0.6900153	0.0	0
DLBCL11194	0.051798765	0.013771316	0.02792275	0.21389797	0.6926092	0.6926092	4.0	4
DLBCL11430	0.6928504	0.014266104	0.06485673	0.21133205	0.01669471	0.6928504	0.0	0
DLBCL10548	0.6931012	0.08108348	0.01633818	0.16493632	0.04454081	0.6931012	0.0	0
DLBCL10981	0.06064014	0.6956133	0.029725933	0.12076718	0.093253426	0.6956133	1.0	1
DLBCL_C_D_1159_NULLPAIR	0.22451279	0.01592286	0.035526227	0.6958562	0.028181894	0.6958562	3.0	3
DLBCL10512	0.01133853	0.13915984	0.69596	0.052628636	0.10091299	0.69596	2.0	2
DLBCL10501	0.011643871	0.22103177	0.69969493	0.03691382	0.030715592	0.69969493	2.0	2
DLBCL10921	0.028080512	0.23359102	0.015514959	0.021929486	0.70088404	0.70088404	4.0	4
DLBCL10858	0.05615142	0.012402108	0.024453092	0.20417958	0.7028138	0.7028138	3.0	4
DLBCL10564	0.04506051	0.068165556	0.14396389	0.7086489	0.034161117	0.7086489	3.0	3
DLBCL11581	0.056491673	0.016426357	0.07695045	0.13995926	0.71017224	0.71017224	4.0	4
DLBC_FF_8062_TP_NB	0.092530906	0.022994192	0.15211542	0.7113676	0.0209919	0.7113676	3.0	3
DLBCL11491	0.17768204	0.020620286	0.036508966	0.7141774	0.051011276	0.7141774	3.0	3
DLBCL11488	0.71881634	0.010048779	0.0180922	0.069781214	0.18326145	0.71881634	0.0	0
DLBCL_LS2325	0.0426265	0.1949847	0.7197006	0.028490778	0.0141974185	0.7197006	2.0	2
DLBCL11204	0.15912816	0.7214602	0.049711388	0.031918988	0.037781224	0.7214602	1.0	1
DLBCL11473	0.72440684	0.030167213	0.015449868	0.18925373	0.040722374	0.72440684	0.0	0
DLBCL_RICOVER_583	0.012155851	0.7247825	0.05166589	0.017657831	0.1937379	0.7247825	1.0	1
DLBCL_C_D_1115_NULLPAIR	0.08510804	0.098995455	0.04677637	0.72745425	0.04166588	0.72745425	3.0	3
DLBCL_LS2245	0.057878282	0.72762257	0.16146453	0.025674934	0.027359713	0.72762257	1.0	1
DLBCL11478	0.72778124	0.035932332	0.18624957	0.03918068	0.010856193	0.72778124	0.0	0
DLBCL10536	0.030138351	0.16044118	0.72874755	0.0642359	0.016437015	0.72874755	2.0	2
DLBCL11480	0.7319081	0.020742046	0.126932	0.07236968	0.048048202	0.7319081	0.0	0
DLBCL_RICOVER_866	0.03177213	0.019629227	0.73218006	0.2043325	0.012086067	0.73218006	2.0	2
DLBCL_RICOVER_467	0.013347703	0.73273367	0.025593305	0.013036285	0.21528901	0.73273367	1.0	1
DLBCL10544	0.03934619	0.0141306035	0.04087301	0.7339238	0.17172642	0.7339238	3.0	3
DLBCL11346	0.025196446	0.7352805	0.025301429	0.023529371	0.19069225	0.7352805	1.0	1
DLBCL_RICOVER_1046	0.010051156	0.73743516	0.18931702	0.021619894	0.041576765	0.73743516	1.0	1
DLBCL10881	0.18174073	0.014793652	0.015866248	0.050065033	0.73753434	0.73753434	4.0	4
DLBCL11515	0.02503764	0.06865734	0.7381989	0.046184998	0.121921144	0.7381989	2.0	2
DLBCL10980	0.009447285	0.17910579	0.036169566	0.03518211	0.74009526	0.74009526	4.0	4
DLBCL10891	0.028472263	0.012891537	0.053036116	0.16234368	0.7432564	0.7432564	4.0	4
DLBCL10527	0.023635674	0.024386823	0.09788836	0.74761957	0.10646956	0.74761957	3.0	3
DLBCL10513	0.0962957	0.049238686	0.09002011	0.74845827	0.01598726	0.74845827	3.0	3
DLBCL10492	0.74896044	0.021086315	0.013609304	0.07536415	0.14097978	0.74896044	0.0	0
DLBCL_LS2590	0.024038082	0.01615553	0.040269233	0.16846544	0.7510717	0.7510717	3.0	4
DLBCL_RICOVER_956	0.012533279	0.1922041	0.019209506	0.024735631	0.7513175	0.7513175	4.0	4
DLBCL10487	0.06021178	0.7534309	0.061228685	0.10639336	0.01873528	0.7534309	1.0	1
DLBC_FF_A7CX_TP_NB	0.75600594	0.053158112	0.07945004	0.041392695	0.069993235	0.75600594	4.0	0
DLBCL_RICOVER_1329	0.036272515	0.17408057	0.0132295955	0.019054053	0.75736326	0.75736326	4.0	4
DLBCL10846	0.12892763	0.76102906	0.03177911	0.050227858	0.028036362	0.76102906	1.0	1
DLBCL11675	0.019435769	0.011979141	0.7634024	0.07804156	0.12714115	0.7634024	2.0	2
DLBCL11663	0.7636857	0.040172204	0.07424666	0.08729307	0.034602355	0.7636857	0.0	0
DLBCL_MC_F218_RAP	0.12317381	0.016795978	0.07642315	0.76411086	0.019496176	0.76411086	3.0	3
DLBCL10863	0.10342255	0.013395383	0.034001328	0.7656438	0.08353694	0.7656438	3.0	3
DLBCL_RICOVER_274	0.049056124	0.095153175	0.03529183	0.7658377	0.05466117	0.7658377	3.0	3
DLBCL10894	0.12536834	0.76674336	0.016866049	0.0626569	0.028365316	0.76674336	0.0	1
DLBCL_RICOVER_320	0.043990478	0.1027047	0.76678354	0.05608509	0.030436188	0.76678354	2.0	2
DLBCL10970	0.036636516	0.081050396	0.07893148	0.7693254	0.03405623	0.7693254	3.0	3
DLBCL10503	0.030260542	0.7711534	0.13655035	0.03016284	0.031872887	0.7711534	1.0	1
DLBCL10888	0.024864724	0.012558808	0.08099192	0.10897788	0.7726067	0.7726067	4.0	4
DLBCL11455	0.095691636	0.015201783	0.051429737	0.77375305	0.063923776	0.77375305	3.0	3
DLBCL10919	0.13347444	0.012612737	0.043157868	0.77856284	0.032192085	0.77856284	3.0	3
DLBCL11468	0.053376343	0.023589583	0.12166256	0.77861285	0.022758689	0.77861285	2.0	3
DLBCL_C_D_1126_NULLPAIR	0.13365902	0.77958536	0.021310598	0.029671885	0.03577312	0.77958536	1.0	1
DFCIDL008_DT	0.01997278	0.0620792	0.10914859	0.021623254	0.7871762	0.7871762	4.0	4
DLBCL_C_D_1149_NULLPAIR	0.018563233	0.7872362	0.060487702	0.013365189	0.120347686	0.7872362	1.0	1
DLBCL10488	0.7874634	0.06404308	0.08822986	0.053027064	0.0072365785	0.7874634	0.0	0
DLBCL10466	0.009624893	0.09417171	0.7880996	0.078350656	0.029753169	0.7880996	2.0	2
DLBCL10984	0.016246408	0.13894206	0.015616481	0.04086856	0.7883265	0.7883265	4.0	4
DLBCL_RICOVER_1061	0.07154078	0.012605147	0.10160165	0.793556	0.020696457	0.793556	3.0	3
DLBCL10878	0.1042196	0.012363934	0.016489778	0.07269144	0.7942352	0.7942352	4.0	4
DLBCL11496	0.79517925	0.014982386	0.025550961	0.03525061	0.12903678	0.79517925	0.0	0
DLBCL10462	0.79651546	0.007229403	0.037583966	0.09673903	0.06193211	0.79651546	0.0	0
DLBCL10782	0.103613086	0.036080625	0.04170161	0.79662615	0.021978512	0.79662615	3.0	3
DLBCL_RICOVER_478	0.08938235	0.79712635	0.023614252	0.016988311	0.07288873	0.79712635	1.0	1
DLBCL11671	0.7988188	0.008263212	0.048905507	0.12890792	0.015104536	0.7988188	0.0	0
DLBCL10835	0.013057048	0.065389335	0.0235682	0.099160515	0.7988249	0.7988249	4.0	4
DLBCL11437	0.046158925	0.011407626	0.04813082	0.8010551	0.09324756	0.8010551	3.0	3
DLBCL_RICOVER_338	0.8027211	0.0097006345	0.028731046	0.13880225	0.020044956	0.8027211	0.0	0
DLBCL11541	0.013920566	0.082772434	0.8034059	0.039055496	0.060845606	0.8034059	2.0	2
DLBCL10994	0.8048232	0.05073692	0.022693135	0.03623991	0.08550683	0.8048232	0.0	0
DLBCL_C_D_1112_NULLPAIR	0.021899901	0.0786481	0.8049722	0.06292958	0.031550277	0.8049722	2.0	2
DLBCL_LS2208	0.014307468	0.05659649	0.087214075	0.035609692	0.80627227	0.80627227	4.0	4
DLBCL10837	0.049832128	0.027903853	0.022219941	0.09057954	0.8094645	0.8094645	4.0	4
DLBCL10566	0.05297328	0.104396716	0.016402444	0.016273905	0.80995363	0.80995363	4.0	4
DLBCL_RICOVER_1269	0.011667796	0.059741564	0.81054354	0.06392475	0.05412238	0.81054354	2.0	2
DLBCL_RICOVER_496	0.038860228	0.81286263	0.10350604	0.03242085	0.01235022	0.81286263	1.0	1
DLBCL_MC_F307_JPS	0.81313634	0.019618677	0.024488678	0.11915469	0.02360158	0.81313634	0.0	0
DLBCL11464	0.110585876	0.014919889	0.028348427	0.8135827	0.032563075	0.8135827	3.0	3
DLBCL_RICOVER_985	0.030951051	0.023632174	0.1026533	0.81608856	0.026674908	0.81608856	3.0	3
DLBCL11542	0.020945748	0.09261977	0.81621796	0.061447695	0.008768831	0.81621796	2.0	2
DLBCL10964	0.017708514	0.056255087	0.016355457	0.09276821	0.8169127	0.8169127	4.0	4
DLBCL10456	0.032562483	0.018575164	0.084556065	0.8170188	0.047287498	0.8170188	3.0	3
DLBCL_C_D_1157_NULLPAIR	0.09041359	0.024489716	0.8176699	0.057248913	0.01017785	0.8176699	2.0	2
DLBCL_RICOVER_773	0.010841151	0.09494156	0.051816203	0.023429513	0.8189716	0.8189716	4.0	4
DLBCL11523	0.03939106	0.021188056	0.019615397	0.09657444	0.82323104	0.82323104	0.0	4
DLBCL_MC_F815_BAT	0.023920938	0.05520965	0.82553566	0.08387711	0.011456653	0.82553566	2.0	2
DLBCL_RICOVER_1106	0.010538591	0.06721709	0.025397707	0.06893193	0.8279147	0.8279147	4.0	4
DLBCL_LS4593	0.014388577	0.074246705	0.8283533	0.067268655	0.015742794	0.8283533	2.0	2
DLBCL_MAYO_DLBCL_3653	0.8293694	0.017942002	0.02661369	0.07233797	0.053736895	0.8293694	0.0	0
DLBCL_RICOVER_617	0.068112426	0.017735606	0.065379806	0.83033097	0.018441193	0.83033097	3.0	3
DLBCL11679	0.10120935	0.83122647	0.032808438	0.022210946	0.012544788	0.83122647	1.0	1
DLBCL10780	0.02995945	0.8346926	0.06653205	0.05534062	0.013475289	0.8346926	1.0	1
DLBCL_MC_F606_DMJ	0.014962461	0.11309032	0.8351464	0.020536862	0.016263952	0.8351464	2.0	2
DLBCL11512	0.83732235	0.033736486	0.037886668	0.081186704	0.009867768	0.83732235	0.0	0
DLBCL_RICOVER_299	0.014697397	0.8373665	0.11990507	0.012039928	0.015991092	0.8373665	1.0	1
DLBCL_RICOVER_575	0.044292565	0.023558922	0.076097146	0.8385884	0.01746295	0.8385884	3.0	3
DLBCL_C_D_1139_NULLPAIR	0.075543955	0.03338543	0.028506933	0.8390198	0.023543892	0.8390198	3.0	3
DLBC_FF_A7CQ_TP_NB	0.06185291	0.012379282	0.015781954	0.06910707	0.8408788	0.8408788	4.0	4
DLBCL_RICOVER_950	0.035207823	0.015449156	0.08246371	0.84374535	0.023133958	0.84374535	3.0	3
DLBCL10521	0.014276059	0.11643375	0.01011834	0.01476733	0.8444045	0.8444045	4.0	4
DLBCL_RICOVER_314	0.009682132	0.09223053	0.025740927	0.027674818	0.8446716	0.8446716	4.0	4
DLBCL10957	0.8450289	0.01619239	0.06088897	0.06586734	0.012022451	0.8450289	0.0	0
DLBCL_RICOVER_780	0.0093663605	0.84648675	0.10591352	0.024519073	0.013714282	0.84648675	1.0	1
DLBCL_RICOVER_701	0.07368856	0.016246468	0.02831553	0.85011256	0.031636886	0.85011256	3.0	3
DLBCL_RICOVER_440	0.014609881	0.85066414	0.107972585	0.010600586	0.016152801	0.85066414	2.0	1
DLBCL10469	0.05231208	0.010530686	0.048796073	0.8516845	0.036676664	0.8516845	3.0	3
DLBCL10494	0.011577581	0.85267663	0.10044353	0.020075412	0.015226842	0.85267663	1.0	1
DLBCL10517	0.008049057	0.8542945	0.09597552	0.024359979	0.01732095	0.8542945	1.0	1
DLBCL11479	0.018933676	0.85503596	0.08591944	0.01774148	0.022369463	0.85503596	1.0	1
DLBCL11569	0.023728171	0.08856446	0.8566093	0.022381008	0.008717081	0.8566093	2.0	2
DLBCL10914	0.85726535	0.05124984	0.05507239	0.024282822	0.012129602	0.85726535	0.0	0
DLBCL_RICOVER_978	0.8588172	0.023676282	0.051797908	0.058347438	0.007361132	0.8588172	2.0	0
DLBCL_LS4592	0.009223028	0.019057645	0.859025	0.057505768	0.055188563	0.859025	2.0	2
DLBCL11658	0.031891316	0.011763152	0.04296611	0.86129725	0.052082147	0.86129725	3.0	3
DLBCL10518	0.024831347	0.012183564	0.86203116	0.08946824	0.0114857135	0.86203116	2.0	2
DLBCL11683	0.02272052	0.019146595	0.86247003	0.08529242	0.010370428	0.86247003	2.0	2
DLBCL10910	0.010153411	0.050497256	0.8626552	0.057013586	0.019680537	0.8626552	2.0	2
DLBCL11661	0.017872611	0.86301047	0.060063478	0.049846034	0.009207442	0.86301047	1.0	1
DLBCL11448	0.015689474	0.01885198	0.0234786	0.07870345	0.8632765	0.8632765	3.0	4
DLBCL11495	0.035647653	0.009085015	0.017365878	0.07436939	0.86353207	0.86353207	4.0	4
DLBCL10485	0.017585974	0.08906811	0.014363368	0.013941794	0.8650408	0.8650408	4.0	4
DLBCL10838	0.012531107	0.09450205	0.010299267	0.016591232	0.86607635	0.86607635	4.0	4
DLBCL_LS762	0.018900983	0.022815103	0.061418217	0.029577255	0.8672885	0.8672885	2.0	4
DLBCL11196	0.03416526	0.0106591955	0.0370575	0.8676125	0.050505552	0.8676125	3.0	3
DLBCL11504	0.062431414	0.014436203	0.017527802	0.0377598	0.86784476	0.86784476	3.0	4
DLBCL_LS3204	0.03365727	0.86888266	0.04400085	0.04256672	0.010892515	0.86888266	1.0	1
DLBCL11527	0.032690354	0.023078667	0.056591872	0.8689056	0.018733507	0.8689056	3.0	3
DLBCL_LS1921	0.017384935	0.86893535	0.049142063	0.05477307	0.009764607	0.86893535	1.0	1
DLBCL_LS1395	0.021821335	0.06942116	0.86902297	0.017432174	0.022302357	0.86902297	2.0	2
DLBCL10472	0.022057366	0.014935065	0.8697356	0.08055395	0.012718028	0.8697356	2.0	2
DLBCL11655	0.05138424	0.010509754	0.026405226	0.8697848	0.041915987	0.8697848	3.0	3
DLBCL11533	0.059723824	0.8699048	0.032599326	0.027735293	0.010036734	0.8699048	1.0	1
DLBCL_C_D_1119_NULLPAIR	0.08087685	0.87006617	0.019642053	0.014374613	0.01504033	0.87006617	1.0	1
DFCIDL009_DT	0.013917135	0.08110584	0.87174004	0.022172883	0.011064094	0.87174004	2.0	2
DLBCL_C_D_1144_NULLPAIR	0.024504475	0.06966489	0.010660275	0.02128091	0.87388945	0.87388945	4.0	4
DLBCL_RICOVER_408	0.025616907	0.8763232	0.07157324	0.014698799	0.011787803	0.8763232	2.0	1
DLBCL_RICOVER_473	0.8789546	0.044292495	0.015345916	0.03947565	0.021931378	0.8789546	0.0	0
DLBCL10927	0.052999195	0.012242269	0.035478946	0.8796257	0.019653907	0.8796257	3.0	3
DLBCL_C_D_1109_NULLPAIR	0.05070955	0.011137004	0.029889451	0.8843266	0.023937412	0.8843266	3.0	3
DLBCL_RICOVER_1289	0.026960881	0.0097406255	0.013723791	0.063705325	0.8858694	0.8858694	4.0	4
DLBCL10547	0.03542002	0.01512047	0.034950133	0.8858941	0.028615277	0.8858941	3.0	3
DLBCL10978	0.032650534	0.014937337	0.040339552	0.8873979	0.02467471	0.8873979	3.0	3
DLBCL_MC_F139_LJF	0.04307182	0.012563914	0.031568035	0.8894898	0.02330638	0.8894898	3.0	3
DLBCL10939	0.03571508	0.0131217325	0.030338004	0.89099467	0.029830493	0.89099467	3.0	3
DLBCL10899	0.0337526	0.030577414	0.007732651	0.036392055	0.8915453	0.8915453	4.0	4
DLBCL_C_D_1151_NULLPAIR	0.04138513	0.017117979	0.031047823	0.891934	0.018515106	0.891934	3.0	3
DLBCL_LS4616	0.008579693	0.056863453	0.89195985	0.029933263	0.012663763	0.89195985	2.0	2
DLBCL10961	0.006857225	0.039865203	0.019899948	0.04091186	0.8924658	0.8924658	4.0	4
DLBCL10930	0.06018668	0.014307564	0.01541571	0.017490525	0.8925995	0.8925995	4.0	4
DLBCL10857	0.040020518	0.009925905	0.009780181	0.047564216	0.8927092	0.8927092	4.0	4
DLBCL_RICOVER_850	0.010286024	0.037011772	0.01841555	0.039265282	0.8950214	0.8950214	4.0	4
DLBCL11676	0.8951924	0.008957115	0.040092606	0.049355097	0.006402804	0.8951924	0.0	0
DLBCL11507	0.020595422	0.89635354	0.05959748	0.013096677	0.010356858	0.89635354	1.0	1
DLBCL10497	0.035628416	0.010579372	0.030931713	0.8968746	0.025985885	0.8968746	3.0	3
DLBCL_C_D_1105_NULLPAIR	0.05839912	0.89752936	0.015583804	0.016262252	0.012225469	0.89752936	1.0	1
DLBCL11516	0.023045978	0.8979021	0.026884925	0.030822564	0.02134449	0.8979021	1.0	1
DLBCL10885	0.032399815	0.8981913	0.012219384	0.020531558	0.036657993	0.8981913	1.0	1
DLBCL10989	0.010334389	0.8985385	0.019896075	0.01492192	0.05630917	0.8985385	1.0	1
DLBCL10935	0.8995896	0.045799896	0.007561519	0.024918139	0.022130854	0.8995896	0.0	0
DLBCL11435	0.8996434	0.0063188155	0.0143420845	0.06681558	0.012880114	0.8996434	0.0	0
DLBCL_RICOVER_361	0.026615635	0.012614096	0.03509774	0.9001363	0.02553621	0.9001363	3.0	3
DLBCL10523	0.02588074	0.011293108	0.90036273	0.0554526	0.0070108296	0.90036273	2.0	2
DLBCL11486	0.90128183	0.009225059	0.014188705	0.024336722	0.050967697	0.90128183	0.0	0
DLBCL10932	0.037653428	0.0116985245	0.028626569	0.9020974	0.019924093	0.9020974	3.0	3
DLBCL10490	0.902376	0.012128732	0.009275582	0.0398499	0.03636982	0.902376	0.0	0
DLBCL11673	0.012742389	0.9028637	0.057815813	0.017342998	0.009235112	0.9028637	1.0	1
DLBCL11459	0.032785073	0.011328548	0.030406402	0.9029113	0.022568665	0.9029113	3.0	3
DLBCL11513	0.008602741	0.013520965	0.033837005	0.04084927	0.90319	0.90319	4.0	4
DLBCL_LS2357	0.03097075	0.012126716	0.028856114	0.9040621	0.023984356	0.9040621	3.0	3
DLBCL10565	0.028891899	0.017233364	0.9050909	0.040626638	0.008157154	0.9050909	3.0	2
DLBCL10895	0.01018126	0.055610266	0.015370303	0.013693911	0.9051443	0.9051443	4.0	4
DLBCL11564	0.031220822	0.011590848	0.027564306	0.90560734	0.024016708	0.90560734	3.0	3
DLBCL11004	0.011885309	0.013022094	0.012476162	0.05654271	0.90607375	0.90607375	4.0	4
DLBCL11460	0.032129873	0.0143150585	0.028073264	0.90714973	0.01833208	0.90714973	3.0	3
DLBCL10542	0.90802056	0.0054107145	0.015859278	0.022678688	0.048030753	0.90802056	0.0	0
DLBCL11500	0.020194922	0.011924801	0.037459902	0.022042934	0.90837747	0.90837747	4.0	4
DLBCL10555	0.042303868	0.02068854	0.9091398	0.02189861	0.0059691616	0.9091398	2.0	2
DLBCL10844	0.9094079	0.01796977	0.008877648	0.019156512	0.044588163	0.9094079	0.0	0
DLBCL_RICOVER_173	0.012726703	0.0101357605	0.014164482	0.05015489	0.9128182	0.9128182	4.0	4
DLBCL11469	0.013660038	0.017344166	0.9135228	0.018381266	0.03709172	0.9135228	2.0	2
DLBC_FF_8046_TP_NB	0.028319743	0.013651908	0.9138252	0.025471361	0.018731758	0.9138252	2.0	2
DLBCL10870	0.0075028753	0.012862484	0.03751308	0.028016169	0.9141054	0.9141054	4.0	4
DLBCL_LS2599	0.015490817	0.021108627	0.91444355	0.04296921	0.0059877983	0.91444355	2.0	2
DLBCL10898	0.010611783	0.046926122	0.0077436417	0.01750763	0.9172108	0.9172108	4.0	4
DLBCL10833	0.023199413	0.008924843	0.010417411	0.03946596	0.91799235	0.91799235	4.0	4
DLBCL11472	0.91948944	0.004564705	0.016456183	0.043540273	0.015949404	0.91948944	0.0	0
DLBCL10843	0.92136526	0.0064479704	0.009943297	0.047560696	0.014682783	0.92136526	0.0	0
DLBCL11454	0.9213931	0.010981633	0.006534722	0.049803756	0.011286807	0.9213931	0.0	0
DLBCL_LS2367	0.9224466	0.022695731	0.0091446	0.03306183	0.012651211	0.9224466	0.0	0
DLBCL11680	0.035604246	0.013978156	0.9252718	0.018071812	0.0070739496	0.9252718	2.0	2
DLBCL11476	0.016666714	0.0371063	0.007619119	0.012042922	0.92656493	0.92656493	4.0	4
DLBCL_C_D_1106_NULLPAIR	0.034152843	0.92837065	0.013152085	0.013719117	0.010605326	0.92837065	1.0	1
DLBCL11651	0.011841006	0.011376697	0.92861694	0.030668378	0.017496962	0.92861694	2.0	2
DLBCL10854	0.009642414	0.010748289	0.013191995	0.036744583	0.9296727	0.9296727	4.0	4
DLBCL11001	0.014998105	0.008403742	0.02009723	0.024485596	0.9320153	0.9320153	4.0	4
DLBCL_LS4054	0.01486864	0.9320169	0.01483321	0.022448443	0.015832797	0.9320169	1.0	1
DLBCL_LS3809	0.932149	0.01261321	0.016471323	0.014156847	0.0246096	0.932149	0.0	0
DLBCL10902	0.00618539	0.02598759	0.015111528	0.020050226	0.9326653	0.9326653	4.0	4
DLBCL11498	0.033392813	0.9326893	0.011195245	0.009792642	0.012930001	0.9326893	1.0	1
DLBCL_RICOVER_134	0.007209418	0.03566952	0.007965306	0.0161825	0.93297327	0.93297327	4.0	4
DLBCL11477	0.9334612	0.00585196	0.012666306	0.036748096	0.011272471	0.9334612	0.0	0
DLBCL_RICOVER_1299	0.016810145	0.008976996	0.0077242455	0.032780677	0.93370795	0.93370795	4.0	4
DLBCL10879	0.011826492	0.01107736	0.93509525	0.025594762	0.016406111	0.93509525	2.0	2
DLBCL10467	0.015253992	0.008811397	0.021263864	0.019453857	0.9352169	0.9352169	4.0	4
DLBCL_LS155	0.01612284	0.0071905917	0.9353021	0.031694457	0.009690033	0.9353021	2.0	2
DLBCL11484	0.009103184	0.935333	0.02085494	0.00824567	0.026463203	0.935333	1.0	1
DLBCL11591	0.0075107994	0.9358766	0.040259093	0.0071653705	0.009188108	0.9358766	1.0	1
DLBCL10904	0.012380297	0.017103702	0.015006387	0.019482784	0.9360268	0.9360268	4.0	4
DLBCL11566	0.009257779	0.030066248	0.93626046	0.017307013	0.007108513	0.93626046	2.0	2
DLBCL10463	0.007276905	0.009678175	0.016000172	0.030306952	0.9367378	0.9367378	4.0	4
DLBCL10947	0.017732022	0.9367584	0.00995774	0.006168109	0.029383715	0.9367584	1.0	1
DLBCL_LS843	0.008130486	0.009998795	0.93903273	0.02730891	0.015529089	0.93903273	2.0	2
DLBCL_RICOVER_1032	0.006750857	0.035185922	0.0065579982	0.011631638	0.9398736	0.9398736	4.0	4
DLBCL_LS3245	0.006560827	0.9405079	0.034843586	0.009114349	0.008973335	0.9405079	1.0	1
DLBCL10483	0.006102945	0.9413108	0.033582274	0.005878561	0.013125398	0.9413108	1.0	1
DLBCL_RICOVER_945	0.94207543	0.011297627	0.0048262426	0.028878411	0.012922301	0.94207543	0.0	0
DLBCL11573	0.01144574	0.023324903	0.94239634	0.015999576	0.006833408	0.94239634	2.0	2
DLBCL_C_D_1156_NULLPAIR	0.9428527	0.007148093	0.0075619286	0.035012167	0.007425149	0.9428527	0.0	0
DLBCL10452	0.007343293	0.9428971	0.020544734	0.009360455	0.01985446	0.9428971	1.0	1
DLBCL10995	0.009323086	0.012384712	0.94297457	0.02747238	0.007845229	0.94297457	2.0	2
DLBCL_RICOVER_1165	0.008591717	0.94303524	0.025710544	0.0075681293	0.01509437	0.94303524	1.0	1
DLBCL10464	0.023141319	0.009869019	0.9442084	0.016812973	0.005968311	0.9442084	2.0	2
DLBCL_RICOVER_335	0.012092614	0.94522965	0.011544182	0.021854082	0.0092794495	0.94522965	1.0	1
DLBCL11458	0.01471563	0.013560029	0.9452703	0.020573352	0.005880715	0.9452703	2.0	2
DLBCL11662	0.9454539	0.0058309957	0.0060561257	0.020745438	0.021913573	0.9454539	0.0	0
DLBCL11456	0.010633756	0.9461951	0.018317882	0.018317265	0.006535969	0.9461951	1.0	1
DLBCL11470	0.9469284	0.00319703	0.011340113	0.029827174	0.00870733	0.9469284	0.0	0
DLBCL_C_D_1129_NULLPAIR	0.9471531	0.008968861	0.02035593	0.014882193	0.0086399	0.9471531	0.0	0
DLBCL_RICOVER_744	0.022488141	0.010376477	0.94751114	0.013224399	0.0063998555	0.94751114	2.0	2
DLBCL11242	0.017498663	0.007570801	0.007495268	0.019690713	0.94774455	0.94774455	4.0	4
DLBCL11526	0.015255587	0.009639715	0.94847476	0.021857299	0.0047726515	0.94847476	2.0	2
DLBCL_RICOVER_1235	0.005435043	0.9485965	0.030146329	0.007017197	0.008804943	0.9485965	1.0	1
DLBCL11481	0.94867283	0.004480372	0.02333326	0.015379117	0.00813443	0.94867283	0.0	0
DLBCL_LS3820	0.005807635	0.018162519	0.94878495	0.014632048	0.01261285	0.94878495	2.0	2
DLBCL11208	0.008554401	0.94943464	0.020591853	0.010272826	0.0111462865	0.94943464	1.0	1
DLBCL11429	0.9502583	0.003686241	0.00736915	0.024223339	0.014462974	0.9502583	0.0	0
DLBCL_C_D_1108_NULLPAIR	0.006609042	0.9504152	0.008852489	0.005753168	0.028370101	0.9504152	1.0	1
DLBCL10848	0.009566027	0.0060309614	0.012415101	0.02137685	0.95061105	0.95061105	4.0	4
DLBCL10460	0.009687482	0.9511478	0.026559997	0.005819745	0.0067849807	0.9511478	1.0	1
DLBCL10916	0.0051486297	0.020071352	0.008930932	0.013929236	0.95191985	0.95191985	4.0	4
DLBCL10963	0.006260545	0.011709361	0.009864815	0.019253856	0.95291144	0.95291144	4.0	4
DLBCL10959	0.9529993	0.009584307	0.0053976797	0.018633934	0.013384814	0.9529993	0.0	0
DLBCL_RICOVER_678	0.011287302	0.9534157	0.0076522324	0.0052390913	0.02240566	0.9534157	1.0	1
DLBCL10884	0.9544355	0.0044992063	0.008395585	0.026595898	0.006073756	0.9544355	0.0	0
DLBCL_LS1683	0.004717952	0.9547389	0.015429879	0.0056166938	0.019496549	0.9547389	1.0	1
DLBCL_RICOVER_1283	0.0067353994	0.007079097	0.95507544	0.020135472	0.010974595	0.95507544	2.0	2
DLBCL11656	0.008952049	0.006218284	0.9555223	0.014361366	0.014945996	0.9555223	2.0	2
DLBCL10983	0.00853915	0.95567656	0.008013868	0.007582062	0.020188369	0.95567656	1.0	1
DLBCL11672	0.009005328	0.0067382785	0.95628554	0.020062367	0.0079085175	0.95628554	2.0	2
DLBCL10554	0.015911847	0.0074233916	0.95670426	0.015128709	0.004831819	0.95670426	2.0	2
DLBCL_C_D_1113_NULLPAIR	0.0095882695	0.011976476	0.95705116	0.016376292	0.0050077825	0.95705116	2.0	2
DLBCL_MAYO_DLBCL_5613	0.95794284	0.009307285	0.006071671	0.013240172	0.013438045	0.95794284	0.0	0
DLBCL10502	0.004783836	0.9579618	0.023274727	0.0061001563	0.00787948	0.9579618	1.0	1
DFCIDL003_DT	0.00793139	0.9589992	0.02213104	0.004953779	0.0059845685	0.9589992	1.0	1
DLBCL10972	0.95924866	0.006581167	0.0053741774	0.018435132	0.010360876	0.95924866	0.0	0
DLBCL10522	0.011852811	0.0069772457	0.95959634	0.013246033	0.008327559	0.95959634	2.0	2
DLBC_FF_A7CW_TP_NB	0.0050700167	0.01568181	0.0092777135	0.010100269	0.9598702	0.9598702	4.0	4
DLBCL11670	0.004725598	0.010152928	0.9602886	0.018191129	0.006641748	0.9602886	2.0	2
DLBCL10956	0.011157254	0.9604109	0.0061120423	0.005773124	0.016546672	0.9604109	1.0	1
DLBCL10900	0.011470951	0.006201088	0.0055083777	0.016386982	0.9604326	0.9604326	4.0	4
DLBCL10896	0.96088326	0.0064057214	0.003832428	0.017556725	0.011321862	0.96088326	0.0	0
DLBCL10498	0.00867239	0.009169698	0.96098214	0.017663226	0.0035125131	0.96098214	2.0	2
DLBCL_RICOVER_533	0.01180193	0.9612302	0.013500618	0.008546339	0.004920904	0.9612302	1.0	1
DLBCL10836	0.008046338	0.0053598713	0.008916674	0.015586754	0.9620904	0.9620904	4.0	4
DLBCL_RICOVER_577	0.0076802773	0.008752746	0.9622483	0.013413357	0.00790528	0.9622483	2.0	2
DLBCL10847	0.010285394	0.016227586	0.0042646406	0.006613748	0.96260864	0.96260864	4.0	4
DLBCL_RICOVER_1210	0.004958693	0.96292776	0.014398397	0.010656698	0.007058464	0.96292776	1.0	1
DLBCL10866	0.007932342	0.0059751985	0.006723381	0.016050432	0.96331865	0.96331865	4.0	4
DLBCL10889	0.0055200164	0.006883007	0.008027725	0.016189765	0.9633795	0.9633795	4.0	4
DLBCL10876	0.0051202304	0.01669199	0.0047247806	0.009402207	0.9640608	0.9640608	4.0	4
DLBCL10925	0.0063732252	0.011258197	0.00491498	0.012950238	0.96450335	0.96450335	4.0	4
DLBCL10931	0.9646511	0.002516844	0.006897318	0.016852273	0.009082473	0.9646511	0.0	0
DLBC_FF_A7CR_TP_NB	0.009459298	0.004673913	0.0072038244	0.013870337	0.9647926	0.9647926	4.0	4
DLBCL10457	0.004819769	0.015116036	0.005992495	0.009103387	0.9649683	0.9649683	4.0	4
DLBCL_C_D_1133_NULLPAIR	0.0071847066	0.013431372	0.9649776	0.010030175	0.0043761358	0.9649776	2.0	2
DLBCL_MC_F500_ECU	0.0060157767	0.96502936	0.010686158	0.0074163713	0.010852351	0.96502936	1.0	1
DLBCL10975	0.96545804	0.003447923	0.0040778467	0.019000389	0.008015782	0.96545804	0.0	0
DLBCL11195	0.0031600234	0.011543918	0.007164588	0.01238686	0.9657446	0.9657446	4.0	4
DLBCL10954	0.005664445	0.96613884	0.0085051125	0.0063499487	0.013341634	0.96613884	1.0	1
DLBCL10887	0.004613688	0.006802534	0.010333375	0.011994482	0.9662559	0.9662559	4.0	4
DLBCL10781	0.0052982676	0.0074001523	0.005494472	0.0153822685	0.9664248	0.9664248	4.0	4
DLBCL10519	0.0066186883	0.96674806	0.014190938	0.007921027	0.0045212763	0.96674806	1.0	1
DLBCL_C_D_1141_NULLPAIR	0.0052551595	0.010130658	0.9669421	0.008552915	0.009119171	0.9669421	2.0	2
DLBCL11685	0.0050639273	0.0059755975	0.96734595	0.011832057	0.00978246	0.96734595	2.0	2
DLBCL11205	0.9678362	0.0057820906	0.01112833	0.011479253	0.0037741156	0.9678362	0.0	0
DLBCL10890	0.0042890036	0.012324331	0.0057911403	0.009602663	0.96799284	0.96799284	4.0	4
DLBCL10529	0.0040018	0.014375041	0.005229611	0.008175735	0.9682178	0.9682178	4.0	4
DLBCL11520	0.96853036	0.002967335	0.0046040984	0.011355648	0.012542564	0.96853036	0.0	0
DLBCL_RICOVER_469	0.006884669	0.005458894	0.96888894	0.014912231	0.0038552692	0.96888894	2.0	2
DFCIDL010_DT	0.969061	0.004352489	0.004820529	0.017428188	0.004337777	0.969061	0.0	0
DLBCL_RICOVER_1263	0.0066420836	0.008469203	0.96987647	0.011300458	0.0037117961	0.96987647	2.0	2
DLBCL10992	0.0058261147	0.005069105	0.008255496	0.010577942	0.97027135	0.97027135	4.0	4
DLBCL_DFCI_DLBCL_GOE07	0.005642898	0.9703812	0.0089347875	0.004092082	0.010949039	0.9703812	1.0	1
DLBCL11443	0.9703847	0.0024965005	0.009121404	0.010255097	0.0077422624	0.9703847	0.0	0
DLBCL_LS3200	0.003973353	0.013697226	0.00482946	0.0069249305	0.97057503	0.97057503	4.0	4
DLBCL11428	0.008378771	0.0068941615	0.9706204	0.009662701	0.0044439915	0.9706204	2.0	2
DLBCL_RICOVER_267	0.0052294442	0.005206328	0.9706444	0.011500951	0.00741887	0.9706444	2.0	2
DLBCL10990	0.00530541	0.013032254	0.004321066	0.006514789	0.9708265	0.9708265	4.0	4
DLBCL11462	0.9709471	0.0030292177	0.0074082254	0.009301817	0.009313657	0.9709471	0.0	0
DLBCL11669	0.0063217212	0.0066820835	0.9709776	0.012760635	0.003257931	0.9709776	2.0	2
DLBCL10859	0.0043147523	0.97113234	0.007989207	0.0039995164	0.012564205	0.97113234	1.0	1
DLBCL_RICOVER_288	0.01107645	0.9715336	0.005957394	0.0062170904	0.005215476	0.9715336	1.0	1
DLBCL_LS951	0.9716898	0.0066154655	0.0075480617	0.009606226	0.0045404495	0.9716898	0.0	0
DLBCL_C_D_1152_NULLPAIR	0.003848171	0.97202486	0.012212696	0.0062800883	0.005634192	0.97202486	1.0	1
DLBCL11558	0.0061982516	0.0069389325	0.97255236	0.011367399	0.0029430625	0.97255236	2.0	2
DLBCL_LS297	0.005987419	0.0052629877	0.9735005	0.012117622	0.0031314937	0.9735005	2.0	2
DLBCL10987	0.008126759	0.0071500693	0.0046720835	0.0064833206	0.9735678	0.9735678	4.0	4
DLBCL10459	0.0043427157	0.007872074	0.9738282	0.009267084	0.0046899286	0.9738282	2.0	2
DLBCL10484	0.0036650565	0.97407746	0.013026517	0.004875738	0.004355254	0.97407746	1.0	1
DLBCL10480	0.008447445	0.9742887	0.006201241	0.004200727	0.0068618604	0.9742887	1.0	1
DLBCL11565	0.0037295327	0.97472996	0.0075467457	0.006590905	0.0074028517	0.97472996	1.0	1
DLBCL10845	0.0031745406	0.97504026	0.0061215917	0.006645932	0.009017706	0.97504026	1.0	1
DLBCL11450	0.003724458	0.007631887	0.0039763986	0.009521159	0.9751461	0.9751461	4.0	4
DLBCL_LS1098	0.0053128456	0.004907501	0.97521454	0.011733401	0.0028317282	0.97521454	2.0	2
DLBCL10535	0.005581056	0.0077173593	0.005378087	0.00579074	0.97553277	0.97553277	4.0	4
DLBCL10849	0.0066299196	0.97567666	0.004815907	0.0036108186	0.009266721	0.97567666	1.0	1
DLBCL11595	0.0041016038	0.008882333	0.00442663	0.006685951	0.9759035	0.9759035	4.0	4
DLBCL_C_D_1135_NULLPAIR	0.0064773774	0.9759903	0.0064228703	0.006201097	0.004908342	0.9759903	1.0	1
DLBCL10852	0.0041603553	0.005317521	0.004063344	0.010363547	0.97609526	0.97609526	4.0	4
DLBCL11537	0.9761893	0.002143401	0.004445864	0.008448213	0.008773185	0.9761893	0.0	0
DLBCL10875	0.9766348	0.0042659137	0.0065208767	0.009570367	0.0030080301	0.9766348	0.0	0
DLBCL11457	0.9766988	0.0020822024	0.0041091023	0.011877052	0.00523283	0.9766988	0.0	0
DLBCL11203	0.0034071829	0.97672075	0.007073172	0.0072181216	0.0055807647	0.97672075	1.0	1
DLBCL11509	0.9768477	0.0030482325	0.004977153	0.011401751	0.0037251778	0.9768477	0.0	0
DLBCL10901	0.0035986672	0.005710013	0.0043071895	0.008607547	0.9777766	0.9777766	4.0	4
DLBCL11667	0.0052288	0.005537029	0.9778304	0.008373233	0.0030305374	0.9778304	2.0	2
DLBCL_LS2089	0.0039854245	0.97818047	0.0058767297	0.002634608	0.009322791	0.97818047	1.0	1
DLBCL_DFCI_DLBCL_GOE16	0.004158961	0.0045049754	0.97824985	0.009188238	0.0038980034	0.97824985	2.0	2
DLBCL10918	0.97825104	0.0023819164	0.0033336526	0.010581516	0.0054518906	0.97825104	0.0	0
DLBCL10966	0.97831196	0.002144037	0.0058424864	0.010398799	0.003302752	0.97831196	0.0	0
DLBCL11187	0.0048073814	0.0039988817	0.0042769755	0.0085786525	0.9783381	0.9783381	4.0	4
DLBCL11353	0.0030070993	0.008182176	0.0046676896	0.005554045	0.978589	0.978589	4.0	4
DLBCL10897	0.97860426	0.003692673	0.0029057772	0.00882053	0.0059767887	0.97860426	0.0	0
DLBCL11539	0.97876024	0.0018790229	0.004986062	0.011385148	0.002989518	0.97876024	0.0	0
DLBCL_MC_F132_MLM	0.97942567	0.0024869381	0.0028372286	0.010636192	0.0046139606	0.97942567	0.0	0
DLBCL_RICOVER_948	0.0031770768	0.97963214	0.009712713	0.0022234872	0.005254557	0.97963214	1.0	1
DLBCL_C_D_1131_NULLPAIR	0.003954245	0.9799535	0.009213777	0.0027985496	0.0040799305	0.9799535	1.0	1
DLBCL11666	0.0042800233	0.005333789	0.98004866	0.007739572	0.0025979378	0.98004866	2.0	2
DLBC_FF_8043_TP_NB	0.0062421993	0.98034817	0.0060247467	0.002804284	0.0045805788	0.98034817	1.0	1
DLBCL10903	0.0026213732	0.98056436	0.009207166	0.0026063363	0.005000773	0.98056436	1.0	1
DLBCL10853	0.0053824335	0.0042233407	0.0034330008	0.005998385	0.9809628	0.9809628	4.0	4
DLBCL_RICOVER_1192	0.003397797	0.006358341	0.004551528	0.004417332	0.981275	0.981275	4.0	4
DLBCL10495	0.9813164	0.0043962155	0.0024531314	0.0074994597	0.0043348307	0.9813164	0.0	0
DLBCL_RICOVER_1219	0.0027399464	0.0050153774	0.003462888	0.0074618207	0.98131996	0.98131996	4.0	4
DLBCL10880	0.0058742366	0.0044770865	0.0037576486	0.0042662346	0.9816248	0.9816248	4.0	4
DLBCL10928	0.98231375	0.003059629	0.0043139826	0.006375426	0.003937211	0.98231375	0.0	0
DLBCL10525	0.98250365	0.0016097437	0.004423854	0.0061953766	0.0052673584	0.98250365	0.0	0
DLBCL11440	0.0042107063	0.003568292	0.004162297	0.0055098822	0.98254883	0.98254883	4.0	4
DLBCL_RICOVER_839	0.0030383542	0.98275125	0.0044724196	0.004562729	0.005175238	0.98275125	1.0	1
DLBCL11000	0.0027598175	0.0044621085	0.00329906	0.0064773164	0.9830017	0.9830017	4.0	4
DLBCL_RICOVER_685	0.0027624287	0.0040804865	0.0034160586	0.0067231385	0.98301786	0.98301786	4.0	4
DLBCL_RICOVER_829	0.9835124	0.0029003443	0.0024230673	0.007034437	0.0041297753	0.9835124	0.0	0
DLBCL_RICOVER_449	0.003958789	0.003320265	0.0030224104	0.0059927017	0.9837058	0.9837058	4.0	4
DLBCL10465	0.0028714433	0.004057979	0.9837726	0.006815949	0.0024820748	0.9837726	2.0	2
DLBCL_RICOVER_451	0.9837851	0.0022004442	0.005673707	0.005607622	0.0027331507	0.9837851	0.0	0
DLBCL10893	0.002677667	0.0036694675	0.003778345	0.0059882575	0.98388624	0.98388624	4.0	4
DLBCL10515	0.9840695	0.002618922	0.002348169	0.0077324095	0.0032309613	0.9840695	0.0	0
DLBCL10860	0.0025464834	0.0042557027	0.0037052357	0.00539964	0.98409295	0.98409295	4.0	4
DLBCL10917	0.0040813372	0.9841812	0.004178222	0.0035648504	0.003994367	0.9841812	1.0	1
DLBCL10541	0.0048737098	0.98423994	0.004327329	0.0027693922	0.0037896568	0.98423994	1.0	1
DLBCL10945	0.9847776	0.0019655994	0.0022193615	0.0056261625	0.005411218	0.9847776	0.0	0
DLBCL_MC_F349_BJJ	0.002862133	0.003750811	0.9850137	0.0054694745	0.0029038403	0.9850137	2.0	2
DLBCL11677	0.9853399	0.0015480798	0.0034086653	0.006390542	0.0033128334	0.9853399	0.0	0
DLBCL10851	0.0025301545	0.9855275	0.004460384	0.0019695815	0.005512361	0.9855275	1.0	1
DLBCL10922	0.0032212278	0.9857696	0.0047639175	0.002829651	0.0034155946	0.9857696	1.0	1
DLBCL10530	0.0023994178	0.0047760275	0.0027739664	0.00426188	0.9857887	0.9857887	4.0	4
DLBCL10924	0.0025153344	0.0031504438	0.0024352672	0.0059701023	0.98592883	0.98592883	4.0	4
DLBCL_RICOVER_977	0.9860291	0.0014411071	0.0022902554	0.0067060287	0.0035335182	0.9860291	0.0	0
DLBCL_LS3749	0.0024693194	0.9863298	0.0053695855	0.0033727025	0.0024585861	0.9863298	1.0	1
DLBCL_RICOVER_826	0.98633665	0.0017695103	0.0022841482	0.0065238494	0.0030858554	0.98633665	0.0	0
DLBCL_RICOVER_417	0.002130766	0.0038337244	0.0026506735	0.0048728297	0.986512	0.986512	4.0	4
DLBCL_C_D_1163_NULLPAIR	0.0024004881	0.0033236367	0.0025545065	0.0052037337	0.9865176	0.9865176	4.0	4
DLBCL10471	0.0038406071	0.004345838	0.002028998	0.0029866335	0.9867979	0.9867979	4.0	4
DLBCL_C_D_1123_NULLPAIR	0.98682016	0.0024584315	0.0025030042	0.006230775	0.001987605	0.98682016	0.0	0
DLBCL_RICOVER_1293	0.0032567054	0.0030740986	0.002298779	0.0042276355	0.9871428	0.9871428	4.0	4
DLBCL10461	0.0019968967	0.98715085	0.0044465936	0.0018852398	0.004520393	0.98715085	1.0	1
DLBCL10977	0.0031330064	0.0024909978	0.0030432325	0.00416576	0.987167	0.987167	4.0	4
DLBCL_RICOVER_712	0.00209781	0.003999611	0.0020860708	0.0042393175	0.9875772	0.9875772	4.0	4
DLBCL10842	0.0019884682	0.002847465	0.0025983958	0.0044763465	0.9880893	0.9880893	4.0	4
DLBCL_LS1757	0.98918986	0.0016704134	0.002035062	0.0052420697	0.0018625938	0.98918986	0.0	0
DLBCL11434	0.98927176	0.0018905405	0.0021771486	0.005065496	0.0015950559	0.98927176	0.0	0
DLBCL11191	0.9894784	0.0015158951	0.0019745282	0.005212245	0.0018188977	0.9894784	0.0	0
DLBCL_RICOVER_174	0.0030421359	0.9898406	0.003120371	0.0019932382	0.0020036343	0.9898406	1.0	1
DLBCL11511	0.9898734	0.0010799528	0.0027410765	0.004372843	0.0019327473	0.9898734	0.0	0
DLBCL10834	0.0028954356	0.9904239	0.0028627678	0.0015483006	0.0022695945	0.9904239	1.0	1
DLBCL10883	0.0022733768	0.002111824	0.0019675859	0.0030794998	0.9905677	0.9905677	4.0	4
DLBCL10913	0.9908739	0.0010932388	0.0016666785	0.004228027	0.0021381876	0.9908739	0.0	0
DLBCL_C_D_1125_NULLPAIR	0.0016534352	0.0032782296	0.0015774531	0.0025990533	0.9908918	0.9908918	4.0	4
DLBCL_RICOVER_221	0.001497186	0.0028466955	0.0019087165	0.0028216757	0.9909257	0.9909257	4.0	4
DLBCL10967	0.0015329535	0.002347864	0.0020076665	0.0029462292	0.9911653	0.9911653	4.0	4
DLBCL_MC_F089_HCZ	0.0011661081	0.99137664	0.0035583177	0.0018057501	0.0020931826	0.99137664	1.0	1
DLBCL10997	0.9915002	0.001295805	0.0015555411	0.0037128062	0.0019356314	0.9915002	0.0	0
DLBCL_RICOVER_1248	0.0019747436	0.0027195178	0.0012512355	0.0025022384	0.9915523	0.9915523	4.0	4
DLBCL10996	0.99178445	0.00087623193	0.0022148744	0.0031435478	0.00198092	0.99178445	0.0	0
DLBCL10951	0.0016173975	0.0028112065	0.0013281989	0.002395466	0.99184775	0.99184775	4.0	4
DLBCL10510	0.0019092229	0.99187917	0.0022346566	0.0013226804	0.002654278	0.99187917	1.0	1
DLBCL_MC_F519_ALT	0.0015266227	0.0026106655	0.0013774276	0.0025685562	0.9919167	0.9919167	4.0	4
DLBCL10550	0.0015938241	0.0024067247	0.0013583518	0.0025438787	0.9920972	0.9920972	4.0	4
DLBCL10912	0.9928293	0.00097123295	0.0017013109	0.0033057672	0.0011923795	0.9928293	0.0	0
DLBCL11188	0.0011495122	0.99322623	0.0024465378	0.0012547082	0.0019230256	0.99322623	1.0	1
DLBCL10850	0.0016543765	0.9933454	0.002311631	0.0010594708	0.0016291575	0.9933454	1.0	1
DLBCL_LS378	0.9940383	0.0009068244	0.0016275239	0.0024710544	0.00095629087	0.9940383	0.0	0
DLBCL_LS1065	0.0012878204	0.9942995	0.0016673118	0.0012555021	0.0014898701	0.9942995	1.0	1
DLBCL_MC_F729_MAN	0.0010605688	0.99455166	0.0017066582	0.0008506597	0.0018304719	0.99455166	1.0	1
DLBCL_C_D_1114_NULLPAIR	0.9946491	0.00071846764	0.0010178463	0.0024854671	0.0011291218	0.9946491	0.0	0
DLBCL10864	0.000995661	0.0013915274	0.0011091419	0.0017591404	0.99474454	0.99474454	4.0	4
DLBCL_C_D_1128_NULLPAIR	0.9947872	0.00075320166	0.0010486449	0.0021320307	0.0012789051	0.9947872	0.0	0
DLBCL_C_D_1130_NULLPAIR	0.9949288	0.0007339991	0.0011564576	0.0018353871	0.001345403	0.9949288	0.0	0
DLBCL10862	0.00097414956	0.0013722678	0.001071896	0.0015994939	0.9949822	0.9949822	4.0	4
DLBCL11461	0.9953604	0.00071143766	0.0009625902	0.0022588496	0.00070674287	0.9953604	0.0	0
DLBCL10534	0.0009696359	0.001146734	0.0008530964	0.0015338045	0.99549675	0.99549675	4.0	4
DLBCL10458	0.99558663	0.0006044978	0.0009600554	0.0020710195	0.000777768	0.99558663	0.0	0
DLBCL_LS146	0.0007958762	0.9956304	0.001580156	0.0007381681	0.0012554401	0.9956304	1.0	1
DLBCL_RICOVER_253	0.0010990701	0.9956986	0.0013915935	0.0007244309	0.0010863079	0.9956986	1.0	1
DLBCL10988	0.0006652383	0.9962105	0.0014004569	0.00084019505	0.0008835684	0.9962105	1.0	1
DLBCL_MC_F262_WLC	0.99632245	0.0005322219	0.0006388568	0.001588215	0.0009182266	0.99632245	0.0	0
DLBCL_C_D_1136_NULLPAIR	0.00078120024	0.9963551	0.0011831571	0.00084096426	0.00083956594	0.9963551	1.0	1
DLBCL11482	0.9969881	0.00040080104	0.00051648746	0.0013961948	0.0006984154	0.9969881	0.0	0
DLBCL10911	0.00058697007	0.99741703	0.0008759669	0.00050309073	0.00061696395	0.99741703	1.0	1
DLBCL_MAYO_DLBCL_7359	7.644205e-06	0.9999638	1.18374755e-05	6.477985e-06	1.021474e-05	0.9999638	1.0	1
