	C1	C2	C3	C4	C5	Confidence	True Cluster	Predicted Cluster
DLBCL_MC_F927_JHS	0.21401359	0.19521143	0.23302321	0.14502484	0.21272694	0.23302321	4.0	2
DLBCL_C_D_1140_NULLPAIR	0.21403283	0.19098897	0.23589483	0.15103796	0.2080454	0.23589483	4.0	2
DLBCL_C_D_PAIR13	0.23760128	0.19234003	0.20938626	0.15165713	0.2090153	0.23760128	4.0	0
DLBCL10936	0.2113214	0.19729985	0.20748805	0.14591676	0.23797394	0.23797394	2.0	4
DLBCL11663	0.2011765	0.1922914	0.24129608	0.14724414	0.21799189	0.24129608	0.0	2
DLBCL_RICOVER_320	0.14959264	0.33716434	0.21486324	0.13398997	0.16438982	0.33716434	2.0	1
DLBCL_C_D_1156_NULLPAIR	0.2557168	0.13344075	0.13341378	0.34506994	0.13235871	0.34506994	0.0	3
DLBCL11466	0.2618043	0.112566195	0.13468404	0.36055434	0.1303911	0.36055434	1.0	3
DLBCL_C_D_1138_NULLPAIR	0.054170806	0.33088174	0.11237376	0.36301768	0.139556	0.36301768	1.0	3
DLBCL10950	0.20219578	0.3643087	0.089042865	0.24358374	0.100868925	0.3643087	0.0	1
DLBCL_C_D_1129_NULLPAIR	0.36484626	0.29067475	0.2128498	0.05037921	0.08124998	0.36484626	0.0	0
DLBCL10962	0.1314949	0.22246407	0.3772037	0.13342935	0.13540798	0.3772037	1.0	2
DLBCL11443	0.38205776	0.010090117	0.33577543	0.15443473	0.11764197	0.38205776	0.0	0
DLBCL10995	0.054248776	0.22774833	0.22224616	0.38367206	0.112084664	0.38367206	2.0	3
DLBCL_C_D_1126_NULLPAIR	0.38441855	0.22826119	0.14659762	0.17068234	0.07004031	0.38441855	1.0	0
DLBCL10915	0.075430706	0.120062105	0.105964735	0.31210113	0.38644132	0.38644132	4.0	4
DLBCL_C_D_1115_NULLPAIR	0.03100462	0.34603944	0.120331	0.3906397	0.111985266	0.3906397	3.0	3
DLBCL10539	0.06317181	0.175939	0.17331381	0.39064583	0.19692957	0.39064583	3.0	3
DLBCL_RICOVER_1081	0.074053995	0.021333808	0.39446723	0.33792302	0.17222193	0.39446723	4.0	2
DLBCL_RICOVER_338	0.3945339	0.042924933	0.17655486	0.33574668	0.050239626	0.3945339	0.0	0
DLBCL11479	0.07857024	0.39971077	0.31603467	0.049419433	0.1562649	0.39971077	1.0	1
DLBCL10918	0.40099192	0.023462899	0.028563626	0.1948239	0.35215765	0.40099192	0.0	0
DLBCL_RICOVER_1289	0.40867305	0.026972208	0.028474431	0.2608781	0.2750022	0.40867305	4.0	0
DLBCL10994	0.42338216	0.06977722	0.10514405	0.14616933	0.25552723	0.42338216	0.0	0
DLBCL10873	0.13992395	0.2848225	0.08961771	0.4243733	0.06126257	0.4243733	1.0	3
DLBCL11483	0.17855152	0.42837304	0.1721353	0.11134498	0.109595165	0.42837304	1.0	1
DLBCL11441	0.350798	0.018901864	0.14743498	0.42945036	0.053414788	0.42945036	2.0	3
DLBCL11581	0.11707883	0.028156683	0.117563374	0.43017647	0.30702463	0.43017647	4.0	3
DLBCL_C_D_1117_NULLPAIR	0.1328836	0.44259778	0.02834316	0.36245614	0.033719342	0.44259778	1.0	1
DLBCL11446	0.3174975	0.06158078	0.108559854	0.44776472	0.06459714	0.44776472	1.0	3
DLBCL11002	0.44873747	0.04134743	0.09750987	0.3913728	0.021032419	0.44873747	3.0	0
DLBCL10874	0.1674498	0.15320182	0.020947661	0.20859928	0.44980145	0.44980145	1.0	4
DLBCL11666	0.10290978	0.4586862	0.3839399	0.025016332	0.029447801	0.4586862	2.0	1
DLBCL_MC_F362_MJB1	0.014927552	0.4601831	0.38730308	0.034132097	0.103454165	0.4601831	2.0	1
DLBCL11528	0.055889178	0.33405665	0.46432194	0.10068024	0.04505198	0.46432194	2.0	2
DLBCL10888	0.1195494	0.015845507	0.4647477	0.14676434	0.25309306	0.4647477	4.0	2
DLBCL_RICOVER_910	0.12749587	0.46748567	0.08364442	0.28598306	0.035391	0.46748567	0.0	1
DLBCL_RICOVER_216	0.0962436	0.2438888	0.11020876	0.073462054	0.4761968	0.4761968	2.0	4
DLBCL10980	0.015375915	0.48063287	0.18906888	0.09872152	0.21620081	0.48063287	4.0	1
DLBCL_RICOVER_1287	0.036676314	0.3975735	0.03975879	0.045181286	0.4808101	0.4808101	4.0	4
DLBCL10986	0.48127392	0.024431622	0.36965257	0.10790618	0.01673571	0.48127392	0.0	0
DLBCL11536	0.10326385	0.3426107	0.040104095	0.4822438	0.031777572	0.4822438	3.0	3
DLBCL_MAYO_DLBCL_234	0.486429	0.030447917	0.27312487	0.19664206	0.013356147	0.486429	2.0	0
DLBCL10971	0.48666507	0.2688257	0.028029481	0.12172124	0.09475849	0.48666507	0.0	0
DLBCL10454	0.4870369	0.23760004	0.102851324	0.02062531	0.1518864	0.4870369	4.0	0
DLBCL10877	0.17108525	0.4877892	0.095156886	0.06207779	0.18389086	0.4877892	0.0	1
DLBCL10565	0.49001524	0.02493716	0.3758262	0.07338638	0.03583501	0.49001524	3.0	0
DLBCL11206	0.0425114	0.38168713	0.065244764	0.020354124	0.49020258	0.49020258	4.0	4
DLBCL11194	0.06323828	0.0182661	0.035770763	0.3880542	0.49467066	0.49467066	4.0	4
DLBCL10970	0.09143883	0.203375	0.12272129	0.5034478	0.07901709	0.5034478	3.0	3
DLBCL10925	0.50657874	0.24612282	0.031965684	0.0707122	0.14462054	0.50657874	4.0	0
DLBCL_RICOVER_120	0.5069457	0.12553845	0.027002517	0.049959984	0.29055333	0.5069457	4.0	0
DLBCL11471	0.5080767	0.026043868	0.042023104	0.30797413	0.11588216	0.5080767	3.0	0
DLBCL_RICOVER_467	0.0128276795	0.5093541	0.04484015	0.020791266	0.4121868	0.5093541	1.0	1
DLBCL10865	0.066848814	0.37384543	0.021639802	0.027166838	0.5104991	0.5104991	4.0	4
DLBCL_RICOVER_258	0.16895455	0.025575453	0.21213225	0.08056539	0.5127723	0.5127723	2.0	4
DLBCL10512	0.01717077	0.35013995	0.5136245	0.037022304	0.0820425	0.5136245	2.0	2
DLBCL10502	0.036377832	0.5161233	0.3552507	0.05585	0.03639819	0.5161233	1.0	1
DLBCL10564	0.059478994	0.23255429	0.14858255	0.5182821	0.041102067	0.5182821	3.0	3
DLBCL10566	0.13405913	0.28226775	0.033821013	0.03120219	0.51864994	0.51864994	4.0	4
DLBCL11484	0.062002145	0.5219301	0.15449478	0.057244472	0.20432854	0.5219301	1.0	1
DLBCL10969	0.32767156	0.025140721	0.08649438	0.03648248	0.5242109	0.5242109	0.0	4
DLBCL11671	0.52612716	0.08914107	0.19930176	0.17509767	0.0103323385	0.52612716	0.0	0
DLBC_FF_8062_TP_NB	0.08651211	0.019452823	0.33141172	0.5293266	0.03329675	0.5293266	3.0	3
DLBCL11476	0.2145257	0.12602673	0.04154383	0.086768605	0.53113514	0.53113514	4.0	4
DLBCL_RICOVER_701	0.32521534	0.031482887	0.059369333	0.5318938	0.05203867	0.5318938	3.0	3
DLBCL_RICOVER_1278	0.53556746	0.016022647	0.031391926	0.2595317	0.15748626	0.53556746	4.0	0
DLBCL_DFCI_DLBCL_GOE05	0.014620994	0.53581583	0.031016005	0.027850322	0.39069682	0.53581583	1.0	1
DLBCL10993	0.5391982	0.015435173	0.18421365	0.13541637	0.12573658	0.5391982	0.0	0
DLBCL_BWH_DLBCL64	0.07785448	0.24742894	0.11339776	0.53947	0.021848783	0.53947	3.0	3
DLBCL_RICOVER_1046	0.013225548	0.54113865	0.37503874	0.031520586	0.039076444	0.54113865	1.0	1
DLBCL11431	0.124707386	0.14205052	0.11123757	0.07778976	0.5442148	0.5442148	4.0	4
DLBCL_C_D_1118_NULLPAIR	0.54458916	0.34979305	0.021549905	0.050534286	0.0335336	0.54458916	1.0	0
DLBCL11467	0.0722272	0.05619368	0.100611	0.5486813	0.22228682	0.5486813	3.0	3
DLBCL10469	0.15211341	0.011097555	0.113820724	0.5504931	0.17247519	0.5504931	3.0	3
DLBCL_MC_F210_GWC	0.063485086	0.5521708	0.035316236	0.24643706	0.10259082	0.5521708	1.0	1
DLBCL11534	0.070689656	0.032714512	0.5549284	0.12028408	0.22138335	0.5549284	2.0	2
DLBCL_RICOVER_850	0.014208847	0.5558415	0.09766326	0.087191746	0.24509466	0.5558415	4.0	1
DLBCL10906	0.07082227	0.55702186	0.021973053	0.02476993	0.32541293	0.55702186	1.0	1
DLBCL10509	0.3342969	0.55903655	0.017676173	0.049866214	0.039124172	0.55903655	0.0	1
DLBCL_RICOVER_1018	0.033801295	0.5596197	0.042385664	0.21870425	0.14548904	0.5596197	3.0	1
DLBCL10919	0.30973312	0.009912957	0.069794886	0.55969864	0.050860435	0.55969864	3.0	3
DLBCL11519	0.20976475	0.56262803	0.044856124	0.15720594	0.025545137	0.56262803	0.0	1
DLBCL10909	0.057418544	0.028992083	0.076535925	0.27111438	0.56593907	0.56593907	4.0	4
DLBCL_C_D_1105_NULLPAIR	0.27233565	0.56629235	0.021184284	0.107290395	0.032897316	0.56629235	1.0	1
DLBCL10453	0.024034986	0.2760677	0.048841555	0.079375066	0.57168067	0.57168067	1.0	4
DLBCL10881	0.31996655	0.03706644	0.029825358	0.04057032	0.57257134	0.57257134	4.0	4
DLBCL10472	0.05854114	0.03424041	0.57352287	0.3205376	0.013157988	0.57352287	2.0	2
DLBCL_RICOVER_496	0.06597684	0.5754317	0.27547446	0.06204656	0.02107044	0.5754317	1.0	1
DLBCL_RICOVER_1045	0.14097448	0.039174315	0.019628923	0.22311291	0.5771094	0.5771094	3.0	4
DLBCL10955	0.58045495	0.025567226	0.068451405	0.26913425	0.056392185	0.58045495	3.0	0
DLBCL_LS3809	0.5843112	0.07904846	0.024694564	0.036425643	0.27552015	0.5843112	0.0	0
DLBCL11432	0.23674862	0.014313063	0.5848626	0.14638667	0.017689047	0.5848626	0.0	2
DLBCL10536	0.0636218	0.5890314	0.2621628	0.055584464	0.029599547	0.5890314	2.0	1
DLBCL10450	0.5893543	0.02428934	0.021407705	0.07531337	0.2896353	0.5893543	0.0	0
DLBCL_MC_F307_JPS	0.08919136	0.08692668	0.12358492	0.5923492	0.10794786	0.5923492	0.0	3
DLBCL_RICOVER_1061	0.13654819	0.015576696	0.22921756	0.59788513	0.020772431	0.59788513	3.0	3
DLBCL10782	0.6021769	0.055783123	0.042559598	0.27620417	0.023276208	0.6021769	3.0	0
DLBCL_C_D_1159_NULLPAIR	0.60277706	0.018677475	0.017900914	0.29466158	0.06598294	0.60277706	3.0	0
DLBCL_RICOVER_617	0.28697658	0.015893996	0.055469114	0.6061173	0.035542984	0.6061173	3.0	3
DLBCL_LS2325	0.026823062	0.60628355	0.32341668	0.02290012	0.02057661	0.60628355	2.0	1
DLBCL11681	0.6075671	0.013641697	0.24176903	0.09376621	0.04325597	0.6075671	0.0	0
DLBCL_MC_F218_RAP	0.6082109	0.016554536	0.26726067	0.08812793	0.019845963	0.6082109	3.0	0
DLBCL11662	0.6104133	0.014384247	0.07360539	0.14386341	0.15773365	0.6104133	0.0	0
DLBCL_LS1668	0.04862666	0.15881525	0.13717225	0.61597234	0.039413508	0.61597234	1.0	3
DLBCL_RICOVER_711	0.15379564	0.15410668	0.03536279	0.61698794	0.039746955	0.61698794	3.0	3
DLBCL_LS2208	0.020597272	0.091254026	0.20209631	0.0638673	0.6221851	0.6221851	4.0	4
DLBCL10858	0.045211937	0.01326718	0.033074535	0.27718535	0.631261	0.631261	3.0	4
DFCIDL009_DT	0.017131062	0.2831839	0.631348	0.044421203	0.02391581	0.631348	2.0	2
DLBCL_MC_F496DMP	0.63393337	0.084473245	0.19145265	0.07854361	0.011597135	0.63393337	1.0	0
DLBCL10503	0.121476606	0.63934743	0.17190973	0.02786469	0.039401524	0.63934743	1.0	1
DLBCL10460	0.06362467	0.24109834	0.6404895	0.027200865	0.027586589	0.6404895	1.0	2
DLBCL11659	0.6414971	0.011234535	0.20413874	0.09779803	0.0453316	0.6414971	0.0	0
DLBCL10908	0.059712566	0.11588611	0.6441915	0.054219633	0.12599017	0.6441915	4.0	2
DLBCL10973	0.20256133	0.027403796	0.07493177	0.64661723	0.04848587	0.64661723	3.0	3
DLBCL_RICOVER_985	0.036536917	0.041818902	0.25061217	0.6474492	0.023582824	0.6474492	3.0	3
DLBCL11447	0.051814422	0.015590606	0.04720786	0.6492211	0.23616602	0.6492211	3.0	3
DLBCL10981	0.04073416	0.6499583	0.040550914	0.1568205	0.111936115	0.6499583	1.0	1
DLBCL10863	0.19057044	0.015275987	0.03316449	0.6514178	0.10957127	0.6514178	3.0	3
DLBCL11504	0.1943437	0.033464186	0.03247536	0.086641245	0.6530755	0.6530755	3.0	4
DLBCL10532	0.02868785	0.02329171	0.2431305	0.05169199	0.65319794	0.65319794	4.0	4
DLBCL10492	0.6539743	0.014579684	0.020844616	0.11488191	0.1957195	0.6539743	0.0	0
DLBCL11480	0.09910953	0.034579463	0.6601995	0.037535354	0.16857614	0.6601995	0.0	2
DLBCL_LS3499	0.20335999	0.025269618	0.039485138	0.6611616	0.07072364	0.6611616	3.0	3
DLBCL11527	0.035604056	0.03168907	0.23874854	0.6617978	0.0321605	0.6617978	3.0	3
DLBCL11657	0.047137417	0.032939482	0.18735981	0.66238946	0.07017383	0.66238946	3.0	3
DLBCL11202	0.11082487	0.052776508	0.6628608	0.16513875	0.008399063	0.6628608	0.0	2
DLBCL11535	0.12302764	0.04913056	0.030626088	0.66330737	0.13390836	0.66330737	3.0	3
DLBCL11538	0.07348525	0.013029927	0.072814494	0.6665075	0.17416286	0.6665075	3.0	3
DLBCL10456	0.041309644	0.024614677	0.101697326	0.6676264	0.16475195	0.6676264	3.0	3
DLBCL_LS4592	0.011174209	0.053951878	0.6692203	0.13239653	0.13325703	0.6692203	2.0	2
DLBCL11574	0.06420699	0.08789816	0.6708139	0.063809484	0.11327144	0.6708139	2.0	2
DLBCL11576	0.025716634	0.67099404	0.17015548	0.10601822	0.027115624	0.67099404	3.0	1
DLBCL_RICOVER_173	0.03476602	0.020953156	0.03530572	0.23420666	0.67476845	0.67476845	4.0	4
DLBCL11436	0.15533671	0.6751895	0.025161251	0.07245467	0.071857855	0.6751895	1.0	1
DLBCL_RICOVER_274	0.04449531	0.09611837	0.036574014	0.6751899	0.14762242	0.6751899	3.0	3
DLBCL10485	0.036406137	0.24965768	0.016469944	0.021507954	0.6759583	0.6759583	4.0	4
DLBCL11590	0.0558161	0.016690131	0.679946	0.21726233	0.030285442	0.679946	2.0	2
DLBCL10891	0.028973818	0.020925824	0.044417143	0.22499664	0.6806866	0.6806866	4.0	4
DLBCL11474	0.680878	0.02049532	0.034187086	0.22936021	0.035079382	0.680878	0.0	0
DLBCL10869	0.6819566	0.10857915	0.07243869	0.05362761	0.08339796	0.6819566	0.0	0
DLBCL10985	0.048479684	0.6833591	0.04212479	0.20773128	0.018305143	0.6833591	1.0	1
DLBCL_MAYO_DLBCL_3653	0.68930835	0.052113414	0.06867426	0.13602166	0.053882334	0.68930835	0.0	0
DLBCL11455	0.18718514	0.018317841	0.018362183	0.08627306	0.6898618	0.6898618	3.0	4
DLBCL10487	0.08174451	0.69014233	0.109292	0.09204162	0.026779564	0.69014233	1.0	1
DLBCL10459	0.014803202	0.15769191	0.69133896	0.088934615	0.04723129	0.69133896	2.0	2
DLBCL_MC_F349_BJJ	0.041771106	0.1413443	0.69256973	0.07242245	0.051892415	0.69256973	2.0	2
DLBCL10934	0.020042863	0.23947565	0.020362154	0.025235897	0.69488347	0.69488347	1.0	4
DLBCL11591	0.023304787	0.69593364	0.22719485	0.031301424	0.022265302	0.69593364	1.0	1
DLBCL_RICOVER_1150	0.6959846	0.06584312	0.03135674	0.18402372	0.022791814	0.6959846	0.0	0
DLBCL10542	0.16076894	0.009224273	0.07291451	0.05857621	0.6985161	0.6985161	0.0	4
DLBCL11664	0.07810327	0.7001734	0.09946854	0.103874534	0.01838029	0.7001734	1.0	1
DLBCL_RICOVER_1060	0.13698769	0.7013868	0.033050567	0.03252733	0.09604761	0.7013868	1.0	1
DLBCL_C_D_1149_NULLPAIR	0.044986233	0.7018148	0.12228453	0.017493047	0.113421425	0.7018148	1.0	1
DLBCL10513	0.13754736	0.056943227	0.083337106	0.7051749	0.016997378	0.7051749	3.0	3
DLBCL10550	0.15053661	0.05970831	0.028089583	0.055983365	0.70568216	0.70568216	4.0	4
DLBCL10947	0.047212083	0.20653093	0.021976411	0.018067334	0.70621324	0.70621324	1.0	4
DLBCL10999	0.018138487	0.03166893	0.040398464	0.20283183	0.7069623	0.7069623	4.0	4
DLBCL_RICOVER_1210	0.038256366	0.054200668	0.7118821	0.17558686	0.020073976	0.7118821	1.0	2
DLBCL11473	0.14859238	0.049386032	0.024536518	0.7129139	0.06457122	0.7129139	0.0	3
DLBCL_LS2245	0.7136243	0.08365089	0.08919366	0.08617445	0.027356692	0.7136243	1.0	0
DLBCL10964	0.07962831	0.07208869	0.030439535	0.7156592	0.10218428	0.7156592	4.0	3
DLBCL10553	0.039429948	0.020052476	0.12782401	0.7160785	0.09661502	0.7160785	3.0	3
DLBCL10907	0.7165612	0.04577932	0.013374667	0.10037497	0.12390984	0.7165612	1.0	0
DLBCL11658	0.049195744	0.0129767	0.07925409	0.7168597	0.14171375	0.7168597	3.0	3
DLBCL11437	0.116448335	0.010297124	0.073809065	0.7171271	0.08231838	0.7171271	3.0	3
DLBCL10963	0.07447211	0.038124293	0.08590884	0.08338615	0.7181086	0.7181086	4.0	4
DLBCL10898	0.029322002	0.72061235	0.030140275	0.04377914	0.17614622	0.72061235	4.0	1
DLBCL11516	0.04043307	0.72069216	0.052473836	0.1559117	0.030489223	0.72069216	1.0	1
DLBCL11464	0.19331163	0.019289635	0.03157818	0.72681385	0.029006686	0.72681385	3.0	3
DLBCL11469	0.020702457	0.052966263	0.7297065	0.026917078	0.16970764	0.7297065	2.0	2
DLBCL10983	0.01516358	0.18912083	0.022896249	0.03897917	0.73384017	0.73384017	1.0	4
DLBCL10895	0.0124144275	0.17727576	0.05217499	0.02329871	0.7348361	0.7348361	4.0	4
DLBCL11677	0.7351221	0.012767137	0.09279559	0.09984228	0.059472907	0.7351221	0.0	0
DLBCL11541	0.015772812	0.12794545	0.7371045	0.046015773	0.07316148	0.7371045	2.0	2
DLBCL10451	0.7372368	0.057468433	0.16010073	0.033446137	0.011747928	0.7372368	0.0	0
DLBCL11004	0.041155413	0.022567155	0.036394563	0.7380273	0.16185556	0.7380273	4.0	3
DLBC_FF_8042_TP_NB	0.018429918	0.14591281	0.049306523	0.047838703	0.73851204	0.73851204	4.0	4
DFCIDL008_DT	0.030048883	0.11540749	0.09400634	0.021521647	0.73901564	0.73901564	4.0	4
DLBCL10885	0.060211327	0.7398471	0.020269962	0.023479978	0.15619159	0.7398471	1.0	1
DLBC_FF_A7CX_TP_NB	0.07851022	0.017388871	0.09530906	0.06789267	0.7408992	0.7408992	4.0	4
DLBCL11509	0.7433422	0.08270517	0.07013711	0.078514345	0.025301155	0.7433422	0.0	0
DLBCL10836	0.14899799	0.0090653645	0.04806556	0.04885617	0.7450149	0.7450149	4.0	4
DLBCL_C_D_1153_NULLPAIR	0.025252104	0.035492036	0.020678867	0.17343427	0.7451427	0.7451427	3.0	4
DLBCL10965	0.07974355	0.015577467	0.059163958	0.7460395	0.09947554	0.7460395	3.0	3
DLBCL_C_D_1166_NULLPAIR	0.014442275	0.7467568	0.024371948	0.011559514	0.20286949	0.7467568	4.0	1
DLBCL_LS951	0.7488005	0.031870186	0.042064115	0.15132806	0.025937133	0.7488005	0.0	0
DLBCL11468	0.09263551	0.02217487	0.75326306	0.1079851	0.023941465	0.75326306	2.0	2
DLBCL_RICOVER_1269	0.016976364	0.08719592	0.7540909	0.07090903	0.0708278	0.7540909	2.0	2
DLBCL11518	0.75418836	0.06611993	0.06928155	0.043976884	0.066433296	0.75418836	2.0	0
DLBCL_RICOVER_1235	0.01971364	0.75448096	0.18770699	0.014841163	0.023257248	0.75448096	1.0	1
DLBCL10838	0.06158998	0.13698007	0.018349903	0.028414922	0.75466514	0.75466514	4.0	4
DLBCL_C_D_1109_NULLPAIR	0.048458874	0.015482099	0.05109026	0.7562066	0.12876219	0.7562066	3.0	3
DLBCL10868	0.044670664	0.012117122	0.019114362	0.1648788	0.75921905	0.75921905	3.0	4
DLBCL_RICOVER_950	0.033502467	0.01777293	0.095040075	0.76163214	0.092052355	0.76163214	3.0	3
DLBCL11458	0.7624703	0.09051461	0.06543461	0.06165747	0.019922994	0.7624703	2.0	0
DLBCL11486	0.7646556	0.011474091	0.020549702	0.0577219	0.14559872	0.7646556	0.0	0
DLBCL10849	0.030873563	0.76469237	0.014507274	0.0143952025	0.17553157	0.76469237	1.0	1
DLBCL_C_D_1139_NULLPAIR	0.13618365	0.041879784	0.026667815	0.7651461	0.030122671	0.7651461	3.0	3
DLBCL10961	0.011241115	0.07719348	0.038338635	0.10778825	0.7654385	0.7654385	4.0	4
DLBCL_RICOVER_720	0.07282234	0.07751902	0.047417108	0.031544194	0.77069736	0.77069736	4.0	4
DLBCL10486	0.77119404	0.03348896	0.015303115	0.10326268	0.0767512	0.77119404	0.0	0
DLBCL10527	0.026158487	0.02105431	0.123410836	0.772212	0.05716432	0.772212	3.0	3
DLBCL11449	0.011656262	0.16613418	0.03007419	0.019725062	0.77241033	0.77241033	1.0	4
DLBCL10552	0.77323806	0.013521707	0.060257126	0.14212248	0.010860598	0.77323806	3.0	0
DLBCL10482	0.774939	0.019449262	0.01985298	0.030861218	0.15489756	0.774939	0.0	0
DLBCL_MC_F262_WLC	0.7751936	0.016077004	0.018719072	0.035251413	0.15475892	0.7751936	0.0	0
DLBCL10989	0.039830126	0.7759164	0.08748187	0.05449475	0.042276867	0.7759164	1.0	1
DLBC_FF_A7CR_TP_NB	0.10969211	0.008375229	0.035920862	0.06963887	0.7763729	0.7763729	4.0	4
DLBCL10529	0.016926792	0.15947486	0.015475293	0.03070732	0.77741575	0.77741575	4.0	4
DLBCL11491	0.7781276	0.019327028	0.017996596	0.16434638	0.020202361	0.7781276	3.0	0
DLBCL_C_D_1141_NULLPAIR	0.017386017	0.10308396	0.780667	0.025239442	0.07362359	0.780667	2.0	2
DLBCL_RICOVER_1106	0.013612521	0.064080104	0.032672707	0.10554432	0.78409034	0.78409034	4.0	4
DLBCL_LS2328	0.06389896	0.7864743	0.10923509	0.031653382	0.0087382505	0.7864743	2.0	1
DLBCL11433	0.05656277	0.0097129615	0.059800606	0.086800486	0.7871232	0.7871232	3.0	4
DLBCL_MC_F606_DMJ	0.019203575	0.1487784	0.78809243	0.027040653	0.01688495	0.78809243	2.0	2
DLBCL_RICOVER_1190	0.093701564	0.051142994	0.04019241	0.026518356	0.7884447	0.7884447	4.0	4
DLBCL10966	0.78869694	0.0106010195	0.054339495	0.13348617	0.012876365	0.78869694	0.0	0
DLBCL10978	0.04914415	0.026524348	0.11263258	0.79063356	0.021065375	0.79063356	3.0	3
DLBCL11533	0.13330962	0.7910927	0.024112012	0.026613226	0.024872461	0.7910927	1.0	1
DLBCL_C_D_1113_NULLPAIR	0.047325637	0.07228218	0.7911699	0.065335095	0.02388719	0.7911699	2.0	2
DLBCL11496	0.79178894	0.00878217	0.03437276	0.044108596	0.120947555	0.79178894	0.0	0
DLBCL11205	0.79280484	0.023794193	0.12785192	0.040446233	0.015102821	0.79280484	0.0	0
DLBCL10878	0.1042196	0.012363934	0.016489778	0.07269144	0.7942352	0.7942352	4.0	4
DLBCL11472	0.79705787	0.0077585834	0.035522252	0.10938797	0.050273336	0.79705787	0.0	0
DLBCL_LS4619	0.015074994	0.06803416	0.79788834	0.029577076	0.089425415	0.79788834	4.0	2
DLBCL10857	0.80030775	0.025599116	0.010716941	0.071099214	0.092277	0.80030775	4.0	0
DLBCL11523	0.022501081	0.027946202	0.047519386	0.1016332	0.80040014	0.80040014	0.0	4
DLBCL_RICOVER_575	0.03461833	0.03017688	0.112715036	0.80063397	0.021855818	0.80063397	3.0	3
DLBCL_RICOVER_948	0.020071208	0.8007116	0.14681995	0.0137862945	0.018610943	0.8007116	1.0	1
DLBCL_RICOVER_401	0.041535974	0.8010221	0.12924795	0.018200403	0.009993561	0.8010221	1.0	1
DLBCL_MC_F089_HCZ	0.014292697	0.8017227	0.050555933	0.07882987	0.05459879	0.8017227	1.0	1
DFCIDL004_DT	0.052575536	0.012120744	0.021205934	0.110505074	0.80359274	0.80359274	4.0	4
DLBCL10523	0.05054214	0.013689145	0.8050282	0.11932825	0.011412284	0.8050282	2.0	2
DLBCL11656	0.046744894	0.011512513	0.8093663	0.04598063	0.0863957	0.8093663	2.0	2
DLBCL11669	0.033188876	0.044269882	0.8103232	0.093450405	0.018767662	0.8103232	2.0	2
DLBCL10954	0.018479083	0.81294996	0.10113984	0.024777506	0.042653635	0.81294996	1.0	1
DLBCL10780	0.043322638	0.08118677	0.8137527	0.054646812	0.0070910547	0.8137527	1.0	2
DLBCL10837	0.024509693	0.070062354	0.026998468	0.06357464	0.81485486	0.81485486	4.0	4
DLBCL10846	0.012940184	0.8148891	0.03759628	0.04210787	0.092466615	0.8148891	1.0	1
DLBCL_RICOVER_151	0.035061944	0.046039566	0.0678924	0.81899667	0.0320094	0.81899667	3.0	3
DLBCL10522	0.07749101	0.020730233	0.8196419	0.04222125	0.039915636	0.8196419	2.0	2
DLBCL10939	0.04184419	0.01567813	0.045608398	0.81968176	0.07718749	0.81968176	3.0	3
DLBCL_LS1304	0.021108842	0.040673	0.07940449	0.038848497	0.8199652	0.8199652	2.0	4
DLBCL10914	0.8207251	0.06848215	0.069529064	0.031704023	0.009559672	0.8207251	0.0	0
DLBCL10491	0.03889359	0.052407667	0.062302906	0.82526994	0.021125926	0.82526994	3.0	3
DLBCL11525	0.05457011	0.014845341	0.8266135	0.08994657	0.014024499	0.8266135	2.0	2
DLBCL10957	0.82682675	0.015900126	0.05173578	0.08704741	0.018489942	0.82682675	0.0	0
DLBCL10484	0.015097019	0.8286343	0.12540992	0.019676618	0.011182135	0.8286343	1.0	1
DLBCL11001	0.029871937	0.017834622	0.0635855	0.058082007	0.83062595	0.83062595	4.0	4
DLBCL_RICOVER_829	0.8307045	0.011678755	0.01334928	0.067693025	0.07657446	0.8307045	0.0	0
DLBCL11501	0.0925767	0.8326928	0.042872507	0.014306943	0.017551048	0.8326928	0.0	1
DLBCL_RICOVER_1329	0.013834478	0.12203612	0.014396887	0.016688267	0.83304423	0.83304423	4.0	4
DLBCL11430	0.83328307	0.017747303	0.09572402	0.04473793	0.008507706	0.83328307	0.0	0
DLBCL_C_D_1112_NULLPAIR	0.010324962	0.06873949	0.8358128	0.05316356	0.031959202	0.8358128	2.0	2
DLBCL_LS3245	0.009395005	0.83591115	0.1144873	0.02196041	0.018246157	0.83591115	1.0	1
DLBCL11204	0.039692987	0.83771056	0.0488666	0.027483461	0.0462464	0.83771056	1.0	1
DLBCL_LS2154	0.051222812	0.8382295	0.05301489	0.036481988	0.021050857	0.8382295	0.0	1
DLBCL_LS2590	0.020945903	0.01205297	0.027557712	0.10100027	0.83844316	0.83844316	3.0	4
DLBCL10867	0.039633818	0.05708704	0.020454606	0.041766204	0.8410583	0.8410583	4.0	4
DLBCL11481	0.8410827	0.011248385	0.075123705	0.02873303	0.0438122	0.8410827	0.0	0
DLBCL_RICOVER_787	0.84139186	0.058782183	0.054675434	0.035713453	0.009437065	0.84139186	1.0	0
DLBCL11208	0.03248756	0.8428984	0.067184865	0.034066834	0.023362322	0.8428984	1.0	1
DLBCL_RICOVER_440	0.0146068735	0.10270752	0.844437	0.019629253	0.01861932	0.844437	2.0	2
DLBCL10900	0.08620082	0.011843927	0.012450215	0.043815184	0.84568983	0.84568983	4.0	4
DLBCL10927	0.07080271	0.015261636	0.051258635	0.84606963	0.016607396	0.84606963	3.0	3
DLBCL10974	0.030635659	0.011790418	0.02943808	0.08184424	0.8462916	0.8462916	3.0	4
DLBCL10547	0.062346995	0.025443135	0.030038245	0.84834117	0.03383048	0.84834117	3.0	3
DLBCL11510	0.0297749	0.8492836	0.038324364	0.022285167	0.06033199	0.8492836	4.0	1
DLBCL_LS3200	0.014172214	0.10713504	0.014668604	0.013153377	0.8508708	0.8508708	4.0	4
DLBCL11513	0.011819899	0.015547769	0.054621086	0.06554211	0.85246915	0.85246915	4.0	4
DLBCL_RICOVER_773	0.0101799825	0.058284804	0.054843456	0.02314156	0.8535502	0.8535502	4.0	4
DLBCL11683	0.01795863	0.019269412	0.8563815	0.09444741	0.0119430665	0.8563815	2.0	2
DLBCL_RICOVER_780	0.008129729	0.8573067	0.10455839	0.014139937	0.015865235	0.8573067	1.0	1
DLBCL10932	0.060925826	0.014454018	0.029239003	0.857472	0.03790913	0.857472	3.0	3
DLBCL10518	0.022673631	0.01182094	0.857557	0.08312799	0.024820415	0.857557	2.0	2
DLBCL11520	0.85802513	0.008490559	0.013575888	0.03153517	0.088373244	0.85802513	0.0	0
DLBC_FF_A7CW_TP_NB	0.012334947	0.07355165	0.033441406	0.022621252	0.85805076	0.85805076	4.0	4
DLBCL_LS1395	0.05398303	0.023641422	0.8582454	0.033723883	0.030406319	0.8582454	2.0	2
DLBCL10854	0.011544043	0.017818281	0.027925573	0.0801085	0.8626036	0.8626036	4.0	4
DLBCL10555	0.07551956	0.020645417	0.8642744	0.029851481	0.009709148	0.8642744	2.0	2
DLBCL_RICOVER_583	0.010750689	0.86502177	0.045712627	0.01384252	0.06467238	0.86502177	1.0	1
DLBCL10921	0.017785687	0.08772687	0.0109974705	0.0170202	0.8664698	0.8664698	4.0	4
DLBCL10835	0.009900461	0.03328653	0.018686436	0.070865385	0.8672612	0.8672612	4.0	4
DLBCL_LS762	0.018900983	0.022815103	0.061418217	0.029577255	0.8672885	0.8672885	2.0	4
DLBCL_C_D_1103_NULLPAIR	0.035400353	0.017319174	0.056752533	0.86755407	0.022973886	0.86755407	3.0	3
DLBCL_RICOVER_744	0.076694265	0.016680539	0.86770284	0.026764153	0.012158179	0.86770284	2.0	2
DLBCL_RICOVER_826	0.86989725	0.013700586	0.013567569	0.07761365	0.025220957	0.86989725	0.0	0
DLBCL10514	0.026567819	0.032085918	0.8709564	0.06256356	0.007826294	0.8709564	2.0	2
DLBCL10870	0.010277002	0.013582271	0.045421	0.059727963	0.87099177	0.87099177	4.0	4
DLBCL11652	0.87175065	0.02856397	0.03022763	0.031059671	0.03839806	0.87175065	0.0	0
DLBCL10549	0.017053379	0.06703511	0.8734732	0.03273079	0.009707469	0.8734732	2.0	2
DLBCL_LS155	0.013262354	0.011771084	0.87364286	0.04793166	0.053392034	0.87364286	2.0	2
DLBCL11672	0.02294163	0.010608156	0.8748569	0.07260588	0.018987475	0.8748569	2.0	2
DLBCL11459	0.04481439	0.016062256	0.045247197	0.87617975	0.017696401	0.87617975	3.0	3
DLBCL_LS4593	0.017995166	0.017570933	0.87629133	0.07364435	0.014498242	0.87629133	2.0	2
DLBCL11439	0.04794355	0.0125972135	0.87644553	0.056018986	0.0069946893	0.87644553	2.0	2
DLBCL11507	0.009565481	0.8770304	0.08397952	0.015194629	0.014230011	0.8770304	1.0	1
DLBCL11542	0.014880158	0.04734029	0.877756	0.05272421	0.007299348	0.877756	2.0	2
DLBCL11675	0.010060342	0.01161522	0.8778237	0.045666203	0.054834504	0.8778237	2.0	2
DLBCL11573	0.01808955	0.047741804	0.87821335	0.04055548	0.0153998025	0.87821335	2.0	2
DLBCL10497	0.048191197	0.010068229	0.03262882	0.8791058	0.030005919	0.8791058	3.0	3
DLBCL_RICOVER_1204	0.008555675	0.016699713	0.037241146	0.057900865	0.8796026	0.8796026	4.0	4
DLBCL10902	0.010797338	0.06835281	0.0198588	0.019719303	0.8812717	0.8812717	4.0	4
DLBCL_RICOVER_978	0.8830373	0.054172114	0.018667884	0.029892651	0.014230017	0.8830373	2.0	0
DLBCL10544	0.013182856	0.011148101	0.020419054	0.07017038	0.8850796	0.8850796	3.0	4
DLBCL10517	0.008363195	0.8853688	0.06939509	0.023020992	0.013851913	0.8853688	1.0	1
DLBCL_RICOVER_361	0.02715353	0.016503436	0.048248466	0.88591886	0.022175739	0.88591886	3.0	3
DLBCL10462	0.8862268	0.005417371	0.028633768	0.038615987	0.04110612	0.8862268	0.0	0
DLBCL11655	0.041475307	0.010538172	0.02532052	0.8869736	0.03569236	0.8869736	3.0	3
DLBCL_LS1921	0.014953856	0.8870158	0.059370834	0.029428834	0.009230652	0.8870158	1.0	1
DLBCL10501	0.008424888	0.028110275	0.8877902	0.04663165	0.029042967	0.8877902	2.0	2
DLBCL11564	0.041401297	0.019071601	0.033431858	0.88781	0.01828523	0.88781	3.0	3
DLBCL_RICOVER_533	0.04907757	0.88803023	0.029512417	0.022936366	0.010443422	0.88803023	1.0	1
DLBCL10856	0.029116755	0.016297337	0.03740387	0.028731192	0.88845086	0.88845086	2.0	4
DLBCL11448	0.010243487	0.020474492	0.02307849	0.057036027	0.8891675	0.8891675	3.0	4
DLBCL11478	0.889454	0.020461027	0.055916023	0.027272345	0.006896615	0.889454	0.0	0
DLBCL_RICOVER_1299	0.01720323	0.012383378	0.01342081	0.06711253	0.88988006	0.88988006	4.0	4
DLBCL10490	0.8901187	0.014935088	0.01132557	0.05058115	0.033039466	0.8901187	0.0	0
DLBCL10494	0.01306521	0.8918377	0.062671244	0.017529378	0.014896461	0.8918377	1.0	1
DLBCL10461	0.008633904	0.89220953	0.037232723	0.010776561	0.05114731	0.89220953	1.0	1
DLBCL10975	0.8930075	0.006764807	0.009967413	0.068038024	0.02222226	0.8930075	0.0	0
DLBCL11346	0.012035765	0.89427286	0.021384023	0.011648624	0.06065875	0.89427286	1.0	1
DLBCL10833	0.051002283	0.013548281	0.013514898	0.027526869	0.8944077	0.8944077	4.0	4
DLBCL_C_D_1151_NULLPAIR	0.033391688	0.021208014	0.029751744	0.89479446	0.020854093	0.89479446	3.0	3
DLBCL_LS4054	0.020928342	0.89490134	0.020554373	0.03624057	0.027375378	0.89490134	1.0	1
DLBCL10875	0.8954201	0.029481348	0.020316886	0.044666603	0.010115116	0.8954201	0.0	0
DLBCL10498	0.03319469	0.01261251	0.8960236	0.052451733	0.0057175006	0.8960236	2.0	2
DLBCL_RICOVER_1165	0.013585656	0.89775026	0.04712077	0.012001847	0.029541468	0.89775026	1.0	1
DLBCL11196	0.030469716	0.010949228	0.032737646	0.89794016	0.027903233	0.89794016	3.0	3
DLBCL11498	0.053462237	0.8982225	0.011767997	0.013570773	0.022976503	0.8982225	1.0	1
DLBCL_MC_F139_LJF	0.034923	0.013161007	0.031421717	0.898605	0.0218893	0.898605	3.0	3
DLBCL10463	0.009740869	0.013032216	0.028486164	0.04954446	0.89919627	0.89919627	4.0	4
DLBCL11569	0.011336277	0.042371847	0.9000061	0.036481913	0.00980386	0.9000061	2.0	2
DLBCL11003	0.01159488	0.90034795	0.025734102	0.01371635	0.048606742	0.90034795	1.0	1
DLBCL11515	0.010897533	0.025614804	0.90090966	0.02624242	0.036335602	0.90090966	2.0	2
DLBCL_MC_F815_BAT	0.009754385	0.03003878	0.9012274	0.04806028	0.010919125	0.9012274	2.0	2
DLBCL11673	0.015427539	0.9021862	0.059328064	0.012697479	0.010360675	0.9021862	1.0	1
DLBCL10910	0.009841253	0.021183947	0.90247256	0.04468123	0.021821031	0.90247256	2.0	2
DLBCL_RICOVER_473	0.9026717	0.039924618	0.017714115	0.025487851	0.014201727	0.9026717	0.0	0
DLBCL10956	0.0398709	0.90287	0.009825657	0.015291711	0.03214172	0.90287	1.0	1
DLBCL_LS2357	0.03148363	0.011776367	0.029509779	0.90347224	0.023757955	0.90347224	3.0	3
DLBCL11678	0.012737445	0.02073239	0.90460604	0.049179915	0.012744177	0.90460604	3.0	2
DLBCL_MC_F502_RFK	0.0062869014	0.90526557	0.058844853	0.009076032	0.020526655	0.90526557	1.0	1
DLBCL_RICOVER_866	0.02015501	0.009135348	0.9060291	0.057163827	0.007516735	0.9060291	2.0	2
DLBCL11566	0.04177063	0.025049293	0.9064316	0.018141504	0.008606957	0.9064316	2.0	2
DLBCL10884	0.9065811	0.013518352	0.036814258	0.036215402	0.0068708723	0.9065811	0.0	0
DLBCL11460	0.029530417	0.012032243	0.027700126	0.91007	0.020667227	0.91007	3.0	3
DLBCL11661	0.014239779	0.91098523	0.03907395	0.027827276	0.00787377	0.91098523	1.0	1
DLBCL_C_D_1131_NULLPAIR	0.014207592	0.9128863	0.050698414	0.008739448	0.013468204	0.9128863	1.0	1
DLBCL10525	0.91376036	0.0046787267	0.028514253	0.022537855	0.03050882	0.91376036	0.0	0
DLBCL10851	0.015314303	0.91549075	0.010592206	0.008234193	0.050368525	0.91549075	1.0	1
DLBCL10916	0.0083814915	0.018230924	0.021326855	0.035509642	0.9165511	0.9165511	4.0	4
DLBCL_RICOVER_478	0.027859226	0.9168093	0.031143283	0.012320711	0.011867476	0.9168093	1.0	1
DLBCL10913	0.9172225	0.0046946164	0.016026376	0.03855291	0.02350357	0.9172225	0.0	0
DLBCL10466	0.007874169	0.016860388	0.9178003	0.040070947	0.017394187	0.9178003	2.0	2
DLBCL10845	0.009112354	0.9181049	0.013515778	0.018672444	0.040594544	0.9181049	1.0	1
DLBCL10904	0.018960424	0.024146589	0.01643441	0.021767447	0.91869116	0.91869116	4.0	4
DLBCL11651	0.018142289	0.012448409	0.9193622	0.039673302	0.010373807	0.9193622	2.0	2
DLBCL_RICOVER_522	0.021924477	0.01580015	0.92001253	0.036688395	0.0055744685	0.92001253	2.0	2
DLBCL_RICOVER_678	0.009759791	0.9201323	0.010877384	0.011856641	0.047373895	0.9201323	1.0	1
DLBCL_RICOVER_577	0.015313828	0.017416447	0.92126185	0.02454889	0.02145898	0.92126185	2.0	2
DLBCL_DFCI_DLBCL_GOE07	0.013514266	0.92366827	0.029354235	0.013984842	0.019478383	0.92366827	1.0	1
DLBCL11440	0.019455183	0.008268874	0.02632785	0.022031402	0.9239167	0.9239167	4.0	4
DLBCL10488	0.92559195	0.026139965	0.021345714	0.02057701	0.0063453433	0.92559195	0.0	0
DLBCL11495	0.010613651	0.016058752	0.017898606	0.029802112	0.9256269	0.9256269	4.0	4
DLBCL10987	0.03389661	0.013571801	0.013030775	0.013722914	0.9257779	0.9257779	4.0	4
DLBCL_RICOVER_111	0.013654241	0.013517439	0.9264177	0.032964762	0.013445839	0.9264177	4.0	2
DLBCL_LS2367	0.92697304	0.016870184	0.012377788	0.02496434	0.01881464	0.92697304	0.0	0
DLBCL10866	0.010467552	0.008865217	0.016002841	0.03715056	0.92751384	0.92751384	4.0	4
DLBCL11454	0.9275815	0.020413306	0.005725123	0.032496426	0.013783648	0.9275815	0.0	0
DLBCL10992	0.009672928	0.00930057	0.028047457	0.024537584	0.92844146	0.92844146	4.0	4
DLBCL_C_D_1106_NULLPAIR	0.03239022	0.92933565	0.012779528	0.010572986	0.014921628	0.92933565	1.0	1
DLBCL10467	0.008597658	0.0109174	0.03008196	0.020210033	0.93019295	0.93019295	4.0	4
DLBCL10843	0.93023777	0.0066886814	0.010428428	0.042486306	0.0101588	0.93023777	0.0	0
DLBCL_MC_F739_AMA3	0.010641399	0.031115968	0.9308104	0.021464875	0.005967378	0.9308104	1.0	2
DLBCL10984	0.008794155	0.031889584	0.008321734	0.019617626	0.9313769	0.9313769	4.0	4
DLBC_FF_8046_TP_NB	0.012771624	0.013695387	0.9316656	0.026748259	0.01511913	0.9316656	2.0	2
DLBCL10899	0.007904612	0.03614946	0.0077096964	0.016530534	0.9317057	0.9317057	4.0	4
DFCIDL003_DT	0.0077204853	0.9317325	0.042938445	0.008022592	0.009586028	0.9317325	1.0	1
DLBCL_C_D_1144_NULLPAIR	0.024908965	0.015289832	0.011200328	0.016513955	0.93208694	0.93208694	4.0	4
DLBCL10951	0.012859288	0.02946931	0.008648821	0.015462441	0.93356013	0.93356013	4.0	4
DLBCL_RICOVER_956	0.007825089	0.93365777	0.020060193	0.010192758	0.028264174	0.93365777	4.0	1
DLBCL11203	0.010919807	0.93384546	0.012981058	0.022382587	0.01987106	0.93384546	1.0	1
DLBCL10896	0.933904	0.008398433	0.0072242515	0.031998456	0.018474875	0.933904	0.0	0
DLBCL11470	0.9341268	0.0035816834	0.01939784	0.032099098	0.010794589	0.9341268	0.0	0
DLBCL_RICOVER_299	0.008393454	0.9350733	0.04069771	0.0071144262	0.00872108	0.9350733	1.0	1
DLBC_FF_A7CQ_TP_NB	0.019336062	0.0074975537	0.0112491455	0.026441248	0.935476	0.935476	4.0	4
DLBCL10930	0.029634723	0.0112451	0.009664748	0.013593662	0.93586177	0.93586177	4.0	4
DLBCL_LS378	0.9364338	0.008553762	0.030709751	0.016199792	0.008102904	0.9364338	0.0	0
DLBCL_RICOVER_134	0.00658535	0.028863313	0.0073493985	0.020757776	0.93644416	0.93644416	4.0	4
DLBCL10997	0.9367915	0.0120043	0.012506879	0.02023652	0.018460814	0.9367915	0.0	0
DLBCL10535	0.015776843	0.018980142	0.016779095	0.011214433	0.9372495	0.9372495	4.0	4
DLBCL10871	0.013629597	0.9376472	0.026485698	0.0074683935	0.014769095	0.9376472	1.0	1
DLBCL10968	0.9379008	0.0048682783	0.007268647	0.038335666	0.011626654	0.9379008	0.0	0
DLBCL11685	0.008929451	0.010932392	0.9380042	0.020339375	0.021794565	0.9380042	2.0	2
DLBCL10901	0.012067487	0.021123054	0.01136544	0.017433163	0.9380109	0.9380109	4.0	4
DLBCL_RICOVER_839	0.00878847	0.93818635	0.011119999	0.016235895	0.025669282	0.93818635	1.0	1
DLBCL11565	0.0077606626	0.938209	0.01352169	0.019141017	0.021367636	0.938209	1.0	1
DLBCL10483	0.007607823	0.9386964	0.03813494	0.008096438	0.007464399	0.9386964	1.0	1
DLBCL_RICOVER_1293	0.025384111	0.00809134	0.0077198558	0.019912243	0.9388924	0.9388924	4.0	4
DLBCL_MC_F064AB	0.011132169	0.010578028	0.9389461	0.019728402	0.019615259	0.9389461	2.0	2
DLBCL11526	0.009909771	0.023137236	0.9391245	0.018262815	0.009565631	0.9391245	2.0	2
DLBCL10519	0.012600496	0.93930435	0.032439478	0.008709279	0.006946404	0.93930435	1.0	1
DLBCL_MC_F500_ECU	0.00982219	0.9401428	0.012379995	0.012291752	0.025363257	0.9401428	1.0	1
DLBCL_RICOVER_335	0.010847951	0.940167	0.014336134	0.025409402	0.009239483	0.940167	1.0	1
DLBCL11456	0.012143255	0.94064456	0.019748682	0.020457296	0.0070061986	0.94064456	1.0	1
DLBCL11500	0.0143364575	0.006928672	0.015904639	0.020806799	0.94202346	0.94202346	4.0	4
DLBCL_RICOVER_288	0.026727917	0.94334006	0.011229991	0.009339583	0.0093624415	0.94334006	1.0	1
DLBCL_LS2599	0.013994319	0.013445563	0.943625	0.02419512	0.0047400254	0.943625	2.0	2
DLBCL10548	0.9443149	0.0064088614	0.00703838	0.03113696	0.01110092	0.9443149	0.0	0
DLBCL10890	0.010508498	0.020882286	0.007933221	0.016091324	0.94458467	0.94458467	4.0	4
DLBCL11595	0.009815509	0.011306498	0.013668555	0.020520736	0.9446887	0.9446887	4.0	4
DLBCL11242	0.023108693	0.008117902	0.007166336	0.016076427	0.94553065	0.94553065	4.0	4
DLBCL10883	0.019859133	0.0112579325	0.0073966687	0.015248895	0.9462374	0.9462374	4.0	4
DLBCL_C_D_1148_NULLPAIR	0.9478162	0.0034137159	0.011065931	0.030744957	0.0069591883	0.9478162	0.0	0
DLBCL10935	0.9478356	0.020712769	0.006802802	0.015108255	0.009540552	0.9478356	0.0	0
DLBCL_LS1065	0.009703287	0.9486011	0.018159453	0.015418226	0.00811793	0.9486011	1.0	1
DLBCL10879	0.012352506	0.010414948	0.94869804	0.020863485	0.0076710074	0.94869804	2.0	2
DLBCL10521	0.007090642	0.029556124	0.0058282088	0.008700425	0.9488246	0.9488246	4.0	4
DLBCL10922	0.02331128	0.94927835	0.011946837	0.0066857776	0.008777744	0.94927835	1.0	1
DLBCL11667	0.01370387	0.016935011	0.94956183	0.01433038	0.005468927	0.94956183	2.0	2
DLBCL_RICOVER_1283	0.010392655	0.006384247	0.9499475	0.018223867	0.015051769	0.9499475	2.0	2
DLBCL_LS3204	0.011809363	0.950326	0.016783519	0.014686732	0.006394358	0.950326	1.0	1
DLBCL10887	0.007249311	0.012424395	0.016798863	0.012404049	0.95112336	0.95112336	4.0	4
DLBCL_LS1683	0.0054960703	0.9512911	0.011250746	0.007888331	0.024073752	0.9512911	1.0	1
DLBCL_RICOVER_685	0.0072933817	0.012965559	0.008135596	0.019939527	0.95166594	0.95166594	4.0	4
DLBCL11462	0.9525711	0.005184104	0.017052555	0.01489895	0.010293273	0.9525711	0.0	0
DLBCL_C_D_1152_NULLPAIR	0.005176286	0.9526672	0.022437222	0.010257815	0.009461495	0.9526672	1.0	1
DLBCL11435	0.95330113	0.0057774517	0.00726838	0.017571919	0.016081128	0.95330113	0.0	0
DLBCL11676	0.95470315	0.0051140767	0.016988058	0.018942839	0.0042518955	0.95470315	0.0	0
DLBCL11679	0.016041089	0.9549638	0.014742136	0.00740869	0.00684427	0.9549638	1.0	1
DLBCL10924	0.0064970003	0.0070228307	0.0073994393	0.023720007	0.9553607	0.9553607	4.0	4
DLBCL_LS3749	0.006257198	0.95670867	0.01828722	0.01281772	0.005929203	0.95670867	1.0	1
DLBCL10515	0.9573241	0.014168832	0.0066466327	0.013963204	0.007897263	0.9573241	0.0	0
DLBCL10464	0.014904818	0.007126659	0.95828474	0.014320238	0.0053635724	0.95828474	2.0	2
DLBCL10959	0.9584871	0.0069121076	0.005159969	0.023349384	0.0060914513	0.9584871	0.0	0
DLBCL_C_D_1136_NULLPAIR	0.004976846	0.9586154	0.016000394	0.012125038	0.008282316	0.9586154	1.0	1
DLBCL11461	0.95961785	0.0038543944	0.009680883	0.022862611	0.0039842566	0.95961785	0.0	0
DLBCL10554	0.013607689	0.007225665	0.9596406	0.015225975	0.0043000495	0.9596406	2.0	2
DLBCL11353	0.0059653297	0.017006153	0.0074692857	0.009529355	0.9600299	0.9600299	4.0	4
DLBCL10893	0.004960907	0.008055761	0.009651367	0.016890194	0.96044177	0.96044177	4.0	4
DLBCL11434	0.96255714	0.009349453	0.010276256	0.014266323	0.0035508168	0.96255714	0.0	0
DLBCL10931	0.96376705	0.0025619161	0.007161045	0.018296747	0.00821326	0.96376705	0.0	0
DLBCL11488	0.96413285	0.003113937	0.0057009957	0.01383044	0.013221802	0.96413285	0.0	0
DLBC_FF_8043_TP_NB	0.013831811	0.9644016	0.008714846	0.0056853024	0.0073664375	0.9644016	1.0	1
DLBCL_LS1098	0.008203423	0.0064322986	0.9644242	0.017050643	0.003889456	0.9644242	2.0	2
DLBCL10977	0.009501406	0.0051578805	0.009307764	0.010818119	0.96521485	0.96521485	4.0	4
DLBCL10834	0.014214981	0.96538556	0.008087156	0.0044725845	0.007839693	0.96538556	1.0	1
DLBCL_RICOVER_1263	0.007001676	0.011517997	0.96609545	0.011569741	0.00381511	0.96609545	2.0	2
DLBCL_LS3820	0.004587112	0.008635674	0.9663224	0.015267138	0.005187625	0.9663224	2.0	2
DLBCL10853	0.007618347	0.010272455	0.0064496757	0.00928243	0.9663771	0.9663771	4.0	4
DLBCL_RICOVER_314	0.0046694474	0.01152129	0.0056500197	0.011573137	0.9665861	0.9665861	4.0	4
DLBCL_LS1757	0.96667176	0.010271141	0.005213918	0.012486737	0.005356467	0.96667176	0.0	0
DLBCL10859	0.006413607	0.9666981	0.010380892	0.004245889	0.012261503	0.9666981	1.0	1
DLBCL11195	0.003295122	0.011555659	0.0058891145	0.011782222	0.96747786	0.96747786	4.0	4
DLBCL_RICOVER_1248	0.011067514	0.008965026	0.0034218656	0.008976391	0.96756923	0.96756923	4.0	4
DLBCL10844	0.96767825	0.009782138	0.0048364913	0.009447219	0.008255919	0.96767825	0.0	0
DLBCL10847	0.010194017	0.011668791	0.004063694	0.0062394375	0.96783406	0.96783406	4.0	4
DLBCL11558	0.0070685814	0.0099401	0.96925676	0.0097517725	0.003982794	0.96925676	2.0	2
DLBCL_RICOVER_977	0.96961045	0.0027661137	0.0041043065	0.013590068	0.009929048	0.96961045	0.0	0
DLBCL10889	0.004884063	0.0059451587	0.0065952307	0.012305028	0.9702705	0.9702705	4.0	4
DLBCL10990	0.0049442095	0.013920697	0.004731877	0.006016963	0.97038627	0.97038627	4.0	4
DLBCL11680	0.008541414	0.00550727	0.9711199	0.010550034	0.004281421	0.9711199	2.0	2
DLBCL_DFCI_DLBCL_GOE16	0.0054337326	0.006158205	0.971161	0.012136043	0.005110988	0.971161	2.0	2
DLBCL_RICOVER_417	0.0035852748	0.0076846187	0.006944114	0.010406967	0.97137904	0.97137904	4.0	4
DLBCL10945	0.97142845	0.0028396267	0.0040180176	0.009948437	0.011765437	0.97142845	0.0	0
DLBCL_C_D_1157_NULLPAIR	0.0068246904	0.005513028	0.9715619	0.01137206	0.004728301	0.9715619	2.0	2
DLBCL_RICOVER_945	0.9717053	0.0054300046	0.003946872	0.01359344	0.005324393	0.9717053	0.0	0
DLBCL10996	0.9720819	0.002550157	0.007937904	0.008357849	0.009072193	0.9720819	0.0	0
DLBCL10480	0.0041626305	0.9728195	0.007943942	0.0039003717	0.011173568	0.9728195	1.0	1
DLBCL10848	0.0042938525	0.0047817077	0.0063454523	0.011656099	0.97292286	0.97292286	4.0	4
DLBCL_RICOVER_408	0.008014713	0.97363657	0.008170606	0.0046792733	0.005498834	0.97363657	2.0	1
DLBCL_C_D_1125_NULLPAIR	0.004084677	0.008263946	0.006079034	0.007820353	0.97375196	0.97375196	4.0	4
DLBCL_LS843	0.0054652025	0.005364835	0.9738714	0.011990051	0.0033085204	0.9738714	2.0	2
DLBCL11539	0.97412574	0.0024889552	0.007488386	0.012724149	0.0031727592	0.97412574	0.0	0
DLBCL_C_D_1133_NULLPAIR	0.0047126464	0.0068123224	0.97434646	0.009096163	0.005032402	0.97434646	2.0	2
DLBCL_RICOVER_506	0.0048038317	0.011580475	0.0037355241	0.0053501762	0.97453	0.97453	4.0	4
DLBCL_LS4616	0.0038741098	0.006757158	0.974918	0.009412782	0.0050379666	0.974918	2.0	2
DLBCL_LS297	0.005741492	0.0047520944	0.97525734	0.010398711	0.0038503634	0.97525734	2.0	2
DLBCL10530	0.0042890627	0.010437468	0.0042567514	0.005709165	0.9753075	0.9753075	4.0	4
DLBCL_RICOVER_469	0.0055781137	0.0045783715	0.97556263	0.010731756	0.003549151	0.97556263	2.0	2
DLBCL10457	0.0042682686	0.0069570546	0.0051144236	0.007768154	0.9758921	0.9758921	4.0	4
DLBCL10880	0.005801411	0.0045598377	0.0064461464	0.005947191	0.9772454	0.9772454	4.0	4
DLBCL10852	0.0041566766	0.0046279435	0.00393201	0.009735091	0.9775483	0.9775483	4.0	4
DLBCL11000	0.0053717913	0.004375037	0.005437356	0.0071514873	0.97766435	0.97766435	4.0	4
DLBCL10928	0.9778245	0.0028551295	0.0055823936	0.00861049	0.0051274663	0.9778245	0.0	0
DFCIDL010_DT	0.977894	0.003018869	0.0037602617	0.0118521	0.0034747466	0.977894	0.0	0
DLBCL10465	0.0033429943	0.005635863	0.9779741	0.009231229	0.0038158249	0.9779741	2.0	2
DLBCL_C_D_1119_NULLPAIR	0.00666181	0.9780888	0.006535997	0.0038606373	0.004852747	0.9780888	1.0	1
DLBCL_RICOVER_267	0.0047502886	0.004307011	0.9781366	0.009090367	0.003715714	0.9781366	2.0	2
DLBCL10917	0.0039604004	0.9783662	0.005055469	0.005446382	0.0071715605	0.9783662	1.0	1
DLBCL11428	0.003831844	0.0069808555	0.9785749	0.0065339766	0.0040784376	0.9785749	2.0	2
DLBCL10510	0.0051352493	0.9785835	0.005420445	0.003124053	0.0077367653	0.9785835	1.0	1
DLBCL_MAYO_DLBCL_5613	0.9790483	0.0039437907	0.0034501576	0.007454472	0.0061032637	0.9790483	0.0	0
DLBCL11670	0.0034838773	0.0048624733	0.97908556	0.00942498	0.003143104	0.97908556	2.0	2
DLBCL10860	0.0031028406	0.0049298024	0.0046944176	0.007815195	0.97945774	0.97945774	4.0	4
DLBCL_C_D_1163_NULLPAIR	0.0035885961	0.0043901918	0.0037033935	0.008534757	0.97978306	0.97978306	4.0	4
DLBCL_C_D_1108_NULLPAIR	0.0034481718	0.97994894	0.00451591	0.0030805161	0.009006457	0.97994894	1.0	1
DLBCL_C_D_1114_NULLPAIR	0.9801635	0.0022980566	0.0031987294	0.010571402	0.0037682871	0.9801635	0.0	0
DLBCL_RICOVER_712	0.0033935294	0.0042564757	0.0035789923	0.008338447	0.98043257	0.98043257	4.0	4
DLBCL_RICOVER_1192	0.004364181	0.0043923166	0.0055165226	0.0052917046	0.98043525	0.98043525	4.0	4
DLBCL_MC_F519_ALT	0.0030053784	0.005459414	0.003899033	0.0071470803	0.9804891	0.9804891	4.0	4
DLBCL11191	0.9807374	0.0022138976	0.0029518325	0.010057375	0.004039513	0.9807374	0.0	0
DLBCL10972	0.98087615	0.002631138	0.0040364442	0.008891095	0.0035651873	0.98087615	0.0	0
DLBCL10903	0.0029710669	0.9809315	0.007130562	0.0027791746	0.0061876616	0.9809315	1.0	1
DLBCL11450	0.004201724	0.007441432	0.002673404	0.0046766466	0.9810068	0.9810068	4.0	4
DLBCL_LS2089	0.0041666673	0.9810679	0.005222963	0.0027791595	0.006763325	0.9810679	1.0	1
DLBCL_RICOVER_449	0.0031092474	0.0038567875	0.0041142213	0.006793884	0.9821259	0.9821259	4.0	4
DLBCL10452	0.003223753	0.9822352	0.006198996	0.0034562477	0.0048857983	0.9822352	1.0	1
DLBCL_RICOVER_451	0.98285353	0.0026909332	0.0050047454	0.0064310455	0.0030197545	0.98285353	0.0	0
DLBCL_RICOVER_1219	0.002701176	0.0052250763	0.00314091	0.005624859	0.98330796	0.98330796	4.0	4
DLBCL10541	0.0035073066	0.98335385	0.006067695	0.0034438684	0.003627301	0.98335385	1.0	1
DLBCL11187	0.0033869215	0.0034475077	0.003080532	0.0065696896	0.9835153	0.9835153	4.0	4
DLBCL_RICOVER_221	0.002564616	0.004133286	0.0034145243	0.00584017	0.9840474	0.9840474	4.0	4
DLBCL11512	0.98420626	0.0026034394	0.0022244828	0.007897387	0.0030684234	0.98420626	0.0	0
DLBCL11477	0.98475105	0.0016760126	0.0035364316	0.0067434814	0.0032930404	0.98475105	0.0	0
DLBCL_RICOVER_1032	0.0022615462	0.005783574	0.0021551081	0.0039082323	0.9858915	0.9858915	4.0	4
DLBCL10876	0.0024246774	0.004532727	0.0023639014	0.0047514234	0.9859273	0.9859273	4.0	4
DLBCL11188	0.0025607704	0.9860488	0.0050278506	0.0027989363	0.0035636206	0.9860488	1.0	1
DLBCL10897	0.98640937	0.0018833048	0.0026366583	0.0051118582	0.0039588143	0.98640937	0.0	0
DLBCL_RICOVER_253	0.0045557665	0.98667645	0.0037904633	0.0023073223	0.0026700124	0.98667645	1.0	1
DLBCL10842	0.0022489484	0.0032370964	0.0026455172	0.003869297	0.98799914	0.98799914	4.0	4
DLBCL10534	0.002393479	0.0025220786	0.0023168395	0.004613329	0.9881543	0.9881543	4.0	4
DLBCL10912	0.9882252	0.0015975968	0.002805235	0.0055406434	0.0018312937	0.9882252	0.0	0
DLBCL11457	0.98861486	0.0013416667	0.0017052786	0.0055783335	0.0027598564	0.98861486	0.0	0
DLBCL11429	0.9886189	0.0017559093	0.003414662	0.004132962	0.0020775544	0.9886189	0.0	0
DLBCL10864	0.0021806723	0.0024534676	0.0024690728	0.0042379694	0.98865885	0.98865885	4.0	4
DLBCL_C_D_1128_NULLPAIR	0.98882395	0.0021701013	0.0025009755	0.004611819	0.0018931613	0.98882395	0.0	0
DLBCL_RICOVER_174	0.0030808558	0.9894398	0.0031616916	0.0020917116	0.0022259478	0.9894398	1.0	1
DLBCL11482	0.98961985	0.0011564072	0.001842644	0.0047201836	0.0026609225	0.98961985	0.0	0
DLBCL10495	0.9899901	0.0014210269	0.0016284344	0.0047766906	0.0021837233	0.9899901	0.0	0
DLBCL10967	0.0016678028	0.0026788728	0.001877549	0.0034161278	0.99035966	0.99035966	4.0	4
DLBCL10894	0.0019331768	0.99066114	0.0031759057	0.0021698717	0.002059924	0.99066114	0.0	1
DLBCL_LS146	0.0014398423	0.99097806	0.0027616555	0.00158327	0.0032371413	0.99097806	1.0	1
DLBCL11537	0.9909928	0.0010500281	0.0016378256	0.0038262284	0.0024931552	0.9909928	0.0	0
DLBCL_C_D_1123_NULLPAIR	0.9911269	0.0012438967	0.002062516	0.0041448465	0.0014218416	0.9911269	0.0	0
DLBCL11511	0.9914507	0.0010592655	0.002533966	0.0035704828	0.0013855878	0.9914507	0.0	0
DLBCL10850	0.002261163	0.9914522	0.002680327	0.0013263839	0.0022799103	0.9914522	1.0	1
DLBCL10781	0.00138398	0.0021036698	0.001561248	0.0030037016	0.9919474	0.9919474	4.0	4
DLBCL10471	0.0017785414	0.0021048312	0.0013951593	0.0023294135	0.99239206	0.99239206	4.0	4
DLBCL10988	0.0011394602	0.99289393	0.0025712545	0.0013974	0.0019979423	0.99289393	1.0	1
DLBCL_C_D_1135_NULLPAIR	0.0015531338	0.9930076	0.002433686	0.001156991	0.0018486003	0.9930076	1.0	1
DLBCL_MC_F729_MAN	0.0012702503	0.9944502	0.0016743733	0.0010423072	0.0015628679	0.9944502	1.0	1
DLBCL10862	0.0010466614	0.0015090341	0.0011319335	0.0015793516	0.99473304	0.99473304	4.0	4
DLBCL10458	0.994754	0.00079487107	0.0011420662	0.0024660334	0.0008430136	0.994754	0.0	0
DLBCL_MC_F132_MLM	0.9950878	0.0006422938	0.0008998683	0.0022741852	0.0010958461	0.9950878	0.0	0
DLBCL_C_D_1130_NULLPAIR	0.9956935	0.00074878376	0.0007657582	0.001927127	0.000864856	0.9956935	0.0	0
DLBCL_MAYO_DLBCL_7359	0.0008699731	0.9963156	0.001138098	0.00067014963	0.0010061931	0.9963156	1.0	1
DLBCL10911	0.0005524186	0.9974433	0.0008781351	0.00047043187	0.0006556974	0.9974433	1.0	1
