	C1	C2	C3	C4	C5	Confidence	True Cluster	Predicted Cluster
DLBCL11467	0.24500467020931377	0.1700698851043645	0.21347314608001292	0.14778153043165526	0.22367076817465356	0.24500467020931377	3.0	0
DLBCL10955	0.29685043915397274	0.08775858841011612	0.17316447047712982	0.22541144380804393	0.21681505815073732	0.29685043915397274	3.0	0
DLBCL10954	0.09820974176842447	0.25609300296394827	0.13645483858262528	0.20532660729708427	0.30391580938791757	0.30391580938791757	1.0	4
DLBC_FF_A7CX_TP_NB	0.2272403354613048	0.10390996357805628	0.30448861372598335	0.1113561823439058	0.25300490489074995	0.30448861372598335	4.0	2
DLBCL_RICOVER_320	0.14272083703167748	0.31290361743141326	0.24386618798261003	0.12837499099391866	0.1721343665603804	0.31290361743141326	2.0	1
DLBCL10487	0.27379763132492535	0.31785096391058637	0.0800699724512032	0.27125752919868107	0.05702390311460406	0.31785096391058637	1.0	1
DLBCL11439	0.27612956259456145	0.015109022846090418	0.25567683174618955	0.1293474695323127	0.32373711328084587	0.32373711328084587	2.0	4
DLBCL_RICOVER_473	0.3059454948530145	0.3422494331205327	0.1858400851957933	0.125686399514784	0.04027858731587543	0.3422494331205327	0.0	1
DLBCL10874	0.10586416206694467	0.35451769522323584	0.022417552233135882	0.21036094326121077	0.30683964721547285	0.35451769522323584	1.0	1
DLBCL11483	0.13014470212895815	0.3134108247679374	0.11403193935173414	0.0754164526369499	0.3669960811144205	0.3669960811144205	1.0	4
DLBCL11441	0.12774294590749888	0.023503872060909894	0.1990582900694563	0.2794219807532896	0.3702729112088454	0.3702729112088454	2.0	4
DLBCL10488	0.3001946283242069	0.20737099181147658	0.3758837987115199	0.10649960159534307	0.010050979557453515	0.3758837987115199	0.0	2
DLBCL10971	0.10451599709538892	0.3031482839636371	0.040376850465961005	0.17416145037733063	0.37779741809768236	0.37779741809768236	0.0	4
DLBCL10532	0.0582255828714677	0.018184656713826103	0.24540288268300015	0.29855230153076046	0.3796345762009455	0.3796345762009455	4.0	4
DLBCL10908	0.1376806003386997	0.38226229763598824	0.1207483630000147	0.07486938647216601	0.2844393525531315	0.38226229763598824	4.0	1
DLBCL10454	0.38925650385088695	0.28834853332571897	0.03458665151439558	0.02354596419747917	0.2642623471115193	0.38925650385088695	4.0	0
DLBCL_C_D_1105_NULLPAIR	0.17142797186235292	0.1911044926232043	0.12621501190719328	0.3907774602315253	0.12047506337572407	0.3907774602315253	1.0	3
DLBCL10462	0.3925448653736329	0.011987172822915334	0.09920786627307795	0.31798695118782816	0.1782731443425457	0.3925448653736329	0.0	0
DLBCL11474	0.34657808022022385	0.029776178349407816	0.023272499048333183	0.3977833330859941	0.20258990929604093	0.3977833330859941	0.0	3
DLBCL10871	0.39997119732207165	0.19983789353403167	0.14123141093160738	0.0722381681326473	0.18672133007964198	0.39997119732207165	1.0	0
DLBCL11446	0.046635663941250786	0.09152637201160309	0.31468306878352514	0.40104796016564603	0.14610693509797487	0.40104796016564603	1.0	3
DLBCL_MC_F927_JHS	0.11483343279601696	0.21706387009235675	0.1665058740306174	0.09156811211685502	0.410028710964154	0.410028710964154	4.0	4
DLBCL10972	0.19194246024919587	0.24063955862692343	0.06800427682042995	0.08530339822223759	0.4141103060812133	0.4141103060812133	0.0	4
DLBCL10503	0.028717049004801085	0.4189670584294318	0.20105112667466524	0.03658644511260203	0.31467832077849966	0.4189670584294318	1.0	1
DLBCL11436	0.31992904144682877	0.11766648033460389	0.03339783704679846	0.42567314751136753	0.10333349366040129	0.42567314751136753	1.0	3
DLBCL11534	0.04877220943653577	0.033147630683039685	0.42701523361704147	0.1873743291005238	0.30369059716285934	0.42701523361704147	2.0	2
DLBCL_RICOVER_274	0.04018312724132079	0.28310491813501715	0.04741742537920577	0.427020025235521	0.2022745040089352	0.427020025235521	3.0	3
DLBCL_RICOVER_1081	0.03628865292342798	0.018633520010460047	0.20023673378571422	0.31714731637708277	0.42769377690331506	0.42769377690331506	4.0	4
DLBCL_C_D_1153_NULLPAIR	0.04925190570139739	0.42944537414230655	0.024190455419993432	0.13960822204952433	0.3575040426867783	0.42944537414230655	3.0	1
DLBCL_LS2208	0.03796653078636451	0.18165223028214025	0.4296050460162576	0.039868690801141735	0.3109075021140959	0.4296050460162576	4.0	2
DLBCL11491	0.11280600886640409	0.017818847600237647	0.4357845550483189	0.29236514134626784	0.14122544713877155	0.4357845550483189	3.0	2
DLBCL10869	0.4366405880021335	0.19880939018041124	0.2326548869601936	0.07692227223200118	0.05497286262526044	0.4366405880021335	0.0	0
DLBCL_RICOVER_1150	0.08409494976074318	0.44167430254236806	0.04457047799301891	0.17135818777821285	0.258302081925657	0.44167430254236806	0.0	1
DLBCL11681	0.44305093368546056	0.011677780352535652	0.24842183504387214	0.2025693819922816	0.09428006892585006	0.44305093368546056	0.0	0
DLBCL_RICOVER_773	0.012434224013479968	0.4452839535300283	0.3461103224174439	0.03600686231018466	0.16016463772886316	0.4452839535300283	4.0	1
DLBCL11574	0.10890280875918797	0.21217412742109942	0.1449762867671314	0.08864914036763653	0.4452976366849447	0.4452976366849447	2.0	4
DLBCL_RICOVER_216	0.05833059891355943	0.08172237137494912	0.44962272271762765	0.04796422302272685	0.36236008397113706	0.44962272271762765	2.0	2
DLBCL_C_D_1138_NULLPAIR	0.06689456050045628	0.4498481259359783	0.09404572531801522	0.3450506794591388	0.04416090878641141	0.4498481259359783	1.0	1
DLBCL10936	0.16645460051063388	0.4529839983830637	0.14878186416579356	0.11481675637483277	0.11696278056567609	0.4529839983830637	2.0	1
DLBCL10957	0.45417807079367656	0.02294318604559448	0.11343653236466669	0.38905067411388977	0.020391536682172463	0.45417807079367656	0.0	0
DLBCL11504	0.3037419334824183	0.03286162418665772	0.03698912375226637	0.166346604149479	0.4600607144291787	0.4600607144291787	4.0	4
DLBCL10986	0.05077274983257514	0.13075469525645073	0.12113983755500198	0.23678675649281747	0.4605459608631547	0.4605459608631547	0.0	4
DLBCL_RICOVER_522	0.25685174559294244	0.017412281711036055	0.4625844651183753	0.24806587363795335	0.015085633939692837	0.4625844651183753	2.0	2
DLBCL10973	0.04383694134951294	0.03644935114886358	0.18137354612355736	0.2746565234685755	0.4636836379094906	0.4636836379094906	3.0	4
DLBCL_LS2154	0.1607448876385233	0.46522570432598026	0.14724702616044977	0.11015745930746512	0.11662492256758153	0.46522570432598026	0.0	1
DLBCL11455	0.09470754347579635	0.0279542692489778	0.18401920204992303	0.4682372526635296	0.2250817325617731	0.4682372526635296	2.0	3
DLBCL_RICOVER_258	0.1453196105048146	0.019110253188209064	0.28135577402879897	0.08281920683318586	0.4713951554449915	0.4713951554449915	2.0	4
DLBCL11510	0.1978760037083669	0.47525712235662715	0.08162769524666363	0.056834032200999536	0.18840514648734275	0.47525712235662715	4.0	1
DLBCL_RICOVER_617	0.4803788614154509	0.027128923294969957	0.13765296949339814	0.3411184930936769	0.01372075270250406	0.4803788614154509	3.0	0
DLBCL10486	0.2856575991480608	0.48151726223052205	0.027404856231898644	0.14326834941070232	0.06215193297881612	0.48151726223052205	0.0	1
DFCIDL004_DT	0.1415033956814146	0.020311233009342466	0.04043333430079883	0.3134243285096857	0.48432770849875834	0.48432770849875834	4.0	4
DLBCL11473	0.3950822882337484	0.05452245150138278	0.030817695207555725	0.493462493325074	0.026115071732239096	0.493462493325074	0.0	3
DLBCL10987	0.49374573790437054	0.36248172399083955	0.058707307912228224	0.04655260907273999	0.0385126211198218	0.49374573790437054	4.0	0
DLBCL10501	0.012160567322137935	0.4974752591717569	0.39082089936284253	0.0540917357331415	0.04545153841012113	0.4974752591717569	2.0	1
DLBCL_C_D_PAIR13	0.14018341681780747	0.13422478173968605	0.13996797637650138	0.08729930156447882	0.4983245235015263	0.4983245235015263	4.0	4
DLBCL11664	0.39206762535429596	0.5001322095433788	0.04560997459064272	0.043054319366263194	0.019135871145419283	0.5001322095433788	1.0	1
DLBCL_LS1683	0.01864006930827036	0.41070082372153077	0.05284783299879944	0.01709963346166662	0.5007116405097328	0.5007116405097328	1.0	4
DLBCL10782	0.2909722913310254	0.12050712296808382	0.06638143972994584	0.5027982080538406	0.019340937917104332	0.5027982080538406	3.0	3
DLBCL11431	0.1415833137943644	0.13643424580968452	0.1334439491119387	0.08544768026048556	0.5030908110235267	0.5030908110235267	4.0	4
DLBCL10915	0.14570439540132477	0.10350409432349127	0.05211099531760424	0.5043267665951676	0.19435374836241212	0.5043267665951676	4.0	3
DLBCL10549	0.04561869477529531	0.39204853071045503	0.5082634492156698	0.03788591891550577	0.01618340638307402	0.5082634492156698	1.0	2
DLBCL10984	0.015644026030532294	0.4089804632089826	0.023998238162445222	0.04298303559245884	0.5083942370055811	0.5083942370055811	4.0	4
DLBCL11437	0.20137070582015743	0.01354768029332055	0.04211555269190798	0.5123401397322407	0.23062592146237332	0.5123401397322407	3.0	3
DLBCL10865	0.02278382031155321	0.1444793488763646	0.14660231042515628	0.1719557571775603	0.5141787632093656	0.5141787632093656	4.0	4
DLBCL_LS951	0.5146766565245586	0.26133352445593977	0.07317903012168812	0.13558915203901165	0.015221636858801802	0.5146766565245586	0.0	0
DLBCL10898	0.023739995512295102	0.5147315178104188	0.027406051838525205	0.04058962352978206	0.3935328113089789	0.5147315178104188	4.0	1
DLBCL_RICOVER_787	0.5169671312525823	0.22471446848384674	0.05759969342310029	0.16843347447716825	0.03228523236330234	0.5169671312525823	1.0	0
DLBCL_C_D_1159_NULLPAIR	0.5207833329078408	0.020722349970372488	0.031948073526843875	0.40486112671507546	0.021685116879867294	0.5207833329078408	3.0	0
DLBCL11428	0.050757510346921844	0.34079192714551376	0.5234600169382309	0.06373383999605643	0.02125670557327714	0.5234600169382309	2.0	2
DLBCL11472	0.5235732061539708	0.013333267691493862	0.03466789067430583	0.32900445252083227	0.09942118295939717	0.5235732061539708	0.0	0
DLBCL_C_D_1117_NULLPAIR	0.1540931586275197	0.25652811832054495	0.02661964974866508	0.5261911559821917	0.03656791732107862	0.5261911559821917	1.0	3
DLBCL11515	0.04354938698482792	0.0765793933021815	0.3061378989441346	0.03890358201747994	0.534829738751376	0.534829738751376	2.0	4
DLBCL10927	0.3812285698532443	0.030632308149200094	0.02539402098451454	0.5401719153275831	0.02257318568545792	0.5401719153275831	3.0	3
DLBCL10553	0.045690879730665455	0.022965792827048703	0.33072966597288056	0.5452892610584426	0.05532440041096268	0.5452892610584426	3.0	3
DLBCL_RICOVER_314	0.01299463593332968	0.5468390934216204	0.04433604521749789	0.06639325585333936	0.3294369695742127	0.5468390934216204	4.0	1
DLBCL11538	0.08897105474661259	0.021488708359648195	0.5488730863782592	0.22044625034246929	0.1202209001730107	0.5488730863782592	4.0	2
DLBCL10512	0.03819619676858134	0.551881238151763	0.26467015191389104	0.07517678574470082	0.07007562742106377	0.551881238151763	2.0	1
DLBCL11204	0.556762081449005	0.23685023955034223	0.08058774075665645	0.07945759268506804	0.046342345558928286	0.556762081449005	1.0	0
DLBCL_LS1921	0.05680611138609184	0.5568978729730358	0.10543846311745383	0.26478080393313086	0.01607674859028766	0.5568978729730358	1.0	1
DLBCL11471	0.5578038212267246	0.2055483988902312	0.02826843699831476	0.15234197512442374	0.0560373677603057	0.5578038212267246	3.0	0
DLBCL10514	0.041384899678809026	0.3172056516586993	0.5586192366893911	0.0600579835080162	0.022732228465084502	0.5586192366893911	2.0	2
DLBCL10539	0.03767199618279809	0.5587630604320857	0.05944541810278536	0.1463770893293764	0.19774243595295443	0.5587630604320857	3.0	1
DLBCL_RICOVER_985	0.03513734327377575	0.049912526081140524	0.3119513906262014	0.5626563934800675	0.04034234653881481	0.5626563934800675	3.0	3
DLBCL_RICOVER_1165	0.011102414675101771	0.5659342460397231	0.21092451710772106	0.03333793817649517	0.17870088400095893	0.5659342460397231	1.0	1
DLBCL10492	0.5706784963630214	0.0368104237618904	0.012416926703237328	0.0907934435074351	0.2893007096644158	0.5706784963630214	0.0	0
DLBCL_C_D_1118_NULLPAIR	0.3405136386763301	0.5734075542392678	0.023083424067882795	0.04301914332361505	0.01997623969290422	0.5734075542392678	1.0	1
DLBCL10995	0.035801190920049165	0.11716860197439753	0.573670225796458	0.16882204423460365	0.10453793707449156	0.573670225796458	2.0	2
DLBCL10490	0.576370299936218	0.04619195884907273	0.03732287190079162	0.29709390110622236	0.0430209682076953	0.576370299936218	0.0	0
DLBCL_RICOVER_111	0.13711000798011583	0.01972668476144099	0.5783834789009978	0.0575460734130852	0.20723375494436022	0.5783834789009978	4.0	2
DLBCL10837	0.5802341024962044	0.03253974208677071	0.04365830441521196	0.1441722812485757	0.1993955697532372	0.5802341024962044	4.0	0
DLBCL10919	0.3136001022963325	0.012148715944513685	0.0637350412880154	0.5829140381416266	0.02760210232951185	0.5829140381416266	3.0	3
DLBCL10885	0.05425348125626423	0.5831211261422408	0.028259599581439348	0.10101986519915421	0.2333459278209015	0.5831211261422408	1.0	1
DLBCL_LS2590	0.03782574166403727	0.02036468210727169	0.08035703772971466	0.5878129247973876	0.27363961370158885	0.5878129247973876	3.0	3
DLBCL_RICOVER_506	0.01206446893061586	0.32130531236171705	0.051908488615590664	0.02385217964985077	0.5908695504422256	0.5908695504422256	4.0	4
DLBCL_LS4593	0.06096056538772554	0.09563249040978854	0.22355830264904003	0.5915112929619719	0.02833734859147396	0.5915112929619719	2.0	3
DLBCL10564	0.15019668040428444	0.06429921480966623	0.1721452755245226	0.5921072493929116	0.02125157986861514	0.5921072493929116	3.0	3
DLBCL_RICOVER_910	0.5960705974436845	0.14328421787226045	0.10854869869269178	0.09349102516691742	0.058605460824445905	0.5960705974436845	0.0	0
DFCIDL009_DT	0.03998381220589476	0.3033139438460021	0.5965610498300207	0.04464803531209815	0.015493158805984389	0.5965610498300207	2.0	2
DLBCL11518	0.5966503987643453	0.23021251889091576	0.0969565212638244	0.05832082196019469	0.017859739120719875	0.5966503987643453	2.0	0
DLBCL10959	0.054304186507156245	0.03140046981269878	0.03415385451363485	0.5970064851714608	0.28313500399504926	0.5970064851714608	0.0	3
DLBCL_RICOVER_711	0.08641686106660101	0.59725602750884	0.031560433845769884	0.2568179990697991	0.02794867850899005	0.59725602750884	3.0	1
DLBCL_LS4592	0.011783192264712767	0.04713347838444394	0.6033076125715398	0.11893860316885148	0.21883711361045197	0.6033076125715398	2.0	2
DLBCL_RICOVER_401	0.037906608831830384	0.6056509239286679	0.31716706138597456	0.020177810622016304	0.01909759523151083	0.6056509239286679	1.0	1
DLBCL10934	0.028342245143764537	0.29288177836131046	0.018762934831267446	0.052796133933149164	0.6072169077305084	0.6072169077305084	1.0	4
DLBCL11464	0.6078310519102562	0.02019365286262191	0.02040943384695492	0.3240959464770203	0.027469914903146722	0.6078310519102562	3.0	0
DLBCL_C_D_1148_NULLPAIR	0.1828271670148756	0.014447196761125842	0.1650821129954104	0.6089891547762708	0.02865436845231738	0.6089891547762708	0.0	3
DLBCL11430	0.23548754560770596	0.025862625406346137	0.10403292953852888	0.614595529583553	0.020021369863865945	0.614595529583553	0.0	3
DLBCL_LS3499	0.13098247535230242	0.17323964803156267	0.048668489971224776	0.6194920435772184	0.027617343067691705	0.6194920435772184	3.0	3
DLBCL_MC_F739_AMA3	0.02213520919535039	0.621109134836676	0.31074511589055	0.025309638758032205	0.020700901319391465	0.621109134836676	1.0	1
DLBCL11673	0.03765341189869841	0.6216811852163835	0.2752973650302577	0.03169901925608705	0.03366901859857335	0.6216811852163835	1.0	1
DLBCL11535	0.06294680957449202	0.030166290411501265	0.022775960229378164	0.2619399523772069	0.6221709874074216	0.6221709874074216	3.0	4
DLBCL11447	0.08112629667053844	0.02686919847267761	0.03322694015259043	0.6258866739460062	0.23289089075818736	0.6258866739460062	3.0	3
DLBCL_RICOVER_720	0.01607238124332716	0.30585232682953856	0.02995693929509435	0.021264253373408915	0.6268540992586309	0.6268540992586309	4.0	4
DLBCL10838	0.03487473888403077	0.6269797207256891	0.023079985818762833	0.022942945867348637	0.29212260870416873	0.6269797207256891	4.0	1
DLBCL10999	0.017719790729953954	0.03393985584500149	0.06598689997741337	0.2545188529748138	0.6278346004728174	0.6278346004728174	4.0	4
DLBCL10780	0.0995040204652958	0.6315988484427951	0.05890537524639087	0.1911429380758035	0.018848817769714768	0.6315988484427951	1.0	1
DLBCL10921	0.05978099406449381	0.6320931751821598	0.019938088919701877	0.022250191926124506	0.26593754990752	0.6320931751821598	4.0	1
DLBCL11581	0.06405451668206735	0.03903360386862607	0.11078210023588278	0.633537556978619	0.15259222223480476	0.633537556978619	4.0	3
DLBCL10969	0.634205660024875	0.11878456341937962	0.18266240678705656	0.04184165593289103	0.022505713835797872	0.634205660024875	0.0	0
DLBCL10993	0.6352201184188356	0.022010310002987164	0.01984583012774721	0.1715676117816447	0.15135612966878523	0.6352201184188356	0.0	0
DLBCL11478	0.6381576933524868	0.03644129520471921	0.2612122698876517	0.046724124092855014	0.017464617462287186	0.6381576933524868	0.0	0
DLBCL10868	0.07625096996031477	0.02186741180971688	0.02528276693738796	0.639939568891866	0.23665928240071443	0.639939568891866	3.0	3
DLBCL_MAYO_DLBCL_234	0.09404440169384115	0.014508017412832504	0.642862416894034	0.21119335042665555	0.037391813572636774	0.642862416894034	2.0	2
DLBCL_LS4616	0.014065170916375522	0.6433398904371787	0.2195969382995457	0.0901495900598021	0.032848410287098014	0.6433398904371787	2.0	1
DLBCL10962	0.049176963123201564	0.6453038020624856	0.239361724642113	0.031077422337331573	0.03508008783486827	0.6453038020624856	1.0	1
DLBCL_LS2325	0.046395494186354705	0.6460081626357402	0.26726402890048484	0.02145131673127242	0.018880997546147846	0.6460081626357402	2.0	1
DLBCL10867	0.03323358505880885	0.6477276764961872	0.027072964814236253	0.06275558960387703	0.22921018402689058	0.6477276764961872	4.0	1
DLBCL10994	0.6482841280952537	0.17741052712914604	0.03882781084014632	0.07766565474562406	0.05781187918982989	0.6482841280952537	0.0	0
DLBCL10835	0.029452893137246517	0.11114478708444449	0.02800704928511163	0.1817889171805129	0.6496063533126845	0.6496063533126845	4.0	4
DLBCL_C_D_1144_NULLPAIR	0.0678747848469371	0.1826675882265453	0.024478349015816785	0.07505109500646548	0.6499281829042354	0.6499281829042354	4.0	4
DLBCL11507	0.06716234812380906	0.6509044510644766	0.23506461069080162	0.02038365567868345	0.026484934442229272	0.6509044510644766	1.0	1
DLBCL10974	0.06276842918939458	0.059734854474112566	0.07946460211915507	0.6516983446317609	0.14633376958557684	0.6516983446317609	3.0	3
DLBCL_RICOVER_583	0.016275539166883138	0.6565646487288406	0.12275314426350281	0.021205847593391097	0.18320082024738235	0.6565646487288406	1.0	1
DLBCL_RICOVER_1018	0.0751056508244929	0.19379400409550132	0.030318377988592785	0.656732826140645	0.044049140950767986	0.656732826140645	3.0	3
DLBCL11671	0.6571451249882985	0.03213982104893181	0.10523398876038165	0.1905321331042906	0.014948932098097533	0.6571451249882985	0.0	0
DLBCL10542	0.6593824189131291	0.010979179204554618	0.09223837631605078	0.08328871518946415	0.15411131037680137	0.6593824189131291	0.0	0
DLBCL11206	0.03582366422897628	0.2614822942217484	0.021662531245075348	0.01672711937006554	0.6643043909341344	0.6643043909341344	4.0	4
DLBCL11683	0.07480034768706306	0.026008131765439313	0.21276812471765488	0.6646393261194457	0.021784069710397102	0.6646393261194457	2.0	3
DLBCL_MC_F496DMP	0.667878231613585	0.17651055132849802	0.03770045407048319	0.10282546529281385	0.015085297694619979	0.667878231613585	1.0	0
DLBCL10906	0.04702524530450972	0.6697436765646594	0.02329150945751435	0.02027164692210647	0.23966792175121002	0.6697436765646594	1.0	1
DLBCL_LS2599	0.09989665893075897	0.11746950680434143	0.6716102003322878	0.09414022871009244	0.0168834052225194	0.6716102003322878	2.0	2
DLBCL10961	0.014018834121860531	0.16375586734919265	0.05446460496446617	0.09406032526953538	0.6737003682949453	0.6737003682949453	4.0	4
DLBCL10527	0.03551521606692408	0.04521188343084813	0.2148353957427192	0.6769308265181804	0.027506678241328245	0.6769308265181804	3.0	3
DLBCL10851	0.053033786085391596	0.6796605408155084	0.019638786771186523	0.02542021809628931	0.22224666823162414	0.6796605408155084	1.0	1
DLBCL11433	0.03979846691875176	0.02140618825577711	0.05946176473413247	0.6815511826302824	0.1977823974610563	0.6815511826302824	3.0	3
DLBCL11652	0.14825862644032126	0.6829383015847647	0.08609452476994967	0.0483478254711587	0.03436072173380573	0.6829383015847647	0.0	1
DLBCL_C_D_1112_NULLPAIR	0.04283168593257819	0.17299574138585708	0.6834856182032917	0.0550166628060885	0.04567029167218457	0.6834856182032917	2.0	2
DLBCL10536	0.042909162406372395	0.18332124545289474	0.6840415915344689	0.043599271793543164	0.04612872881272083	0.6840415915344689	2.0	2
DLBCL_RICOVER_1106	0.014101722947562218	0.20641743236642188	0.04935404355867761	0.045746065937476536	0.6843807351898618	0.6843807351898618	4.0	4
DLBCL_RICOVER_1046	0.015423044396453976	0.6860111777220789	0.16395016424712672	0.017951390408277604	0.11666422322606283	0.6860111777220789	1.0	1
DLBCL_C_D_1140_NULLPAIR	0.06594574521473713	0.0434235795571668	0.09293909875381577	0.10818759031799144	0.6895039861562888	0.6895039861562888	4.0	4
DLBCL10970	0.04451090510700549	0.15732610780238734	0.07169509652808075	0.6912889336409708	0.03517895692155571	0.6912889336409708	3.0	3
DLBCL11435	0.6933781016469999	0.01302673603310208	0.02134210278143881	0.16763621481108465	0.1046168447273746	0.6933781016469999	0.0	0
DLBCL10858	0.034691680675541604	0.015018657099493389	0.03277534198544767	0.22379152680611916	0.6937227934333983	0.6937227934333983	3.0	4
DLBCL10894	0.19926215651090137	0.6942724999546523	0.03181198645302506	0.059528751405690396	0.015124605675730863	0.6942724999546523	1.0	1
DLBCL10467	0.0653252432957775	0.033778831414964884	0.06282632079725951	0.1355387587082422	0.7025308457837559	0.7025308457837559	4.0	4
DLBCL10846	0.14564156879811155	0.7057475044778119	0.02582988904273105	0.0823851665316934	0.0403958711496522	0.7057475044778119	1.0	1
DLBCL11468	0.020782722523140472	0.034384384725283115	0.7070325659176406	0.19912124557361957	0.03867908126031629	0.7070325659176406	2.0	2
DLBCL11501	0.20150101659455727	0.7076531817196283	0.022188086727177266	0.03152241289023398	0.03713530206840315	0.7076531817196283	0.0	1
DLBCL11528	0.7097423146058525	0.1029469940043538	0.12556123999426416	0.028772474538172742	0.03297697685735684	0.7097423146058525	2.0	0
DLBCL11479	0.02954155811502233	0.7123387642491161	0.17041701473952628	0.02634865813661011	0.06135400475972514	0.7123387642491161	1.0	1
DLBCL_RICOVER_1045	0.07844943773538131	0.04143215721158681	0.02978623136011699	0.7129521808103594	0.1373799928825555	0.7129521808103594	3.0	3
DLBCL11573	0.017625612483290302	0.1798872886355162	0.7146113757672565	0.044771218452225994	0.043104504661711	0.7146113757672565	2.0	2
DLBCL11448	0.02550344210784295	0.05587696104389653	0.07766054763201893	0.12626152520597553	0.714697524010266	0.714697524010266	3.0	4
DLBCL_RICOVER_978	0.7155433851511177	0.016380917934620747	0.1848477059270804	0.05397606330299036	0.029251927684190788	0.7155433851511177	2.0	0
DLBCL11591	0.014603062560277623	0.7160511203127427	0.22240055628930958	0.016159332654995917	0.030785928182674258	0.7160511203127427	1.0	1
DLBCL_RICOVER_151	0.0550380787642538	0.7165581856439057	0.03452094449847754	0.17235026457429856	0.021532526519064326	0.7165581856439057	3.0	1
DLBCL10844	0.7189133979854844	0.034815678908779485	0.021076548207877296	0.03690027414206933	0.18829410075578953	0.7189133979854844	0.0	0
DLBCL11481	0.12378015990165353	0.03824124866752832	0.7200891397735372	0.04326895319453307	0.07462049846274793	0.7200891397735372	0.0	2
DLBCL_DFCI_DLBCL_GOE05	0.00922115559565197	0.14849282678266332	0.097206518974527	0.024100530450770066	0.7209789681963876	0.7209789681963876	1.0	4
DLBCL_RICOVER_780	0.01682218462803901	0.7224101529279583	0.2017571813079528	0.03850251039971608	0.020507970736333803	0.7224101529279583	1.0	1
DLBCL11466	0.0643870532762705	0.7276541852137789	0.07144339668198156	0.053653238113031305	0.08286212671493778	0.7276541852137789	1.0	1
DLBCL10930	0.17443978457891413	0.028900823474066768	0.03965673391002013	0.027358644857118565	0.7296440131798804	0.7296440131798804	4.0	4
DLBCL11663	0.7312653714956397	0.045472941576456406	0.08740387214566675	0.10585850830437868	0.029999306477858458	0.7312653714956397	0.0	0
DLBC_FF_8062_TP_NB	0.09529241503468894	0.01462399435635403	0.12833595262349035	0.7312771889907357	0.030470448994730975	0.7312771889907357	3.0	3
DLBCL11242	0.1160476527607478	0.05692196003145124	0.02966490261116203	0.06497520212228168	0.7323902824743572	0.7323902824743572	4.0	4
DLBCL_RICOVER_338	0.7324813452551636	0.011780507019201652	0.02535404132908898	0.19899632655779984	0.031387779838745876	0.7324813452551636	0.0	0
DLBCL_RICOVER_1278	0.043799029096617696	0.02204507399398702	0.023712529512275277	0.17480462939584368	0.7356387380012763	0.7356387380012763	4.0	4
DLBCL_BWH_DLBCL64	0.1365864672050657	0.06779076963610846	0.041507185512092405	0.7366699474247516	0.017445630221981846	0.7366699474247516	1.0	3
DLBCL11651	0.032043191181687414	0.03140039620955255	0.7380276711024876	0.06084751397058979	0.13768122753568265	0.7380276711024876	2.0	2
DLBCL11346	0.025218437326075184	0.7396773869047568	0.03322868289088171	0.022168612088893543	0.1797068807893928	0.7396773869047568	1.0	1
DLBCL10910	0.021136135136703236	0.1613946578251122	0.7416613318246222	0.043712455159834136	0.03209542005372816	0.7416613318246222	2.0	2
DLBCL_LS2245	0.10390459801121951	0.7450602249516861	0.10072033579035082	0.03765909447036165	0.012655746776381836	0.7450602249516861	1.0	1
DLBCL10873	0.09515439206453674	0.7458789376851312	0.04181342360306229	0.10049331780168728	0.016659928845582445	0.7458789376851312	1.0	1
DLBCL_RICOVER_1204	0.03168376094681434	0.03269578615821711	0.054637777522976	0.7470111032981038	0.13397157207388877	0.7470111032981038	3.0	3
DLBCL_RICOVER_478	0.04797623098148058	0.7470215444161166	0.038597097977914954	0.017747114139314832	0.14865801248517305	0.7470215444161166	1.0	1
DLBCL10877	0.7477792538887216	0.07984308429631029	0.0585941831376468	0.078002754942892	0.035780723734429344	0.7477792538887216	0.0	0
DLBCL_RICOVER_1060	0.039753348734791874	0.7503704116159207	0.05018546611143709	0.029263316727322193	0.13042745681052814	0.7503704116159207	1.0	1
DLBCL_LS2328	0.022310055886756705	0.7508134455608795	0.19402516083932306	0.016180684801686333	0.01667065291135441	0.7508134455608795	2.0	1
DLBCL11519	0.7538637498802789	0.026699121350070614	0.018047920228203354	0.18730839738894553	0.014080811152501569	0.7538637498802789	0.0	0
DLBCL11590	0.06635322642903822	0.018281694890559252	0.08802972177023125	0.7542200581807077	0.07311529872946364	0.7542200581807077	2.0	3
DLBCL11002	0.1549060596738703	0.017949732293127654	0.05388841929599223	0.7547124972305559	0.018543291506453893	0.7547124972305559	3.0	3
DLBCL10914	0.7553547037308165	0.1332756436113635	0.03878720440499593	0.0446495847579972	0.02793286349482696	0.7553547037308165	0.0	0
DLBCL_RICOVER_575	0.07880887602177573	0.03780771272287583	0.11174975165217832	0.7585003824256223	0.013133277177547814	0.7585003824256223	3.0	3
DLBCL11536	0.012367478839295615	0.7591941463959095	0.04955973903412259	0.08408545759203027	0.09479317813864205	0.7591941463959095	3.0	1
DLBCL_MC_F502_RFK	0.010519319009299548	0.7656682646963326	0.15728939166685948	0.01563452150236395	0.05088850312514429	0.7656682646963326	1.0	1
DLBCL10879	0.01814997697597122	0.01616581502076794	0.7680468036123616	0.10709278627071565	0.09054461812018362	0.7680468036123616	2.0	2
DLBCL_MC_F218_RAP	0.14412341739531584	0.012210364554700207	0.05290251514998067	0.7684993647622268	0.02226433813777647	0.7684993647622268	3.0	3
DLBCL10548	0.7686403018165899	0.08906602391655923	0.012435365003018593	0.09731829776218624	0.03254001150164603	0.7686403018165899	0.0	0
DLBCL_C_D_1109_NULLPAIR	0.14786441102490408	0.01333488638794987	0.03135603550058137	0.7703354731824106	0.03710919390415415	0.7703354731824106	3.0	3
DLBCL10513	0.08374472685629987	0.030752501005979805	0.09907350840900643	0.7723521053818302	0.014077158346883752	0.7723521053818302	3.0	3
DLBCL_RICOVER_1190	0.7742116482900466	0.029284478039166534	0.11872426739789027	0.037077776018813284	0.04070183025408325	0.7742116482900466	4.0	0
DLBCL10457	0.02039388643546791	0.12278589828813263	0.045482234949203164	0.03694530349053524	0.774392676836661	0.774392676836661	4.0	4
DLBCL10849	0.013444101773899283	0.775739668859816	0.027591616667661596	0.01770352462491515	0.16552108807370794	0.775739668859816	1.0	1
DLBCL11657	0.023741329380792354	0.03322411751476142	0.7776858494534148	0.13253203390541177	0.03281666974561965	0.7776858494534148	3.0	2
DLBCL11669	0.07004856147675878	0.02474263173286965	0.7783822614569955	0.11552866930812654	0.011297876025249527	0.7783822614569955	2.0	2
DLBCL11676	0.7795081363147236	0.02499564769570192	0.08728435194628129	0.10132041151473305	0.006891452528560194	0.7795081363147236	0.0	0
DLBCL11516	0.013138070218984495	0.7803678289118497	0.06778100889861471	0.08595344723997984	0.05275964473057116	0.7803678289118497	1.0	1
DLBCL11661	0.021987766504066277	0.780589710411941	0.07148076507646886	0.11037171568660473	0.015570042320919146	0.780589710411941	1.0	1
DLBCL_C_D_1139_NULLPAIR	0.12392318718612841	0.0463739693934301	0.030331666678962397	0.7810692371865916	0.01830193955488746	0.7810692371865916	3.0	3
DLBCL_LS1668	0.06561077856834507	0.7818783130455574	0.06929158927375115	0.07047573610347654	0.012743583008869856	0.7818783130455574	1.0	1
DLBCL_LS762	0.02415430846647055	0.02580390587269341	0.12978181094955712	0.03648128224648225	0.7837786924647967	0.7837786924647967	2.0	4
DLBCL11449	0.03838377521793832	0.10057037905208441	0.03548025269385651	0.04158127666748775	0.783984316368633	0.783984316368633	1.0	4
DLBCL10509	0.1373658594553532	0.7857357493427186	0.014552935036553928	0.03114575546480772	0.03119970070056655	0.7857357493427186	0.0	1
DLBCL10981	0.021592693699514658	0.7907859581388029	0.05090350151081865	0.05558932502680104	0.08112852162406271	0.7907859581388029	1.0	1
DLBCL11659	0.7929426995230014	0.009037086363770692	0.09050913448977338	0.0909569210931057	0.01655415853034876	0.7929426995230014	3.0	0
DLBCL10964	0.03798614957915064	0.02806564725462499	0.013679563429035197	0.12729520399943414	0.792973435737755	0.792973435737755	4.0	4
DLBCL10903	0.01183004247832011	0.7957015530417706	0.14073741463914996	0.015409677779352966	0.03632131206140641	0.7957015530417706	1.0	1
DLBCL10491	0.050794688760301424	0.08408008065413343	0.046792240495771395	0.7969836133346306	0.021349376755163154	0.7969836133346306	3.0	3
DLBCL_MC_F210_GWC	0.04650271430653771	0.7976675791986066	0.021436709998224553	0.10523728483887668	0.029155711657754393	0.7976675791986066	1.0	1
DLBCL_RICOVER_701	0.08680905011818209	0.022559338236950378	0.027930386206798104	0.7990401505720643	0.06366107486600513	0.7990401505720643	3.0	3
DLBCL11576	0.04820660702529641	0.03873585252794492	0.0848495270546033	0.8001648773314413	0.02804313606071415	0.8001648773314413	3.0	3
DLBCL_C_D_1156_NULLPAIR	0.801182922894207	0.022626380950003862	0.018214522912169386	0.14135099636342466	0.016625176880195085	0.801182922894207	0.0	0
DLBCL_MC_F500_ECU	0.016260332647197038	0.8027227175382227	0.04204823765280182	0.022988508413591336	0.11598020374818716	0.8027227175382227	1.0	1
DLBCL_MC_F262_WLC	0.8027940222360329	0.014582328522996832	0.011574119815699125	0.058274991205036146	0.11277453822023496	0.8027940222360329	0.0	0
DLBCL11480	0.8041405436538016	0.02163869213397464	0.03548567493389667	0.0861770314586239	0.05255805781970318	0.8041405436538016	0.0	0
DLBCL10555	0.11183753967468464	0.04206048387085636	0.8049578153577953	0.0314434259206902	0.009700735175973474	0.8049578153577953	2.0	2
DLBCL10878	0.8076899842102186	0.013420718047474592	0.01595357777328856	0.06705672310432884	0.09587899686468933	0.8076899842102186	4.0	0
DLBCL11675	0.019050399123448494	0.010109304144899816	0.8082914427971462	0.051419498798968094	0.11112935513553747	0.8082914427971462	2.0	2
DLBCL_RICOVER_467	0.012538994664285518	0.8085214117497763	0.038953467267938455	0.011456222224911883	0.1285299040930878	0.8085214117497763	1.0	1
DLBCL10907	0.05094420318057433	0.09119021704339156	0.01422060545951867	0.03476940264056076	0.8088755716759547	0.8088755716759547	1.0	4
DLBCL_RICOVER_1263	0.02733737560298644	0.10470604301288926	0.8097404722208846	0.02189399807763515	0.03632211108560455	0.8097404722208846	2.0	2
DLBCL_RICOVER_1299	0.02117543996718136	0.020011719160664965	0.02306541471518271	0.12528058825086053	0.8104668379061104	0.8104668379061104	4.0	4
DLBCL10541	0.015965989038027237	0.8112744922111529	0.029910846820365027	0.022137317038365596	0.12071135489208923	0.8112744922111529	1.0	1
DLBCL11537	0.8116825396467814	0.012508761461386237	0.02042703326044728	0.031527942795199174	0.12385372283618594	0.8116825396467814	0.0	0
DLBCL10863	0.08211532263968409	0.013522534586605713	0.02969185263730959	0.8126720059893596	0.06199828414704097	0.8126720059893596	3.0	3
DLBCL_LS3204	0.07039195140331944	0.8129900997914763	0.04032910133712662	0.06468021707966369	0.011608630388413987	0.8129900997914763	1.0	1
DLBCL11525	0.8156654690640771	0.018230337414562436	0.026211987287017832	0.12361743810680577	0.01627476812753688	0.8156654690640771	2.0	0
DLBCL11432	0.8172769540852156	0.006925453361469983	0.0687909967647132	0.05560589556991834	0.05140070021868284	0.8172769540852156	0.0	0
DLBCL10956	0.026650243633127502	0.8189114438556826	0.017447715623459363	0.020666416639127418	0.11632418024860315	0.8189114438556826	1.0	1
DLBCL10939	0.07269541354185631	0.014355134621335352	0.026749338654910654	0.8207535063598899	0.0654466068220078	0.8207535063598899	3.0	3
DLBCL_C_D_1115_NULLPAIR	0.05458440396833623	0.05539214595091201	0.042964936459123325	0.82146863690024	0.025589876721388446	0.82146863690024	3.0	3
DLBCL_MAYO_DLBCL_3653	0.8249932043337049	0.020368224027092714	0.028182837540914562	0.04498701143065275	0.08146872266763501	0.8249932043337049	0.0	0
DLBCL10510	0.03479838308245218	0.8275989246476635	0.014886527632196939	0.019483801673720994	0.10323236296396639	0.8275989246476635	1.0	1
DLBCL11457	0.8287489066973246	0.007675043691521133	0.04500695473823503	0.0930273725157408	0.02554172235717848	0.8287489066973246	0.0	0
DLBCL_C_D_1149_NULLPAIR	0.024857185623559267	0.8296196205277873	0.032473431893982246	0.014350307879335961	0.09869945407533527	0.8296196205277873	1.0	1
DLBCL_RICOVER_850	0.012500402465572838	0.07218556194907388	0.026548798040520048	0.05783413430940862	0.8309311032354246	0.8309311032354246	4.0	4
DLBCL_C_D_1126_NULLPAIR	0.08159282924331053	0.8317646801070453	0.011862839453944977	0.030937611572622935	0.043842039623076215	0.8317646801070453	1.0	1
DLBCL11542	0.018776196426237526	0.05870712964782754	0.8346304807751304	0.07818859067831262	0.009697602472491903	0.8346304807751304	2.0	2
DLBCL11658	0.05033144250400649	0.01133625600941024	0.05352561901325466	0.8363416731574291	0.048465009315899456	0.8363416731574291	3.0	3
DLBCL10890	0.025588629519095216	0.013020194660036946	0.08920600711801821	0.03448134421809263	0.837703824484757	0.837703824484757	4.0	4
DLBCL10856	0.020268268871039066	0.023112797656941818	0.09275307427319424	0.025940044342581313	0.8379258148562435	0.8379258148562435	2.0	4
DLBCL_LS2089	0.014855351855968086	0.83865438255324	0.0183530456172508	0.01107980654843813	0.11705741342510304	0.83865438255324	1.0	1
DLBCL_MC_F349_BJJ	0.01698967303699741	0.06534230598847543	0.8409978479586034	0.03425124439335801	0.042418928622565674	0.8409978479586034	2.0	2
DLBCL_RICOVER_950	0.03916610358341561	0.01552105416108232	0.08165120225460192	0.8430206028171103	0.020641037183789828	0.8430206028171103	3.0	3
DLBCL10517	0.008780904739242755	0.8437005870530175	0.09469152355868728	0.025443238405491727	0.027383746243560693	0.8437005870530175	1.0	1
DLBCL_MC_F362_MJB1	0.014822024098403894	0.04372831779145146	0.8450623645140581	0.016405571849014512	0.07998172174707201	0.8450623645140581	2.0	2
DLBCL_MC_F307_JPS	0.845197574486046	0.0237481735832182	0.01734201709370262	0.09339054190769205	0.02032169292934107	0.845197574486046	0.0	0
DLBCL_MC_F064AB	0.019205062056579097	0.01333592088482458	0.845578183137335	0.10035235982436098	0.021528474096900306	0.845578183137335	2.0	2
DLBCL11527	0.05125439598158363	0.01814457989133237	0.030967286592051127	0.8456767439964991	0.05395699353853378	0.8456767439964991	3.0	3
DLBCL_RICOVER_678	0.02526487999559798	0.846479850606071	0.013446336029567654	0.01582135777557106	0.09898757559319234	0.846479850606071	1.0	1
DLBCL10895	0.011873752269950279	0.10522099634399866	0.0198873884658581	0.01600651205939125	0.8470113508608017	0.8470113508608017	4.0	4
DLBCL_C_D_1119_NULLPAIR	0.09925728331975844	0.8477126920886432	0.01886953299604331	0.01804634353891932	0.016114148056635687	0.8477126920886432	1.0	1
DLBCL_LS155	0.019457640741576028	0.011754179478790008	0.8478241473438314	0.09422152472574596	0.0267425077100566	0.8478241473438314	2.0	2
DLBCL_RICOVER_945	0.8497266203823524	0.061974985274496366	0.013352119317577604	0.054354114180744796	0.020592160844828927	0.8497266203823524	0.0	0
DLBCL_LS2367	0.8505162202342101	0.08189745679565415	0.009959798087544732	0.03400118776932246	0.023625337113268592	0.8505162202342101	0.0	0
DLBCL10965	0.0669717791939803	0.01351838861737298	0.0413653360740661	0.8508280690964641	0.027316427018116544	0.8508280690964641	3.0	3
DLBCL11196	0.04615799156320051	0.0113320993346737	0.030047733389218883	0.8546718097871416	0.05779036592576522	0.8546718097871416	3.0	3
DLBCL11202	0.06519455769966329	0.029669807173657543	0.8558733758063187	0.04117218068700307	0.008090078633357384	0.8558733758063187	0.0	2
DLBCL11679	0.08501523348265123	0.8571980013027826	0.02575579554596615	0.016290640513783098	0.015740329154816938	0.8571980013027826	1.0	1
DLBCL10469	0.05553169091655516	0.01223756706421468	0.02963191293848134	0.8593604250714227	0.04323840400932615	0.8593604250714227	3.0	3
DLBCL_LS1304	0.01811375597695915	0.020577728648526937	0.8598025929939183	0.023289653630402047	0.07821626875019361	0.8598025929939183	2.0	2
DLBCL11205	0.8606752141490608	0.03157559744151234	0.056267675869027846	0.041739259918180026	0.00974225262221898	0.8606752141490608	0.0	0
DLBCL_RICOVER_1032	0.014174555242565683	0.08677755713773021	0.013088608989576445	0.02472726583447323	0.8612320127956544	0.8612320127956544	4.0	4
DLBCL_MC_F139_LJF	0.0675723125159283	0.01213769604589505	0.029686967430118113	0.8613393577565792	0.029263666251479296	0.8613393577565792	3.0	3
DLBCL_C_D_1103_NULLPAIR	0.040790354362751975	0.02467856385944161	0.05386397856669959	0.8626498149659119	0.01801728824519497	0.8626498149659119	3.0	3
DLBCL11672	0.034702053767815606	0.010917143030390784	0.8630703245046927	0.0671538913565095	0.024156587340591458	0.8630703245046927	2.0	2
DLBCL10989	0.009820519036961317	0.8631546334277354	0.04630025821039743	0.018060987771097773	0.06266360155380807	0.8631546334277354	1.0	1
DLBCL_C_D_1157_NULLPAIR	0.06485353383282676	0.010078618017169782	0.8635536033515961	0.04448790089565939	0.017026343902747928	0.8635536033515961	2.0	2
DLBC_FF_A7CQ_TP_NB	0.026033280346247505	0.024574123181720055	0.013401655744554165	0.0718943724204599	0.8640965683070184	0.8640965683070184	4.0	4
DLBCL11429	0.864708152252985	0.006904931563678305	0.020798599204651057	0.0672562518847563	0.04033206509392936	0.864708152252985	0.0	0
DLBCL11512	0.8660886613409041	0.04814211216816984	0.02806671915842418	0.049194145876006054	0.008508361456495856	0.8660886613409041	0.0	0
DLBCL11678	0.04281770939848653	0.0197159211404598	0.05219444980715002	0.8672993878822968	0.01797253177160684	0.8672993878822968	3.0	3
DLBCL10900	0.026165369090520578	0.010534935730771227	0.019039096432742954	0.07664974831926896	0.8676108504266963	0.8676108504266963	4.0	4
DLBCL10866	0.010835131754441743	0.01932993631575244	0.035805659435512824	0.0659990015620405	0.8680302709322525	0.8680302709322525	4.0	4
DLBCL10544	0.03616843984605318	0.012472653699999078	0.03184337203543257	0.8684855644029432	0.051029970015572	0.8684855644029432	3.0	3
DLBC_FF_8042_TP_NB	0.009182722883824252	0.03427662725737187	0.06672157213009584	0.020669957176802093	0.869149120551906	0.869149120551906	4.0	4
DLBCL10843	0.8719319525964135	0.011484363897775214	0.019348635448076024	0.08749334171409064	0.009741706343644536	0.8719319525964135	0.0	0
DLBCL10950	0.8763619909734911	0.01606825171670231	0.01151801155054621	0.06802372669831876	0.028028019060941666	0.8763619909734911	0.0	0
DLBCL10848	0.03097863825104347	0.008920418957769256	0.02596939084954756	0.0577236057455538	0.876407946196086	0.876407946196086	4.0	4
DLBCL10456	0.03721580678421806	0.015867753527223704	0.04337344509144117	0.8789693341417095	0.024573660455407577	0.8789693341417095	3.0	3
DLBCL11460	0.05687925305715947	0.017880009785179476	0.02878396119780583	0.8802884815871425	0.016168294372712822	0.8802884815871425	3.0	3
DLBCL10985	0.04961618377291221	0.022414018869630882	0.029565658046478926	0.8810092491754586	0.017394890135519366	0.8810092491754586	1.0	3
DLBCL_LS3200	0.010025522016037847	0.07889995532372245	0.01476985453521662	0.014344014174511189	0.8819606539505119	0.8819606539505119	4.0	4
DLBCL_LS4619	0.01223570370417015	0.023518414584821793	0.8820010318288091	0.04349540597547798	0.03874944390672097	0.8820010318288091	4.0	2
DLBCL_C_D_1151_NULLPAIR	0.054283048687348845	0.017652480162215416	0.022866855428268332	0.8840815724951158	0.021116043227051597	0.8840815724951158	3.0	3
DLBCL11523	0.024671724784669495	0.017774662507997023	0.01618902974319403	0.054418863943751866	0.8869457190203875	0.8869457190203875	0.0	4
DLBCL_RICOVER_1061	0.04893851958305827	0.011045490048044533	0.037847809026709756	0.8873814753435826	0.014786705998604915	0.8873814753435826	3.0	3
DLBCL10521	0.010046141878508767	0.0764115438687994	0.013355743435661463	0.012736517988127676	0.8874500528289027	0.8874500528289027	4.0	4
DLBCL10566	0.03603279624838913	0.04606526848113378	0.01701714187375791	0.012431588037247714	0.8884532053594715	0.8884532053594715	4.0	4
DLBCL10968	0.8885701523943416	0.007990325021278713	0.00863634446096792	0.0683286037172439	0.026474574406167836	0.8885701523943416	0.0	0
DLBCL10529	0.007941740284253387	0.06000173373048015	0.021257856534385937	0.02035785298317744	0.8904408164677031	0.8904408164677031	4.0	4
DLBCL11564	0.04614707621213583	0.015198090673417281	0.023790441905759543	0.8909040473335842	0.023960343875103114	0.8909040473335842	3.0	3
DFCIDL010_DT	0.8940079082380898	0.023680357264034224	0.016094261519578053	0.05743587117377851	0.008781601804519342	0.8940079082380898	0.0	0
DLBCL10891	0.012072546521174655	0.010377971056058527	0.034773349128634744	0.0485219707305841	0.894254162563548	0.894254162563548	4.0	4
DLBCL11459	0.03463058218314864	0.011424118784136713	0.033310194313274685	0.8943248798028027	0.02631022491663719	0.8943248798028027	3.0	3
DLBCL10932	0.05052169335263459	0.014713436559171776	0.02520161287257995	0.8947495989291137	0.014813658286500017	0.8947495989291137	3.0	3
DLBCL11655	0.04867232782203485	0.011959756550189963	0.025248862923059022	0.8952167702371105	0.018902282467605603	0.8952167702371105	3.0	3
DLBCL_RICOVER_1269	0.010993111436378059	0.04366447117289896	0.8964540211708301	0.022098950073154808	0.02678944614673811	0.8964540211708301	2.0	2
DLBCL_RICOVER_361	0.030520572659186073	0.011561111171987222	0.030963230085287015	0.8969851533061507	0.029969932777389047	0.8969851533061507	3.0	3
DLBCL10502	0.01312853847212685	0.8982001248741495	0.05853976863814922	0.014682337260581633	0.015449230754992846	0.8982001248741495	1.0	1
DLBCL10909	0.010256310183017528	0.015494385978289974	0.034818578951494414	0.041123125747387364	0.8983075991398107	0.8983075991398107	4.0	4
DLBCL10472	0.02167279384709856	0.012658057658934395	0.8992265816302017	0.05730469141489808	0.009137875448867199	0.8992265816302017	2.0	2
DLBCL11569	0.012463825448721162	0.05661141909087867	0.8995103413531828	0.02329338082309574	0.008121033284121662	0.8995103413531828	2.0	2
DLBCL_RICOVER_712	0.009426361892529751	0.051289881760921925	0.015984849341494422	0.023294683497310235	0.9000042235077437	0.9000042235077437	4.0	4
DLBCL10547	0.03803479286575103	0.013849075116160719	0.02766477286053755	0.9000900722745983	0.020361286882952436	0.9000900722745983	3.0	3
DLBC_FF_8046_TP_NB	0.035673921185513706	0.012466778874283609	0.9012397906064512	0.03288251720296029	0.017736992130791218	0.9012397906064512	2.0	2
DLBCL11194	0.012474612706623756	0.01064151596505193	0.018973192787339634	0.055907698176000886	0.9020029803649838	0.9020029803649838	4.0	4
DLBCL11488	0.9024933658640552	0.007406978511238992	0.007423150462799368	0.04784740602304205	0.034829099138864464	0.9024933658640552	0.0	0
DLBCL_RICOVER_120	0.9026515946332936	0.01912340028185878	0.04039358574852411	0.01971591061660184	0.018115508719721722	0.9026515946332936	4.0	0
DLBCL10978	0.03079439352924383	0.013264586979453666	0.029731413835796264	0.9036163343982878	0.02259327125721844	0.9036163343982878	3.0	3
DLBCL10983	0.02446899923378077	0.9042565352384143	0.010690518691958766	0.01773230658941427	0.042851640246431844	0.9042565352384143	1.0	1
DLBCL_C_D_1113_NULLPAIR	0.020370007329805862	0.037044694951473826	0.904663272386047	0.025881656470174007	0.012040368862499219	0.904663272386047	2.0	2
DLBC_FF_A7CW_TP_NB	0.00893292015069336	0.04581682546121209	0.015294964519567082	0.023600285622648424	0.906355004245879	0.906355004245879	4.0	4
DLBCL_LS2357	0.03690931282084286	0.011883295957642202	0.024339042593290613	0.906802424814112	0.020065923814112364	0.906802424814112	3.0	3
DLBCL11003	0.021908557348649826	0.04457558000969437	0.011140209751933661	0.014775537259233047	0.9076001156304891	0.9076001156304891	1.0	4
DLBCL11541	0.007663469770790879	0.03293260219706865	0.9092685534815083	0.018645001573018297	0.031490372977613965	0.9092685534815083	2.0	2
DLBCL10552	0.9096096938574484	0.010303904072127919	0.021723237678727546	0.052762006531366264	0.005601157860329896	0.9096096938574484	3.0	0
DLBCL10902	0.0058527590407141845	0.042753078796012645	0.016013187071847557	0.023578505333541448	0.9118024697578841	0.9118024697578841	4.0	4
DLBCL11526	0.02871894719722324	0.015144906067578016	0.9125820834528388	0.034607077748065825	0.008946985534294143	0.9125820834528388	2.0	2
DLBCL10922	0.01511732559129057	0.9133304852193183	0.01277319101854124	0.02179192973641024	0.0369870684344397	0.9133304852193183	1.0	1
DLBCL_RICOVER_1219	0.00865712802136677	0.017941737488528512	0.01627930852639294	0.04354153165613217	0.9135802943075796	0.9135802943075796	4.0	4
DLBCL10453	0.010470869366033753	0.9139937310369136	0.023263595078739194	0.016147841962214648	0.036123962556098746	0.9139937310369136	1.0	1
DLBCL10870	0.0070328734258376865	0.015491817185809966	0.041630348419348734	0.02146494145052712	0.9143800195184765	0.9143800195184765	4.0	4
DLBCL11208	0.017979780011279426	0.9164779700299116	0.03249944719599858	0.019282007829889234	0.01376079493292113	0.9164779700299116	1.0	1
DLBCL_LS1395	0.01675837318798403	0.018457560597374044	0.9172593946297181	0.015066690602529647	0.03245798098239416	0.9172593946297181	2.0	2
DLBCL10518	0.015134208915791723	0.007349715375868776	0.9175494152561096	0.048104042964825636	0.011862617487404322	0.9175494152561096	2.0	2
DLBCL_RICOVER_1283	0.011483458422521187	0.008600054162085424	0.9180338693393951	0.032630954365912124	0.029251663710086154	0.9180338693393951	2.0	2
DLBCL10888	0.010910028150404972	0.009021286810591797	0.017181083786336898	0.04481867979375972	0.9180689214589066	0.9180689214589066	4.0	4
DLBCL10495	0.9182565225173824	0.04150561485651592	0.008928359884656765	0.018121935700613132	0.013187567040831691	0.9182565225173824	0.0	0
DLBCL10497	0.030968926708682752	0.011450149219009694	0.021741993631989597	0.9185635985981432	0.01727533184217472	0.9185635985981432	3.0	3
DLBCL10928	0.9186187507398426	0.013777100591000962	0.03708041027096554	0.0175260591898762	0.01299767920831473	0.9186187507398426	0.0	0
DLBCL11001	0.016948087250140045	0.017315617670553854	0.03035898126530019	0.016034163459473064	0.9193431503545328	0.9193431503545328	4.0	4
DLBCL10482	0.9201260359382253	0.014465862313370393	0.010087657725760776	0.020971232743319763	0.034349211279323756	0.9201260359382253	0.0	0
DLBCL10881	0.03566640407478136	0.00964195434782617	0.010304465287488145	0.023295313149814936	0.9210918631400894	0.9210918631400894	4.0	4
DLBCL_LS3809	0.9219619658859457	0.014403635140963026	0.02138294849364115	0.018514682648354954	0.02373676783109513	0.9219619658859457	0.0	0
DLBCL10781	0.016094569387022577	0.012336260446190767	0.01242665122117447	0.03684494628790319	0.922297572657709	0.922297572657709	4.0	4
DLBCL10498	0.013109890594859532	0.02696901790643288	0.9234115077395656	0.030504165657073378	0.006005418102068589	0.9234115077395656	2.0	2
DLBCL10450	0.9234400997305913	0.012156879201017733	0.006649196429982907	0.044594670973648165	0.013159153664759936	0.9234400997305913	0.0	0
DLBCL_RICOVER_440	0.008509842730991804	0.9234714617164149	0.04795930004205687	0.007662717690077543	0.012396677820458847	0.9234714617164149	2.0	1
DLBCL11498	0.039118058164414264	0.9242302404274454	0.012765497356162638	0.010386296062030053	0.013499907989947704	0.9242302404274454	1.0	1
DLBCL11495	0.012020950756905817	0.009679434571637656	0.01192748763373888	0.04132467301359236	0.9250474540241252	0.9250474540241252	4.0	4
DLBCL10899	0.010179758706737782	0.032905377039715855	0.007948043576344358	0.023899622937273587	0.9250671977399284	0.9250671977399284	4.0	4
DLBCL_DFCI_DLBCL_GOE07	0.020518313214363967	0.9254167330263362	0.018457172721007272	0.009592832710862458	0.026014948327430065	0.9254167330263362	1.0	1
DLBCL10485	0.013506822935130227	0.043255902769639074	0.007860372185698268	0.009588019196565689	0.9257888829129667	0.9257888829129667	4.0	4
DLBCL10997	0.9280086135829755	0.007164516404340659	0.009695993857587312	0.02121080149375277	0.03392007466134378	0.9280086135829755	0.0	0
DLBCL_LS4054	0.020862523937162435	0.9286137016421094	0.01632752025556977	0.011130020742941036	0.023066233422217322	0.9286137016421094	1.0	1
DLBCL10451	0.9290276849633169	0.013488874016675048	0.032093411016376305	0.019707232582607936	0.005682797421023845	0.9290276849633169	0.0	0
DLBCL11456	0.016042986759273674	0.9297034781294092	0.02019277961604599	0.024785232713165805	0.009275522782105278	0.9297034781294092	1.0	1
DLBCL11496	0.9299942088144028	0.015181765215249365	0.006548226558110151	0.02316780376227755	0.025107995649960187	0.9299942088144028	0.0	0
DLBCL10963	0.013358113161827823	0.030073467877076536	0.01542539710866649	0.010956111945329295	0.9301869099070998	0.9301869099070998	4.0	4
DLBCL10565	0.024360359567719345	0.009434226518905792	0.9313340121327548	0.02628062086326784	0.008590780917352289	0.9313340121327548	3.0	2
DLBCL10535	0.017383221042619326	0.023996196998940164	0.011891883156229677	0.01510506449321541	0.9316236343089954	0.9316236343089954	4.0	4
DLBCL10876	0.006838730174439678	0.027827350666892663	0.013715246747594157	0.019204596651985265	0.9324140757590882	0.9324140757590882	4.0	4
DLBCL_C_D_1108_NULLPAIR	0.009339308208766453	0.9329761331175671	0.01120618691633236	0.007812371495932642	0.0386660002614014	0.9329761331175671	1.0	1
DLBCL_RICOVER_496	0.01439609532452021	0.9332968497305719	0.031184323751973664	0.013104707697577076	0.008018023495357096	0.9332968497305719	1.0	1
DLBC_FF_A7CR_TP_NB	0.016860239511690512	0.006141093164857327	0.021196981569007237	0.02072878917485007	0.9350728965795948	0.9350728965795948	4.0	4
DFCIDL008_DT	0.009082786245171686	0.02458273440860275	0.022980865833600837	0.007654425451290594	0.9356991880613341	0.9356991880613341	4.0	4
DLBCL_RICOVER_866	0.009002799849812549	0.011869761147016166	0.9364593192041262	0.03570452447853622	0.006963595320508858	0.9364593192041262	2.0	2
DLBCL_MC_F729_MAN	0.013810105839631217	0.9371199750957417	0.01252050621442135	0.0071516239713608955	0.029397788878844817	0.9371199750957417	1.0	1
DLBCL10466	0.006731584678258632	0.011141499481865696	0.9381654137871004	0.030210760131943196	0.013750741920832065	0.9381654137871004	2.0	2
DLBCL10945	0.9383665455486122	0.006098645830227599	0.006905804346794275	0.02037991581603298	0.028249088458332933	0.9383665455486122	0.0	0
DLBCL10494	0.009778324875513047	0.9389121042612657	0.02997671935577919	0.011028490549933696	0.010304360957508338	0.9389121042612657	1.0	1
DLBCL10852	0.00848648178480108	0.011650731080327995	0.0089677386059298	0.03121419855599912	0.939680849972942	0.939680849972942	4.0	4
DLBCL11500	0.008937466672414312	0.008621751300666653	0.023432286813610304	0.018114323664658715	0.94089417154865	0.94089417154865	4.0	4
DLBCL10935	0.9413704771986444	0.024249932869760234	0.006054839726905366	0.017219110455304235	0.011105639749385717	0.9413704771986444	0.0	0
DLBCL10875	0.9414000742546337	0.005007469907224235	0.015623848109391863	0.03163110361256748	0.0063375041161827395	0.9414000742546337	0.0	0
DLBCL10834	0.027933842071972095	0.9415332268445932	0.009750677950805016	0.011650448879091025	0.009131804253538668	0.9415332268445932	1.0	1
DLBCL11195	0.004355442045968885	0.02166536946743171	0.01530453149013494	0.016539013752081427	0.942135643244383	0.942135643244383	4.0	4
DLBCL11470	0.9425477830951015	0.004550124491279281	0.00886429580608992	0.037030975643812816	0.007006820963716567	0.9425477830951015	0.0	0
DLBCL10833	0.012171908720339967	0.007033705275730006	0.011273954379117502	0.026664968388305108	0.9428554632365074	0.9428554632365074	4.0	4
DLBCL_LS843	0.007257821934744442	0.008490900363431123	0.944376091406605	0.01762272551353774	0.022252460781681808	0.944376091406605	2.0	2
DLBCL10854	0.007356872359408131	0.00928831019919305	0.010939671296611162	0.027861888093029485	0.9445532580517582	0.9445532580517582	4.0	4
DLBCL10980	0.005475862643547047	0.022142463030473614	0.010820902694003192	0.01664165907826102	0.9449191125537151	0.9449191125537151	4.0	4
DLBCL10916	0.005936129188803839	0.016805486914804293	0.01731556576320745	0.014178657302466738	0.9457641608307177	0.9457641608307177	4.0	4
DLBCL10519	0.007249741213718034	0.9459902602193838	0.02300088064174718	0.014574765425012695	0.009184352500138281	0.9459902602193838	1.0	1
DLBCL10523	0.008956975767045456	0.009049996597758177	0.94799327551261	0.028022314943020224	0.0059774371795661314	0.94799327551261	2.0	2
DLBCL10845	0.00664997573706857	0.9482555310597469	0.010949689873527254	0.009312198516176652	0.02483260481348059	0.9482555310597469	1.0	1
DLBCL_RICOVER_267	0.0064145872490706185	0.006812868542938396	0.9482733866071273	0.019613091969786237	0.018886065631077385	0.9482733866071273	2.0	2
DLBCL10925	0.008350929540698744	0.013208970346259542	0.007767319971358976	0.022353248026471952	0.9483195321152108	0.9483195321152108	4.0	4
DLBCL11566	0.009445408060942356	0.01655430077051936	0.9485893320349937	0.017303154039052453	0.008107805094492125	0.9485893320349937	2.0	2
DLBCL_RICOVER_1293	0.020734574480276123	0.011955320184877844	0.005439579104853769	0.013186478635206037	0.9486840475947862	0.9486840475947862	4.0	4
DLBCL_RICOVER_1235	0.007113354996385453	0.9494939907532989	0.029351828533095568	0.0063314004384463895	0.007709425278773706	0.9494939907532989	1.0	1
DLBCL_LS1065	0.01733242652362037	0.9499086241101689	0.012901907040926346	0.011014693797531836	0.008842348527752552	0.9499086241101689	1.0	1
DLBCL10522	0.013693479415899257	0.005940498480707842	0.9502228742092689	0.013605746850746234	0.016537401043377746	0.9502228742092689	2.0	2
DLBCL11454	0.9502877417661022	0.011919143342115237	0.00470051662763752	0.026693470386162044	0.006399127877983042	0.9502877417661022	0.0	0
DLBCL_RICOVER_1192	0.009428333498708467	0.019476499433373155	0.012635459336205676	0.007008111592992759	0.95145159613872	0.95145159613872	4.0	4
DLBCL_LS297	0.011624319548621616	0.007929437041896269	0.9515084314768893	0.023703275473748054	0.005234536458844687	0.9515084314768893	2.0	2
DLBCL11484	0.009295941998984009	0.9523237090145036	0.02068967879465444	0.009590259304446699	0.008100410887411251	0.9523237090145036	1.0	1
DLBCL10480	0.011188259090690572	0.9526845726729056	0.008464088488783458	0.007986268456939852	0.019676811290680433	0.9526845726729056	1.0	1
DLBCL11462	0.9527106181588013	0.004852568031984236	0.014390254647580404	0.012837498575667496	0.01520906058596658	0.9527106181588013	0.0	0
DLBCL11469	0.008919029436489463	0.010163435701861574	0.9531957944329851	0.0164938935415949	0.011227846887068951	0.9531957944329851	2.0	2
DLBCL_RICOVER_1329	0.010296107093262235	0.021808136023340433	0.006185271959073122	0.008503192267197238	0.953207292657127	0.953207292657127	4.0	4
DLBCL10896	0.9542882183150366	0.0067268119549289225	0.004755605515115935	0.018899199818842145	0.015330164396076396	0.9542882183150366	0.0	0
DLBCL10452	0.006385381034844834	0.9543108488788069	0.02102363333719989	0.0076814634387362786	0.010598673310412138	0.9543108488788069	1.0	1
DLBCL10847	0.00998678852003767	0.02105940117458269	0.007138286634819622	0.0066794289764092836	0.9551360946941507	0.9551360946941507	4.0	4
DLBCL10464	0.018882350070465143	0.007004971573389696	0.9555549807401297	0.012742388707758883	0.005815308908256609	0.9555549807401297	2.0	2
DLBCL_LS1757	0.9557878288782241	0.011398937240777063	0.004256464440937002	0.020616748149757568	0.007940021290304211	0.9557878288782241	0.0	0
DLBCL10931	0.9559372559857993	0.0035248767558456726	0.007384490685917592	0.02587253611894531	0.007280840453492134	0.9559372559857993	0.0	0
DLBCL_RICOVER_299	0.005976748975591946	0.9564744606546672	0.023332824201652256	0.0056276015597616	0.008588364608326906	0.9564744606546672	1.0	1
DLBCL10880	0.005973918955640962	0.008390913856474674	0.019484963480676746	0.00892113976704799	0.9572290639401596	0.9572290639401596	4.0	4
DLBCL_C_D_1106_NULLPAIR	0.01593282776092971	0.9572426335942518	0.009275571370276596	0.010690067701137835	0.006858899573404045	0.9572426335942518	1.0	1
DLBCL11513	0.007574470516925462	0.006574302389889916	0.013262546285909619	0.015142796130917936	0.957445884676357	0.957445884676357	4.0	4
DLBCL_C_D_1123_NULLPAIR	0.9579987476698991	0.011257294594590342	0.008489098858379748	0.01812247654833925	0.0041323823287915855	0.9579987476698991	0.0	0
DLBCL_C_D_1166_NULLPAIR	0.005213745050036407	0.021936134883006598	0.007676920390244014	0.006777121220031626	0.9583960784566814	0.9583960784566814	4.0	4
DLBCL_RICOVER_956	0.005029521612312767	0.01565157455872544	0.010026981846560873	0.010146409236974458	0.9591455127454265	0.9591455127454265	4.0	4
DLBCL11520	0.9593233792325111	0.003187580667440262	0.005684649221277594	0.01869902561788516	0.013105365260885855	0.9593233792325111	0.0	0
DLBCL_LS3245	0.004599907328637532	0.9600078667852262	0.021030542534180345	0.007257183206452683	0.0071045001455032055	0.9600078667852262	1.0	1
DLBCL_RICOVER_1287	0.006174025458377092	0.00970973982553763	0.010683886543446566	0.012839610842177468	0.9605927373304612	0.9605927373304612	4.0	4
DLBCL11000	0.004504950043955539	0.008713286485046979	0.008704925250884269	0.017420085786266228	0.960656752433847	0.960656752433847	4.0	4
DLBCL11203	0.0074824854798421735	0.9607176699704358	0.009540979596964691	0.014030219965809625	0.008228644986947664	0.9607176699704358	1.0	1
DLBCL_LS3820	0.005693937714249466	0.008440204231617144	0.9608452346801563	0.018182365067365962	0.006838258306611135	0.9608452346801563	2.0	2
DLBCL10917	0.009483559479637436	0.9609259795815381	0.008287088332784177	0.013688829477921315	0.007614543128118906	0.9609259795815381	1.0	1
DLBCL_RICOVER_826	0.960957542708063	0.006988050879117814	0.004205920133261033	0.01844162863993802	0.009406857639620169	0.960957542708063	0.0	0
DLBCL11666	0.00737001551305074	0.009807156265282061	0.9616209258121685	0.016650550629885113	0.004551351779613532	0.9616209258121685	2.0	2
DLBCL_RICOVER_948	0.004868471360760097	0.9617659054753527	0.02073272728509099	0.004692978926912339	0.007939916951883869	0.9617659054753527	1.0	1
DLBCL_RICOVER_288	0.014054246698817623	0.9618054114246741	0.00830612963990084	0.009567725768372086	0.006266486468235315	0.9618054114246741	1.0	1
DLBCL_RICOVER_1210	0.00885974509780646	0.9618471069341991	0.00919992296834919	0.01225223059734598	0.007840994402299366	0.9618471069341991	1.0	1
DLBCL10975	0.9626168717587609	0.0035098989388177514	0.004794352880744131	0.022184924130233253	0.006893952291443975	0.9626168717587609	0.0	0
DLBCL_C_D_1133_NULLPAIR	0.009571286513268608	0.012925054198928233	0.9628314065149267	0.009347959040220946	0.005324293732655457	0.9628314065149267	2.0	2
DLBCL11662	0.9640012580731468	0.006092847945277655	0.0051229391606426875	0.013682623456895754	0.011100331364037095	0.9640012580731468	0.0	0
DLBCL10904	0.004714874766255669	0.01309423783194808	0.008822780079069758	0.009279574618644072	0.9640885327040825	0.9640885327040825	4.0	4
DLBCL10484	0.005151288858828244	0.9643022654516116	0.015040068943603277	0.009648930066745042	0.005857446679211826	0.9643022654516116	1.0	1
DLBCL_RICOVER_408	0.005244596667141925	0.9650936557749801	0.016887485818529623	0.00547192286181215	0.007302338877536265	0.9650936557749801	2.0	1
DLBCL_RICOVER_134	0.004696752952347821	0.01488301823518596	0.006013540108488262	0.009020898090348308	0.9653857906136296	0.9653857906136296	4.0	4
DLBCL11450	0.00530881619628223	0.010997461344453844	0.0054577202565818175	0.012736261231357729	0.9654997409713244	0.9654997409713244	4.0	4
DLBCL11486	0.9656626674933817	0.0031122091728144276	0.007270520495888134	0.011382941779156342	0.012571661058759398	0.9656626674933817	0.0	0
DLBCL11509	0.9658536585708486	0.004665179483835817	0.007165463193497848	0.01865217181006858	0.0036635269417491893	0.9658536585708486	0.0	0
DLBCL10836	0.006361892171669533	0.004794475663271344	0.010713492627296248	0.011912305830175971	0.9662178337075868	0.9662178337075868	4.0	4
DLBCL10515	0.9665196986478345	0.006884440757916708	0.004241303293948854	0.0168460463145319	0.005508510985768075	0.9665196986478345	0.0	0
DLBCL10967	0.004332686252960947	0.012138907916652314	0.010491231682055931	0.006308508829770493	0.9667286653185603	0.9667286653185603	4.0	4
DLBCL_RICOVER_449	0.008733922466805932	0.0058512648630750196	0.006813608516131313	0.01164095501031131	0.9669602491436764	0.9669602491436764	4.0	4
DLBCL_RICOVER_533	0.010079439800802547	0.9671686902944119	0.009917017939906793	0.0073123026506245695	0.0055225493142542145	0.9671686902944119	1.0	1
DLBCL10913	0.9674553119622258	0.005555147843673266	0.004775736554852916	0.015215642028896184	0.006998161610351837	0.9674553119622258	0.0	0
DLBCL_RICOVER_839	0.005503764251621073	0.9685106403906595	0.006972417285924329	0.008406539958042731	0.01060663811375237	0.9685106403906595	1.0	1
DLBCL11595	0.005311763602423217	0.010438066494300121	0.00880399060644321	0.006457343172131129	0.9689888361247023	0.9689888361247023	4.0	4
DLBCL10463	0.00326174342493784	0.005658589715736769	0.009031521125080415	0.012871110237298687	0.9691770354969463	0.9691770354969463	4.0	4
DLBCL11656	0.004399643258345143	0.004434622015621055	0.9693242551651445	0.010008718962032252	0.011832760598856969	0.9693242551651445	2.0	2
DLBCL10862	0.0037257276878075313	0.008949576531080772	0.010502637361410182	0.006660623090947983	0.9701614353287535	0.9701614353287535	4.0	4
DLBCL_MC_F606_DMJ	0.004306774539292671	0.011635806408120192	0.9710789102216992	0.008398004858408581	0.004580503972479323	0.9710789102216992	2.0	2
DLBCL_RICOVER_1248	0.006130022459871946	0.012981414196142363	0.0036522371308389335	0.0060532825770503495	0.9711830436360964	0.9711830436360964	4.0	4
DLBCL10889	0.003870614440037622	0.006239859917372552	0.006147856036652088	0.01235759701357683	0.9713840725923609	0.9713840725923609	4.0	4
DLBCL_C_D_1128_NULLPAIR	0.9722367955045587	0.0068704697397184555	0.00470328860889444	0.011436712716972249	0.004752733429856184	0.9722367955045587	0.0	0
DLBCL_RICOVER_173	0.004494677340062774	0.006205869004934966	0.006937662394331063	0.010051688590877843	0.9723101026697933	0.9723101026697933	4.0	4
DLBCL11476	0.006809339854098187	0.007281759274104629	0.0052361503860159945	0.007624998456701397	0.9730477520290798	0.9730477520290798	4.0	4
DLBCL10460	0.006220703013292425	0.9731988367914487	0.011283693114041874	0.00401052932639015	0.0052862377548268755	0.9731988367914487	1.0	1
DLBCL10857	0.00482151882262728	0.005433418389780282	0.004712770012473915	0.011545580219548211	0.9734867125555703	0.9734867125555703	4.0	4
DLBCL11533	0.0075247323399540616	0.974532199776114	0.008637833518852845	0.00444189770620715	0.00486333665887194	0.974532199776114	1.0	1
DLBCL_RICOVER_469	0.005594651316957592	0.003906354907924276	0.9746970866218297	0.012148090235058844	0.0036538169182295734	0.9746970866218297	2.0	2
DLBCL11353	0.0033618251205967367	0.0070897145790295175	0.009343903474465945	0.005337661477333595	0.9748668953485742	0.9748668953485742	4.0	4
DLBCL10893	0.003014322037231798	0.005373461766161315	0.006679136580453728	0.01003326296241533	0.9748998166537378	0.9748998166537378	4.0	4
DLBCL11667	0.0051045825813146595	0.007876861287532263	0.9755096535490434	0.007941017988352525	0.003567884593757196	0.9755096535490434	2.0	2
DLBCL10471	0.004527597196766852	0.01151149582510229	0.00426675436998502	0.004109245618131545	0.9755849069900143	0.9755849069900143	4.0	4
DLBCL11558	0.00456960578650123	0.00531005370314747	0.9759729252816066	0.011165610661845585	0.0029818045668990444	0.9759729252816066	2.0	2
DLBCL11458	0.004614843719109721	0.006870208894987798	0.9760417115701309	0.00652890353637652	0.005944332279395063	0.9760417115701309	2.0	2
DFCIDL003_DT	0.003715985729831065	0.9762470308894768	0.011770490766998286	0.003475943808796691	0.004790548804897065	0.9762470308894768	1.0	1
DLBCL_C_D_1135_NULLPAIR	0.007274934699552194	0.9764144591319874	0.005153245117636628	0.00557313999848502	0.005584221052338674	0.9764144591319874	1.0	1
DLBCL10525	0.9766338455295722	0.002171612775513027	0.006406938862592206	0.009020535617556643	0.005767067214765879	0.9766338455295722	0.0	0
DLBCL_C_D_1130_NULLPAIR	0.9774696247322345	0.0031557563370098146	0.004000906224423957	0.007856384556052805	0.007517328150278897	0.9774696247322345	0.0	0
DLBCL11191	0.9784225220989984	0.002904977106631711	0.003270555002204711	0.011687213703992012	0.0037147320881732405	0.9784225220989984	0.0	0
DLBCL_MC_F815_BAT	0.004999012164655397	0.004500298552846033	0.9785701031819167	0.008065260412204506	0.003865325688377361	0.9785701031819167	2.0	2
DLBCL_DFCI_DLBCL_GOE16	0.003793415635869889	0.004545991973464019	0.9786295182293955	0.009582615618011407	0.0034484585432591973	0.9786295182293955	2.0	2
DLBCL11677	0.9792801368807551	0.0019204379144926776	0.0045536538365139505	0.009846079752222238	0.004399691616015983	0.9792801368807551	0.0	0
DLBCL10859	0.0033148186683380067	0.9795554921151398	0.007051929654643088	0.0033261312591876535	0.0067516283026914144	0.9795554921151398	1.0	1
DLBCL10853	0.004924302635996117	0.004123402492533197	0.004345494469694413	0.006454737099474659	0.9801520633023016	0.9801520633023016	4.0	4
DLBCL_MC_F132_MLM	0.9805412194755744	0.0025071372395311453	0.002348102967205735	0.010529323546767468	0.004074216770921262	0.9805412194755744	0.0	0
DLBC_FF_8043_TP_NB	0.005618307876920961	0.9806899314162122	0.006066119357555765	0.0033002907494650356	0.004325350599846028	0.9806899314162122	1.0	1
DLBCL_RICOVER_451	0.9809706714745091	0.0026358676499874745	0.004557011356350673	0.008632574208507021	0.0032038753106456673	0.9809706714745091	0.0	0
DLBCL10988	0.0038011476981454854	0.9813124784882015	0.005496079158648342	0.004885329652655317	0.004504965002349372	0.9813124784882015	1.0	1
DLBCL_RICOVER_417	0.003011215166368697	0.004061927113141036	0.004730665454474238	0.006107344514295654	0.9820888477517203	0.9820888477517203	4.0	4
DLBCL_LS3749	0.0037739111328169814	0.9821497244216271	0.005645969356318252	0.005292971919474962	0.0031374231697627463	0.9821497244216271	1.0	1
DLBCL_RICOVER_577	0.004424496083421849	0.003804799695967157	0.9827118641520122	0.005390118833832016	0.0036687212347667874	0.9827118641520122	2.0	2
DLBCL_C_D_1125_NULLPAIR	0.0022683433296866538	0.007107756013056756	0.0036347705569593192	0.004151968062338916	0.9828371620379583	0.9828371620379583	4.0	4
DLBCL11440	0.004569789512932078	0.0032674721920196107	0.004154410193003325	0.005095320694766657	0.9829130074072784	0.9829130074072784	4.0	4
DLBCL_LS378	0.9834632364154489	0.002865629441974965	0.004917134741801944	0.006853708378358648	0.0019002910224156311	0.9834632364154489	0.0	0
DLBCL10966	0.983973701503367	0.0020863985318453635	0.0035064875687458724	0.008333600328235543	0.002099812067806221	0.983973701503367	0.0	0
DLBCL_C_D_1141_NULLPAIR	0.002268170330158355	0.004818310674703869	0.9850977945099001	0.0044733143907438625	0.003342410094493852	0.9850977945099001	2.0	2
DLBCL11685	0.0023705187431595134	0.0025683937156060566	0.9852091600499502	0.0049266511677768495	0.004925276323507411	0.9852091600499502	2.0	2
DLBCL11539	0.9852877741369842	0.0013722579540906786	0.003840098870022942	0.007558582549150188	0.0019412864897520382	0.9852877741369842	0.0	0
DLBCL11511	0.9853148240493015	0.0015254733124237464	0.0036522526784750265	0.006344305352706659	0.003163144607093105	0.9853148240493015	0.0	0
DLBCL11461	0.985348880043436	0.002323879401954086	0.004520288471495505	0.0061526064966382545	0.0016543455864761443	0.985348880043436	0.0	0
DLBCL10483	0.0028374811291888157	0.9855229765790944	0.006063996391128685	0.0019875898603044684	0.0035879560402836104	0.9855229765790944	1.0	1
DLBCL11004	0.002127532474489205	0.0031732958926347908	0.0029466407440938555	0.006042265498205034	0.9857102653905772	0.9857102653905772	4.0	4
DLBCL11680	0.002539807141457538	0.00466487075028128	0.9858296682576264	0.0042850140174181045	0.002680639833216653	0.9858296682576264	2.0	2
DLBCL10947	0.0021585172979054932	0.9858595296699656	0.005257875228517094	0.002214676906680814	0.0045094008969310045	0.9858595296699656	1.0	1
DLBCL10911	0.0035114256386437103	0.9858877794025285	0.004405107522168362	0.002686218129680361	0.0035094693069791156	0.9858877794025285	1.0	1
DLBCL_RICOVER_744	0.0038630260238052515	0.003483707142284998	0.9859532733689738	0.004357029907286619	0.002342963557649416	0.9859532733689738	2.0	2
DLBCL_C_D_1129_NULLPAIR	0.9861602362951917	0.0024451862804763234	0.0031251334962192952	0.00602212258512637	0.002247321342986339	0.9861602362951917	0.0	0
DLBCL10897	0.9866150052037046	0.0021417020664269287	0.0016514915837412467	0.006203423631432569	0.0033883775146946447	0.9866150052037046	0.0	0
DLBCL10883	0.0028839922601060423	0.002704603417593824	0.003585617650915898	0.003984432409127252	0.9868413542622569	0.9868413542622569	4.0	4
DLBCL11187	0.0026929310854780612	0.0029312168476440656	0.0027046242766707875	0.00480174384126605	0.986869483948941	0.986869483948941	4.0	4
DLBCL_RICOVER_221	0.0017072979444334101	0.004121018258551792	0.0032929079315375466	0.0035874666621535357	0.9872913092033238	0.9872913092033238	4.0	4
DLBCL10977	0.0021897979456755767	0.0025727137340988996	0.004241211452753591	0.0036871548990756457	0.9873091219683963	0.9873091219683963	4.0	4
DLBCL_MC_F519_ALT	0.0026744937459159553	0.004819789969320077	0.0023022679533944994	0.002746157821499267	0.9874572905098702	0.9874572905098702	4.0	4
DLBCL10992	0.0022022563333037363	0.0023385946793631008	0.0031043911368092403	0.004252372076800407	0.9881023857737236	0.9881023857737236	4.0	4
DLBCL11434	0.9881903979205632	0.001999970524056513	0.002562025381725045	0.005736117300469924	0.0015114888731853106	0.9881903979205632	0.0	0
DLBCL10461	0.0017500421426952426	0.9883771765370614	0.0044995494212323045	0.001747843093167167	0.0036253888058439703	0.9883771765370614	1.0	1
DLBCL11565	0.0024414161478964963	0.9887468999644403	0.0028768929559196523	0.002378258370436068	0.0035565325613074383	0.9887468999644403	1.0	1
DLBCL10901	0.0015535535577138762	0.0027997773130265854	0.002530900030732455	0.003960858095347106	0.98915491100318	0.98915491100318	4.0	4
DLBCL_RICOVER_1289	0.00194412928593478	0.0023768575832234665	0.0025613348871799334	0.003931417386954392	0.9891862608567075	0.9891862608567075	4.0	4
DLBCL11670	0.0015984724866503102	0.003474718917571087	0.9893926063129	0.0035127658126301526	0.0020214364702484597	0.9893926063129	2.0	2
DLBCL10990	0.0016916345349124531	0.004038188937702137	0.0021952243609819765	0.0022849288635635795	0.9897900233028398	0.9897900233028398	4.0	4
DLBCL_RICOVER_335	0.00222131246219511	0.9897997348867223	0.0026008752368313582	0.002815694124867384	0.002562383289383745	0.9897997348867223	1.0	1
DLBCL_C_D_1152_NULLPAIR	0.0019070247587694362	0.9898302878399483	0.0035879131274984557	0.002258095865158454	0.0024166784086253235	0.9898302878399483	1.0	1
DLBCL_MC_F089_HCZ	0.001601544297245888	0.9899363643373723	0.0035152431400206166	0.0022814288637057305	0.0026654193616554743	0.9899363643373723	1.0	1
DLBCL10554	0.0027712500883675514	0.001923023876374866	0.9899812334001811	0.0035757046543736758	0.0017487879807027943	0.9899812334001811	2.0	2
DLBCL10459	0.0016711647242040662	0.0024091525730906495	0.9899818272441558	0.004144189580304995	0.0017936658782444549	0.9899818272441558	2.0	2
DLBCL10884	0.9903263410369972	0.0011936881720472142	0.002734092238462689	0.0043442249608241406	0.0014016535916686935	0.9903263410369972	0.0	0
DLBCL_LS1098	0.001965820140222338	0.001789875497033643	0.9904483038185566	0.003991015797282835	0.0018049847469045674	0.9904483038185566	2.0	2
DLBCL10951	0.001915488510926616	0.0036037352054061893	0.0018802558340873003	0.0021074937943113886	0.9904930266552685	0.9904930266552685	4.0	4
DLBCL_C_D_1163_NULLPAIR	0.00149132588961022	0.002223185963675202	0.002062245813289093	0.0036876772933132655	0.9905355650401122	0.9905355650401122	4.0	4
DLBCL_RICOVER_685	0.0013281453843052838	0.002620272871448187	0.00211575204432544	0.0033909266229426205	0.9905449030769785	0.9905449030769785	4.0	4
DLBCL_C_D_1131_NULLPAIR	0.0019380018882531312	0.9906601841560099	0.0033810605437981094	0.001747851785249553	0.0022729016266893444	0.9906601841560099	1.0	1
DLBCL10534	0.0015099718538495895	0.0025037047241095074	0.0022349058665954774	0.0028971619958032845	0.9908542555596421	0.9908542555596421	4.0	4
DLBCL10864	0.0012678712958787404	0.0021185437036669746	0.002670752293458324	0.0026913440574835874	0.9912514886495124	0.9912514886495124	4.0	4
DLBCL_RICOVER_977	0.9913283818661038	0.0010023106019765144	0.0015325350707508754	0.004435927181590708	0.00170084527957811	0.9913283818661038	0.0	0
DLBCL11477	0.9914332125682648	0.0014321488416951952	0.0013090946774221603	0.003974924350674314	0.0018506195619435565	0.9914332125682648	0.0	0
DLBCL10842	0.0014352557408387197	0.0020869718863604347	0.0023573847954670214	0.0026057155792917576	0.9915146719980421	0.9915146719980421	4.0	4
DLBCL10530	0.0012150099714539676	0.002737039593429285	0.002055594464613519	0.002265517568232988	0.9917268384022703	0.9917268384022703	4.0	4
DLBCL_C_D_1114_NULLPAIR	0.9918411035611256	0.0009893339156011006	0.0013297175483664907	0.004514340372012515	0.0013255046028942932	0.9918411035611256	0.0	0
DLBCL_RICOVER_174	0.0021339248796112087	0.9924549600777436	0.002145075568787237	0.0014955728945932848	0.0017704665792646367	0.9924549600777436	1.0	1
DLBCL10996	0.9925424071149945	0.0009330225894716324	0.002169086184106508	0.0029100364102837817	0.0014454477011435313	0.9925424071149945	0.0	0
DLBCL10465	0.0011940061832462106	0.0014394718140933078	0.9931462787517933	0.0028129013959126642	0.0014073418549544773	0.9931462787517933	2.0	2
DLBCL11188	0.0012954322272812422	0.9935179171663552	0.00231606305659989	0.0012796870634856235	0.00159090048627802	0.9935179171663552	1.0	1
DLBCL10850	0.0015104255554248094	0.9936156670772958	0.0022047647799118336	0.0011530639267633832	0.0015160786606042615	0.9936156670772958	1.0	1
DLBCL11443	0.9943593461878217	0.0006763348663412206	0.0010978234930119808	0.0027307413300399585	0.0011357541227851183	0.9943593461878217	0.0	0
DLBCL_RICOVER_253	0.0013466569082965145	0.9946978442773455	0.0016758000938561102	0.000950496277689113	0.0013292024428127802	0.9946978442773455	1.0	1
DLBCL10550	0.0009479530385419124	0.0013599034630683345	0.00117930522754798	0.0016423980313222653	0.9948704402395195	0.9948704402395195	4.0	4
DLBCL_MAYO_DLBCL_7359	0.00099150264079629	0.9950113683542957	0.0015986658420177392	0.0008468293071441632	0.001551633855746058	0.9950113683542957	1.0	1
DLBCL10860	0.000731122217667829	0.001155503316053977	0.001107554952075309	0.0014772449850635457	0.9955285745291393	0.9955285745291393	4.0	4
DLBCL11482	0.9956523616249305	0.0006248993028555961	0.0007654244080616729	0.002272071415280693	0.0006852432488714614	0.9956523616249305	0.0	0
DLBCL10924	0.0006556264486246795	0.0010655246237510508	0.0008914894675869873	0.0014111427886228142	0.9959762166714144	0.9959762166714144	4.0	4
DLBCL10887	0.0005936433868692357	0.0009829752123252358	0.0009425968214968551	0.0011750604884386406	0.99630572409087	0.99630572409087	4.0	4
DLBCL10918	0.9966023287228775	0.000421438589936406	0.0007044724050768568	0.0016532591556105358	0.0006185011264986977	0.9966023287228775	0.0	0
DLBCL_C_D_1136_NULLPAIR	0.0007567745583107212	0.9966261035537474	0.001012160595191535	0.0007566440171283524	0.000848317275622047	0.9966261035537474	1.0	1
DLBCL_RICOVER_829	0.9967268673824947	0.0006036742423921938	0.0005617913004987062	0.0014193392996813695	0.0006883277749330078	0.9967268673824947	0.0	0
DLBCL_LS146	0.0006398767300518393	0.9969794688145208	0.0009801000793440253	0.0006233379305948091	0.0007772164454884565	0.9969794688145208	1.0	1
DLBCL_MAYO_DLBCL_5613	0.997599950203437	0.0004396752577213969	0.0005112026725963854	0.0009826330223639192	0.00046653884388131407	0.997599950203437	0.0	0
DLBCL10912	0.9978538983203477	0.0003196947167469151	0.0004592895398820113	0.001041743404267338	0.00032537401875611577	0.9978538983203477	0.0	0
DLBCL10458	1.0001033467307663	-1.4679040513068936e-05	-2.2750666939108884e-05	-4.8125219658408986e-05	-1.7791803655729194e-05	1.0001033467307663	0.0	0
