	C1	C2	C3	C4	C5	Confidence	True Cluster	Predicted Cluster
DLBCL_MC_F218_RAP	0.21328126677421158	0.18567859494723163	0.2387464817194905	0.15051361895708124	0.21178003760198497	0.2387464817194905	3.0	2
DLBCL_MC_F606_DMJ	0.21528622978058498	0.17779464593736544	0.24025580227020588	0.1521504997471397	0.21451282226470406	0.24025580227020588	2.0	2
DLBCL11431	0.24125916615814627	0.1807458461053994	0.22012109895217255	0.15294378005795226	0.2049301087263295	0.24125916615814627	4.0	0
DLBCL11466	0.2412743357588073	0.17411686091388015	0.21825852775268142	0.15865445075684464	0.20769582481778665	0.2412743357588073	1.0	0
DLBCL11534	0.218364031925801	0.17661440672994294	0.20993576592395993	0.1524915971289363	0.24259419829135978	0.24259419829135978	2.0	4
DLBCL_LS3245	0.21666440851512317	0.17373192700007908	0.21866176259822204	0.14814219766199727	0.24279970422457853	0.24279970422457853	1.0	4
DLBCL11663	0.21025321032709843	0.17416535893655008	0.243342772304519	0.15369380485614886	0.21854485357568357	0.243342772304519	0.0	2
DLBCL_MC_F307_JPS	0.24467217904315636	0.18249300311788633	0.2149598523620543	0.14599981150728478	0.2118751539696183	0.24467217904315636	0.0	0
DLBCL10522	0.21957713623449512	0.17327509124396645	0.24893690474688304	0.14873567650189182	0.20947519127276362	0.24893690474688304	2.0	2
DLBCL10908	0.21413953879090109	0.17663413551538001	0.25089713461936475	0.15264943356523633	0.20567975750911777	0.25089713461936475	4.0	2
DLBCL_C_D_1140_NULLPAIR	0.21816499550268553	0.175786349666916	0.2510563001295826	0.15361314752624478	0.20137920717457095	0.2510563001295826	4.0	2
DLBCL11483	0.2151057521458834	0.16268758221475182	0.21058847472525277	0.15468086824729693	0.2569373226668151	0.2569373226668151	1.0	4
DLBCL_RICOVER_314	0.19767227382806946	0.2853080070397432	0.14433283841654596	0.16463178391148733	0.20805509680415402	0.2853080070397432	4.0	1
DLBCL10536	0.15920760226399602	0.2877006925324783	0.23759796131529604	0.14589300190288676	0.16960074198534292	0.2877006925324783	2.0	1
DLBCL10970	0.16409837906713529	0.2954269164863036	0.23079381415364497	0.14644173735340302	0.16323915293951294	0.2954269164863036	3.0	1
DLBCL11518	0.16478605267940055	0.2961760433171199	0.22187088882647418	0.1524774759452462	0.16468953923175908	0.2961760433171199	2.0	1
DLBCL_RICOVER_320	0.16271885145250808	0.2990530989248798	0.22796636778769883	0.14813314717434908	0.16212853466056418	0.2990530989248798	2.0	1
DLBCL10869	0.1454236851538621	0.3019257034166327	0.2469134936450083	0.14334254721039819	0.16239457057409865	0.3019257034166327	0.0	1
DLBCL10985	0.27709565905882766	0.2537225191043813	0.09814476633976435	0.30578731857149466	0.06524973692553193	0.30578731857149466	1.0	3
DLBCL10529	0.1962707979443631	0.3138800704495369	0.1673531215905821	0.15218466135694028	0.17031134865857758	0.3138800704495369	4.0	1
DLBCL10969	0.2795582977952736	0.09919477303553695	0.3236962230724395	0.04400744638091109	0.25354325971583874	0.3236962230724395	0.0	2
DLBCL10897	0.28042929021865953	0.3366970495059428	0.04319957279882186	0.06193138658031786	0.27774270089625797	0.3366970495059428	0.0	1
DLBCL_MC_F729_MAN	0.17408902260534906	0.1740472137145386	0.3397698474218733	0.24480851338237963	0.0672854028758594	0.3397698474218733	1.0	2
DLBCL11003	0.25396870335516547	0.3033465590970343	0.05230087024603474	0.04362566127215394	0.34675820602961166	0.34675820602961166	1.0	4
DLBCL_RICOVER_1045	0.08336083376872258	0.3473838975214104	0.09012019299446576	0.30519169064954954	0.1739433850658517	0.3473838975214104	3.0	1
DLBCL11576	0.06256207889288963	0.34787396366970985	0.2068120732141238	0.3046215940390991	0.07813029018417754	0.34787396366970985	3.0	1
DLBCL10921	0.13506288324845836	0.07734957322094706	0.16791513569572414	0.3482228466855585	0.27144956114931196	0.3482228466855585	4.0	3
DLBCL11433	0.03181118960102742	0.05446718628779166	0.3512551960046754	0.27603227821945536	0.28643414988704996	0.3512551960046754	3.0	2
DLBCL10954	0.08965440168781093	0.3531203526540783	0.17085260437514643	0.09025003120042593	0.2961226100825383	0.3531203526540783	1.0	1
DLBCL10986	0.3575661657300927	0.1299751951922593	0.2866187376663826	0.14871143203169057	0.07712846937957481	0.3575661657300927	0.0	0
DLBCL_C_D_1117_NULLPAIR	0.18282648634057383	0.2546162653055398	0.03962094025689523	0.359486069366354	0.1634502387306371	0.359486069366354	1.0	3
DLBCL10539	0.06706646199915968	0.22835100252392335	0.12234542294576853	0.36091420474104174	0.2213229077901067	0.36091420474104174	3.0	3
DLBCL10837	0.1739789119488911	0.3666383079988542	0.13262339979229446	0.035057048305830465	0.29170233195412976	0.3666383079988542	4.0	1
DLBCL_RICOVER_1150	0.28069195007977227	0.36716739001556065	0.06621893279964344	0.22189702074596213	0.06402470635906153	0.36716739001556065	0.0	1
DLBCL11510	0.14237154146591544	0.3724055529039783	0.1136690855178987	0.07773131085974139	0.2938225092524661	0.3724055529039783	4.0	1
DLBCL10512	0.03659825802082558	0.09917676486377257	0.3728550790641537	0.2756216683704363	0.21574822968081186	0.3728550790641537	2.0	2
DLBCL11657	0.2600481798217122	0.11555374792786026	0.13588569156784489	0.37583885753338425	0.11267352314919855	0.37583885753338425	3.0	3
DLBCL11679	0.22214545286497508	0.3790725415107043	0.3230716403205222	0.05080296162766633	0.024907403676132218	0.3790725415107043	1.0	1
DLBCL10486	0.30354669850795174	0.3798485616514348	0.060594806010392396	0.05187745971607386	0.20413247411414714	0.3798485616514348	0.0	1
DLBCL_MC_F139_LJF	0.2541434765960704	0.10056687376279451	0.38259367949521556	0.22807982543127647	0.03461614471464287	0.38259367949521556	3.0	2
DLBCL10919	0.3871615699710618	0.035583532097377746	0.32848969485464224	0.23101543256713522	0.017749770509783002	0.3871615699710618	3.0	0
DLBCL_LS1757	0.3322722285212674	0.13293967318267955	0.07154102910118405	0.3884360514100128	0.07481101778485603	0.3884360514100128	0.0	3
DLBCL11468	0.046272478930871525	0.10924772231256917	0.30168091967593447	0.3898351004026024	0.1529637786780225	0.3898351004026024	2.0	3
DLBCL_MC_F496DMP	0.30307376668875385	0.20421647683629005	0.06552435547998321	0.3929945880450806	0.03419081294989219	0.3929945880450806	1.0	3
DLBCL11527	0.07449932223806807	0.014872895116450258	0.3371477551725111	0.18016750677778745	0.39331252069518313	0.39331252069518313	3.0	4
DLBCL_RICOVER_787	0.039945138016344715	0.07031592501825273	0.3942117421493218	0.3302695284939897	0.165257666322091	0.3942117421493218	1.0	2
DLBCL10907	0.2952672180045336	0.39423651486155875	0.025871028824367107	0.13500700271466828	0.14961823559487222	0.39423651486155875	1.0	1
DLBCL10862	0.11345043208102254	0.3972876381109557	0.23426356913898908	0.14019305253687744	0.11480530813215528	0.3972876381109557	4.0	1
DLBCL10894	0.16597244544946668	0.34116577380229535	0.39949160238307235	0.07519311001353329	0.01817706835163245	0.39949160238307235	1.0	2
DLBCL11194	0.3194401345657155	0.04502029629526842	0.08895903085108595	0.1459077101592616	0.4006728281286686	0.4006728281286686	4.0	4
DLBCL_RICOVER_1081	0.07709196224317735	0.018900842183389874	0.24689776338008587	0.40387551999556537	0.25323391219778146	0.40387551999556537	4.0	3
DLBCL11202	0.4061415047257819	0.3549250527789668	0.12301643884339018	0.0936250786227221	0.022291925029138945	0.4061415047257819	0.0	0
DLBCL10867	0.4062845804166311	0.34662900060681023	0.13118695165453173	0.04899451947576676	0.06690494784626022	0.4062845804166311	4.0	0
DLBCL10564	0.07628452030027981	0.40784504785492626	0.09072985927398965	0.3241441585906681	0.10099641398013633	0.40784504785492626	3.0	1
DLBCL10915	0.11100337885887869	0.4088904078459948	0.12616421716059276	0.22254750682438318	0.1313944893101506	0.4088904078459948	4.0	1
DLBCL_MC_F927_JHS	0.11483343279601696	0.21706387009235675	0.1665058740306174	0.09156811211685502	0.410028710964154	0.410028710964154	4.0	4
DLBCL_RICOVER_977	0.1413865189324186	0.013141347940807133	0.06198503525516457	0.3640708572166377	0.4194162406549719	0.4194162406549719	0.0	4
DLBCL_C_D_1106_NULLPAIR	0.07483674285783608	0.4199356541893745	0.09402740359689377	0.15986434800906893	0.2513358513468268	0.4199356541893745	1.0	1
DLBCL11242	0.098605964160976	0.19962995628366265	0.1748555541587423	0.42070383096021047	0.10620469443640863	0.42070383096021047	4.0	3
DLBCL10981	0.1697629455630935	0.20820923440029826	0.07718832241523231	0.4212412669408848	0.12359823068049121	0.4212412669408848	1.0	3
DLBCL_MC_F210_GWC	0.08464450723521247	0.1287660334636133	0.10686805823482401	0.422331486256998	0.2573899148093522	0.422331486256998	1.0	3
DLBCL10510	0.14380575883671953	0.33030526080071276	0.04888626203924192	0.05346148440968016	0.4235412339136455	0.4235412339136455	1.0	4
DLBCL11474	0.1953927849048727	0.42661805177015943	0.07142329680173938	0.056149729657640986	0.25041613686558767	0.42661805177015943	0.0	1
DLBCL_C_D_1105_NULLPAIR	0.07844634770051082	0.2902260105484428	0.09236365084593577	0.1096834149310122	0.4292805759740984	0.4292805759740984	1.0	4
DLBCL_RICOVER_473	0.17588652966704232	0.4305619399370074	0.16031028722257148	0.11178752754036596	0.12145371563301284	0.4305619399370074	0.0	1
DLBCL_C_D_1130_NULLPAIR	0.38171152429417515	0.06562202202726392	0.09196124611271853	0.02859424222299377	0.43211096534284865	0.43211096534284865	0.0	4
DLBCL10881	0.4325273690571593	0.21200505371975326	0.11875822995024687	0.09565249524152052	0.14105685203132007	0.4325273690571593	4.0	0
DLBCL10990	0.17057764871191475	0.43304182375492023	0.1629152450756377	0.11467060483516142	0.11879467762236597	0.43304182375492023	4.0	1
DLBCL10535	0.04759419639603153	0.4331813796431357	0.1794088614512778	0.13216113512436983	0.20765442738518516	0.4331813796431357	4.0	1
DLBCL10911	0.17884672615856168	0.4338787098699805	0.15101876263208228	0.11284193718131504	0.12341386415806045	0.4338787098699805	1.0	1
DLBCL11519	0.1333187790818386	0.43417488348619987	0.1153555438350793	0.2779376482368	0.039213145360082316	0.43417488348619987	0.0	1
DLBCL11683	0.13707411264591224	0.25021219556214686	0.4348948447557213	0.09737665002720984	0.0804421970090098	0.4348948447557213	2.0	2
DLBCL11436	0.11167345737753977	0.20938785248116024	0.15361333417656178	0.08906829075952745	0.43625706520521074	0.43625706520521074	1.0	4
DLBCL10975	0.43654918423994815	0.025071057915709648	0.03865003559811994	0.22129961805940135	0.278430104186821	0.43654918423994815	0.0	0
DLBCL10503	0.17596266415173492	0.43673204651928754	0.1559930706700652	0.11559762091287619	0.11571459774603611	0.43673204651928754	1.0	1
DLBCL11509	0.15873091109875442	0.21172340436150916	0.1412182547972991	0.43736265199015895	0.05096477775227841	0.43736265199015895	0.0	3
DLBCL_RICOVER_408	0.0372181235050238	0.38647699471587155	0.07246595418554452	0.0652121862743715	0.4386267413191886	0.4386267413191886	2.0	4
DLBCL11446	0.17462321909105047	0.43943882056001987	0.15347180954404072	0.11286578237568123	0.11960036842920775	0.43943882056001987	1.0	1
DLBCL11533	0.17803893274774094	0.4400452473222644	0.15242918128688573	0.11173240505622152	0.11775423358688737	0.4400452473222644	1.0	1
DLBCL_RICOVER_478	0.36102238207323006	0.44030334213032724	0.03123480865284172	0.03091589164439611	0.13652357549920482	0.44030334213032724	1.0	1
DLBCL11456	0.17413400200240453	0.4403752748341044	0.15652006802950774	0.1109004796257119	0.11807017550827148	0.4403752748341044	1.0	1
DLBCL_C_D_1113_NULLPAIR	0.17237226119223725	0.4406304214941768	0.15483711521332427	0.11008660533013045	0.12207359677013116	0.4406304214941768	2.0	1
DLBCL_RICOVER_744	0.44066622964730756	0.11798161582589024	0.1453239150031967	0.13084193681299625	0.16518630271060936	0.44066622964730756	2.0	0
DLBCL10549	0.34234067565662296	0.11156764246408528	0.44071081439933174	0.06992853468426576	0.035452332795694166	0.44071081439933174	1.0	2
DLBCL11481	0.38259350738035935	0.037561131855051465	0.44125953405406665	0.08489859441701653	0.05368723229350605	0.44125953405406665	0.0	2
DLBCL11523	0.1432557810456345	0.44176367198985145	0.08342261594081458	0.19043241186840998	0.1411255191552895	0.44176367198985145	0.0	1
DLBCL11480	0.09053623353125638	0.0694645919445003	0.44265812840481755	0.07396944166789156	0.3233716044515342	0.44265812840481755	0.0	2
DLBC_FF_A7CR_TP_NB	0.04796211020844791	0.04900910757865538	0.17866969140085676	0.44411090144012866	0.28024818937191126	0.44411090144012866	4.0	3
DLBCL_C_D_1129_NULLPAIR	0.17509037759029247	0.4444237652647458	0.15086600826805055	0.11415152973393068	0.1154683191429806	0.4444237652647458	0.0	1
DLBCL11482	0.36254408508657077	0.05255050870376774	0.4458320421457224	0.0622249754885871	0.0768483885753521	0.4458320421457224	0.0	2
DLBCL_MC_F089_HCZ	0.011827359625388582	0.32123512152888645	0.1273103233530316	0.09197814610979499	0.4476490493828983	0.4476490493828983	1.0	4
DLBCL_RICOVER_985	0.03076572416930603	0.032767714567008874	0.2093215990937602	0.447883750090704	0.27926121207922083	0.447883750090704	3.0	3
DLBCL_RICOVER_945	0.05289478343026517	0.382507803961609	0.054206689443233286	0.060417100916070186	0.4499736222488224	0.4499736222488224	0.0	4
DLBCL11541	0.10228111732901049	0.4502373600113639	0.2520673969031215	0.10745617568685642	0.08795795006964773	0.4502373600113639	2.0	1
DLBCL_LS3809	0.10142744697616984	0.2921293009470418	0.09680212994206419	0.05905826337962535	0.4505828587550988	0.4505828587550988	0.0	4
DLBCL10566	0.2988021724289029	0.146041667507425	0.0424961672366279	0.060694505184526376	0.4519654876425178	0.4519654876425178	4.0	4
DLBCL10896	0.31818793894422703	0.05338604379208529	0.03848470695644722	0.4524038319760668	0.1375374783311736	0.4524038319760668	0.0	3
DLBCL_C_D_1128_NULLPAIR	0.1706561318392364	0.4525909030447589	0.14836191431315085	0.1105393502304179	0.11785170057243594	0.4525909030447589	0.0	1
DLBCL11195	0.055655630161981245	0.14865048808243325	0.12260500881476107	0.452616582965412	0.2204722899754124	0.452616582965412	4.0	3
DLBCL10936	0.16645460051063388	0.4529839983830637	0.14878186416579356	0.11481675637483277	0.11696278056567609	0.4529839983830637	2.0	1
DLBCL11205	0.26087530115101676	0.16446890307984824	0.45355852247412387	0.05415311922273476	0.06694415407227645	0.45355852247412387	0.0	2
DLBCL11353	0.05230454383749523	0.376042983924685	0.059617616512729205	0.05786711861475072	0.45416773711033986	0.45416773711033986	4.0	4
DLBCL10955	0.4589355592081813	0.08167673969280025	0.3807432555715721	0.05170969800486409	0.026934747522582295	0.4589355592081813	3.0	0
DLBCL10491	0.0515865921964884	0.17162924624853204	0.4602453434741604	0.296972615639879	0.01956620244094007	0.4602453434741604	3.0	2
DLBCL10782	0.1378963733193252	0.2773642019181537	0.10390230039740063	0.4610652423790178	0.01977188198610262	0.4610652423790178	3.0	3
DLBCL_RICOVER_956	0.05190822191185914	0.3246492605525871	0.10923701071512008	0.0527395351749624	0.4614659716454712	0.4614659716454712	4.0	4
DLBCL_RICOVER_216	0.11017593535372058	0.20292916706418268	0.13619427404389203	0.08886904211196295	0.46183158142624187	0.46183158142624187	2.0	4
DLBCL_RICOVER_780	0.04057187656008823	0.2968898753906437	0.46436091568551974	0.15527936111491594	0.04289797124883232	0.46436091568551974	1.0	2
DLBCL_C_D_1149_NULLPAIR	0.18856644233333852	0.46857315939035427	0.05298494711219871	0.03910378817197936	0.25077166299212916	0.46857315939035427	1.0	1
DLBC_FF_8062_TP_NB	0.4687007015914724	0.22628008889885648	0.05325954211708817	0.21120675917767734	0.040552908214905495	0.4687007015914724	3.0	0
DLBCL10451	0.2973766740805838	0.470584842251443	0.09656824049638074	0.11151425320140501	0.023955989970187424	0.470584842251443	0.0	1
DLBCL_RICOVER_1190	0.055442550970062614	0.30548272615204586	0.11063919924248827	0.05399748771887302	0.4744380359165303	0.4744380359165303	4.0	4
DLBCL10833	0.4761149534444554	0.031212558472565086	0.029568781994111636	0.21530216441247513	0.24780154167639276	0.4761149534444554	4.0	0
DLBCL10978	0.042472253526435896	0.4801157645893498	0.10025476508179207	0.18372910420514246	0.1934281125972798	0.4801157645893498	3.0	1
DLBCL10873	0.12399188094883071	0.2983738423606309	0.062405890316046105	0.4803031611547796	0.034925225219712724	0.4803031611547796	1.0	3
DLBCL10502	0.3504103445458822	0.48259971352468595	0.04671312302635094	0.054560817365035354	0.06571600153804558	0.48259971352468595	1.0	1
DLBCL10972	0.4837829969715815	0.048248204254736006	0.2058632566454022	0.16579896228601748	0.09630657984226274	0.4837829969715815	0.0	0
DLBCL_DFCI_DLBCL_GOE05	0.03181335680088162	0.48437166093465794	0.07133320372565209	0.03340458586118732	0.379077192677621	0.48437166093465794	1.0	1
DLBCL10452	0.08566917372467564	0.48528015952472836	0.0737856983471674	0.2305983702205188	0.12466659818290986	0.48528015952472836	1.0	1
DLBCL11455	0.038617607572553836	0.14876390242095533	0.06920973373633302	0.257478407194232	0.48593034907592575	0.48593034907592575	2.0	4
DLBCL10993	0.10079035216972093	0.04305167290729866	0.08532193445200717	0.28335824941350335	0.48747779105746997	0.48747779105746997	0.0	4
DLBCL11569	0.4901453535167005	0.04440135117694859	0.34266822329856544	0.06991757233448334	0.05286749967330211	0.4901453535167005	2.0	0
DLBCL10974	0.16086025755042188	0.09523238703825262	0.17356766713836988	0.4906039112136262	0.07973577705932944	0.4906039112136262	3.0	3
DLBCL10854	0.14889084537577676	0.020067718730109065	0.06643607205362723	0.27305231148287207	0.49155305235761476	0.49155305235761476	4.0	4
DLBCL_RICOVER_111	0.055439757363543965	0.057391568297837696	0.2691760205995853	0.12506531217059202	0.49292734156844104	0.49292734156844104	4.0	4
DLBCL11678	0.05500548008807238	0.09739568226929193	0.49429827763607154	0.33443796522085184	0.018862594785712266	0.49429827763607154	3.0	2
DLBCL_RICOVER_522	0.29158832733850165	0.018751815654254246	0.1733165475122359	0.4957908105209304	0.02055249897407781	0.4957908105209304	2.0	3
DLBCL10878	0.4961831307491763	0.03372998520277043	0.037406729463133316	0.04415151396382765	0.38852864062109227	0.4961831307491763	4.0	0
DLBCL_C_D_PAIR13	0.14018341681780747	0.13422478173968605	0.13996797637650138	0.08729930156447882	0.4983245235015263	0.4983245235015263	4.0	4
DLBCL10973	0.09320687477550581	0.024360390906454813	0.24385232528357556	0.49888437310135747	0.1396960359331063	0.49888437310135747	3.0	3
DLBCL_LS1065	0.04335243505271619	0.5018737724953709	0.3527932146253866	0.0439638376901435	0.05801674013638282	0.5018737724953709	1.0	1
DLBCL11467	0.0821916621392012	0.0594691685973375	0.10022135252409901	0.5025835335368145	0.25553428320254773	0.5025835335368145	3.0	3
DLBCL_LS4593	0.09746934298933976	0.030817865993638692	0.33430527623029094	0.505054673082018	0.03235284170471256	0.505054673082018	2.0	3
DLBCL10523	0.04369642225471067	0.15071443447891336	0.11985497101944298	0.5067266022407382	0.17900757000619477	0.5067266022407382	2.0	3
DLBCL_RICOVER_338	0.5079688708367728	0.04430964469767182	0.09564730532205762	0.3284053683994192	0.023668810744078648	0.5079688708367728	0.0	0
DLBCL_LS3200	0.08216111905468915	0.5083066365187278	0.06298153270060988	0.03879312325300873	0.3077575884729645	0.5083066365187278	4.0	1
DLBCL10965	0.05151066680589425	0.05906324488674047	0.05599307719695914	0.3240748592162498	0.5093581518941563	0.5093581518941563	3.0	4
DLBCL_RICOVER_1283	0.15155019011665388	0.028958896833895596	0.5096508309301473	0.07071007656888496	0.23913000555041827	0.5096508309301473	2.0	2
DLBCL_DFCI_DLBCL_GOE16	0.1300229692970498	0.1272276176168294	0.1783647527002102	0.5103819519965993	0.054002708389311184	0.5103819519965993	2.0	3
DLBCL11658	0.08351097907016924	0.037170062250686704	0.11590960452027946	0.5119213282360295	0.25148802592283515	0.5119213282360295	3.0	3
DLBCL10453	0.038518168236876	0.24271987305066642	0.1061818433595072	0.0976326027602925	0.5149475125926578	0.5149475125926578	1.0	4
DLBCL10487	0.07812993547708837	0.5161052822994319	0.06964094060484817	0.29673020913181286	0.03939363248681866	0.5161052822994319	1.0	1
DLBCL11538	0.03733106614453095	0.025683063328578178	0.5161444539720644	0.34723509212374204	0.07360632443108445	0.5161444539720644	4.0	2
DLBCL_RICOVER_978	0.5165127970314733	0.035386538223214636	0.3728994244592398	0.047368073527267796	0.027833166758804376	0.5165127970314733	2.0	0
DLBCL11479	0.09270340976245717	0.516839293885467	0.11339956249799163	0.06970555756234753	0.2073521762917366	0.516839293885467	1.0	1
DLBCL_LS3499	0.5169447146003514	0.09378806018633622	0.052560981856551864	0.3175935460770096	0.01911269727975084	0.5169447146003514	3.0	0
DLBCL_LS4592	0.022842259728439153	0.027181188907356404	0.3148230654741939	0.11748135695898455	0.5176721289310259	0.5176721289310259	2.0	4
DLBCL10994	0.5191545137087901	0.031602972969441916	0.10064369073948144	0.17642444415599512	0.17217437842629144	0.5191545137087901	0.0	0
DLBCL10925	0.2581721706536627	0.07837941548491098	0.029349681246817468	0.5202017112638351	0.11389702135077372	0.5202017112638351	4.0	3
DFCIDL010_DT	0.52070659709183	0.04877578320252439	0.05705667205867514	0.3524265054400283	0.021034442206942186	0.52070659709183	0.0	0
DLBCL10851	0.15917849596496522	0.08687472770188505	0.522408353899986	0.08718112082184967	0.1443573016113141	0.522408353899986	1.0	2
DLBCL11191	0.19753720433818342	0.15053982121895212	0.07858687228924684	0.04928827546174811	0.5240478266918694	0.5240478266918694	0.0	4
DLBCL10939	0.3490418399992373	0.024134023331377548	0.030619113218500388	0.068205473044411	0.5279995504064736	0.5279995504064736	3.0	4
DLBCL10971	0.04452015022680543	0.14656960354550705	0.08267944417448546	0.19780493584637607	0.5284258662068261	0.5284258662068261	0.0	4
DLBCL10843	0.33767621263159475	0.07725702957962913	0.02347920320913704	0.032203772226285815	0.5293837823533533	0.5293837823533533	0.0	4
DLBCL10968	0.34139461507748153	0.019996033652891747	0.056546428831634854	0.5295107580081634	0.052552164429828505	0.5295107580081634	0.0	3
DLBCL10454	0.5304568424520371	0.28087176849538126	0.052585198287273115	0.05005038487395474	0.08603580589135376	0.5304568424520371	4.0	0
DLBCL10835	0.0523856965825025	0.3262338160853588	0.024725802508739507	0.06591723193707254	0.5307374528863267	0.5307374528863267	4.0	4
DLBCL10890	0.038437035149309	0.039476679417239646	0.32489673043877815	0.065878203947992	0.5313113510466813	0.5313113510466813	4.0	4
DLBCL_LS2590	0.06714135049508928	0.04689243010667086	0.5351073604104463	0.28832132477171635	0.06253753421607725	0.5351073604104463	3.0	2
DLBCL_RICOVER_274	0.044745720966996305	0.5378724933503412	0.1990482304132777	0.15159642419794372	0.06673713107144115	0.5378724933503412	3.0	1
DLBCL_RICOVER_575	0.3157225720710074	0.022560569943894743	0.09898991959819407	0.5386497315097616	0.024077206877142196	0.5386497315097616	3.0	3
DLBCL10845	0.02541097060371351	0.06140343804331494	0.07560295286844677	0.29605871602563916	0.5415239224588856	0.5415239224588856	1.0	4
DLBCL10450	0.5415763480266366	0.14223127341356342	0.023420646564463167	0.2607851091020215	0.03198662289331527	0.5415763480266366	0.0	0
DLBCL10870	0.02996227216588693	0.03906283074435226	0.5416100598466825	0.03840246865117394	0.35096236859190433	0.5416100598466825	4.0	2
DLBCL_RICOVER_467	0.02084754592888105	0.31095195095765743	0.10174950320098587	0.02467299420524814	0.5417780057072275	0.5417780057072275	1.0	4
DLBCL11441	0.5430289749954862	0.05539234926374126	0.059895391545211216	0.27915239469432895	0.06253088950123245	0.5430289749954862	2.0	0
DLBCL_RICOVER_1032	0.071340603235941	0.5466187378770544	0.047215475238648594	0.18868205896585719	0.14614312468249882	0.5466187378770544	4.0	1
DLBCL11526	0.5468964442227452	0.029559836953397017	0.09517224236482373	0.1779111618642077	0.15046031459482637	0.5468964442227452	2.0	0
DLBCL11677	0.19550462809983374	0.05338920497988251	0.0856330390252346	0.11384296146835327	0.5516301664266959	0.5516301664266959	0.0	4
DLBCL_RICOVER_1204	0.06234014921312189	0.0746673480692192	0.13711112880376766	0.5522705238692256	0.17361085004466564	0.5522705238692256	3.0	3
DLBCL_RICOVER_361	0.039484829120886945	0.028641485830433324	0.05193811287877688	0.5524734280634391	0.32746214410646374	0.5524734280634391	3.0	3
DLBCL11574	0.10218543659304125	0.1392777998480825	0.5530732398507852	0.10897163869937125	0.09649188500871983	0.5530732398507852	2.0	2
DLBCL11516	0.08527893627436749	0.5539519747254283	0.09438507309286383	0.21361362809481793	0.05277038781252239	0.5539519747254283	1.0	1
DLBCL_RICOVER_299	0.014551425557798139	0.5539877717040756	0.36934332889040294	0.035295549672268965	0.02682192417545432	0.5539877717040756	1.0	1
DLBCL11484	0.11040200839984876	0.5541935162923326	0.15264940670996455	0.10051872262378905	0.08223634597406503	0.5541935162923326	1.0	1
DLBCL10501	0.021450934490079385	0.5549088977796527	0.11804236613329475	0.0464707566186744	0.25912704497829875	0.5549088977796527	2.0	1
DLBCL10532	0.04473789345068616	0.013849663818237783	0.5589619087677336	0.20680920905271052	0.17564132491063206	0.5589619087677336	4.0	2
DLBCL_RICOVER_120	0.09853919630039899	0.5591325003468575	0.10352511834053747	0.09044325771564775	0.14835992729655822	0.5591325003468575	4.0	1
DLBCL_MC_F815_BAT	0.5592174401493056	0.012906327978486346	0.161710456455195	0.13107384466831196	0.13509193074870102	0.5592174401493056	2.0	0
DLBCL10509	0.24822971280850667	0.5598628133385246	0.0753113196342661	0.06902851281356208	0.04756764140514057	0.5598628133385246	0.0	1
DLBCL10457	0.11085070194109115	0.5601177085727207	0.1471903844130706	0.0969513836212071	0.08488982145191043	0.5601177085727207	4.0	1
DLBCL10893	0.042228155112053856	0.04025464522573344	0.0682426435428935	0.2883994988501717	0.5608750572691475	0.5608750572691475	4.0	4
DLBCL10518	0.08980021759142698	0.12575895069136414	0.12193923020038183	0.5618726155340582	0.10062898598276886	0.5618726155340582	2.0	3
DLBCL10514	0.15217297289027773	0.5619394322400664	0.18991073758832022	0.05395627744104756	0.0420205798402881	0.5619394322400664	2.0	1
DLBCL10995	0.11060902278414943	0.0941823157254573	0.11415856613566625	0.5619677071950346	0.11908238815969245	0.5619677071950346	2.0	3
DLBCL_RICOVER_678	0.035946577645470414	0.5620998547200305	0.03119774266661886	0.020710732958859265	0.35004509200902095	0.5620998547200305	1.0	1
DLBCL11458	0.11369900604340803	0.5624648944425126	0.145928098132441	0.0959721753953767	0.08193582598626166	0.5624648944425126	2.0	1
DLBCL10461	0.02181740433383161	0.34913396967433563	0.03250528566668837	0.03358641805377241	0.562956922271372	0.562956922271372	1.0	4
DLBCL10924	0.10905308606345138	0.08967719936505042	0.11497594034153512	0.5646677551545765	0.12162601907538667	0.5646677551545765	4.0	3
DLBCL_RICOVER_288	0.11495373685306114	0.5647650730919159	0.14270781351138245	0.09743992963263842	0.08013344691100203	0.5647650730919159	1.0	1
DLBCL11495	0.2079329917671207	0.03763907507367562	0.04913354610889608	0.5649259399970483	0.14036844705325924	0.5649259399970483	4.0	3
DLBCL10945	0.5654826754279928	0.12707166564729455	0.06785780617395738	0.15891198662469888	0.08067586612605633	0.5654826754279928	0.0	0
DLBCL10544	0.10756011872546474	0.09545650012540143	0.1139640795572594	0.5682913109510129	0.1147279906408616	0.5682913109510129	3.0	3
DLBCL_RICOVER_1060	0.1134227185395978	0.5699928003697449	0.13785367858765613	0.09539272924477048	0.08333807325823069	0.5699928003697449	1.0	1
DLBCL11208	0.11256852728795931	0.5713365524312575	0.14250386518215175	0.09562891775337463	0.07796213734525678	0.5713365524312575	1.0	1
DLBCL10460	0.033863036202560474	0.5717913430501954	0.3281439848343216	0.029282835296272982	0.0369188006166495	0.5717913430501954	1.0	1
DLBCL_C_D_1119_NULLPAIR	0.5719869519031072	0.33207476056017887	0.03256087170444913	0.04339214650438358	0.019985269327881243	0.5719869519031072	1.0	0
DLBCL10465	0.032429216297426226	0.02409682103728026	0.5724541990379558	0.20460225647999686	0.16641750714734088	0.5724541990379558	2.0	2
DLBCL10521	0.0420592645235684	0.2629082725273203	0.06070397331514118	0.06108331883686674	0.5732451707971035	0.5732451707971035	4.0	4
DLBCL11449	0.03467024556349791	0.27896534178031457	0.07569682869579213	0.03704596940159952	0.5736216145587959	0.5736216145587959	1.0	4
DLBCL11581	0.04009257153274597	0.1101112343594489	0.04428356895322858	0.22915490992155724	0.5763577152330194	0.5763577152330194	4.0	4
DLBCL_RICOVER_773	0.13695637241368677	0.5766539823956282	0.02986992084372749	0.03738532665272513	0.21913439769423243	0.5766539823956282	4.0	1
DLBCL10847	0.035980749396538884	0.272502134446925	0.07713003098663995	0.036569403567333916	0.5778176816025623	0.5778176816025623	4.0	4
DLBCL_C_D_1109_NULLPAIR	0.1226359222753857	0.02842170433863519	0.054527674190551954	0.579854654554469	0.21456004464095813	0.579854654554469	3.0	3
DLBCL11671	0.20807176520626597	0.03498051568847292	0.07024921659224674	0.10508205304564344	0.5816164494673709	0.5816164494673709	0.0	4
DLBCL10467	0.07703085969544488	0.01863680787536557	0.27898673663128565	0.04366572682711225	0.5816798689707917	0.5816798689707917	4.0	4
DLBCL_RICOVER_910	0.2136966915769881	0.06922851550241356	0.07522733559354416	0.5823777242387207	0.0594697330883335	0.5823777242387207	0.0	3
DLBCL_RICOVER_950	0.03850756022162139	0.04125390708575397	0.5826741325190913	0.3062377516496033	0.03132664852393002	0.5826741325190913	3.0	2
DLBCL11595	0.04401271034450608	0.2799589008266903	0.060267218925939565	0.030303038723198825	0.5854581311796653	0.5854581311796653	4.0	4
DLBCL11501	0.5860463282089713	0.18024877412609844	0.027359054340535628	0.05526350118163336	0.1510823421427613	0.5860463282089713	0.0	0
DLBCL_RICOVER_1046	0.024170441239958075	0.5873797176931259	0.03494464218658034	0.027190036077614662	0.32631516280272105	0.5873797176931259	1.0	1
DLBCL10456	0.03277921724515011	0.0387807006505356	0.1091169665445996	0.23184688050116672	0.587476235058548	0.587476235058548	3.0	4
DLBCL11462	0.280523695009229	0.01847548959923447	0.03982784653963996	0.07056999920024119	0.5906029696516554	0.5906029696516554	0.0	4
DLBCL10836	0.16393396632853502	0.019595292781104855	0.06870848453465529	0.15611183437078316	0.5916504219849218	0.5916504219849218	4.0	4
DLBCL_C_D_1112_NULLPAIR	0.591927499366833	0.176832819917784	0.08860658342518002	0.11635331765173147	0.026279779638471445	0.591927499366833	2.0	0
DLBCL10484	0.027873894891313106	0.5936682450650003	0.31435567091178673	0.044072805082357926	0.020029384049542024	0.5936682450650003	1.0	1
DLBCL_C_D_1157_NULLPAIR	0.24452816244851933	0.023904710891968717	0.594400234388812	0.1012038082805103	0.03596308399018972	0.594400234388812	2.0	2
DLBCL11488	0.18942287768651422	0.015108510383633297	0.026423757069713578	0.17368655474635777	0.5953583001137812	0.5953583001137812	0.0	4
DLBCL_RICOVER_701	0.2900813857952311	0.02680569473035356	0.02975035171077261	0.5957532296637175	0.057609338099925245	0.5957532296637175	3.0	3
DLBCL11437	0.05670968637571319	0.042704697813108934	0.08899631285671218	0.21552154606446017	0.5960677568900056	0.5960677568900056	3.0	4
DLBCL10498	0.07158372160195538	0.5980300641787681	0.10990870388782158	0.19463559748001247	0.025841912851442456	0.5980300641787681	2.0	1
DLBCL10916	0.05590584137583494	0.5984342746160697	0.03979340955625425	0.05452887212496567	0.2513376023268754	0.5984342746160697	4.0	1
DLBCL10850	0.5998388442823626	0.12432514361311041	0.05884037777140947	0.03030910136439508	0.18668653296872248	0.5998388442823626	1.0	0
DLBCL_LS1683	0.08029096751153203	0.20410825330296117	0.07201769385270386	0.04352523298893625	0.6000578523438667	0.6000578523438667	1.0	4
DLBCL10519	0.20206707524978726	0.6007593302196765	0.034877652050164944	0.11679518911560847	0.04550075336476288	0.6007593302196765	1.0	1
DLBCL11204	0.040105233178914866	0.048391357586436284	0.6009031965850437	0.07099825956396014	0.23960195308564508	0.6009031965850437	1.0	2
DLBCL_RICOVER_449	0.03163964461277033	0.2557050034527424	0.05113673529957106	0.05889314194150471	0.6026254746934115	0.6026254746934115	4.0	4
DLBCL11496	0.24845172363739987	0.026109118888726898	0.039062587247384886	0.08211478144837805	0.6042617887781103	0.6042617887781103	0.0	4
DLBCL11669	0.08806638237776818	0.6045460009080333	0.08376866207306224	0.14651932899270736	0.07709962564842882	0.6045460009080333	2.0	1
DLBCL_RICOVER_1289	0.6088074639020621	0.02961172530504589	0.14526182583336963	0.18807234947135104	0.02824663548817133	0.6088074639020621	4.0	0
DLBCL10530	0.015413647902121455	0.2823380249338237	0.05121110774888163	0.04138857839642733	0.6096486410187459	0.6096486410187459	4.0	4
DLBCL_RICOVER_1165	0.19382962739015472	0.034395350673798675	0.6111822266408812	0.06846537059164082	0.0921274247035247	0.6111822266408812	1.0	2
DLBCL11564	0.22159357915059064	0.04210448009003197	0.09359627679162094	0.6157853872983005	0.02692027666945596	0.6157853872983005	3.0	3
DLBCL_MC_F500_ECU	0.07143925409034463	0.10736772600805661	0.0946740559856151	0.10843923487986319	0.6180797290361205	0.6180797290361205	1.0	4
DLBCL_LS297	0.05999744189948277	0.18647140370485854	0.08975090507041548	0.6186681846748993	0.045112064650343855	0.6186681846748993	2.0	3
DLBCL_C_D_1108_NULLPAIR	0.02531284596642799	0.61987211601294	0.034660786388567615	0.016711975621109577	0.30344227601095475	0.61987211601294	1.0	1
DLBCL11520	0.6202489903115141	0.0199911124731307	0.040194045535627373	0.14262117798160878	0.17694467369811903	0.6202489903115141	0.0	0
DLBCL10956	0.19243528637870766	0.6213679919041416	0.03983322525422869	0.031243147058185927	0.11512034940473607	0.6213679919041416	1.0	1
DLBCL_C_D_1103_NULLPAIR	0.06282738872605201	0.19788775763607958	0.07194471275878078	0.6237431740053588	0.0435969668737288	0.6237431740053588	3.0	3
DLBCL_MC_F739_AMA3	0.035412352193669304	0.6244558397739431	0.26003755484668656	0.04037876213160965	0.039715491054091334	0.6244558397739431	1.0	1
DLBCL_LS2599	0.0865679013526248	0.20210092660115117	0.6273065041253642	0.05585864983732941	0.028166018083530506	0.6273065041253642	2.0	2
DLBCL11507	0.14251463338522996	0.1536345217415207	0.630034090162512	0.054603632814608206	0.01921312189612918	0.630034090162512	1.0	2
DLBCL_RICOVER_720	0.20575208957975444	0.6302208694175521	0.02304920095787473	0.035985796145544	0.10499204389927473	0.6302208694175521	4.0	1
DLBCL10480	0.20111833049516753	0.630913887411255	0.016581806548679304	0.035956489848493436	0.11542948569640483	0.630913887411255	1.0	1
DLBCL_LS378	0.2174259383939052	0.05251478054687158	0.631944381987064	0.052860148889143664	0.045254750183015446	0.631944381987064	0.0	2
DLBCL_LS951	0.17969227669875731	0.032686962580756845	0.07052860823198787	0.6324783877206072	0.08461376476789076	0.6324783877206072	0.0	3
DLBCL10469	0.11629292782125937	0.014212725092224154	0.0938018688429236	0.6385283440225344	0.13716413422105853	0.6385283440225344	3.0	3
DLBCL10887	0.02795527432582461	0.029874695305301485	0.20738935402881598	0.09442942607056372	0.6403512502694942	0.6403512502694942	4.0	4
DLBCL10868	0.6405924569211676	0.03848836270196086	0.02283395739588271	0.1919047000822403	0.10618052289874849	0.6405924569211676	3.0	0
DLBCL11476	0.05312509959097685	0.19677686160838334	0.054124302213678685	0.05365953697481569	0.6423141996121454	0.6423141996121454	4.0	4
DLBCL_RICOVER_1192	0.03284763462934685	0.6452363193572671	0.21122008853863847	0.05005006975960252	0.06064588771514509	0.6452363193572671	4.0	1
DLBCL10517	0.021758308504803016	0.6495604258666627	0.04954223545666912	0.03856489797294248	0.2405741321989226	0.6495604258666627	1.0	1
DLBCL_LS2245	0.11068945195936002	0.17334045448547322	0.6504796152446319	0.044897394962995114	0.020593083347539665	0.6504796152446319	1.0	2
DLBCL10879	0.02766089923677737	0.0718778604572279	0.6504808003784137	0.22409852067461392	0.025881919252967133	0.6504808003784137	2.0	2
DLBCL11662	0.16424825745756924	0.12540408923651436	0.025436673826120648	0.03401364288962534	0.6508973365901704	0.6508973365901704	0.0	4
DLBCL_C_D_1126_NULLPAIR	0.6515989748996347	0.2026890506066638	0.060428314484118166	0.05192566399662761	0.0333579960129557	0.6515989748996347	1.0	0
DLBCL_LS2154	0.6517627291316406	0.12995898685614726	0.08314535918608013	0.1068935261425941	0.028239398683537892	0.6517627291316406	0.0	0
DLBCL11454	0.6518188090747326	0.0611306552953417	0.052954060507988364	0.21660552622379795	0.017490948898139423	0.6518188090747326	0.0	0
DLBCL_C_D_1159_NULLPAIR	0.6518508820769711	0.08730977992102311	0.0367100622636962	0.1995928556218291	0.02453642011648054	0.6518508820769711	3.0	0
DLBCL10963	0.026230719800983595	0.23289858443040432	0.05785560520530951	0.02780987728341848	0.655205213279884	0.655205213279884	4.0	4
DLBCL10865	0.6575465893761238	0.06887166311660338	0.038442239767824814	0.08743922041204082	0.14770028732740728	0.6575465893761238	4.0	0
DLBCL11447	0.18701993477734197	0.6667987439520527	0.05952677749139238	0.04912131519949235	0.03753322857972061	0.6667987439520527	3.0	1
DLBCL10898	0.046828520299287614	0.6684869070011594	0.0861833163465647	0.04545586268545367	0.15304539366753453	0.6684869070011594	4.0	1
DLBC_FF_8043_TP_NB	0.051690161164135245	0.08868101542027423	0.6701020978002625	0.04302725990823279	0.14649946570709516	0.6701020978002625	1.0	2
DLBCL10844	0.19752218945052247	0.030561996995342365	0.04605263371310301	0.05508820828828175	0.6707749715527503	0.6707749715527503	0.0	4
DLBCL11558	0.6709176157489052	0.12456599233931545	0.04848464997523575	0.12544066336917542	0.03059107856736821	0.6709176157489052	2.0	0
DLBCL11676	0.6710540028729008	0.03652921514900388	0.08356066589194276	0.1322513904759353	0.07660472561021717	0.6710540028729008	0.0	0
DLBCL_RICOVER_617	0.6746952057327849	0.02133932605092263	0.17635554465400957	0.108555439087569	0.019054484474713976	0.6746952057327849	3.0	0
DLBCL10950	0.1616487015363922	0.019368592236956292	0.10304655776306451	0.6747211043540414	0.04121504410954555	0.6747211043540414	0.0	3
DLBCL_BWH_DLBCL64	0.10626275324591683	0.6815901617825295	0.08599593315681828	0.06857870520308286	0.05757244661165245	0.6815901617825295	1.0	1
DLBCL10967	0.15180448074833822	0.0341848962594948	0.059150505339115304	0.072473510849408	0.6823866068036437	0.6823866068036437	4.0	4
DLBCL_LS4054	0.10587220880091962	0.684496867125986	0.08783172539645548	0.06635155779861689	0.05544764087802206	0.684496867125986	1.0	1
DLBCL_LS2208	0.04804820577884188	0.131541566884845	0.6852704341483405	0.058346063602871694	0.0767937295851008	0.6852704341483405	4.0	2
DLBCL_LS2089	0.10245675345884192	0.6862984588440484	0.08845724977578741	0.06628491696327193	0.05650262095805033	0.6862984588440484	1.0	1
DLBCL_RICOVER_506	0.02672352620269206	0.6891679052671587	0.06698231827610604	0.03268209227065517	0.184444157983388	0.6891679052671587	4.0	1
DLBCL_RICOVER_417	0.044786510057188214	0.16036273265424872	0.0517664116340068	0.05238599495473167	0.6906983506998247	0.6906983506998247	4.0	4
DLBCL11672	0.06747561420191857	0.03321591390585218	0.1767985692201586	0.690957284232684	0.0315526184393867	0.690957284232684	2.0	3
DLBCL_C_D_1148_NULLPAIR	0.044424748551992736	0.021918650353433423	0.19553910755520876	0.6913384873664895	0.046779006172875635	0.6913384873664895	0.0	3
DLBCL10859	0.017804533019869485	0.23380886486490346	0.028436373683891052	0.026887257911634013	0.693062970519702	0.693062970519702	1.0	4
DLBCL11491	0.10646175725740378	0.0224227728181148	0.04169919797521883	0.6932776203730469	0.1361386515762157	0.6932776203730469	3.0	3
DLBCL_RICOVER_1235	0.0976754961425398	0.6933993516831645	0.1224765251568205	0.06080016920722434	0.025648457810250918	0.6933993516831645	1.0	1
DLBCL10863	0.6935361691844064	0.013942694240566302	0.021869230050394338	0.20439527281900843	0.06625663370562451	0.6935361691844064	3.0	0
DLBC_FF_8046_TP_NB	0.07320332907341488	0.09194854195786896	0.6951249004031864	0.08356303027567853	0.05616019828985122	0.6951249004031864	2.0	2
DLBCL_MAYO_DLBCL_234	0.10424683809985306	0.033844168342233354	0.6977435154324402	0.14930026890065742	0.014865209224815984	0.6977435154324402	2.0	2
DLBCL_LS146	0.18025456073274265	0.6982698824487703	0.02874745269447591	0.02431058567050023	0.06841751845351088	0.6982698824487703	1.0	1
DLBCL11001	0.06314644963277859	0.11774301926514293	0.07590661288226308	0.0435654441100306	0.6996384741097849	0.6996384741097849	4.0	4
DLBCL_RICOVER_173	0.06275415150016866	0.04294582722562927	0.09331074975271661	0.10123902384337119	0.6997502476781142	0.6997502476781142	4.0	4
DLBCL_MC_F349_BJJ	0.0742002058287081	0.11280242101629413	0.7008218946835552	0.06456433322585156	0.04761114524559098	0.7008218946835552	2.0	2
DLBCL11681	0.7014600116421642	0.014673776535466974	0.09314149318430709	0.16007760058679285	0.03064711805126893	0.7014600116421642	0.0	0
DLBCL10554	0.07537213908718793	0.09174022234285284	0.702915330065157	0.0780462477444876	0.051926060760314585	0.702915330065157	2.0	2
DLBCL10902	0.0255334639492521	0.07668793501739446	0.055144725926572456	0.13896101787273366	0.7036728572340473	0.7036728572340473	4.0	4
DLBCL11666	0.04300965154998286	0.16532750519921036	0.7037599827654474	0.051758545236840606	0.036144315248518785	0.7037599827654474	2.0	2
DLBCL10989	0.04549145174872071	0.05523705860747119	0.70383023418838	0.04540163415995302	0.15003962129547507	0.70383023418838	1.0	2
DLBCL10513	0.0776413361846225	0.037854826460172526	0.1539551629463088	0.7074852994738211	0.02306337493507504	0.7074852994738211	3.0	3
DLBCL10889	0.06215163509424548	0.041986415977577275	0.08651514215268918	0.1014628186555168	0.7078839881199712	0.7078839881199712	4.0	4
DLBCL10932	0.09313627106674681	0.04916342591431557	0.09280094582972924	0.7090078656186103	0.05589149157059814	0.7090078656186103	3.0	3
DLBCL10860	0.06287299479002947	0.04150891174803012	0.08996430525875557	0.09645423134590547	0.7091995568572794	0.7091995568572794	4.0	4
DLBCL11471	0.7094994295467733	0.12040574921947916	0.0613543028975095	0.06203790476552377	0.04670261357071433	0.7094994295467733	3.0	0
DLBCL_MAYO_DLBCL_3653	0.060749443887347966	0.04256891847743452	0.08964084698098457	0.09740169858274562	0.7096390920714873	0.7096390920714873	0.0	4
DLBCL11443	0.05887344280059897	0.04233083612307532	0.0900907278236894	0.09864164372063781	0.7100633495319986	0.7100633495319986	0.0	4
DLBCL10980	0.023269741957843412	0.7103142738337026	0.2031572926251019	0.028991694006438196	0.034266997576913934	0.7103142738337026	4.0	1
DLBC_FF_A7CX_TP_NB	0.06099396697680866	0.041163180166997076	0.09092635909176489	0.09645846243675499	0.7104580313276745	0.7104580313276745	4.0	4
DLBCL10525	0.7120537753329617	0.024100949323643713	0.026199865950909923	0.04405075280245829	0.19359465659002636	0.7120537753329617	0.0	0
DLBCL10918	0.7123725929223313	0.02196139643400659	0.02728336003675457	0.07049836314597956	0.16788428746092793	0.7123725929223313	0.0	0
DLBCL_RICOVER_583	0.031230310290521927	0.7156473238102329	0.0729546139370463	0.03369345053034515	0.14647430143185364	0.7156473238102329	1.0	1
DLBCL10934	0.06541913816440628	0.716596280734881	0.0379960466807208	0.15922287663827733	0.0207656577817146	0.716596280734881	1.0	1
DLBCL11187	0.03094312345084509	0.050193985770907196	0.058855400286950944	0.14337649510630285	0.7166309953849939	0.7166309953849939	4.0	4
DLBCL11535	0.09516745431695152	0.026599437725613705	0.05128800579523003	0.7169030388217714	0.1100420633404333	0.7169030388217714	3.0	3
DLBCL11504	0.05770087587119198	0.041822741227849285	0.08808011697654315	0.09412776270062534	0.7182685032237903	0.7182685032237903	4.0	4
DLBCL10462	0.7188681125933514	0.017798543759723937	0.025096178026499386	0.07210666081177851	0.16613050480864675	0.7188681125933514	0.0	0
DLBCL10864	0.023156763334820987	0.03781434399240667	0.13208791207683437	0.08740469615344	0.719536284442498	0.719536284442498	4.0	4
DLBCL11536	0.1061673712201924	0.09919622274318599	0.04361159660314421	0.7228308414181088	0.028193968015368606	0.7228308414181088	3.0	3
DLBCL_RICOVER_151	0.03631178895459932	0.7262817115372332	0.05116568267789772	0.15339315083452446	0.03284766599574531	0.7262817115372332	3.0	1
DLBCL10964	0.036542447022028385	0.730363973172318	0.050508428508200906	0.05611538510601047	0.12646976619144218	0.730363973172318	4.0	1
DLBCL_RICOVER_335	0.04239894113815035	0.730743031124583	0.03725990011196345	0.15358574283927307	0.03601238478603019	0.730743031124583	1.0	1
DLBCL11203	0.051337224247663786	0.7328891609000793	0.04381698957865321	0.14744558321635307	0.02451104205725069	0.7328891609000793	1.0	1
DLBCL11659	0.08170961334340399	0.01686734833908308	0.11516878650474811	0.05269461201162451	0.7335596398011404	0.7335596398011404	3.0	4
DLBCL11429	0.7386601998615866	0.018995376611557986	0.0380871745422514	0.056734030072455394	0.14752321891214856	0.7386601998615866	0.0	0
DLBCL_RICOVER_1278	0.08946746590185073	0.03213047899819219	0.02373255292913761	0.7421809603081947	0.1124885418626248	0.7421809603081947	4.0	3
DLBCL11464	0.7431767386375361	0.017451945833726976	0.019858895831380678	0.20143389755060387	0.018078522146752436	0.7431767386375361	3.0	0
DLBCL11432	0.1005778832296174	0.020298532317281945	0.7433004117535967	0.1109601514328894	0.024863021266614552	0.7433004117535967	0.0	2
DLBCL10871	0.05612299859672459	0.7434661379626508	0.07123021999657898	0.045652214467079975	0.08352842897696568	0.7434661379626508	1.0	1
DLBCL11673	0.03470893133335255	0.7435183572813654	0.17279661380851896	0.030854362433161836	0.018121735143601193	0.7435183572813654	1.0	1
DLBCL_RICOVER_451	0.7436745621920257	0.045291017833046184	0.07879278689159745	0.10455683156007642	0.027684801523254275	0.7436745621920257	0.0	0
DLBCL10922	0.7457881541067743	0.07669684505269395	0.029580684502856964	0.08551706148526958	0.06241725485240525	0.7457881541067743	1.0	0
DLBCL11448	0.1063943308002967	0.017030475752322513	0.051371959109922746	0.7475380430865258	0.0776651912509322	0.7475380430865258	3.0	3
DLBCL_RICOVER_1018	0.7476893976328509	0.04016120706728027	0.015216580105654201	0.1703935509784013	0.026539264215813294	0.7476893976328509	3.0	0
DLBCL10930	0.08971260387629053	0.032205640762154986	0.040385451369403885	0.08978848447926731	0.7479078195128833	0.7479078195128833	4.0	4
DLBCL10485	0.043166325999061596	0.15811811279784477	0.02970770704615086	0.01995939861303853	0.7490484555439042	0.7490484555439042	4.0	4
DLBCL10992	0.022624449717116194	0.01909873480033634	0.051324213228569525	0.1570352856089578	0.7499173166450201	0.7499173166450201	4.0	4
DLBCL_RICOVER_1299	0.04020362079623324	0.019610514879441137	0.034497168394466295	0.15485036016503184	0.7508383357648275	0.7508383357648275	4.0	4
DLBCL_RICOVER_948	0.13829231849521575	0.7522912382645104	0.03988948687676852	0.032238370612633516	0.037288585750871774	0.7522912382645104	1.0	1
DLBCL_RICOVER_258	0.06557588121189001	0.04966593382968624	0.7522916932256201	0.06777729225527927	0.06468919947752447	0.7522916932256201	2.0	2
DLBCL_LS762	0.060582652109732016	0.04211993642621666	0.7531359334278376	0.05879163556227867	0.08536984247393505	0.7531359334278376	2.0	2
DLBCL10914	0.7564160583985092	0.102463091194248	0.04221949278966172	0.03900108636876842	0.05990027124881265	0.7564160583985092	0.0	0
DLBCL11661	0.037627045643367524	0.7574248840546618	0.104714194458788	0.06628252523025883	0.03395135061292387	0.7574248840546618	1.0	1
DLBCL_LS1395	0.049847735810382064	0.08370991610658689	0.7584541893461666	0.05220818532302317	0.05577997341384123	0.7584541893461666	2.0	2
DLBCL11539	0.07756427780811205	0.02024792356763113	0.7591335899547698	0.11650282920536487	0.026551379464122265	0.7591335899547698	0.0	2
DLBCL_RICOVER_1287	0.057422068861136696	0.759152337225925	0.061939052783525794	0.03975119121982503	0.08173534990958742	0.759152337225925	4.0	1
DLBCL_C_D_1115_NULLPAIR	0.09295078472286376	0.03852013778562617	0.04033012628980199	0.759231940414375	0.06896701078733308	0.759231940414375	3.0	3
DLBCL11000	0.04243828096273656	0.05417555169294759	0.026459868047441156	0.11693290691577046	0.7599933923811042	0.7599933923811042	4.0	4
DLBCL10947	0.06649643249132464	0.7629316886276585	0.07923343614721277	0.05261711268153554	0.03872133005226852	0.7629316886276585	1.0	1
DLBCL11435	0.7638392712293616	0.025942907188053515	0.026202901139543985	0.15577618236535257	0.028238738077688286	0.7638392712293616	0.0	0
DLBCL_RICOVER_685	0.03318775940473342	0.1252361700747924	0.036920193579336666	0.03856700564765412	0.7660888712934835	0.7660888712934835	4.0	4
DLBCL11525	0.7677839590103143	0.050857763132447	0.05870428803957764	0.06311904468903297	0.05953494512862813	0.7677839590103143	2.0	0
DLBCL10463	0.01639295171432591	0.01681755135509032	0.047445587926646486	0.1489554818603466	0.7703884271435907	0.7703884271435907	4.0	4
DLBCL11537	0.7723625937519442	0.032307110925125254	0.029072712787517337	0.05331493635602489	0.11294264617938835	0.7723625937519442	0.0	0
DLBCL_MC_F362_MJB1	0.10270095875107313	0.02859538739538169	0.03311445283159352	0.06304643532736307	0.7725427656945886	0.7725427656945886	2.0	4
DLBCL10846	0.03100690192577965	0.7737550250558322	0.06784078408347159	0.05210346514393528	0.0752938237909814	0.7737550250558322	1.0	1
DLBCL11500	0.08943056773525083	0.08856271561908813	0.02855212923767416	0.018680905704782712	0.7747736817032042	0.7747736817032042	4.0	4
DLBCL10849	0.11679517424300305	0.7766485665385792	0.044104869312892966	0.03560891899705247	0.026842470908472374	0.7766485665385792	1.0	1
DLBCL10928	0.7770222141252554	0.02686143452634434	0.11457978709125682	0.0450296802862834	0.03650688397086004	0.7770222141252554	0.0	0
DLBCL11473	0.05326685151647625	0.03912484208499399	0.7797017316853632	0.052319305058915966	0.07558726965425064	0.7797017316853632	0.0	2
DLBCL10542	0.7804925134782931	0.01902841777283711	0.14713462544284275	0.03205086892396679	0.021293574382060334	0.7804925134782931	0.0	0
DLBCL10472	0.0429332180356523	0.03419133337381942	0.09842214147382643	0.7813273651988337	0.04312594191786819	0.7813273651988337	2.0	3
DLBCL11651	0.04970734356347555	0.07136434215309152	0.7823196689023814	0.047468165798767226	0.04914047958228434	0.7823196689023814	2.0	2
DLBCL_LS2357	0.06489793561431094	0.023134653501413218	0.03819349502537041	0.7837153293126993	0.09005858654620612	0.7837153293126993	3.0	3
DLBCL10856	0.022754850888119436	0.10799255852228394	0.03561607897294239	0.04866513078083084	0.7849713808358234	0.7849713808358234	2.0	4
DLBCL10483	0.09861706752057643	0.7880650640208534	0.049317301223675995	0.03835641916300519	0.02564414807188896	0.7880650640208534	1.0	1
DLBCL10848	0.050384700952986396	0.037917842863354936	0.7882217861504592	0.052778043473607976	0.07069762655959143	0.7882217861504592	4.0	2
DLBCL10550	0.052605858291022684	0.027970133125785196	0.7888621086328195	0.09297610045607557	0.037585799494297134	0.7888621086328195	4.0	2
DLBCL10904	0.08547144509491089	0.019999491267353342	0.03811800709635125	0.06752241266102585	0.7888886438803586	0.7888886438803586	4.0	4
DLBCL_C_D_1135_NULLPAIR	0.12650452252243816	0.7889288921346485	0.02130672405008821	0.019397989445524875	0.043861871847300275	0.7889288921346485	1.0	1
DLBCL10565	0.05023948242261734	0.03782407437820661	0.7891843507224431	0.05046246044911424	0.0722896320276187	0.7891843507224431	3.0	2
DLBCL11528	0.7895634029278308	0.023480384405074915	0.11305980162084149	0.04286781296770145	0.03102859807855137	0.7895634029278308	2.0	0
DLBCL11652	0.7918288292531486	0.08830630087723888	0.01785053566721509	0.06829168373368104	0.033722650468716434	0.7918288292531486	0.0	0
DLBCL_C_D_1151_NULLPAIR	0.044904723726340245	0.03761693249915892	0.04941389742911854	0.7951616444671921	0.07290280187819025	0.7951616444671921	3.0	3
DLBCL11457	0.117354259987208	0.01573904475171616	0.04623025578258263	0.7961047389385805	0.024571700539912807	0.7961047389385805	0.0	3
DLBCL11460	0.04121009998799516	0.022893923690690512	0.03980695553549491	0.7968548813703018	0.09923413941551766	0.7968548813703018	3.0	3
DLBCL10527	0.0319458121724814	0.04775402813466195	0.05125955991474805	0.07009196503233459	0.7989486347457739	0.7989486347457739	3.0	4
DLBCL10877	0.8022895460326723	0.04786967115006983	0.05263643662437351	0.07918988117708105	0.018014465015803314	0.8022895460326723	0.0	0
DLBCL11002	0.05751927584208476	0.022185287632421252	0.03681053852597565	0.8029719704564819	0.0805129275430364	0.8029719704564819	3.0	3
DLBCL_C_D_1138_NULLPAIR	0.032749820270152	0.038280081113520645	0.8034471612123045	0.08825630285391826	0.03726663455010456	0.8034471612123045	1.0	2
DLBCL11685	0.045173310033757935	0.03283507954814397	0.8072899175906306	0.047230674660444456	0.06747101816702307	0.8072899175906306	2.0	2
DLBCL10906	0.019499361875709546	0.8107648763839728	0.033076581516180606	0.01503639621192021	0.12162278401221689	0.8107648763839728	1.0	1
DFCIDL008_DT	0.048367809081827196	0.0619853775904911	0.04948943412683712	0.027459915503415984	0.8126974636974286	0.8126974636974286	4.0	4
DLBCL10857	0.08497738015199573	0.02369603886238072	0.03397358056407507	0.04334813621490194	0.8140048642066465	0.8140048642066465	4.0	4
DLBCL10548	0.8148937196512644	0.11609194392646228	0.01926183562364815	0.03374566819139518	0.016006832607229928	0.8148937196512644	0.0	0
DLBCL11566	0.014738144662243094	0.13060926700782965	0.8167797936564977	0.02375009452522335	0.014122700148206206	0.8167797936564977	2.0	2
DLBCL_LS1098	0.10169849654181191	0.020401963740647434	0.8171917023550452	0.033200987041035995	0.027506850321459456	0.8171917023550452	2.0	2
DLBCL10885	0.8179017734085854	0.02966309753025515	0.015353317228777282	0.09363150208788071	0.04345030974450148	0.8179017734085854	1.0	0
DLBC_FF_A7CW_TP_NB	0.035734635674971836	0.044203814810695935	0.8207833996993245	0.04768409809735513	0.05159405171765265	0.8207833996993245	4.0	2
DLBCL10999	0.017762088089419856	0.023215296827843263	0.07841995994258327	0.05963234624251083	0.8209703088976428	0.8209703088976428	4.0	4
DLBCL10903	0.04154285832465591	0.8216950249098487	0.06444746041863238	0.04424221856344649	0.028072437783416494	0.8216950249098487	1.0	1
DLBCL10466	0.025243197095673138	0.08624030708778345	0.8224987218514148	0.04771840634388097	0.018299367621247543	0.8224987218514148	2.0	2
DLBCL10838	0.037190806750395176	0.823651904911662	0.05411008895487894	0.03132681024162469	0.053720389141439284	0.823651904911662	4.0	1
DLBCL11655	0.03243080527579668	0.01692172404793519	0.0871902614007091	0.8245401770482467	0.03891703222731235	0.8245401770482467	3.0	3
DLBCL10482	0.8246476656811008	0.020774129239086985	0.025887457883749434	0.0489032982903444	0.0797874489057183	0.8246476656811008	0.0	0
DLBCL11196	0.03139238520615012	0.023612108560529192	0.05371272629989577	0.0659187941083988	0.8253639858250261	0.8253639858250261	3.0	4
DLBCL_C_D_1114_NULLPAIR	0.8266850932748464	0.03210994033906671	0.04566040662002087	0.04724359748075766	0.04830096228530834	0.8266850932748464	0.0	0
DLBCL10464	0.03406406104241982	0.04298242257407839	0.8278070810087079	0.04511447312681265	0.05003196224798122	0.8278070810087079	2.0	2
DLBCL_RICOVER_1061	0.05053686123832329	0.029193269034639487	0.0580076158143374	0.8280476050590814	0.034214648853618426	0.8280476050590814	3.0	3
DLBCL10935	0.030444856077614043	0.8308467748368535	0.03595598952870711	0.022646091742277483	0.08010628781454776	0.8308467748368535	0.0	1
DLBCL_C_D_1139_NULLPAIR	0.037581042453359824	0.04358983909662459	0.047101718613365665	0.8319403793828934	0.03978702045375649	0.8319403793828934	3.0	3
DLBCL_MC_F519_ALT	0.06082635892050811	0.06579017194976804	0.01889347722495217	0.01967233374372143	0.8348176581610502	0.8348176581610502	4.0	4
DLBCL_MC_F262_WLC	0.8359118661291933	0.019098231593041776	0.020224751729938952	0.039148090067018686	0.0856170604808072	0.8359118661291933	0.0	0
DLBCL_RICOVER_1263	0.0677562472239847	0.8362203958506083	0.04677563995340254	0.022288689239360823	0.026959027732643637	0.8362203958506083	2.0	1
DLBCL_LS4616	0.01751942087704965	0.06628398493738184	0.8362987178047194	0.050328330139893435	0.029569546240955643	0.8362987178047194	2.0	2
DLBCL10895	0.013096371966383798	0.07156885068888538	0.06208486070056367	0.01679829359409845	0.8364516230500687	0.8364516230500687	4.0	4
DLBCL_RICOVER_711	0.8377604206889818	0.0957836699981969	0.01870366616668225	0.03299367153798157	0.014758571608157429	0.8377604206889818	3.0	0
DFCIDL004_DT	0.8390039018761002	0.010172547862941547	0.019817410003657523	0.052837461865303643	0.07816867839199712	0.8390039018761002	4.0	0
DLBCL_RICOVER_533	0.83962566609571	0.07422128512411394	0.028539582045366545	0.03925525245288408	0.018358214281925467	0.83962566609571	1.0	0
DLBCL_LS2367	0.8409510600773604	0.05250338090881809	0.01337045621312913	0.07326698720250303	0.01990811559818933	0.8409510600773604	0.0	0
DLBCL11590	0.8421281680258257	0.014291037938655944	0.06580798133126181	0.05927153935834815	0.018501273345908363	0.8421281680258257	2.0	0
DLBCL_C_D_1152_NULLPAIR	0.034870413292107036	0.8442788882791005	0.06537753857172401	0.03509991420344789	0.0203732456536206	0.8442788882791005	1.0	1
DLBCL_RICOVER_253	0.02235340786302995	0.844490565560227	0.021136050215813443	0.012374005195600158	0.09964597116532954	0.844490565560227	1.0	1
DLBCL_LS155	0.051217836011885585	0.014745543591030594	0.02941041808676824	0.8474356025744357	0.057190599735879845	0.8474356025744357	2.0	3
DLBCL10547	0.8475778020261513	0.05978352731902737	0.026728133915297582	0.04972834947276682	0.01618218726675693	0.8475778020261513	3.0	0
DLBCL10931	0.8479411828167557	0.011492706403077575	0.0275831774735562	0.08175206683756289	0.03123086646904763	0.8479411828167557	0.0	0
DLBCL10553	0.04428258586864694	0.02653440779925417	0.03359042271880733	0.8480306623329006	0.04756192128039101	0.8480306623329006	3.0	3
DLBCL10987	0.01867738355343625	0.02198597109000745	0.02468165994208293	0.08570860673304248	0.8489463786814309	0.8489463786814309	4.0	4
DLBCL_LS1668	0.018910667618655133	0.8491145016575375	0.07574468023707827	0.032270534833696865	0.023959615653032135	0.8491145016575375	1.0	1
DLBCL11511	0.8500690713655592	0.017646281891086857	0.020176342750887234	0.04853269101190132	0.0635756129805654	0.8500690713655592	0.0	0
DLBCL10912	0.8512427072423984	0.08227594782271257	0.026976944366188412	0.029730080242991574	0.009774320325709029	0.8512427072423984	0.0	0
DLBCL11459	0.04431223183672513	0.012297125292201392	0.031506252949265824	0.8526293517602428	0.05925503816156482	0.8526293517602428	3.0	3
DLBCL10961	0.03474349047324962	0.8537830609790225	0.017655957558763164	0.03786233963218631	0.05595515135677847	0.8537830609790225	4.0	1
DLBCL11667	0.05061833824726073	0.026594093039530177	0.8539369444705752	0.05629683572225007	0.01255378852038385	0.8539369444705752	2.0	2
DLBCL_DFCI_DLBCL_GOE07	0.04548466340506148	0.8545246354554189	0.045906844063316195	0.0305831792934716	0.023500677782731835	0.8545246354554189	1.0	1
DLBCL_RICOVER_440	0.02233429853919984	0.059519735911051225	0.8557680355477149	0.026387432426526858	0.03599049757550726	0.8557680355477149	2.0	2
DLBCL10781	0.05881117410325527	0.022635430975142215	0.014571240049774215	0.047216002973575005	0.8567661518982533	0.8567661518982533	4.0	4
DLBCL10555	0.8591982354267275	0.04255303727550237	0.02410339286566175	0.050987887697614614	0.02315744673449385	0.8591982354267275	2.0	0
DLBCL11591	0.02240042002002454	0.8626323131707486	0.08186734095548796	0.019301480141576722	0.013798445712162134	0.8626323131707486	1.0	1
DLBCL10917	0.07158817385245712	0.8642441513055624	0.023128501216245042	0.019862508040948645	0.021176665584786727	0.8642441513055624	1.0	1
DLBCL_RICOVER_866	0.014709724564323304	0.011144844951350263	0.8654508033110387	0.07749607603192907	0.03119855114135865	0.8654508033110387	2.0	2
DLBCL_C_D_1136_NULLPAIR	0.041218449666701885	0.8673439702397888	0.0184328275113509	0.04561018193374472	0.027394570648413684	0.8673439702397888	1.0	1
DLBCL10983	0.040688750576802414	0.8679960907417168	0.01370878271818475	0.04003024156722429	0.037576134396071784	0.8679960907417168	1.0	1
DLBCL10900	0.018238348767502938	0.026055821383269565	0.018408735921393624	0.06868039536590313	0.8686166985619308	0.8686166985619308	4.0	4
DLBCL_LS3204	0.06069975631840053	0.8687337573416348	0.029431845068628722	0.024435836191563986	0.016698805079771964	0.8687337573416348	1.0	1
DLBCL10888	0.02763122325552475	0.02498235653723093	0.03816152983955403	0.03860987362681043	0.8706150167408798	0.8706150167408798	4.0	4
DLBCL10497	0.06135553241458286	0.014754162879660342	0.02771545388575276	0.8712774733206766	0.024897377499327467	0.8712774733206766	3.0	3
DLBCL10927	0.03924137132345229	0.02315434321298206	0.05009582528273841	0.8714134303866973	0.01609502979412997	0.8714134303866973	3.0	3
DLBCL_MC_F132_MLM	0.872194101507052	0.021444235313482732	0.015687453478295185	0.031907434113794465	0.05876677558737566	0.872194101507052	0.0	0
DLBCL_RICOVER_134	0.011522412756701983	0.873075035839298	0.023874342018945716	0.024006939957821227	0.06752126942723309	0.873075035839298	4.0	1
DLBCL10997	0.019218681387877246	0.02532700094387164	0.031892493952327114	0.04848651703652149	0.8750753066794025	0.8750753066794025	0.0	4
DLBCL_RICOVER_712	0.01219443830295089	0.05735472107867144	0.03632093899970513	0.017571908929360544	0.876557992689312	0.876557992689312	4.0	4
DLBCL_C_D_1153_NULLPAIR	0.018896639582253648	0.024954768365426674	0.032582842919217495	0.04519087867098625	0.8783748704621159	0.8783748704621159	3.0	4
DLBCL_MC_F502_RFK	0.010262463970526886	0.03704797066017216	0.8786726768299946	0.016177647228606724	0.057839241310699625	0.8786726768299946	1.0	2
DLBCL10842	0.011972221236079723	0.012781902326321778	0.05531957893202562	0.04010292409752176	0.8798233734080512	0.8798233734080512	4.0	4
DFCIDL009_DT	0.020887348075816513	0.04866273670874302	0.880104238620562	0.032296005668966565	0.01804967092591187	0.880104238620562	2.0	2
DLBCL10913	0.8805351177606617	0.02323734784313562	0.03237138943516893	0.05313094822584613	0.010725196735187627	0.8805351177606617	0.0	0
DLBCL_C_D_1133_NULLPAIR	0.01868918914088049	0.01857324462605276	0.8809658666382122	0.05771736256729011	0.024054337027564463	0.8809658666382122	2.0	2
DLBCL10488	0.8821407543764627	0.02233875759835009	0.015736209039660637	0.07179412500608277	0.007990153979443875	0.8821407543764627	0.0	0
DLBCL11565	0.03399037139186504	0.885810904895215	0.019982146793537745	0.019916733942647192	0.040299842976735	0.885810904895215	1.0	1
DLBCL11472	0.8858962428285431	0.03122963540282337	0.023795096829584673	0.03186672604281949	0.02721229889622945	0.8858962428285431	0.0	0
DLBCL11434	0.8861239743303266	0.01589849421551406	0.012788187554885096	0.07463179115951117	0.010557552739763016	0.8861239743303266	0.0	0
DLBCL_RICOVER_826	0.02902905733993923	0.889773845396615	0.03576223893704615	0.023583889040949865	0.021850969285449804	0.889773845396615	0.0	1
DLBCL_C_D_1131_NULLPAIR	0.020331667810607988	0.8917840506717282	0.02413011781373404	0.014180781788663752	0.04957338191526608	0.8917840506717282	1.0	1
DLBCL_LS2328	0.03479988215354477	0.02388100755076362	0.8924977061802701	0.030243235929867007	0.018578168185554484	0.8924977061802701	2.0	2
DLBCL11478	0.8996603150526313	0.038665438738847105	0.016004992614097442	0.03004588133013229	0.015623372264291877	0.8996603150526313	0.0	0
DLBCL10899	0.900224322518098	0.016295515464231396	0.010244845381639452	0.025052573236091998	0.04818274339993911	0.900224322518098	4.0	0
DLBCL10957	0.014291941198179723	0.01848041883835873	0.901909144715941	0.05136829967545907	0.013950195572061569	0.901909144715941	0.0	2
DLBCL_LS3749	0.016444930132212796	0.9029010601860084	0.04220047864069042	0.024991110731299764	0.013462420309788706	0.9029010601860084	1.0	1
DLBCL_RICOVER_577	0.0170625511066151	0.027163435245109547	0.030569867437707652	0.02189333495911988	0.9033108112514479	0.9033108112514479	2.0	4
DLBCL11664	0.03178019274864127	0.9037612636166611	0.029641219721245157	0.023601450042559775	0.01121587387089266	0.9037612636166611	1.0	1
DLBCL10910	0.01172459353204857	0.9039367400413832	0.03904817022559062	0.014861466000564956	0.03042903020041262	0.9039367400413832	2.0	1
DLBCL_LS4619	0.021006203964099093	0.03370305265647981	0.9053263662306683	0.02540869485437264	0.014555682294380192	0.9053263662306683	4.0	2
DLBCL10490	0.012516048094038449	0.9054206220402867	0.031289521239529404	0.01686519889414575	0.03390860973199964	0.9054206220402867	0.0	1
DLBCL_LS843	0.008960452257917131	0.016561732102269234	0.907960806882576	0.032252837664618755	0.03426417109261888	0.907960806882576	2.0	2
DLBCL_RICOVER_1269	0.01580650387680639	0.9082405176113169	0.02620989048819509	0.014979836081670746	0.03476325194201088	0.9082405176113169	2.0	1
DLBCL11573	0.016512588434026667	0.0458251839350673	0.9084440751935381	0.018416789002994653	0.01080136343437335	0.9084440751935381	2.0	2
DLBCL10962	0.01864439459004024	0.9101896584852022	0.028039899995543648	0.01283176034948576	0.030294286579728186	0.9101896584852022	1.0	1
DLBCL_RICOVER_1293	0.017816182278613004	0.02984208068389389	0.01999158919002775	0.02038980498818569	0.9119603428592796	0.9119603428592796	4.0	4
DLBCL_LS3820	0.02176361923978896	0.013510300480518883	0.9128337717699362	0.026625093367447665	0.025267215142308275	0.9128337717699362	2.0	2
DFCIDL003_DT	0.018187695310219854	0.9182738825562421	0.032554743398876075	0.02003906825022955	0.010944610484432404	0.9182738825562421	1.0	1
DLBCL10875	0.9183036047664453	0.005280118646625117	0.027974801895478917	0.03374379239243764	0.014697682299013012	0.9183036047664453	0.0	0
DLBCL_C_D_1141_NULLPAIR	0.015841817566400174	0.030296429641989312	0.9185002769512699	0.019808376169602807	0.015553099670737792	0.9185002769512699	2.0	2
DLBCL10988	0.008517566046464415	0.9220339563777655	0.017059057853546396	0.011926486448563093	0.04046293327366055	0.9220339563777655	1.0	1
DLBCL10966	0.9248408288865769	0.011278227641701796	0.008513518293210297	0.037384339230809256	0.017983085947701666	0.9248408288865769	0.0	0
DLBCL_C_D_1156_NULLPAIR	0.9252485008595633	0.01773941746354487	0.015519356774648855	0.02624355617171919	0.015249168730523779	0.9252485008595633	0.0	0
DLBCL10852	0.01004745719488418	0.016365090878641284	0.02071123767262511	0.026628068374419448	0.9262481458794299	0.9262481458794299	4.0	4
DLBCL_C_D_1144_NULLPAIR	0.009458638427715037	0.01555063473992943	0.02155712351496132	0.025404998264355248	0.928028605053039	0.928028605053039	4.0	4
DLBCL_RICOVER_496	0.02418939950121729	0.9285015851767753	0.020290051406048035	0.015822884574984663	0.011196079340974779	0.9285015851767753	1.0	1
DLBCL_C_D_1166_NULLPAIR	0.010765154698475637	0.020720435890923504	0.029835228151919066	0.009814777846723254	0.9288644034119585	0.9288644034119585	4.0	4
DLBCL11469	0.011745200205234051	0.013912430715452772	0.9298048051521198	0.019423601414515854	0.025113962512677477	0.9298048051521198	2.0	2
DLBCL_LS1921	0.017289226777192385	0.9302875243170408	0.02201567761737261	0.016699107378596076	0.01370846390979822	0.9302875243170408	1.0	1
DLBCL10909	0.013661189329177254	0.010501107573372572	0.018458913676845243	0.02465210525366285	0.932726684166942	0.932726684166942	4.0	4
DLBCL10515	0.9350710869518268	0.01393949878969701	0.007062937246203924	0.024592506977243363	0.019333970035028823	0.9350710869518268	0.0	0
DLBCL11439	0.015323678182120314	0.016332204072686485	0.9352947624354093	0.018257282754134158	0.014792072555649705	0.9352947624354093	2.0	2
DLBCL10858	0.013936840157477686	0.007160712827382424	0.013805643288542979	0.029708751595476167	0.9353880521311208	0.9353880521311208	3.0	4
DLBCL10459	0.011556409797581426	0.011095508374335037	0.9363910526887154	0.018775872258927767	0.022181156880440443	0.9363910526887154	2.0	2
DLBCL_RICOVER_1210	0.017361884674005987	0.9366770530552524	0.019974572581217716	0.014309653584328468	0.011676836105195454	0.9366770530552524	1.0	1
DLBCL10880	0.025886043253431405	0.009358826538471818	0.012426584879618206	0.015549077175104013	0.9367794681533745	0.9367794681533745	4.0	4
DLBCL11515	0.013450847298607767	0.014037106931485096	0.9369292011225236	0.021031218571343605	0.014551626076039855	0.9369292011225236	2.0	2
DLBCL10494	0.010909954917506175	0.9371669992374909	0.029518129754042804	0.010792808673256972	0.011612107417703157	0.9371669992374909	1.0	1
DLBCL10883	0.009788968833083264	0.01234557138978459	0.017713868382429155	0.022566940412741703	0.9375846509819613	0.9375846509819613	4.0	4
DLBCL_C_D_1118_NULLPAIR	0.014037965277026679	0.9377089233696028	0.019069433114831596	0.01596983040106148	0.013213847837477477	0.9377089233696028	1.0	1
DLBCL_RICOVER_174	0.025492759050825518	0.9386086538214601	0.01396749688796644	0.013126790936275034	0.008804299303472908	0.9386086538214601	1.0	1
DLBCL_RICOVER_1329	0.011047348729369723	0.0235993317175483	0.013824664873432108	0.012891373747359249	0.9386372809322906	0.9386372809322906	4.0	4
DLBCL11486	0.011757034834080223	0.018822297383792264	0.012218544573500382	0.017380228267739554	0.9398218949408875	0.9398218949408875	0.0	4
DLBCL11430	0.9410750174722786	0.007985395713726832	0.01066301015808818	0.027618409430650453	0.012658167225255973	0.9410750174722786	0.0	0
DLBCL11346	0.008076652713328723	0.03236745269367045	0.008880204292862402	0.009540376592547752	0.9411353137075906	0.9411353137075906	1.0	4
DLBCL11188	0.010041636820166336	0.9415542367890004	0.022089168033100553	0.011155162667172232	0.015159795690560479	0.9415542367890004	1.0	1
DLBC_FF_8042_TP_NB	0.009818951739401694	0.9422063560138445	0.02181998243977914	0.012598945434198486	0.01355576437277624	0.9422063560138445	4.0	1
DLBCL11680	0.01170028919028923	0.012362099206101478	0.9460848921301863	0.01685133761123303	0.013001381862189949	0.9460848921301863	2.0	2
DLBCL11450	0.006472430549411296	0.014556079635099122	0.010951536461166382	0.02175816276658515	0.9462617905877381	0.9462617905877381	4.0	4
DLBCL10884	0.946778507000938	0.011134878060407465	0.010740751410882267	0.015016913083858852	0.016328950443913404	0.946778507000938	0.0	0
DLBCL_RICOVER_850	0.009908914080865304	0.011400140834877183	0.010366164922719181	0.02070684596801616	0.9476179341935221	0.9476179341935221	4.0	4
DLBCL_MAYO_DLBCL_5613	0.9493270612120187	0.01107450789731528	0.012991612868959413	0.016466411653928207	0.010140406367778427	0.9493270612120187	0.0	0
DLBCL_C_D_1123_NULLPAIR	0.9495165082951514	0.017072169762390416	0.007107388297475321	0.015754749072260314	0.010549184572722532	0.9495165082951514	0.0	0
DLBCL10901	0.009089619121108018	0.009453589132099443	0.010883397699405582	0.020605467273115113	0.9499679267742719	0.9499679267742719	4.0	4
DLBCL_RICOVER_839	0.01621592780174775	0.950110546386563	0.014322640930081383	0.011080356712237657	0.008270528169370149	0.950110546386563	1.0	1
DLBCL_RICOVER_829	0.9501807368287435	0.01092799183614552	0.006089343374153669	0.018049997076303066	0.014751930884654214	0.9501807368287435	0.0	0
DLBCL_RICOVER_401	0.01143616463257035	0.02066173170489559	0.9507512733852221	0.011584467063209654	0.005566363214102258	0.9507512733852221	1.0	2
DLBCL10959	0.9513257823109119	0.016396714252780623	0.0083086539902087	0.016210941197698437	0.007757908248400332	0.9513257823109119	0.0	0
DLBCL10874	0.012689939999446977	0.9513682178905084	0.012876441774426838	0.007773100490509629	0.01529229984510813	0.9513682178905084	1.0	1
DLBCL10853	0.014709638165251443	0.007967593475488807	0.009521930873853206	0.015110388311319299	0.9526904491740873	0.9526904491740873	4.0	4
DLBCL10977	0.012231740434056762	0.006719016934320369	0.010601480206608737	0.015021289521003366	0.9554264729040107	0.9554264729040107	4.0	4
DLBCL10891	0.008271764814881498	0.012730697306201987	0.012145829168926025	0.009966676463531514	0.9568850322464589	0.9568850322464589	4.0	4
DLBCL11206	0.00919770502701328	0.9572278813605456	0.01418049971540825	0.00790036670622232	0.011493547190810574	0.9572278813605456	4.0	1
DLBCL10541	0.006917248480911339	0.9573804207213814	0.013420859520563213	0.007788273708270254	0.014493197568873774	0.9573804207213814	1.0	1
DLBCL11513	0.00805648930222519	0.011594635054487315	0.011169012069580823	0.009655222955676529	0.9595246406180301	0.9595246406180301	4.0	4
DLBCL_LS1304	0.008334150452173339	0.007247196491822105	0.9610281845993726	0.01318910082558958	0.010201367631042374	0.9610281845993726	2.0	2
DLBCL11004	0.004956218326611113	0.007255128482561175	0.008391811305324511	0.0181142781534319	0.9612825637320713	0.9612825637320713	4.0	4
DLBCL_MAYO_DLBCL_7359	0.010039505331756484	0.9642715975608421	0.010598626162572306	0.005972418468709588	0.009117852476119482	0.9642715975608421	1.0	1
DLBCL_RICOVER_1219	0.004966210571835427	0.008047777667724276	0.008797109345915273	0.012872379550018364	0.9653165228645066	0.9653165228645066	4.0	4
DLBCL10866	0.008307767791433735	0.00478218569554616	0.008884337120696658	0.012511499699900062	0.9655142096924234	0.9655142096924234	4.0	4
DLBCL11675	0.004877997541384261	0.004732151570424507	0.9657518998938082	0.01429942380734251	0.010338527187040591	0.9657518998938082	2.0	2
DLBCL_C_D_1125_NULLPAIR	0.00602248317179456	0.009021920481953048	0.008586430248572124	0.009630835808796617	0.9667383302888837	0.9667383302888837	4.0	4
DLBCL10834	0.01210731927762772	0.9668732427003424	0.007502078538268666	0.0056273688726145065	0.007889990611146761	0.9668732427003424	1.0	1
DLBCL10552	0.9669433245903983	0.005161673078594393	0.006729882467713482	0.017625329285078394	0.003539790578215382	0.9669433245903983	3.0	0
DLBCL_RICOVER_1106	0.004212547902474488	0.01070213638479267	0.006742506529852018	0.011268758461774293	0.9670740507211065	0.9670740507211065	4.0	4
DLBCL11670	0.005160984300273253	0.007947114301622255	0.9678772911052083	0.014188018446169237	0.004826591846726999	0.9678772911052083	2.0	2
DLBCL_RICOVER_469	0.005032944422259317	0.004701320045334831	0.9681582942427714	0.013207570524386612	0.008899870765247763	0.9681582942427714	2.0	2
DLBCL11542	0.008706614310996869	0.00530341056416185	0.9690356022955207	0.01277614971623493	0.004178223113085737	0.9690356022955207	2.0	2
DLBCL10495	0.970039473824278	0.004180384100950172	0.004688099759686095	0.01563465505221512	0.0054573872628706456	0.970039473824278	0.0	0
DLBCL10471	0.005773170761873743	0.007833993982995583	0.00791651741049618	0.008272591885297574	0.9702037259593369	0.9702037259593369	4.0	4
DLBCL11512	0.9719174734670815	0.0027536693899924193	0.00689202018967582	0.013186347160746887	0.005250489792503416	0.9719174734670815	0.0	0
DLBCL_RICOVER_221	0.0036714594364492437	0.006711988556471157	0.010441557029553747	0.006576501878832901	0.972598493098693	0.972598493098693	4.0	4
DLBCL11498	0.008193452087765852	0.9732008411744986	0.008882376237108264	0.00454421302353179	0.005179117477095508	0.9732008411744986	1.0	1
DLBCL_C_D_1163_NULLPAIR	0.003924082369161173	0.004734778892152265	0.0072988810959391335	0.010112514494563407	0.973929743148184	0.973929743148184	4.0	4
DLBC_FF_A7CQ_TP_NB	0.004329149515872492	0.007394604356213331	0.006115993027840046	0.008184193953117182	0.973976059146957	0.973976059146957	4.0	4
DLBCL11440	0.0038972143322149985	0.007342965871854554	0.007179659795464611	0.00742408120310969	0.9741560787973561	0.9741560787973561	4.0	4
DLBCL10492	0.9756984225006695	0.0026409722093740217	0.003936218444751499	0.010870133577928225	0.006854253267276781	0.9756984225006695	0.0	0
DLBCL10780	0.006059253159570674	0.9759155573994858	0.007786573576483661	0.005209391067236043	0.0050292247972238534	0.9759155573994858	1.0	1
DLBCL_RICOVER_267	0.0037271985028393983	0.003756683967214218	0.9773381853502149	0.007890107841637215	0.007287824338094329	0.9773381853502149	2.0	2
DLBCL10876	0.0037309490801958074	0.008012005912183548	0.005671574453877028	0.004781802838879158	0.9778036677148645	0.9778036677148645	4.0	4
DLBCL_LS2325	0.004901905794679577	0.005491570798485383	0.9793064882282247	0.005952977507390524	0.0043470576712197635	0.9793064882282247	2.0	2
DLBCL11656	0.0036110703585913117	0.003245202325150487	0.9819219648239995	0.006391458992093267	0.004830303500165438	0.9819219648239995	2.0	2
DLBCL10951	0.0036100930383722992	0.005259525320352358	0.004487946240213246	0.004665841401186219	0.9819765939998759	0.9819765939998759	4.0	4
DLBCL10996	0.9830343054667112	0.002407875968886299	0.0033555138916551448	0.00661748599262595	0.004584818680121426	0.9830343054667112	0.0	0
DLBCL_MC_F064AB	0.0035290803367195203	0.004342485164706061	0.9837149004679536	0.005422923917809081	0.0029906101128116653	0.9837149004679536	2.0	2
DLBCL_RICOVER_1248	0.00212452575417705	0.0023799418157415104	0.002836152521862578	0.004310118507760464	0.9883492614004584	0.9883492614004584	4.0	4
DLBCL10984	0.0019031799325205181	0.002240671920376645	0.0018599569722693924	0.003028125098174564	0.9909680660766589	0.9909680660766589	4.0	4
DLBCL11477	0.9910768602084445	0.0014839984776969719	0.0015298781329139268	0.003968886801316336	0.0019403763796282626	0.9910768602084445	0.0	0
DLBCL11470	0.9918752566136303	0.0010867037474436897	0.0013268953239570606	0.004305076386787257	0.0014060679281817036	0.9918752566136303	0.0	0
DLBCL10534	0.0012629667931045058	0.001996826050442487	0.0018263401145267367	0.0022984158409633053	0.992615451200963	0.992615451200963	4.0	4
DLBCL11461	0.9942429540458699	0.001020670599518103	0.001304690420924423	0.0024841081023879224	0.0009475768312996001	0.9942429540458699	0.0	0
DLBCL11428	0.0009445377798641501	0.0010721970782035057	0.995076453015378	0.0018349965327890102	0.0010718155937653948	0.995076453015378	2.0	2
DLBCL10458	0.9959817719860162	0.000767638445390692	0.0006749925396518614	0.0017213438600994853	0.0008542531688417264	0.9959817719860162	0.0	0
