	C1	C2	C3	C4	C5	Confidence	True Cluster	Predicted Cluster
DLBCL10847	0.21036796984799339	0.1880587892857669	0.21526002787128626	0.1515529282375063	0.23476028475744715	0.23476028475744715	4.0	4
DLBCL11205	0.21609041965003947	0.18103328554921605	0.2350358911942658	0.1526082735674553	0.2152321300390234	0.2350358911942658	0.0	2
DLBCL_RICOVER_780	0.23513284515540148	0.18561334683916716	0.21443483475486091	0.14862971518144527	0.2161892580691251	0.23513284515540148	1.0	0
DLBCL11523	0.21307403789790116	0.18523183810433902	0.23544645422615412	0.15350821816766308	0.21273945160394275	0.23544645422615412	0.0	2
DLBCL10883	0.2088455190616586	0.1857167804141547	0.23563280928300184	0.15330786168905147	0.21649702955213335	0.23563280928300184	4.0	2
DLBCL11525	0.21287522963071293	0.18430775846629344	0.21683192439132826	0.15033283105885448	0.23565225645281082	0.23565225645281082	2.0	4
DLBCL_LS2154	0.20639672795460492	0.1902570902816556	0.23640671519254747	0.14920240058224532	0.21773706598894654	0.23640671519254747	0.0	2
DLBCL10945	0.2126059203236439	0.18704936449814447	0.2150102551273087	0.1485461316591723	0.23678832839173058	0.23678832839173058	0.0	4
DLBCL11491	0.21068547049023253	0.18486166449318076	0.2368771536454564	0.15372141787901822	0.213854293492112	0.2368771536454564	3.0	2
DLBCL_C_D_1108_NULLPAIR	0.20977070399099337	0.18862068060846654	0.23698034549786312	0.15367777340567632	0.21095049649700073	0.23698034549786312	1.0	2
DLBCL_RICOVER_1263	0.2170662333151927	0.1833481751341342	0.2371146828286186	0.1485993356160503	0.21387157310600435	0.2371146828286186	2.0	2
DLBCL10566	0.209504694361861	0.18783749057782761	0.21699344280442076	0.14835670790091726	0.23730766435497327	0.23730766435497327	4.0	4
DLBCL11662	0.21206964411851292	0.18622589646588905	0.2125020600330794	0.15167889398734774	0.23752350539517075	0.23752350539517075	0.0	4
DLBCL10529	0.2174528523439183	0.18082219133354568	0.21411476570311225	0.14975061164789072	0.23785957897153298	0.23785957897153298	4.0	4
DLBCL10966	0.21248028027384086	0.18600688390100648	0.21836714114271003	0.14515505370967632	0.23799064097276637	0.23799064097276637	0.0	4
DLBCL10512	0.21449938568678523	0.18094300351331674	0.21825006495266833	0.14749484503218044	0.23881270081504924	0.23881270081504924	2.0	4
DLBCL11468	0.20740421014062282	0.18921164398071064	0.23881558431164548	0.14695373043855542	0.21761483112846564	0.23881558431164548	2.0	2
DLBCL10450	0.2086030928207444	0.1834188403623632	0.23885705557193587	0.1537623075415736	0.21535870370338298	0.23885705557193587	0.0	2
DLBCL10466	0.21908635828231682	0.18082087276776593	0.2393874254900399	0.15193680775972307	0.20876853570015416	0.2393874254900399	2.0	2
DLBCL_RICOVER_711	0.23955515149501505	0.17652058960244696	0.21553559040426146	0.1498275106508601	0.21856115784741642	0.23955515149501505	3.0	0
DLBCL_RICOVER_744	0.21348066171079977	0.18260320116111708	0.211850516781467	0.15230668151621762	0.23975893883039864	0.23975893883039864	2.0	4
DLBCL10534	0.21543978752216164	0.17861417077194006	0.21633042575633712	0.1496076122031965	0.24000800374636475	0.24000800374636475	4.0	4
DLBCL10973	0.2122070420113186	0.1833546435781803	0.21974620085451557	0.1445136151747925	0.24017849838119307	0.24017849838119307	3.0	4
DLBCL_RICOVER_1204	0.21272886456862478	0.186372056488485	0.2138238341731614	0.14670184213420354	0.24037340263552529	0.24037340263552529	3.0	4
DLBCL10971	0.21234491127635519	0.17841681018087896	0.24045448013933943	0.1504432178696768	0.21834058053374955	0.24045448013933943	0.0	2
DLBCL11203	0.22083422076208625	0.180204905708365	0.24047676293798648	0.15033691984063474	0.20814719075092747	0.24047676293798648	1.0	2
DLBCL11000	0.20953695375862672	0.18559900942836968	0.22035017058185472	0.1439967409295781	0.24051712530157074	0.24051712530157074	4.0	4
DLBCL10902	0.20881031129013086	0.18788180689232412	0.2405960110494929	0.14932829527258346	0.2133835754954687	0.2405960110494929	4.0	2
DLBCL_C_D_1138_NULLPAIR	0.2129819735667147	0.18516702977915886	0.24082944646766596	0.14463160873464304	0.21638994145181734	0.24082944646766596	1.0	2
DLBCL11661	0.20611249674376805	0.18192137628039023	0.24085143650297616	0.15774803592775302	0.21336665454511244	0.24085143650297616	1.0	2
DLBCL11667	0.21160801790245162	0.18185972672267262	0.24093486540125889	0.15043658779079006	0.21516080218282688	0.24093486540125889	2.0	2
DLBCL10564	0.21031814710212374	0.1824466373734963	0.2172989098885038	0.14898663345895627	0.24094967217691995	0.24094967217691995	3.0	4
DLBCL11672	0.20495298583214866	0.18335453633097573	0.24097494809964914	0.1490520287204787	0.2216655010167478	0.24097494809964914	2.0	2
DLBCL_MC_F815_BAT	0.21724775485002368	0.182669722076311	0.24101503238569308	0.14577317742657062	0.21329431326140175	0.24101503238569308	2.0	2
DLBCL11538	0.20558163309573535	0.18797909262354287	0.21922092979540284	0.14619430089492327	0.24102404359039564	0.24102404359039564	4.0	4
DLBCL10992	0.21582495548505917	0.18053019217741362	0.21312526933454484	0.14947135309657153	0.24104822990641078	0.24104822990641078	4.0	4
DLBCL_C_D_1117_NULLPAIR	0.2082186640273066	0.1858599536625416	0.24108284361420257	0.152532807151989	0.21230573154396026	0.24108284361420257	1.0	2
DLBCL_C_D_1139_NULLPAIR	0.21711149833876847	0.18149065999215946	0.2412292370312524	0.14799413608447354	0.21217446855334612	0.2412292370312524	3.0	2
DLBCL_LS3820	0.2134470094236948	0.18089450956448658	0.21787299576005972	0.14654356064496465	0.2412419246067942	0.2412419246067942	2.0	4
DLBCL10900	0.21206454922883547	0.17524591798990038	0.24127298768591746	0.15021666303031259	0.22119988206503394	0.24127298768591746	4.0	2
DLBCL10521	0.2065229411567962	0.18500575530706054	0.24155024099588845	0.1508477451572583	0.21607331738299637	0.24155024099588845	4.0	2
DLBCL10911	0.21293483920078882	0.1769197351887718	0.21763905413614612	0.15084465297902286	0.2416617184952704	0.2416617184952704	1.0	4
DLBCL10921	0.21734301867983993	0.18298568042159793	0.21125595545855408	0.14671467870427762	0.24170066673573046	0.24170066673573046	4.0	4
DLBCL10488	0.20573765078093773	0.18263925546426169	0.21910526269718827	0.1508106894733006	0.24170714158431184	0.24170714158431184	0.0	4
DLBCL_RICOVER_1248	0.21253616108957576	0.18455146803494846	0.2417134720357919	0.1450409270225358	0.21615797181714805	0.2417134720357919	4.0	2
DLBCL10906	0.21022080433749052	0.18359489236104387	0.2418193944143637	0.1481016610375187	0.21626324784958315	0.2418193944143637	1.0	2
DLBCL11450	0.20489108948452955	0.19122945010196285	0.2418230874555665	0.14125134653706026	0.22080502642088085	0.2418230874555665	4.0	2
DLBCL10552	0.2076512793497756	0.18408066699480116	0.22195776914248505	0.1444661273055117	0.24184415720742664	0.24184415720742664	3.0	4
DLBCL10981	0.20733800570691543	0.18401010068664253	0.24186794399039563	0.15139680611914036	0.21538714349690616	0.24186794399039563	1.0	2
DLBCL_RICOVER_978	0.2112933162951319	0.17918124709153432	0.24191819854770422	0.14581110970491032	0.22179612836071924	0.24191819854770422	2.0	2
DLBCL_MC_F132_MLM	0.2146052311412261	0.18165472451519799	0.24193264254450159	0.1500019669398223	0.21180543485925202	0.24193264254450159	0.0	2
DLBCL10527	0.20690302138073796	0.17954365422676705	0.2216422443838552	0.14985365058465444	0.24205742942398534	0.24205742942398534	3.0	4
DLBCL_RICOVER_1046	0.2128269875499806	0.18248276819354736	0.2124817518079082	0.15014151392281236	0.24206697852575146	0.24206697852575146	1.0	4
DLBCL10547	0.20642823259516796	0.17836617138665786	0.22152477209662205	0.15135079674383617	0.2423300271777159	0.2423300271777159	3.0	4
DLBCL11533	0.2144124466883717	0.17961006511169775	0.24237797479485867	0.14769499389131682	0.21590451951375497	0.24237797479485867	1.0	2
DLBCL10452	0.20632955992701346	0.18171982947290066	0.2423813866625964	0.14933220906630337	0.2202370148711861	0.2423813866625964	1.0	2
DLBCL10836	0.20969722671984076	0.1844238526369887	0.21396323176604073	0.14953185452886963	0.24238383434826008	0.24238383434826008	4.0	4
DLBCL11457	0.2110973638320438	0.18510737242932107	0.2152194701436362	0.146184549667059	0.24239124392793995	0.24239124392793995	0.0	4
DLBCL10903	0.2059544200700372	0.1842806761472934	0.24244652999787814	0.15004513755019872	0.21727323623459255	0.24244652999787814	1.0	2
DLBCL10925	0.2138150595782935	0.18339465714443617	0.21530344982954328	0.1446665581859604	0.24282027526176675	0.24282027526176675	4.0	4
DLBCL11196	0.20922753153333085	0.1796229855863254	0.24296756482993084	0.14718369463585307	0.2209982234145599	0.24296756482993084	3.0	2
DLBCL10860	0.21144204391804117	0.18144532210310255	0.2431168182463026	0.146729150284192	0.2172666654483616	0.2431168182463026	4.0	2
DLBCL_C_D_1123_NULLPAIR	0.21191281244859644	0.1766592524739375	0.2200836385265825	0.14822391981702687	0.2431203767338568	0.2431203767338568	0.0	4
DLBCL11454	0.20316869328630838	0.18517995219739136	0.24331151277158497	0.15230654800214227	0.21603329374257293	0.24331151277158497	0.0	2
DLBCL10486	0.20633862574268075	0.1857361850831475	0.21759863161371182	0.14698720329719708	0.24333935426326286	0.24333935426326286	0.0	4
DLBCL_RICOVER_1283	0.21215270813154377	0.18029226379565266	0.24339032858336293	0.1436196994117091	0.22054500007773153	0.24339032858336293	2.0	2
DLBCL11471	0.2112421720490005	0.1802884732474603	0.24340126886665772	0.14653619750668845	0.218531888330193	0.24340126886665772	3.0	2
DLBCL10535	0.20593792608191275	0.18322011950685962	0.24357656520124685	0.14732012365073865	0.21994526555924204	0.24357656520124685	4.0	2
DLBCL11435	0.2116620915835156	0.18408644888859685	0.2436037518651684	0.1470053969312743	0.21364231073144485	0.2436037518651684	0.0	2
DLBCL10781	0.20881311211931677	0.17983655174794075	0.24371858113959663	0.1503211943294738	0.21731056066367208	0.24371858113959663	4.0	2
DLBCL10469	0.20844508442076107	0.18352656292202887	0.21890089880078617	0.14529685644717225	0.24383059740925161	0.24383059740925161	3.0	4
DLBCL_MC_F519_ALT	0.21322870318356443	0.18179023969064617	0.21217737569553072	0.14889638907638486	0.24390729235387396	0.24390729235387396	4.0	4
DLBCL11498	0.21641530964043554	0.181209594733903	0.21227584306060376	0.14606649826135923	0.24403275430369836	0.24403275430369836	1.0	4
DLBCL10880	0.20943142461098138	0.18046500173729596	0.21863670171335067	0.14738996173140925	0.24407691020696276	0.24407691020696276	4.0	4
DLBCL10458	0.19907024996637632	0.1856114622160637	0.24416209123983615	0.152176324299933	0.21897987227779084	0.24416209123983615	0.0	2
DLBCL10498	0.2060130305393524	0.1824151477588035	0.24417847900102224	0.14629889050127975	0.22109445219954216	0.24417847900102224	2.0	2
DLBCL_RICOVER_866	0.24418337357852277	0.18037022822192128	0.21247947472743584	0.14882850427939354	0.21413841919272653	0.24418337357852277	2.0	0
DLBCL11573	0.2049280603499102	0.1861542140793817	0.24443659227278683	0.141911044799358	0.2225700884985633	0.24443659227278683	2.0	2
DLBCL10969	0.20953148617243428	0.17915736164083726	0.2446862404133288	0.14718172070721566	0.21944319106618407	0.2446862404133288	0.0	2
DLBCL10918	0.21089108858329805	0.18074609140674147	0.21232908185848656	0.1513457570346608	0.24468798111681306	0.24468798111681306	0.0	4
DLBCL11481	0.20706809875975735	0.1839642153982525	0.24502758206271752	0.14876685882274587	0.2151732449565268	0.24502758206271752	0.0	2
DLBCL_LS2245	0.20919208713523232	0.1833406483050132	0.21262084651788354	0.14976198734047277	0.24508443070139813	0.24508443070139813	1.0	4
DLBCL_RICOVER_401	0.21139471504183335	0.18267908797322088	0.24525596239160397	0.14379859649542898	0.21687163809791282	0.24525596239160397	1.0	2
DLBCL_RICOVER_1018	0.20697984051840163	0.17931365212656072	0.24528032104742506	0.1476997937663687	0.22072639254124396	0.24528032104742506	3.0	2
DLBCL_LS146	0.20912867808645785	0.18466340914457058	0.2453345783971675	0.1499296336782404	0.21094370069356366	0.2453345783971675	1.0	2
DLBCL_LS155	0.2069350573549826	0.18031055129592002	0.2455167595918984	0.14744806331768123	0.21978956843951764	0.2455167595918984	2.0	2
DLBCL11657	0.20457085868956507	0.18722662539898788	0.24552381980838806	0.15031077573226137	0.21236792037079769	0.24552381980838806	3.0	2
DLBCL10536	0.20766841024603763	0.18083967394280256	0.2228540368455498	0.14306949816412357	0.24556838080148646	0.24556838080148646	2.0	4
DLBCL10899	0.20833828586053427	0.18001982355790486	0.21986401595134691	0.1461697483479768	0.24560812628223713	0.24560812628223713	4.0	4
DLBCL11511	0.20951654545103224	0.18237390625554972	0.24569566323439207	0.14629311729034475	0.21612076776868125	0.24569566323439207	0.0	2
DLBCL_RICOVER_839	0.20818790075589688	0.17855758975092537	0.24590025344623678	0.14743336888766156	0.21992088715927943	0.24590025344623678	1.0	2
DLBCL_LS1098	0.20830368319154297	0.18234164740369324	0.2459524135054806	0.14275236861762253	0.22064988728166063	0.2459524135054806	2.0	2
DLBCL10915	0.20533598991076704	0.1829549124122045	0.2459941843560186	0.14342006945333133	0.22229484386767856	0.2459941843560186	4.0	2
DLBCL11439	0.2106806864325021	0.1784028147940746	0.22061129880359145	0.14410157218284614	0.24620362778698573	0.24620362778698573	2.0	4
DLBCL10530	0.20402353227996442	0.177610876517562	0.2462427509074976	0.14770303966736942	0.22441980062760655	0.2462427509074976	4.0	2
DLBCL_RICOVER_361	0.20110232441519735	0.18456770595563857	0.2462779112444481	0.14945237289328117	0.21859968549143483	0.2462779112444481	3.0	2
DLBCL10472	0.21321816773019844	0.181947796140675	0.24635561673063164	0.13935224124421883	0.2191261781542761	0.24635561673063164	2.0	2
DLBCL11443	0.20316801735658163	0.18173629930252316	0.2465631340201658	0.14642186301009621	0.22211068631063313	0.2465631340201658	0.0	2
DLBCL11501	0.20687336898659292	0.18460527526644083	0.24696412548498858	0.14247664907005672	0.219080581191921	0.24696412548498858	0.0	2
DLBCL10857	0.20855037025131887	0.18434502403103908	0.24736638294484814	0.14470051731377975	0.21503770545901427	0.24736638294484814	4.0	2
DLBCL_C_D_1125_NULLPAIR	0.20173053163480817	0.18293683899211202	0.247917204144325	0.14711417698570706	0.22030124824304795	0.247917204144325	4.0	2
DLBCL_LS762	0.2127257266282284	0.18313064652299285	0.21103529961895412	0.144977724412326	0.24813060281749857	0.24813060281749857	2.0	4
DLBCL10967	0.20655470288787234	0.18585816206367278	0.24816396712123442	0.14512920224853257	0.2142939656786878	0.24816396712123442	4.0	2
DLBCL10459	0.206186141372677	0.18571505068061914	0.24834454248366036	0.1474153375992951	0.21233892786374858	0.24834454248366036	2.0	2
DLBCL_LS3499	0.202217394340606	0.18684788501150848	0.2485626174319548	0.14423294558579744	0.21813915763013322	0.2485626174319548	3.0	2
DLBCL10850	0.2055592816606525	0.18151229413128914	0.24856754011092527	0.14977873968326527	0.21458214441386803	0.24856754011092527	1.0	2
DLBCL11651	0.20962371900969887	0.18043172170255234	0.24860792097067483	0.1467751117647867	0.21456152655228727	0.24860792097067483	2.0	2
DLBCL10959	0.2067235397911191	0.1814586017913909	0.24919626414193694	0.14734995674711637	0.21527163752843673	0.24919626414193694	0.0	2
DLBCL_RICOVER_111	0.20993027193045938	0.18476815893875895	0.20604932749994304	0.15001154326994884	0.24924069836088977	0.24924069836088977	4.0	4
DLBCL_C_D_1152_NULLPAIR	0.2153996220536645	0.18013203971930655	0.20835206359258227	0.14678006152047351	0.2493362131139732	0.2493362131139732	1.0	4
DLBCL10523	0.20857531374164007	0.18112244355887527	0.2494069209372217	0.14170558036740596	0.21918974139485703	0.2494069209372217	2.0	2
DLBCL10996	0.2040372634146035	0.18105156322947805	0.24964383831804202	0.14651699579140742	0.21875033924646917	0.24964383831804202	0.0	2
DLBCL_RICOVER_299	0.2077562308381193	0.1806204269595155	0.24971356711465467	0.15081817570695416	0.21109159938075622	0.24971356711465467	1.0	2
DLBCL10555	0.20706020801761912	0.1796907139121505	0.24979534588509505	0.1462658494987657	0.2171878826863696	0.24979534588509505	2.0	2
DLBC_FF_8042_TP_NB	0.20327892802831216	0.18091056604326708	0.2215180643395979	0.14400075055328662	0.2502916910355364	0.2502916910355364	4.0	4
DLBCL10522	0.214251846462914	0.17964518165778012	0.2505237731377208	0.1458363937856097	0.2097428049559754	0.2505237731377208	2.0	2
DLBCL10514	0.20635575035697945	0.17865246940778617	0.25111805389556224	0.15339104031498807	0.21048268602468406	0.25111805389556224	2.0	2
DLBCL11456	0.2248373981716737	0.11458155262380881	0.2492738072523907	0.27358503584797833	0.13772220610414854	0.27358503584797833	1.0	3
DLBCL_LS4593	0.21371401238677562	0.04520473515111216	0.28990070787272615	0.24456757519618313	0.20661296939320295	0.28990070787272615	2.0	2
DLBCL10922	0.1997358128866047	0.256428009075171	0.29307586708547806	0.20030907860577682	0.05045123234696946	0.29307586708547806	1.0	2
DLBCL10849	0.29593184376926746	0.1742193789267952	0.11461678562041946	0.2656031453180622	0.1496288463654558	0.29593184376926746	1.0	0
DLBCL11466	0.1550089248016319	0.29970132478070816	0.23759345151027447	0.15065852530398743	0.157037773603398	0.29970132478070816	1.0	1
DLBCL11431	0.3028482599566304	0.20790015976894585	0.10905239137647618	0.12808647729757588	0.2521127116003717	0.3028482599566304	4.0	0
DLBCL10838	0.14895452452984648	0.14983767202379109	0.18767277184135153	0.20937179733709005	0.30416323426792086	0.30416323426792086	4.0	4
DLBCL10983	0.15320200969285325	0.3069116731355287	0.23146178854538374	0.1450628172654421	0.16336171136079225	0.3069116731355287	1.0	1
DLBCL_RICOVER_216	0.2643311588426068	0.04877227474695681	0.30865230843005176	0.12340799290528515	0.2548362650750995	0.30865230843005176	2.0	2
DLBCL10962	0.27263484725713794	0.0634181704624983	0.09540626966089957	0.3086928255898689	0.25984788702959527	0.3086928255898689	1.0	3
DLBCL10908	0.14795219332523057	0.3093380689985559	0.24206952752161454	0.1428397296249453	0.15780048052965384	0.3093380689985559	4.0	1
DLBCL_MC_F139_LJF	0.15732591010822922	0.3095138875124373	0.2234984898091854	0.14203249100284504	0.1676292215673031	0.3095138875124373	3.0	1
DLBCL10887	0.1550828076392723	0.31383972682429584	0.22358037183399507	0.14506599077444268	0.16243110292799406	0.31383972682429584	4.0	1
DLBCL_RICOVER_1061	0.31467360587494553	0.2567151044861963	0.20671031586244726	0.10764322621834418	0.11425774755806684	0.31467360587494553	3.0	0
DLBCL11437	0.133260083525046	0.2680493114071365	0.1486654548972522	0.13398919312868116	0.31603595704188425	0.31603595704188425	3.0	4
DLBCL10456	0.20729367716530048	0.1425479071338462	0.2087457715463496	0.31774953339922357	0.1236631107552803	0.31774953339922357	3.0	3
DLBCL_RICOVER_575	0.14820913081773066	0.20989638927741563	0.2305462804171452	0.31775895294845014	0.09358924653925846	0.31775895294845014	3.0	3
DLBCL10993	0.31861097475265315	0.16459834607539886	0.0879796570591713	0.2667020557972784	0.16210896631549818	0.31861097475265315	0.0	0
DLBCL10544	0.12806753182502376	0.27437590906637693	0.07208197824732697	0.3191430500489472	0.2063315308123251	0.3191430500489472	3.0	3
DLBCL_BWH_DLBCL64	0.28801024932039	0.07200678013982147	0.31965057069357466	0.23108136601594448	0.08925103383026932	0.31965057069357466	1.0	2
DLBCL11204	0.13022221243131155	0.3197566059543224	0.25576640970650033	0.11795697848750612	0.17629779342035956	0.3197566059543224	1.0	1
DLBCL10853	0.28596880168112854	0.0706374134057293	0.3199412508700191	0.23278761870013426	0.09066491534298882	0.3199412508700191	4.0	2
DLBCL_C_D_1109_NULLPAIR	0.321423289690383	0.11917794599473852	0.14587482853038555	0.13667320255269924	0.2768507332317937	0.321423289690383	3.0	0
DLBCL10845	0.12642921779592736	0.10391165973191405	0.2716638983301965	0.32173240887655563	0.17626281526540633	0.32173240887655563	1.0	3
DLBCL_RICOVER_338	0.11067021767991399	0.20912217662384536	0.11968625270633278	0.3242731454929767	0.2362482074969313	0.3242731454929767	0.0	3
DLBCL_RICOVER_1289	0.14526296558887014	0.20918839383972732	0.22820810366895095	0.32525468903620475	0.09208584786624675	0.32525468903620475	4.0	3
DLBCL10834	0.20155322581365645	0.1430556136764271	0.21107999216976672	0.3270004939692267	0.11731067437092309	0.3270004939692267	1.0	3
DLBCL10867	0.09586466559764674	0.22977627823693578	0.32937068975009764	0.06556951376410333	0.27941885265121646	0.32937068975009764	4.0	2
DLBCL10927	0.11273378512216872	0.19275232318754829	0.23097054410437037	0.134149372195727	0.3293939753901856	0.3293939753901856	3.0	4
DLBCL_RICOVER_910	0.11948219316451163	0.10255835342391714	0.276252075340829	0.32973343860713417	0.17197393946360812	0.32973343860713417	0.0	3
DLBCL10909	0.13416457355104758	0.2649114125371573	0.14592643722822685	0.1251854779340984	0.32981209874946976	0.32981209874946976	4.0	4
DLBCL10877	0.11211245446762348	0.24951302884659307	0.3308679759200161	0.07301223581118411	0.23449430495458326	0.3308679759200161	0.0	2
DLBCL10835	0.19853579893950027	0.13976841132164028	0.21084900014833707	0.33101877348834774	0.11982801610217463	0.33101877348834774	4.0	3
DLBCL_RICOVER_473	0.1945891089168541	0.13662949063607677	0.21649898420176236	0.3330614086918372	0.1192210075534695	0.3330614086918372	0.0	3
DLBCL11482	0.18908660359120666	0.143257727633539	0.21315591726298092	0.3345594010501083	0.11994035046216509	0.3345594010501083	0.0	3
DLBCL11242	0.1977159674348951	0.14230166169613181	0.21049219508500752	0.3351770424646736	0.11431313331929191	0.3351770424646736	4.0	3
DLBCL11566	0.19269557536028856	0.13943946970407045	0.2098013084038592	0.33648767279675645	0.12157597373502542	0.33648767279675645	2.0	3
DLBCL11428	0.3371299598355438	0.0991817007272835	0.17819565543223706	0.20103143108946908	0.1844612529154666	0.3371299598355438	2.0	0
DLBCL11683	0.265996422688232	0.05324618892711086	0.33768633250422736	0.11895659711251598	0.22411445876791378	0.33768633250422736	2.0	2
DLBCL10460	0.3386383918105247	0.0814378725703129	0.28115045163942026	0.20479056621206929	0.09398271776767286	0.3386383918105247	1.0	0
DLBCL10999	0.22501271206926052	0.33875708876805943	0.09678670085295034	0.26749826877936134	0.07194522953036835	0.33875708876805943	4.0	1
DLBCL11496	0.23190390407511693	0.340556421603345	0.10032756266114745	0.255267372151133	0.07194473950925753	0.340556421603345	0.0	1
DLBCL10519	0.2623829367153914	0.34121361940910877	0.1144805295839525	0.12139187464115288	0.1605310396503945	0.34121361940910877	1.0	1
DLBCL_RICOVER_221	0.16508254712979342	0.1464480025530918	0.17062038334205257	0.3428903304482209	0.17495873652684132	0.3428903304482209	4.0	3
DLBCL10912	0.2661815187123897	0.05541421609483481	0.34331962580885306	0.2763477546855672	0.05873688469835528	0.34331962580885306	0.0	2
DLBCL_RICOVER_956	0.23230665971633474	0.34428994527569273	0.09808869071821869	0.25247081132379184	0.07284389296596193	0.34428994527569273	4.0	1
DLBCL_MC_F307_JPS	0.1405038764974841	0.08036496151315121	0.17758802118886413	0.3446052569462415	0.2569378838542589	0.3446052569462415	0.0	3
DLBCL_C_D_1105_NULLPAIR	0.16498268177203101	0.1476394821700258	0.167521035745049	0.34462082944726785	0.17523597086562626	0.34462082944726785	1.0	3
DLBCL_DFCI_DLBCL_GOE07	0.13934169452652032	0.07786559966186969	0.18344149333371815	0.34522653138870085	0.254124681089191	0.34522653138870085	1.0	3
DLBCL10956	0.16573963771106065	0.14636593263562575	0.17181996274846698	0.3453307262413139	0.17074374066353276	0.3453307262413139	1.0	3
DLBCL_MAYO_DLBCL_3653	0.2283576055563832	0.34547961100450336	0.10191377358651749	0.25235132136020016	0.07189768849239586	0.34547961100450336	0.0	1
DFCIDL009_DT	0.21899902198968396	0.3465466477926991	0.10008593826387942	0.2680598511953751	0.06630854075836252	0.3465466477926991	2.0	1
DLBCL10890	0.11317989796703427	0.09138021979946309	0.3104508586237603	0.13822033435420136	0.34676868925554105	0.34676868925554105	4.0	4
DLBCL10870	0.3472955834028471	0.20475323515916485	0.11715141910756921	0.23286325511946418	0.09793650721095475	0.3472955834028471	4.0	0
DLBCL_RICOVER_685	0.13818357840580556	0.07970168426111492	0.17297701182232464	0.3473691230445648	0.26176860246619016	0.3473691230445648	4.0	3
DLBCL_C_D_PAIR13	0.12423096362120035	0.21216449117285413	0.18682509613256001	0.34839540698575605	0.12838404208762946	0.34839540698575605	4.0	3
DLBCL11483	0.13249487868846793	0.24535489697441987	0.13873706350366233	0.13474837776079132	0.3486647830726586	0.3486647830726586	1.0	4
DLBCL11565	0.16806754235800764	0.13824979914734334	0.17203269632740978	0.3488080515109889	0.17284191065625024	0.3488080515109889	1.0	3
DLBCL10987	0.22360378108218046	0.34994421632764844	0.09731798820022984	0.2570840186668439	0.07204999572309745	0.34994421632764844	4.0	1
DLBCL11479	0.35047633607824535	0.12577593103390539	0.17259616245813403	0.3031350911563453	0.04801647927337004	0.35047633607824535	1.0	0
DLBCL11539	0.21760097166081327	0.3505702602404991	0.09486803543376576	0.2662108148667705	0.07074991779815146	0.3505702602404991	0.0	1
DLBCL10951	0.08599572244103637	0.05342250833994718	0.3511014494672797	0.2576057914504023	0.2518745283013345	0.3511014494672797	4.0	2
DLBCL_LS3200	0.06607364771458195	0.2039419958610867	0.1303531839388091	0.24713720928934235	0.35249396319617987	0.35249396319617987	4.0	4
DLBCL10897	0.35266625997668943	0.12005043607587813	0.14526707561826946	0.30259737835048617	0.07941884997867685	0.35266625997668943	0.0	0
DLBCL_C_D_1166_NULLPAIR	0.22013109239597087	0.35291632892483676	0.09837104400665504	0.2616485502986133	0.06693298437392409	0.35291632892483676	4.0	1
DLBCL11655	0.16534561442838872	0.14225793097795236	0.1701261948786176	0.35339515653974013	0.16887510317530127	0.35339515653974013	3.0	3
DLBCL10553	0.17019037229310555	0.17466499837952715	0.353613404939198	0.24179627698508305	0.059734947403086304	0.353613404939198	3.0	2
DLBCL11652	0.16040398403525727	0.14285899983426545	0.16651191727444956	0.3538136620472628	0.17641143680876506	0.3538136620472628	0.0	3
DLBCL11685	0.1659233505604624	0.14140262549056945	0.16881442088496648	0.3541878902753979	0.1696717127886037	0.3541878902753979	2.0	3
DLBCL10510	0.16766416811370383	0.1434288363242288	0.1689413676727418	0.3552856159327467	0.16468001195657886	0.3552856159327467	1.0	3
DLBCL_MC_F362_MJB1	0.25081463021655503	0.3573861104752435	0.1121345147564204	0.12061527450017265	0.1590494700516084	0.3573861104752435	2.0	1
DLBCL_DFCI_DLBCL_GOE05	0.2705661972798601	0.134055536263687	0.12588753505130593	0.3575847602427323	0.11190597116241471	0.3575847602427323	1.0	3
DLBCL10894	0.1713492583191603	0.13682931688437594	0.1638274937108888	0.35778406714007527	0.1702098639454997	0.35778406714007527	1.0	3
DLBCL11448	0.16076308161088912	0.14563218921510773	0.16356348157524828	0.35891985647664165	0.17112139112211316	0.35891985647664165	3.0	3
DLBCL10484	0.1607791752583728	0.14112620611583157	0.17174258550263652	0.36024275714888165	0.16610927597427744	0.36024275714888165	1.0	3
DLBCL11520	0.08853372325525528	0.3607351431673651	0.16109898083944282	0.08424171422315528	0.3053904385147815	0.3607351431673651	0.0	1
DLBCL11675	0.1623491192748233	0.13840562767926498	0.1656500175025399	0.36112062182693955	0.17247461371643216	0.36112062182693955	2.0	3
DLBCL10462	0.1367591852036508	0.3627213425221283	0.26043696085512474	0.11814610234136595	0.12193640907773019	0.3627213425221283	0.0	1
DLBCL10955	0.16049664990346907	0.1391800926006832	0.17154761009705674	0.36306665497272944	0.16570899242606155	0.36306665497272944	3.0	3
DLBCL11459	0.15580814331861642	0.1253669815602275	0.15223019106273172	0.2025308725562719	0.36406381150215245	0.36406381150215245	3.0	4
DLBCL10554	0.3650427084267118	0.2837104559964829	0.07905832874855671	0.07044680202615954	0.20174170480208886	0.3650427084267118	2.0	0
DLBCL11446	0.36560153616364865	0.22121015212295475	0.17843272916097883	0.10963868913745889	0.12511689341495882	0.36560153616364865	1.0	0
DLBCL11542	0.26341133393109173	0.13078233609559262	0.12393977362019493	0.366453967741264	0.11541258861185673	0.366453967741264	2.0	3
DLBCL10885	0.366950226682111	0.07429345152364113	0.12136059017770888	0.13034185173834079	0.30705387987819815	0.366950226682111	1.0	0
DLBCL11461	0.36719348157947024	0.2532500986073575	0.06663061551796279	0.18853857503293625	0.12438722926227325	0.36719348157947024	0.0	0
DLBCL11001	0.368121486106859	0.19405544069526903	0.10390053182967744	0.15427101851254948	0.17965152285564498	0.368121486106859	4.0	0
DLBCL11673	0.12411374221384465	0.10145145317619075	0.3692565608405084	0.2085825102476564	0.19659573352179985	0.3692565608405084	1.0	2
DLBCL10975	0.2636253684039214	0.1288469807720264	0.12350831850669731	0.3699217204118986	0.11409761190545623	0.3699217204118986	0.0	3
DFCIDL008_DT	0.2689508957298747	0.1253585540579696	0.12467670686175418	0.37030906075416703	0.1107047825962345	0.37030906075416703	4.0	3
DLBCL10989	0.2574431501159891	0.13274454256231877	0.12651406937613394	0.3704134826412549	0.11288475530430334	0.3704134826412549	1.0	3
DLBCL11595	0.24731601915870585	0.1338257382748078	0.13036094900139916	0.3709960877146214	0.11750120585046574	0.3709960877146214	4.0	3
DLBCL10935	0.2600964496435968	0.1257846693694415	0.12904006214913355	0.3715037491841294	0.11357506965369872	0.3715037491841294	0.0	3
DLBCL10970	0.266444203542533	0.12884150448473064	0.12309945372209614	0.3719925618704968	0.10962227638014341	0.3719925618704968	3.0	3
DLBCL11664	0.3736683779492349	0.07461261760680253	0.12074986794082056	0.12590038503491421	0.30506875146822776	0.3736683779492349	1.0	0
DLBCL10896	0.25790934332325666	0.1317818892714239	0.12562774765136206	0.3737507811438639	0.11093023861009337	0.3737507811438639	0.0	3
DLBCL10549	0.11214575309657718	0.3745249345686167	0.09219358229154447	0.17066938402995388	0.25046634601330786	0.3745249345686167	1.0	1
DLBCL10988	0.2603545931551434	0.12785341336146633	0.12482031199748748	0.37509717972548756	0.11187450176041511	0.37509717972548756	1.0	3
DLBCL_RICOVER_720	0.1509503997360029	0.132499163740359	0.37672044430896945	0.2557766233762334	0.08405336883843537	0.37672044430896945	4.0	2
DLBCL_RICOVER_1106	0.37696737430704497	0.25076977474223966	0.09153968870392915	0.2104547913128762	0.07026837093391008	0.37696737430704497	4.0	0
DLBCL_RICOVER_1287	0.2536074856678263	0.12928913869494296	0.12752167509350495	0.37847083343319937	0.11111086711052635	0.37847083343319937	4.0	3
DLBCL10467	0.37968328024576153	0.0703873930517668	0.1144035713292065	0.12571270114325928	0.3098130542300059	0.37968328024576153	4.0	0
DLBCL11476	0.3805369201865854	0.0691644301968486	0.11575541451247193	0.13084721215589112	0.30369602294820286	0.3805369201865854	4.0	0
DLBCL11436	0.3819832342591189	0.2452615756958499	0.09055855292913867	0.21010200505309654	0.07209463206279608	0.3819832342591189	1.0	0
DLBCL10862	0.11128896965647313	0.09096104217579323	0.3345327905250175	0.08089742525977119	0.3823197723829451	0.3823197723829451	4.0	4
DLBCL_RICOVER_678	0.08510007751655548	0.07022501581237899	0.21332116406219595	0.3824721385531031	0.24888160405576648	0.3824721385531031	1.0	3
DLBCL_LS2367	0.07170918461657096	0.2883725812632604	0.3836283287630383	0.1303400903575636	0.12594981499956662	0.3836283287630383	0.0	2
DLBCL_C_D_1136_NULLPAIR	0.14363387200715963	0.38368660454360326	0.12715897105654708	0.24631094603918383	0.09920960635350627	0.38368660454360326	1.0	1
DLBCL_RICOVER_948	0.38385117326110674	0.1966194521992902	0.10252218442211342	0.11948513481909598	0.1975220552983936	0.38385117326110674	1.0	0
DLBCL10502	0.0641464987429317	0.3840921559879155	0.3038760030607931	0.16439012335123374	0.083495218857126	0.3840921559879155	1.0	1
DLBCL10487	0.10864876587411401	0.07574310629990748	0.13249266866420548	0.29820349097287574	0.38491196818889717	0.38491196818889717	1.0	4
DLBCL10833	0.14386215457559512	0.38502865343046616	0.13434723382290098	0.24353284385832452	0.09322911431271316	0.38502865343046616	4.0	1
DLBCL10874	0.38653364877031204	0.19518177295090247	0.09957764953341598	0.11739229357684597	0.20131463516852352	0.38653364877031204	1.0	0
DLBCL11472	0.10916269687455266	0.07549126986373146	0.1307587131091088	0.2964833310751512	0.38810398907745586	0.38810398907745586	0.0	4
DLBCL_C_D_1130_NULLPAIR	0.11184566563912035	0.0750317006226114	0.13233875059950811	0.29237927787189416	0.3884046052668659	0.3884046052668659	0.0	4
DLBCL10931	0.3906830716579171	0.19973720812926085	0.09578254946234116	0.26424623618701176	0.04955093456346914	0.3906830716579171	0.0	0
DLBCL11460	0.22257390163220941	0.19102711717306717	0.11096393843548295	0.0843343145122182	0.3911007282470222	0.3911007282470222	3.0	4
DLBCL11484	0.10622960355109592	0.20923816952028737	0.39154077694472944	0.2166922446433141	0.07629920534057305	0.39154077694472944	1.0	2
DLBCL10859	0.3934782988379576	0.24220372193514786	0.06467120034510947	0.16236929487310756	0.1372774840086775	0.3934782988379576	1.0	0
DLBCL10924	0.1816861176468192	0.07306399817032748	0.11100076656551178	0.39411195189855447	0.24013716571878713	0.39411195189855447	4.0	3
DLBCL_MC_F729_MAN	0.17873681434876837	0.07112146153251249	0.10917643345457105	0.394609215030348	0.24635607563380008	0.394609215030348	1.0	3
DLBCL_LS1668	0.13625091400936565	0.3946103463923536	0.1291299198239518	0.24212211449900167	0.09788670527532731	0.3946103463923536	1.0	1
DLBCL_RICOVER_314	0.09720566298960227	0.18892839687852653	0.12174324397618884	0.19715599803922648	0.3949666981164559	0.3949666981164559	4.0	4
DLBCL_MC_F262_WLC	0.3950593173861579	0.061213189720053726	0.14211459452147487	0.1884654457477085	0.213147452624605	0.3950593173861579	0.0	0
DLBCL11676	0.07665693658656499	0.39576189255653743	0.29623214511854884	0.06267151777653147	0.16867750796181724	0.39576189255653743	0.0	1
DLBCL_RICOVER_1190	0.1837474281359088	0.07474192932164102	0.10468173223226956	0.39692194632167965	0.23990696398850103	0.39692194632167965	4.0	3
DLBCL10881	0.11589586052991734	0.39763225685827214	0.16072849087421662	0.28873017115294997	0.037013220584643944	0.39763225685827214	4.0	1
DLBCL10482	0.08220078772918721	0.04307602894701529	0.3981779810544055	0.23910336864194015	0.23744183362745175	0.3981779810544055	0.0	2
DLBCL10980	0.135279505100036	0.39983600382216317	0.12261694981050052	0.24324377207906184	0.0990237691882384	0.39983600382216317	4.0	1
DLBCL11558	0.40046198470516303	0.10234595562007195	0.3131028985180156	0.10795043618060547	0.07613872497614405	0.40046198470516303	2.0	0
DLBCL10864	0.09641674717721611	0.21575681920392448	0.4013465218153016	0.19482162792444646	0.09165828387911149	0.4013465218153016	4.0	2
DLBCL11195	0.27602400333751875	0.08042742015449657	0.4014083096445509	0.1084791514480655	0.13366111541536832	0.4014083096445509	4.0	2
DLBCL10961	0.40314303910556804	0.2590992759328005	0.09579987549008266	0.0949657119165063	0.14699209755504236	0.40314303910556804	4.0	0
DLBCL_MC_F064AB	0.1309190267500711	0.40449528739714047	0.10594152450637943	0.07420159440590443	0.28444256694050457	0.40449528739714047	2.0	1
DLBCL_RICOVER_773	0.1605817584678248	0.07948450397585478	0.4045272589316939	0.2564668927594242	0.09893958586520235	0.4045272589316939	4.0	2
DLBCL_RICOVER_1293	0.40523699616654607	0.05921079098238302	0.14515673962761053	0.18717861894268986	0.2032168542807705	0.40523699616654607	4.0	0
DLBCL11681	0.1220749115087165	0.12926120646777095	0.13222090981734272	0.21076961419126988	0.4056733580148999	0.4056733580148999	0.0	4
DLBCL10994	0.13291272992286682	0.40678279563461006	0.10099303028975043	0.07154789461158553	0.2877635495411872	0.40678279563461006	0.0	1
DLBCL11477	0.4076197286958601	0.1283494487880752	0.15598644784221902	0.12530040866670636	0.18274396600713938	0.4076197286958601	0.0	0
DLBCL10550	0.1341728237538454	0.4076584042568023	0.09892709156391787	0.07382070428905096	0.2854209761363835	0.4076584042568023	4.0	1
DLBCL_RICOVER_120	0.12152338940441525	0.40801176325373584	0.10777954519221819	0.06874815216187072	0.29393714998776005	0.40801176325373584	4.0	1
DLBCL10919	0.15525052251668064	0.1605887854871724	0.4081467369954651	0.13764045279949502	0.13837350220118685	0.4081467369954651	3.0	2
DLBCL_RICOVER_335	0.08745925021174039	0.3500925664887447	0.408725066041201	0.08669040877471769	0.06703270848359633	0.408725066041201	1.0	2
DLBCL_RICOVER_1150	0.1322229516045866	0.40912513015751495	0.10190926649109835	0.07203871491389904	0.28470393683290096	0.40912513015751495	0.0	1
DLBCL10856	0.1271696159619167	0.40931695460187456	0.10740403729081949	0.07375686162536532	0.2823525305200239	0.40931695460187456	2.0	1
DLBCL11474	0.10463000242419282	0.14439255515671906	0.19233611990160707	0.14912885678065868	0.4095124657368223	0.4095124657368223	0.0	4
DLBCL11455	0.40985976497722665	0.31103322322532856	0.10408402554933076	0.09572317852899385	0.07929980771912015	0.40985976497722665	2.0	0
DLBCL_MC_F218_RAP	0.41152238781272893	0.30960475316277564	0.10538304148147629	0.09532834751578115	0.07816147002723822	0.41152238781272893	3.0	0
DLBCL11488	0.4117057633993161	0.24003361039676502	0.10655670190683812	0.19197922183163962	0.04972470246544105	0.4117057633993161	0.0	0
DLBCL_C_D_1140_NULLPAIR	0.41209010704528154	0.16536589518847014	0.12377720338284039	0.16910225270135415	0.1296645416820537	0.41209010704528154	4.0	0
DLBCL_C_D_1159_NULLPAIR	0.1283128603742427	0.41221996012762757	0.10433807286906209	0.07058207565548669	0.2845470309735811	0.41221996012762757	3.0	1
DLBCL_MAYO_DLBCL_234	0.4123809116937738	0.09324132588786942	0.06031497855925647	0.08281231067808012	0.3512504731810202	0.4123809116937738	2.0	0
DLBCL11535	0.41253812481182217	0.24802799984596002	0.0968417699316092	0.09528238613671236	0.1473097192738961	0.41253812481182217	3.0	0
DLBCL_C_D_1151_NULLPAIR	0.1320209974145511	0.41322063743783005	0.09937733811612395	0.07649035046537517	0.2788906765661198	0.41322063743783005	3.0	1
DLBCL_RICOVER_950	0.4137498252683938	0.05993381486242427	0.13687143883039998	0.1803335943319982	0.20911132670678378	0.4137498252683938	3.0	0
DLBCL_LS4592	0.4140698408392373	0.13312017439012844	0.1531003127579635	0.12732107340484727	0.1723885986078234	0.4140698408392373	2.0	0
DLBCL_RICOVER_1210	0.10503421205368373	0.14411552693044577	0.18929996406332059	0.1473067136153708	0.4142435833371792	0.4142435833371792	1.0	4
DLBCL11353	0.4148607035250445	0.16154985121861226	0.1250840845614763	0.1641410242873913	0.1343643364074756	0.4148607035250445	4.0	0
DLBCL_C_D_1157_NULLPAIR	0.08566754308048201	0.13622661764908323	0.4148645650163017	0.0764613452045898	0.28677992904954336	0.4148645650163017	2.0	2
DLBCL10480	0.10642848649878231	0.14168906174461365	0.18880108338474252	0.1477563407657236	0.4153250276061379	0.4153250276061379	1.0	4
DLBCL11574	0.12523838401767645	0.41588127016660315	0.09860067672816462	0.07335968776920178	0.2869199813183539	0.41588127016660315	2.0	1
DLBCL10974	0.09417513948349919	0.11149678163526618	0.12212614169690883	0.2556877544387976	0.4165141827455281	0.4165141827455281	3.0	4
DLBCL10965	0.09914054797272845	0.15797875263291095	0.417115248103182	0.11612811156763622	0.2096373397235424	0.417115248103182	3.0	2
DLBCL11504	0.41736471612441506	0.16264351773375538	0.1200025088830489	0.1641344435537095	0.1358548137050711	0.41736471612441506	4.0	0
DLBCL11659	0.12809297966736954	0.4176387029163419	0.10482247455178642	0.0734158124754631	0.276030030389039	0.4176387029163419	3.0	1
DLBCL10491	0.4177133964647473	0.30405008651312054	0.10231499961082285	0.0965944660519905	0.0793270513593187	0.4177133964647473	3.0	0
DLBCL11462	0.08816501027488384	0.14320536761014105	0.41940420809116785	0.10132776806072274	0.24789764596308447	0.41940420809116785	0.0	2
DLBCL10939	0.4200557427362893	0.3205399595897884	0.03897621472586226	0.048737361550359556	0.1716907213977005	0.4200557427362893	3.0	0
DLBCL10854	0.42027564039038007	0.1547739590440138	0.18639340126277637	0.16536709237843317	0.07318990692439649	0.42027564039038007	4.0	0
DLBCL10904	0.12082450476942715	0.4204510565928213	0.22236175439040218	0.13551090724266227	0.10085177700468712	0.4204510565928213	4.0	1
DLBCL11536	0.4208884594656868	0.18861185395968302	0.15642249647900935	0.12592175604252737	0.10815543405309344	0.4208884594656868	3.0	0
DLBCL_RICOVER_288	0.4225751989192082	0.1567129634428789	0.17903509745872911	0.1680280152741434	0.07364872490504039	0.4225751989192082	1.0	0
DLBCL10879	0.08452339561422992	0.13379540944280513	0.422598087010817	0.08185017739425163	0.2772329305378962	0.422598087010817	2.0	2
DLBCL10947	0.10085898963091247	0.4234026854411192	0.23660435533572322	0.12406289425933825	0.1150710753329068	0.4234026854411192	1.0	1
DLBCL_LS2328	0.1264395719293599	0.4256211772621782	0.09938157550358208	0.06984861027713933	0.27870906502774057	0.4256211772621782	2.0	1
DLBCL11670	0.0959652753627641	0.42593535391911796	0.14843446974263225	0.12449112178718001	0.20517377918830568	0.42593535391911796	2.0	1
DLBCL10518	0.24993184190240772	0.06830255382580376	0.12350101828086306	0.13219042795683303	0.42607415803409243	0.42607415803409243	2.0	4
DLBCL_RICOVER_533	0.42695611647713955	0.1223564806947635	0.1538641671338591	0.12169920902138597	0.1751240266728519	0.42695611647713955	1.0	0
DLBCL11500	0.09579963821698344	0.056678786311784995	0.4282364515194142	0.1200185148912393	0.29926660906057817	0.4282364515194142	4.0	2
DLBCL_RICOVER_1329	0.43025524715045016	0.12239254604015455	0.15113256907007747	0.1217275035827409	0.17449213415657697	0.43025524715045016	4.0	0
DLBCL_LS2325	0.2473384608933656	0.06930913101824614	0.12112809020510748	0.13166187641796798	0.4305624414653128	0.4305624414653128	2.0	4
DLBCL11473	0.4310382839737851	0.127807797024406	0.1473659014292949	0.12373819160625105	0.17004982596626292	0.4310382839737851	0.0	0
DLBCL_RICOVER_787	0.09907388236462505	0.0587022771245791	0.43263465354532465	0.11476480506806733	0.2948243818974038	0.43263465354532465	1.0	2
DLBCL_RICOVER_449	0.11897838671647801	0.4338255917785521	0.21208646298278705	0.13731007220052974	0.09779948632165317	0.4338255917785521	4.0	1
DLBCL_RICOVER_1219	0.08503366856738738	0.051910232610057706	0.4344286621840264	0.09895912939017742	0.329668307248351	0.4344286621840264	4.0	2
DLBCL10542	0.08314738983560648	0.36312805809575116	0.4346949093230753	0.06830246056702982	0.05072718217853727	0.4346949093230753	0.0	2
DLBCL_MC_F089_HCZ	0.07905833072794465	0.3332302979989696	0.4357469257961913	0.0778286529952394	0.07413579248165515	0.4357469257961913	1.0	2
DLBCL11432	0.1038610021122836	0.22825493163107616	0.1470422350655035	0.08507362496144306	0.4357682062296935	0.4357682062296935	0.0	4
DLBCL_RICOVER_478	0.10835886112426202	0.22797249749898407	0.14190399176972088	0.08577997823048417	0.43598467137654884	0.43598467137654884	1.0	4
DLBCL11516	0.23586732240361197	0.07001552283347103	0.12655186231392	0.13125876652235835	0.43630652592663877	0.43630652592663877	1.0	4
DLBCL_DFCI_DLBCL_GOE16	0.12494681151304425	0.25471910252147306	0.4365571738920797	0.09923165028289395	0.08454526179050896	0.4365571738920797	2.0	2
DLBCL10485	0.09743822851049765	0.05966064087584724	0.4366957479560374	0.12163013248388316	0.28457525017373464	0.4366957479560374	4.0	2
DLBCL10884	0.21668549481257765	0.4398052686443278	0.10461965251021615	0.17696587092817104	0.06192371310470725	0.4398052686443278	0.0	1
DLBCL11677	0.09681495389503418	0.05743998535152162	0.4401680957726903	0.12104089444950218	0.2845360705312518	0.4401680957726903	0.0	2
DLBCL_C_D_1129_NULLPAIR	0.11360530873219911	0.0806846271593138	0.44117667928064064	0.24424400502369673	0.12028937980414971	0.44117667928064064	0.0	2
DLBCL_C_D_1103_NULLPAIR	0.2909832900902657	0.06687535732359096	0.4416520851843536	0.1048163516680947	0.09567291573369498	0.4416520851843536	3.0	2
DLBCL_C_D_1128_NULLPAIR	0.10714459834101586	0.22667630821418552	0.14110304569648888	0.08335630946575218	0.44171973828255756	0.44171973828255756	0.0	4
DLBCL10871	0.06728842648303852	0.44254348969044355	0.14486685326079018	0.035350577124092786	0.30995065344163497	0.44254348969044355	1.0	1
DLBCL11202	0.44262659018256456	0.16804590157686292	0.23330662882781728	0.09493961902506166	0.061081260387693535	0.44262659018256456	0.0	0
DLBCL10888	0.10850407042768576	0.21779154619327354	0.14470645899583648	0.08451554694107997	0.4444823774421243	0.4444823774421243	4.0	4
DLBCL_RICOVER_1299	0.10932617384826389	0.08478347412617275	0.4450953289277472	0.24078521589807972	0.12000980719973635	0.4450953289277472	4.0	2
DLBCL10453	0.4455142945373035	0.24242994124607778	0.12318546758469319	0.12988964492101643	0.05898065171090909	0.4455142945373035	1.0	0
DLBCL11678	0.06869918809039835	0.4473700089235599	0.1406540191150979	0.03613343015037673	0.3071433537205672	0.4473700089235599	3.0	1
DLBCL10843	0.11682876116014439	0.24328682953648675	0.44765002419523864	0.08810427041476183	0.10413011469336829	0.44765002419523864	0.0	2
DLBCL11515	0.12558923083448992	0.24297891086758514	0.44868707719127626	0.09531939520357935	0.0874253859030693	0.44868707719127626	2.0	2
DLBCL10995	0.113363065008889	0.08358303615711428	0.44906418304168905	0.23829514886748004	0.11569456692482749	0.44906418304168905	2.0	2
DLBCL10863	0.09477000073175532	0.05783102086555155	0.45159793652220614	0.11799577944789454	0.2778052624325925	0.45159793652220614	3.0	2
DLBCL11469	0.1214465076747687	0.24427751472831055	0.4516022354120495	0.09611727361242473	0.08655646857244652	0.4516022354120495	2.0	2
DLBCL_C_D_1133_NULLPAIR	0.259186261414335	0.10996274043171733	0.09978305246769503	0.07823769207197218	0.45283025361428036	0.45283025361428036	2.0	4
DLBCL_RICOVER_1081	0.11015538916697462	0.08259106375844272	0.45336382797317015	0.23343268170331696	0.1204570373980955	0.45336382797317015	4.0	2
DLBCL10846	0.2163501618565375	0.037196838955780964	0.11859642302196427	0.1727560438491294	0.45510053231658787	0.45510053231658787	1.0	4
DLBCL10852	0.08698921088866182	0.45606822532796054	0.22847598398005226	0.10711232865352191	0.1213542511498035	0.45606822532796054	4.0	1
DLBCL10928	0.06752429087717098	0.4564302918114495	0.12606161625253162	0.09243562052910019	0.2575481805297477	0.4564302918114495	0.0	1
DLBCL10893	0.10775461457734153	0.0814203870279039	0.45777257233698293	0.2391863388609585	0.11386608719681308	0.45777257233698293	4.0	2
DLBCL10977	0.04767187556309913	0.4590051971163385	0.14333543942819998	0.12855523131061508	0.22143225658174726	0.4590051971163385	4.0	1
DLBCL10501	0.4598909749778205	0.2636323541735695	0.16294661519335857	0.0813583381967903	0.03217171745846124	0.4598909749778205	2.0	0
DLBCL10898	0.21632628581472316	0.4602850936486694	0.2099419609551846	0.06587410875420843	0.047572550827214496	0.4602850936486694	4.0	1
DLBCL11191	0.24364431934258554	0.11815125566799706	0.46107429850651394	0.08926271812331127	0.0878674083595922	0.46107429850651394	0.0	2
DLBCL_RICOVER_1045	0.2450601195329844	0.1178898133076172	0.4614472062830913	0.09162704145191385	0.08397581942439318	0.4614472062830913	3.0	2
DLBC_FF_A7CW_TP_NB	0.10719453989253322	0.24186209851869078	0.46366172468330935	0.08658335573099207	0.10069828117447466	0.46366172468330935	4.0	2
DLBCL_RICOVER_522	0.4650422968751274	0.1325592278759589	0.08831300971310045	0.2523870820118234	0.06169838352398982	0.4650422968751274	2.0	0
DLBCL_RICOVER_826	0.17097554890480893	0.46529938563397844	0.14988082806310132	0.10946397232011862	0.10438026507799267	0.46529938563397844	0.0	1
DLBCL10869	0.11381843362591083	0.4655424544583275	0.12442041535853311	0.07350828135039814	0.22271041520683038	0.4655424544583275	0.0	1
DLBCL10844	0.09779849900370895	0.17525165525141448	0.09610485754273736	0.16510794011392016	0.4657370480882191	0.4657370480882191	0.0	4
DLBC_FF_8043_TP_NB	0.16103949210296836	0.4669138500119306	0.1529944636269173	0.10771909951511481	0.11133309474306882	0.4669138500119306	1.0	1
DLBCL10876	0.09379438753258759	0.46777884088267113	0.256894064541614	0.09763817912828587	0.08389452791484142	0.46777884088267113	4.0	1
DLBCL_C_D_1106_NULLPAIR	0.1276480375570386	0.15173217638027356	0.16073381973282563	0.09028722789267801	0.4695987384371842	0.4695987384371842	1.0	4
DLBCL10968	0.1685823614175713	0.47043141325252485	0.14593936691752935	0.10421858314256861	0.11082827526980597	0.47043141325252485	0.0	1
DLBCL_LS4619	0.2611946322314915	0.4705578984451398	0.11055849658804882	0.09327808429004507	0.06441088844527477	0.4705578984451398	4.0	1
DLBCL11510	0.17055529573404402	0.47161122092216506	0.1453721438203486	0.10760399542665094	0.1048573440967913	0.47161122092216506	4.0	1
DLBCL_RICOVER_945	0.16466509929520015	0.4725711515772123	0.14595461665979226	0.10645992339394998	0.11034920907384538	0.4725711515772123	0.0	1
DLBCL_C_D_1119_NULLPAIR	0.16491767117928127	0.47283566833252577	0.14593666984518644	0.1048444170420721	0.1114655736009344	0.47283566833252577	1.0	1
DLBCL_MC_F210_GWC	0.47308029559771775	0.08667797595133911	0.08692390124622762	0.2613905290080801	0.09192729819663538	0.47308029559771775	1.0	0
DLBCL10873	0.12992045052059867	0.09105804738989255	0.1651090608869375	0.13999976561679958	0.47391267558577177	0.47391267558577177	1.0	4
DLBC_FF_8062_TP_NB	0.09490845827377259	0.08010064500230611	0.4749312216205041	0.0794462436511346	0.2706134314522826	0.4749312216205041	3.0	2
DLBCL11187	0.15805895761370012	0.47499543649591935	0.14841748422658643	0.109835655171992	0.10869246649180202	0.47499543649591935	4.0	1
DLBCL10916	0.15972479913629642	0.4750486171783252	0.14822093838411177	0.10813187756839023	0.10887376773287641	0.4750486171783252	4.0	1
DLBCL11527	0.15800565768984906	0.47537786225625095	0.14951701888169744	0.10710674670923374	0.10999271446296884	0.47537786225625095	3.0	1
DLBCL11467	0.04467359541879783	0.476645976969459	0.22084009421032966	0.055871260851541774	0.20196907254987176	0.476645976969459	3.0	1
DLBCL10964	0.16067727071980878	0.47669330571920104	0.14511909907107629	0.1057399120769931	0.11177041241292075	0.47669330571920104	4.0	1
DLBCL_LS297	0.16686795290356624	0.47689692198490163	0.13810304848587193	0.11072825862865023	0.1074038179970099	0.47689692198490163	2.0	1
DLBCL_RICOVER_583	0.1583181787240095	0.47718330200137976	0.14493970971476947	0.10660721616146261	0.11295159339837867	0.47718330200137976	1.0	1
DLBCL_C_D_1131_NULLPAIR	0.1643011407338995	0.4773690558931652	0.14380583565614702	0.10486484481309553	0.10965912290369265	0.4773690558931652	1.0	1
DLBCL11429	0.13461824132889105	0.08727054705255055	0.164090888675811	0.13610957454117945	0.4779107484015679	0.4779107484015679	0.0	4
DLBCL10503	0.12879893284844687	0.08750650785753786	0.1620308519537373	0.14352957765493568	0.4781341296853423	0.4781341296853423	1.0	4
DLBCL11478	0.058434162888040576	0.034906313072721525	0.22039901181064794	0.2080787341988217	0.4781817780297682	0.4781817780297682	0.0	4
DLBCL11346	0.13152712545626105	0.08810833467899115	0.16017900739277394	0.14192582239784327	0.4782597100741305	0.4782597100741305	1.0	4
DLBCL10541	0.16074018457688938	0.47864558850489913	0.14440252723004995	0.10542666712743816	0.11078503256072328	0.47864558850489913	1.0	1
DLBCL_LS4054	0.16071363947866302	0.4788481356446181	0.14585852365524643	0.1044919720661611	0.11008772915531137	0.4788481356446181	1.0	1
DLBCL_LS3204	0.12974522557096219	0.0887202983997215	0.16196450070416288	0.14057280266135885	0.4789971726637946	0.4789971726637946	1.0	4
DLBCL_MC_F606_DMJ	0.1587045413931413	0.4815711899939857	0.14673820582389474	0.10725613017851601	0.10572993261046232	0.4815711899939857	2.0	1
DLBCL10865	0.15609590460722342	0.48285387095332377	0.14309105682655962	0.10844326660693986	0.10951590100595328	0.48285387095332377	4.0	1
DLBCL_RICOVER_1165	0.04917499272519004	0.16283880537635745	0.2173419587000228	0.08776254893206256	0.4828816942663671	0.4828816942663671	1.0	4
DLBCL_RICOVER_440	0.15975833006378887	0.4832114365974225	0.14234535439142093	0.10689399442018757	0.10779088452718007	0.4832114365974225	2.0	1
DLBCL_MAYO_DLBCL_5613	0.15759047523672998	0.48363482826788123	0.14638966863310948	0.10384975811806552	0.10853526974421383	0.48363482826788123	0.0	1
DLBCL11591	0.059510900457375046	0.038177380661625494	0.4844085684263837	0.06266296529030718	0.35524018516430855	0.4844085684263837	1.0	2
DLBCL_RICOVER_985	0.12745068134830467	0.08756213161825718	0.16141842355901284	0.13844587028790892	0.48512289318651647	0.48512289318651647	3.0	4
DLBCL_RICOVER_1269	0.13338708145167105	0.08632835603926234	0.15824815192194785	0.13683338867862155	0.48520302190849723	0.48520302190849723	2.0	4
DLBCL11666	0.12622614283153738	0.08838359155471646	0.16177598554901618	0.13816201415293264	0.48545226591179735	0.48545226591179735	2.0	4
DLBCL_RICOVER_408	0.13006467891488047	0.08738389016855029	0.1612203930558055	0.1358463542837316	0.4854846835770322	0.4854846835770322	2.0	4
DLBCL10930	0.15251358981279584	0.48572987287162345	0.14512411193832905	0.10836634434186368	0.10826608103538786	0.48572987287162345	4.0	1
DLBCL10483	0.0873443865749175	0.06787850593463117	0.2648275884963796	0.48630110018372624	0.0936484188103454	0.48630110018372624	1.0	3
DLBCL_C_D_1112_NULLPAIR	0.13310293858955408	0.0865561318799756	0.15440127446216362	0.13771814043594724	0.4882215146323595	0.4882215146323595	2.0	4
DLBCL10848	0.1234564868904624	0.08516628938720908	0.16320414006543002	0.13986353204086058	0.48830955161603795	0.48830955161603795	4.0	4
DLBCL10548	0.22035840957603184	0.15163024876340472	0.06683153360302317	0.07235059453296105	0.4888292135245792	0.4888292135245792	0.0	4
DLBC_FF_A7CR_TP_NB	0.1266005628535452	0.0891612552498922	0.15843531439121336	0.13674516140476914	0.48905770610058014	0.48905770610058014	4.0	4
DLBCL11458	0.12884023004407744	0.08750016982660322	0.1597390683826344	0.13483496645208862	0.4890855652945964	0.4890855652945964	2.0	4
DLBCL_RICOVER_451	0.1596258177946446	0.48942004518420434	0.13755853449409003	0.10582401451146288	0.10757158801559819	0.48942004518420434	0.0	1
DLBCL10858	0.1252204536669793	0.08746784804281318	0.15916982193161514	0.1382372465685105	0.489904629790082	0.489904629790082	3.0	4
DLBCL_MC_F500_ECU	0.12494864704124907	0.0857178359713977	0.16507198564337944	0.1334215426971709	0.4908399886468029	0.4908399886468029	1.0	4
DLBCL10936	0.1246657422336236	0.08851392716082354	0.1548946494058012	0.14064505451819903	0.4912806266815527	0.4912806266815527	2.0	4
DLBCL10866	0.12923186160349381	0.08845143345127997	0.1530078559951642	0.1374871708546587	0.4918216780954033	0.4918216780954033	4.0	4
DLBCL_LS3749	0.22396820495658928	0.16892509164367833	0.055530426237206915	0.059311313461111716	0.49226496370141376	0.49226496370141376	1.0	4
DLBCL_RICOVER_320	0.1303709024177913	0.08850867962199399	0.15272085545575265	0.1350414490811084	0.49335811342335373	0.49335811342335373	2.0	4
DLBCL10934	0.15802705080958787	0.4945852915980276	0.1429664669366725	0.10227081143560145	0.10215037922011058	0.4945852915980276	1.0	1
DLBCL_RICOVER_417	0.2250423879499612	0.11354763559284398	0.07879940920575718	0.49463190383966815	0.08797866341176952	0.49463190383966815	4.0	3
DLBCL_MC_F502_RFK	0.49467422687615276	0.04381024035274418	0.08741073943125555	0.15451453369574453	0.21959025964410292	0.49467422687615276	1.0	0
DLBCL11518	0.12250530435229046	0.08613631006534014	0.15718387004899873	0.13945489668618843	0.49471961884718224	0.49471961884718224	2.0	4
DLBCL_RICOVER_977	0.12463904069616244	0.08770071385421523	0.15798476969002562	0.13463056652101632	0.49504490923858036	0.49504490923858036	0.0	4
DLBCL10851	0.22190626760901583	0.14595420450990618	0.06484600371922723	0.07041958915397913	0.4968739350078716	0.4968739350078716	1.0	4
DLBCL_RICOVER_496	0.08436549327026603	0.2093386579350106	0.11247461464130636	0.49727627153288395	0.09654496262053315	0.49727627153288395	1.0	3
DLBCL10471	0.07445480485940377	0.0460935776923319	0.1415613960727869	0.4979309773574467	0.23995924401803082	0.4979309773574467	4.0	3
DLBCL_LS378	0.07110935975817481	0.09325631347677263	0.20722786340374563	0.4991793957979848	0.12922706756332208	0.4991793957979848	0.0	3
DLBCL11206	0.4997588315970944	0.052960245552810536	0.07659997542949522	0.2817129380695449	0.08896800935105494	0.4997588315970944	4.0	0
DLBCL10891	0.12572155640908111	0.5030722989418143	0.13101939660473583	0.08650042689384796	0.15368632115052078	0.5030722989418143	4.0	1
DLBCL11486	0.10563032609719741	0.06539280369448291	0.503361616276348	0.21910991386406162	0.10650534006791004	0.503361616276348	0.0	2
DLBCL10451	0.5041098514136966	0.118343215641971	0.133081465816083	0.11524811738945359	0.12921734973879584	0.5041098514136966	0.0	0
DLBCL_RICOVER_1060	0.1673767473401031	0.09915798670196496	0.16491975361191824	0.5045659576406265	0.06397955470538706	0.5045659576406265	1.0	3
DLBCL10910	0.1343172214919056	0.5048221903366185	0.1076323794612714	0.19668243605338934	0.05654577265681511	0.5048221903366185	2.0	1
DLBCL10913	0.506824556927473	0.09974998367275444	0.15347816381286306	0.15296209638111674	0.08698519920579273	0.506824556927473	0.0	0
DLBCL_C_D_1141_NULLPAIR	0.5087619113232389	0.09708397670800852	0.15284020421703848	0.15461206299320318	0.08670184475851085	0.5087619113232389	2.0	0
DLBCL10990	0.5092404231538272	0.09624924944443332	0.1562622662015145	0.1540269008975727	0.08422116030265227	0.5092404231538272	4.0	0
DLBCL10457	0.5102407043444389	0.13912250468504286	0.11650733228777378	0.09847913329831834	0.1356503253844261	0.5102407043444389	4.0	0
DLBCL10895	0.5115807284965759	0.13862029094762549	0.11504004672888153	0.10066036777213029	0.13409856605478682	0.5115807284965759	4.0	0
DLBCL11188	0.10001160411806036	0.06422419469263234	0.5117449585675515	0.21979750572405785	0.10422173689769794	0.5117449585675515	1.0	2
DLBCL10454	0.5128849002535275	0.09450241081914118	0.1515598507588338	0.15377688242718793	0.08727595574130961	0.5128849002535275	4.0	0
DLBCL11680	0.10153023054647703	0.09596098297836483	0.07919343250210295	0.20983829827427217	0.513477055698783	0.513477055698783	2.0	4
DLBCL10509	0.5143769085863494	0.1113148695124127	0.12956191648069698	0.11648211769976786	0.128264187720773	0.5143769085863494	0.0	0
DLBCL10954	0.5144888175306163	0.12393935781519552	0.12392473197404301	0.11110329051431062	0.12654380216583455	0.5144888175306163	1.0	0
DLBCL_RICOVER_469	0.5148404570986248	0.1411481345260098	0.1139659039321776	0.09689663690410864	0.1331488675390791	0.5148404570986248	2.0	0
DLBCL10464	0.515451759805911	0.13771686476874131	0.11815746004433061	0.09647036102430093	0.13220355435671624	0.515451759805911	2.0	0
DLBCL10513	0.12056492936654582	0.07812911849927999	0.5155640693151988	0.20977165259279804	0.07597023022617733	0.5155640693151988	3.0	2
DLBCL10515	0.5172167478819365	0.1171335729221968	0.12198072377665027	0.11342378112543124	0.13024517429378524	0.5172167478819365	0.0	0
DLBCL11002	0.51767826260986	0.24050936162430947	0.08430509781220516	0.0900238573215388	0.06748342063208657	0.51767826260986	3.0	0
DLBCL_RICOVER_174	0.5181807848444369	0.09391872457984254	0.15311931608601242	0.152004352010894	0.08277682247881418	0.5181807848444369	1.0	0
DFCIDL003_DT	0.5195675834964196	0.09170684374090643	0.15837454912703236	0.14722001372301935	0.08313100991262229	0.5195675834964196	1.0	0
DLBCL10878	0.5205817176003672	0.09831817832812074	0.14650215230534896	0.15088407694394027	0.08371387482222291	0.5205817176003672	4.0	0
DLBCL11519	0.52180611833371	0.11194515914975259	0.12648941462065957	0.11221025926839402	0.12754904862748376	0.52180611833371	0.0	0
DLBCL_RICOVER_267	0.5218937865054407	0.23918159477875553	0.07926056459177977	0.09213245851041331	0.0675315956136106	0.5218937865054407	2.0	0
DLBCL_C_D_1153_NULLPAIR	0.521906794310728	0.1609439790929057	0.11139303047680983	0.11347697097099999	0.09227922514855645	0.521906794310728	3.0	0
DFCIDL010_DT	0.10703963603267108	0.1933409758359641	0.5222747190774953	0.09345437493384884	0.08389029412002066	0.5222747190774953	0.0	2
DLBCL11434	0.5225191331207993	0.0931681307238069	0.15419654140070654	0.14931114468763124	0.0808050500670559	0.5225191331207993	0.0	0
DLBCL_C_D_1144_NULLPAIR	0.5229059530301946	0.09317164422577383	0.15156116733933606	0.1479996437985384	0.08436159160615715	0.5229059530301946	4.0	0
DLBCL_RICOVER_1032	0.2938705284880394	0.05485521420707727	0.04617016744327246	0.08116374109132675	0.5239403487702841	0.5239403487702841	4.0	4
DLBCL11581	0.5241956444330798	0.11493646844565517	0.12648633912164275	0.10833217111265807	0.12604937688696424	0.5241956444330798	4.0	0
DLBCL11541	0.13210676796473417	0.13457078479110202	0.12567024003272415	0.08198371996558595	0.5256684872458538	0.5256684872458538	2.0	4
DLBCL11526	0.5271391162343498	0.09191141204694699	0.15117687382810516	0.14973544390162652	0.08003715398897142	0.5271391162343498	2.0	0
DLBCL_MAYO_DLBCL_7359	0.5286999774552543	0.13529204137911105	0.10830018559337536	0.09533588835264875	0.13237190721961042	0.5286999774552543	1.0	0
DLBCL_RICOVER_577	0.17228447820738027	0.04460660626188568	0.1805646411141261	0.07328698463984525	0.5292572897767628	0.5292572897767628	2.0	4
DLBCL10889	0.13781973312352036	0.13297364228803196	0.1183410167134887	0.08089921417839312	0.5299663936965658	0.5299663936965658	4.0	4
DLBCL_RICOVER_829	0.5313017652296217	0.09122912131023961	0.14510390650685065	0.14946119664940247	0.08290401030388558	0.5313017652296217	0.0	0
DLBCL10539	0.13622606442554178	0.1329167354688079	0.1207857330756882	0.07816184207880406	0.5319096249511581	0.5319096249511581	3.0	4
DLBCL_LS2208	0.5331099632054721	0.1134707817422106	0.1238081014126548	0.1069274096510135	0.12268374398864898	0.5331099632054721	4.0	0
DLBCL11509	0.1290582065017119	0.0954551508822362	0.5334903002486349	0.10488048444221809	0.13711585792519898	0.5334903002486349	0.0	2
DLBCL10963	0.08571357148030155	0.058540573078050155	0.09785707857382309	0.5349961306943114	0.2228926461735138	0.5349961306943114	4.0	3
DLBCL_C_D_1148_NULLPAIR	0.13219620720820152	0.1327130698230223	0.11967989825901056	0.07925126235836272	0.5361595623514028	0.5361595623514028	0.0	4
DLBCL11447	0.09773322108519149	0.10064397144344314	0.184753942249017	0.5367355354778572	0.08013332974449118	0.5367355354778572	3.0	3
DLBCL10842	0.12966329942318805	0.09171162286107332	0.5370271861869904	0.10833614263447348	0.13326174889427483	0.5370271861869904	4.0	2
DLBC_FF_A7CX_TP_NB	0.1300565100236077	0.09891008850635825	0.1410241498526978	0.5378620618078489	0.0921471898094873	0.5378620618078489	4.0	3
DLBCL11658	0.15158638944560943	0.07591483545862594	0.0708427139847506	0.1631708409508606	0.5384852201601535	0.5384852201601535	3.0	4
DLBCL11441	0.12527585154955811	0.09707515963023176	0.5386245886860079	0.1056497927751805	0.1333746073590217	0.5386245886860079	2.0	2
DLBCL_C_D_1113_NULLPAIR	0.13276425383202878	0.13302216758905727	0.11603900804026582	0.07883180195186486	0.5393427685867832	0.5393427685867832	2.0	4
DLBCL11528	0.1280003377173645	0.13525564987895136	0.11810768624466697	0.07915572002081392	0.5394806061382033	0.5394806061382033	2.0	4
DLBCL_RICOVER_134	0.12900658816348248	0.09491650585918596	0.5394946949768745	0.10677441919305292	0.12980779180740404	0.5394946949768745	4.0	2
DLBCL10986	0.09138623757025635	0.056341061798034046	0.09225757178804482	0.5403221946763112	0.21969293416735367	0.5403221946763112	0.0	3
DLBCL_LS1304	0.2825011018348815	0.05913602193146586	0.07123641694289283	0.5427367577565326	0.04438970153422729	0.5427367577565326	2.0	3
DLBCL11194	0.1229713698543339	0.09401013048141409	0.5447222812471283	0.1089749337293862	0.12932128468773754	0.5447222812471283	4.0	2
DLBCL_RICOVER_506	0.12452321995293983	0.08849143554897726	0.5447253133481081	0.10664548606315587	0.13561454508681892	0.5447253133481081	4.0	2
DLBCL11564	0.13021575930244583	0.09266467467619961	0.5455589131304771	0.10199703554610458	0.1295636173447729	0.5455589131304771	3.0	2
DLBCL_MC_F349_BJJ	0.124897685224834	0.09192569027588451	0.5455838396106334	0.10624372358473472	0.13134906130391333	0.5455838396106334	2.0	2
DLBCL_LS3809	0.12498848637718103	0.09446724070814597	0.5461676049413023	0.10877169601523386	0.12560497195813683	0.5461676049413023	0.0	2
DLBCL_RICOVER_274	0.12216201009538254	0.0955374847658692	0.5473393819411468	0.10379843193624952	0.13116269126135197	0.5473393819411468	3.0	2
DLBCL_RICOVER_253	0.5474714096327252	0.23905718514952534	0.11979459642443027	0.0599053125016034	0.033771496291715775	0.5474714096327252	1.0	0
DLBCL10914	0.1252716046837764	0.0930938794927188	0.5481186823803338	0.10639400454875647	0.1271218288944145	0.5481186823803338	0.0	2
DLBCL11449	0.12239711988020344	0.09384626396141127	0.5493140141275634	0.10367298374158815	0.13076961828923367	0.5493140141275634	1.0	2
DLBCL10985	0.11120183690062375	0.08482975085647416	0.5494520560100108	0.0951724237962633	0.15934393243662792	0.5494520560100108	1.0	2
DLBCL11576	0.12313049053805594	0.08947959874352197	0.5498445822642282	0.10334674911776816	0.13419857933642573	0.5498445822642282	3.0	2
DLBCL11679	0.12348021096462192	0.0926470440539902	0.5505175492813081	0.1056441215491251	0.12771107415095467	0.5505175492813081	1.0	2
DLBCL_RICOVER_1192	0.12056174956073457	0.09300522010018009	0.5512794753913182	0.104168330030885	0.13098522491688216	0.5512794753913182	4.0	2
DLBCL_LS843	0.12118822055047195	0.08940966015687574	0.5539037878433692	0.10878079635994416	0.1267175350893389	0.5539037878433692	2.0	2
DLBCL_RICOVER_258	0.07052344206629847	0.07960138036856805	0.11252691388276732	0.5543480587472477	0.1830002049351185	0.5543480587472477	2.0	3
DLBCL10517	0.11164124014909618	0.08652005363993859	0.5570396332584036	0.09007195868858799	0.15472711426397362	0.5570396332584036	1.0	2
DLBCL11004	0.10791383583661825	0.08455226822298471	0.5591609749637159	0.09277152880406236	0.15560139217261879	0.5591609749637159	4.0	2
DLBCL10497	0.5666289161574277	0.03634273040697679	0.1720323919501107	0.0858021559633402	0.13919380552214466	0.5666289161574277	3.0	0
DLBCL_LS1395	0.06001096265790986	0.5678839506683413	0.07049128940352263	0.04316482070044525	0.258448976569781	0.5678839506683413	2.0	1
DLBCL11430	0.5711523624658444	0.0975984810106033	0.06646325938419861	0.19238299970691503	0.0724028974324386	0.5711523624658444	0.0	0
DLBCL10495	0.0912443934560193	0.5733023579858351	0.1286817021173064	0.1503161374294903	0.05645540901134901	0.5733023579858351	0.0	1
DLBCL_C_D_1126_NULLPAIR	0.09358198375183963	0.13118830983676708	0.5735052575846689	0.10246026477094598	0.09926418405577846	0.5735052575846689	1.0	2
DLBCL_LS4616	0.08197125971146679	0.5746423389537921	0.09641007217660405	0.06196518755278268	0.18501114160535437	0.5746423389537921	2.0	1
DLBCL10868	0.5762287771165618	0.04090630309349536	0.07345395832906464	0.187250856594534	0.1221601048663441	0.5762287771165618	3.0	0
DLBCL_LS2599	0.18144344110270874	0.04147628815584475	0.08861244142786152	0.10947836442258269	0.5789894648910023	0.5789894648910023	2.0	4
DLBCL_RICOVER_850	0.18202356005633166	0.038805137878126957	0.08757767803439198	0.11037623617998973	0.5812173878511597	0.5812173878511597	4.0	4
DLBCL10901	0.08174707545067016	0.1152043749376085	0.10056470854616081	0.11645810404248094	0.5860257370230796	0.5860257370230796	4.0	4
DLBCL11464	0.08218230310113651	0.12264407716055227	0.5860679984586016	0.0912841165639541	0.11782150471575543	0.5860679984586016	3.0	2
DLBCL_RICOVER_173	0.086448336105207	0.12512845606703657	0.5955161397401524	0.09691630980210318	0.09599075828550094	0.5955161397401524	4.0	2
DLBCL11003	0.0753520435506952	0.053110166778289884	0.5958895447698594	0.17644868542996633	0.09919955947118915	0.5958895447698594	1.0	2
DLBCL11507	0.10672620639249866	0.07258894005323116	0.5973901670764356	0.10344383834942121	0.11985084812841337	0.5973901670764356	1.0	2
DLBCL10782	0.1468159953963487	0.09270617461789739	0.08137454334809145	0.5979689195494053	0.08113436708825718	0.5979689195494053	3.0	3
DLBCL10907	0.10638019979992885	0.07106031414750284	0.5993834513357029	0.09817640661979118	0.12499962809707413	0.5993834513357029	1.0	2
DLBC_FF_8046_TP_NB	0.059597019015420194	0.09812873775953844	0.19519770391366256	0.046487790526357035	0.6005887487850218	0.6005887487850218	2.0	4
DLBCL_RICOVER_712	0.10351031273562189	0.6014356654888475	0.13052243386288986	0.08906486563525516	0.07546672227738555	0.6014356654888475	4.0	1
DLBCL_C_D_1163_NULLPAIR	0.1044287646139768	0.0715107545209145	0.6034919014862701	0.09799426296014589	0.12257431641869276	0.6034919014862701	4.0	2
DLBCL11495	0.11220635063541605	0.07095350231852389	0.6050412482489299	0.09690567613152774	0.11489322266560234	0.6050412482489299	4.0	2
DLBCL_LS1683	0.159937866083627	0.08309750079080284	0.07902436581223013	0.07259514342201476	0.6053451238913252	0.6053451238913252	1.0	4
DLBCL10492	0.10158848604457076	0.6056270940409684	0.13450358905910303	0.0862624967156378	0.07201833413972006	0.6056270940409684	0.0	1
DLBCL11656	0.05006672850637101	0.0995590412547124	0.07672325625269924	0.16791900208402682	0.6057319719021905	0.6057319719021905	2.0	4
DLBCL11671	0.08298381570243789	0.16311611915266083	0.07365670218115358	0.06740688951299376	0.612836473450754	0.612836473450754	0.0	4
DLBCL10875	0.06467943086343116	0.04377357390420849	0.20158448020815667	0.06631608781585067	0.6236464272083531	0.6236464272083531	0.0	4
DLBCL11669	0.04578808104785205	0.15074555680976573	0.11404561612944769	0.06506159027144882	0.6243591557414857	0.6243591557414857	2.0	4
DLBCL11513	0.07827328628196377	0.15307023855627497	0.07417752776260195	0.06535292025542425	0.629126027143735	0.629126027143735	4.0	4
DLBCL11433	0.12705480239584155	0.14036084507547839	0.6319823326305994	0.061805438664390235	0.03879658123369043	0.6319823326305994	3.0	2
DLBCL10565	0.6430968961616512	0.08615009648906624	0.07998768277631686	0.08156147825725993	0.1092038463157057	0.6430968961616512	3.0	0
DLBCL10532	0.6465720998497264	0.04577987013008521	0.06607060762410664	0.08912077348612311	0.15245664890995864	0.6465720998497264	4.0	0
DLBCL_C_D_1115_NULLPAIR	0.0964679157120643	0.022079816526256426	0.14406950712429828	0.09040054031422677	0.6469822203231542	0.6469822203231542	3.0	4
DLBCL11590	0.07013288028472639	0.6495038836622056	0.12032614741167408	0.06858935075232894	0.09144773788906503	0.6495038836622056	2.0	1
DLBCL10461	0.07277785927947474	0.655040470520903	0.11084697776178791	0.0693529620793493	0.09198173035848511	0.655040470520903	1.0	1
DLBCL10494	0.055313398158278175	0.6558942077848968	0.03445320206917249	0.025126314542046033	0.22921287744560653	0.6558942077848968	1.0	1
DLBCL_RICOVER_467	0.663032098960272	0.160275737927694	0.059552638132268645	0.06931854200161491	0.04782098297815034	0.663032098960272	1.0	0
DLBCL_C_D_1114_NULLPAIR	0.6644146395251108	0.050395098122498316	0.058447593910308335	0.07676313638802656	0.149979532054056	0.6644146395251108	0.0	0
DLBCL10984	0.07899135756220606	0.6665142305339036	0.05523893272877135	0.09586874511744778	0.10338673405767117	0.6665142305339036	4.0	1
DLBCL_LS2357	0.6714893474824258	0.030137008036865445	0.08753461309497607	0.13998207940054316	0.07085695198518956	0.6714893474824258	3.0	0
DLBCL10525	0.06455279207741761	0.6872326832189819	0.0891635217667224	0.052869822660059074	0.10618118027681893	0.6872326832189819	0.0	1
DLBCL_C_D_1135_NULLPAIR	0.6904587157770606	0.08504760335079378	0.06764368053584163	0.07023235370932503	0.08661764662697895	0.6904587157770606	1.0	0
DLBCL10997	0.06883687824170505	0.04105902341398642	0.09570183646415596	0.10337373624818613	0.6910285256319665	0.6910285256319665	0.0	4
DLBCL_MC_F927_JHS	0.692842729225356	0.14198355948961813	0.05074345866787082	0.06855650798364851	0.04587374463350662	0.692842729225356	4.0	0
DLBCL_RICOVER_1235	0.03488846193579361	0.058974240063807165	0.6939606082408664	0.044448980097612785	0.1677277096619201	0.6939606082408664	1.0	2
DLBCL_RICOVER_617	0.06630034160249833	0.041177642076340185	0.09539425632196724	0.09977960878001113	0.697348151219183	0.697348151219183	3.0	4
DLBCL_C_D_1156_NULLPAIR	0.061021332637456356	0.12633435210047	0.07181313918894253	0.042105042760327935	0.6987261333128032	0.6987261333128032	0.0	4
DLBCL10972	0.6989764466008503	0.07639953376813446	0.07314524440743587	0.0691816759345751	0.08229709928900418	0.6989764466008503	0.0	0
DLBCL10917	0.06678185609101545	0.040038819778638296	0.09088632583414687	0.10311266457593228	0.6991803337202671	0.6991803337202671	1.0	4
DLBCL_LS2590	0.06828831367770812	0.039704153764507664	0.09241903454233848	0.09916966805501903	0.7004188299604267	0.7004188299604267	3.0	4
DLBCL_LS951	0.09898194845186925	0.0772378091256589	0.05913855003516094	0.7045488534665982	0.0600928389207127	0.7045488534665982	0.0	3
DLBCL11470	0.08395996599981649	0.7061553090843753	0.05998528560850104	0.043419237298571174	0.10648020200873605	0.7061553090843753	0.0	1
DLBCL11440	0.05704474065216324	0.08464034215803724	0.08398050109104996	0.06644385807307626	0.7078905580256732	0.7078905580256732	4.0	4
DLBCL_LS1065	0.0574269728733114	0.7085265549393838	0.1200643212790989	0.0588279905518659	0.055154160356340035	0.7085265549393838	1.0	1
DLBCL10837	0.06352131970534905	0.708843752266197	0.05532403991099478	0.0381750410380184	0.1341358470794408	0.708843752266197	4.0	1
DLBCL_RICOVER_701	0.08031406763943104	0.7089310278111751	0.060057172802213496	0.04571114510686009	0.10498658664032032	0.7089310278111751	3.0	1
DLBCL10950	0.07358898072147915	0.0684505203249649	0.7100794304210916	0.07653017087301489	0.07135089765944953	0.7100794304210916	0.0	2
DLBCL_LS3245	0.06409001942940706	0.0399925587767569	0.08982026366762287	0.09536784548994041	0.7107293126362728	0.7107293126362728	1.0	4
DLBCL11480	0.07123031863244222	0.0416790019907616	0.07568236702029801	0.7124554655921623	0.09895284676433586	0.7124554655921623	0.0	3
DLBCL11569	0.09943226773846378	0.7157856783964401	0.07597387405783235	0.060597176295397986	0.048211003511865864	0.7157856783964401	2.0	1
DLBCL11537	0.09518305752745847	0.7185664811078234	0.0776793246566665	0.05985470195399466	0.04871643475405701	0.7185664811078234	0.0	1
DLBCL_MC_F739_AMA3	0.09478241838448258	0.7217404240190984	0.0779262072398666	0.05976784036195167	0.045783109994600724	0.7217404240190984	1.0	1
DLBCL11663	0.12311799892876081	0.7267602750149692	0.04998732770035796	0.07539775016166579	0.024736648194246248	0.7267602750149692	0.0	1
DFCIDL004_DT	0.13074934343775263	0.7282291458357905	0.040166013042808424	0.0742114640960234	0.026644033587625047	0.7282291458357905	4.0	1
DLBCL_LS2089	0.07299477403892153	0.03673345631881786	0.0481252332009823	0.10975010328001777	0.7323964331612605	0.7323964331612605	1.0	4
DLBCL11208	0.07059227176425917	0.7401888371025122	0.06434101030742839	0.04322691995947974	0.08165096086632052	0.7401888371025122	1.0	1
DLBCL_C_D_1149_NULLPAIR	0.04971351384786382	0.036851591819722036	0.7416196448791774	0.05096535316747084	0.12084989628576591	0.7416196448791774	1.0	2
DLBCL10932	0.7540513979746859	0.09201655579261832	0.03669102130113278	0.05691612907111366	0.06032489586044935	0.7540513979746859	3.0	0
DLBCL10465	0.0640443819459608	0.05045738914400233	0.07050519981870278	0.059463304548096486	0.7555297245432376	0.7555297245432376	2.0	4
DLBCL11512	0.0962297009555395	0.029550398210786272	0.05582053711279865	0.062413128734083556	0.7559862349867921	0.7559862349867921	0.0	4
DLBCL10463	0.06349990215959309	0.05131385987551464	0.06797270243081549	0.057430110216334186	0.7597834253177426	0.7597834253177426	4.0	4
DLBCL10957	0.06356656854306887	0.0509379957857592	0.06608775095461364	0.05628080556292648	0.7631268791536319	0.7631268791536319	0.0	4
DLBCL_C_D_1118_NULLPAIR	0.7669003416829473	0.06409254426258916	0.05220467211835649	0.05968813461926153	0.05711430731684548	0.7669003416829473	1.0	0
DLBC_FF_A7CQ_TP_NB	0.02679855439999868	0.04422732879196181	0.04390646012747913	0.1173437206086751	0.7677239360718853	0.7677239360718853	4.0	4
DLBCL_RICOVER_151	0.044380952876600835	0.7854693939006308	0.05542255993772932	0.07438357663847983	0.04034351664655929	0.7854693939006308	3.0	1
DLBCL10490	0.059436489893567555	0.800473757506413	0.07137730698788608	0.04004641477867107	0.028666030833462215	0.800473757506413	0.0	1
DLBCL_MC_F496DMP	0.042524549444755755	0.0823292117250434	0.03502174403430975	0.031999520531360216	0.8081249742645309	0.8081249742645309	1.0	4
DLBCL10780	0.8127792940403076	0.040741795652519994	0.045174663165059664	0.05779739115715918	0.043506855984953595	0.8127792940403076	1.0	0
DLBCL10978	0.03768742841244349	0.06011032598991877	0.043148536144961336	0.04589073921600635	0.8131629702366701	0.8131629702366701	3.0	4
DLBCL11534	0.8466750527761323	0.055723168949411664	0.022055573288340347	0.03278342103464552	0.04276278395147013	0.8466750527761323	2.0	0
DLBCL_LS1757	0.04557311989001035	0.857945233992059	0.03221013387515339	0.024446298067655116	0.03982521417512211	0.857945233992059	0.0	1
DLBCL_LS1921	0.030587248699926555	0.8596334934652045	0.04028207892823287	0.02643095188119506	0.0430662270254411	0.8596334934652045	1.0	1
DLBCL_RICOVER_1278	0.030638392157048805	0.02341139639258793	0.037408430561261606	0.04015945138122638	0.8683823295078753	0.8683823295078753	4.0	4
