	C1	C2	C3	C4	C5	Confidence	True Cluster	Predicted Cluster
DLBCL_MC_F927_JHS	0.21401359	0.19521143	0.23302321	0.14502484	0.21272694	0.23302321	4.0	2
DLBCL_RICOVER_910	0.21059042	0.19396164	0.21513265	0.1438145	0.2365008	0.2365008	0.0	4
DLBCL_RICOVER_496	0.21543546	0.19023219	0.21428505	0.14338313	0.23666416	0.23666416	1.0	4
DLBCL_C_D_PAIR13	0.23760128	0.19234003	0.20938626	0.15165713	0.2090153	0.23760128	4.0	0
DLBCL_MC_F307_JPS	0.2074929	0.18963408	0.21909282	0.14588782	0.23789237	0.23789237	0.0	4
DLBCL11504	0.209488	0.18938895	0.21470693	0.14591415	0.24050196	0.24050196	3.0	4
DLBCL11663	0.2011765	0.1922914	0.24129608	0.14724414	0.21799189	0.24129608	0.0	2
DLBCL10503	0.2484476	0.1502942	0.2375375	0.035359222	0.32836148	0.32836148	1.0	4
DLBCL_RICOVER_478	0.3306383	0.2513698	0.05001702	0.075315356	0.29265952	0.3306383	1.0	0
DLBCL_RICOVER_712	0.08530721	0.28723523	0.05613817	0.23479961	0.33651978	0.33651978	4.0	4
DLBCL11455	0.25721204	0.25716984	0.33660457	0.105817035	0.04319651	0.33660457	3.0	2
DLBCL_RICOVER_320	0.14959264	0.33716434	0.21486324	0.13398997	0.16438982	0.33716434	2.0	1
DLBCL11446	0.1032025	0.21812564	0.2696841	0.338117	0.070870735	0.338117	1.0	3
DLBCL11576	0.09391031	0.34526908	0.10789231	0.14056389	0.31236443	0.34526908	3.0	1
DLBCL11671	0.30982724	0.05023892	0.3543417	0.26013803	0.025454149	0.3543417	0.0	2
DLBCL10512	0.061171465	0.29858467	0.13077936	0.15368094	0.35578355	0.35578355	2.0	4
DLBCL_RICOVER_850	0.017228333	0.35778522	0.15765074	0.16203542	0.3053003	0.35778522	4.0	1
DLBCL10456	0.3024675	0.14024085	0.08659195	0.35817537	0.11252433	0.35817537	3.0	3
DLBCL_RICOVER_617	0.3624631	0.09761379	0.19661385	0.31375733	0.029551957	0.3624631	3.0	0
DLBCL10974	0.05845828	0.0955152	0.16551228	0.37200442	0.30850983	0.37200442	3.0	3
DLBCL11507	0.24587247	0.28826198	0.37893397	0.052442316	0.034489267	0.37893397	1.0	2
DLBCL10885	0.3250762	0.3820496	0.032607086	0.1703916	0.08987554	0.3820496	1.0	1
DLBCL_MC_F500_ECU	0.38370067	0.29093927	0.08737494	0.19115931	0.046825793	0.38370067	1.0	0
DLBCL10899	0.3838612	0.10258559	0.019508205	0.1915473	0.30249768	0.3838612	4.0	0
DLBCL10904	0.2101257	0.0655173	0.3889351	0.07284039	0.26258153	0.3889351	4.0	2
DLBCL_RICOVER_583	0.028635563	0.38990802	0.30897307	0.058632422	0.21385093	0.38990802	1.0	1
DLBCL11519	0.35235065	0.3900303	0.049176324	0.18128003	0.027162706	0.3900303	0.0	1
DLBCL10898	0.39260682	0.03141856	0.06624218	0.23109499	0.27863747	0.39260682	4.0	0
DLBCL10994	0.11061987	0.39557743	0.24371405	0.13800229	0.11208635	0.39557743	0.0	1
DLBCL10895	0.020001432	0.3966967	0.22892326	0.057671882	0.29670674	0.3966967	4.0	1
DLBCL10915	0.18600452	0.08683034	0.07294057	0.40408742	0.25013715	0.40408742	4.0	3
DLBCL10514	0.07838381	0.4057848	0.28675658	0.21318734	0.015887504	0.4057848	2.0	1
DLBCL11538	0.120835565	0.01635294	0.17595771	0.4091699	0.27768385	0.4091699	3.0	3
DLBCL10862	0.043689717	0.17277314	0.32720765	0.045417886	0.41091162	0.41091162	4.0	4
DLBCL11202	0.026015384	0.20895182	0.4183078	0.3189024	0.027822588	0.4183078	0.0	2
DLBCL_LS2208	0.07339392	0.4187828	0.124191806	0.07435709	0.30927438	0.4187828	4.0	1
DLBCL_LS3204	0.100134276	0.14243478	0.42003387	0.14099541	0.19640164	0.42003387	1.0	2
DLBCL11510	0.42056352	0.18482846	0.06967994	0.093031056	0.23189704	0.42056352	4.0	0
DLBCL_MC_F210_GWC	0.07207971	0.084992066	0.092459306	0.42333063	0.3271383	0.42333063	1.0	3
DLBCL11003	0.029017292	0.42778155	0.050078925	0.1629276	0.33019462	0.42778155	1.0	1
DLBCL_LS4619	0.09698893	0.43294123	0.0654418	0.30958074	0.095047295	0.43294123	4.0	1
DLBCL_C_D_1129_NULLPAIR	0.05152705	0.36899137	0.43363923	0.06851164	0.07733072	0.43363923	0.0	2
DLBCL10539	0.035895173	0.43564504	0.36442026	0.041947234	0.122092284	0.43564504	3.0	1
DLBCL10865	0.43621483	0.18030632	0.05170093	0.07371401	0.25806388	0.43621483	4.0	0
DLBCL11480	0.119440846	0.23062159	0.43649185	0.04237696	0.17106876	0.43649185	0.0	2
DLBCL10955	0.05612654	0.4386856	0.084053524	0.17917326	0.2419611	0.4386856	3.0	1
DLBCL10873	0.05787893	0.22155839	0.10486925	0.44301704	0.1726764	0.44301704	1.0	3
DLBCL10472	0.29914582	0.019365298	0.44420537	0.2204981	0.016785406	0.44420537	2.0	2
DLBCL11479	0.1702643	0.44650868	0.16003752	0.10897682	0.11421269	0.44650868	1.0	1
DLBCL10527	0.03814413	0.061522253	0.12534462	0.4474978	0.3274912	0.4474978	3.0	3
DLBCL_RICOVER_338	0.45448774	0.025032083	0.2321978	0.19275472	0.09552767	0.45448774	0.0	0
DLBCL10852	0.042389434	0.045645062	0.06303824	0.45546922	0.39345807	0.45546922	4.0	3
DLBCL_RICOVER_575	0.18954778	0.10037756	0.4577381	0.23325765	0.019078897	0.4577381	3.0	2
DLBCL10462	0.026372729	0.026958415	0.29852918	0.18976188	0.4583778	0.4583778	0.0	4
DLBCL_RICOVER_111	0.025199207	0.12101468	0.460504	0.03476211	0.35852	0.460504	4.0	2
DLBCL10961	0.016840434	0.46147335	0.16743588	0.10053906	0.25371128	0.46147335	4.0	1
DLBCL_RICOVER_711	0.2791274	0.099277824	0.06116416	0.4620458	0.09838486	0.4620458	3.0	3
DFCIDL004_DT	0.46246845	0.102281936	0.08428779	0.07116002	0.2798018	0.46246845	4.0	0
DLBCL11516	0.10179859	0.21114717	0.18329284	0.040129278	0.46363214	0.46363214	1.0	4
DLBCL_LS4054	0.16610155	0.46367112	0.15674055	0.10899468	0.10449209	0.46367112	1.0	1
DLBCL10837	0.3920785	0.01752674	0.039977252	0.0862028	0.4642147	0.4642147	4.0	4
DLBCL_C_D_1106_NULLPAIR	0.46580827	0.31383768	0.07897324	0.1050636	0.036317207	0.46580827	1.0	0
DLBCL10936	0.16768348	0.46586692	0.15512739	0.10786474	0.10345746	0.46586692	2.0	1
DLBCL10909	0.064826526	0.019383945	0.054709937	0.46705946	0.3940201	0.46705946	4.0	3
DLBCL_MC_F064AB	0.05998295	0.097674236	0.3462671	0.46923167	0.026844038	0.46923167	2.0	3
DLBCL11675	0.042781267	0.012482472	0.4739818	0.089740634	0.3810138	0.4739818	2.0	2
DLBCL_RICOVER_1081	0.12126294	0.024696313	0.05524165	0.47421578	0.32458332	0.47421578	4.0	3
DLBCL10566	0.06738456	0.47488737	0.08211386	0.03782319	0.337791	0.47488737	4.0	1
DLBCL11467	0.13304158	0.09313306	0.14719829	0.14791982	0.47870725	0.47870725	3.0	4
DLBCL11470	0.4788073	0.015512782	0.2559712	0.20559457	0.044114154	0.4788073	0.0	0
DLBCL_LS4616	0.0363524	0.32581884	0.4791255	0.06084707	0.097856194	0.4791255	2.0	2
DLBCL10464	0.4806185	0.038855247	0.41212237	0.04818846	0.020215413	0.4806185	2.0	0
DLBCL10980	0.015375915	0.48063287	0.18906888	0.09872152	0.21620081	0.48063287	4.0	1
DLBCL_RICOVER_1060	0.060531497	0.34622917	0.06542556	0.045186922	0.48262686	0.48262686	1.0	4
DLBCL11473	0.38905472	0.028809236	0.025671732	0.4839589	0.072505414	0.4839589	0.0	3
DLBCL_C_D_1152_NULLPAIR	0.03570742	0.42499563	0.4849111	0.035569325	0.018816525	0.4849111	1.0	2
DLBCL10972	0.29188806	0.038858738	0.060163334	0.12290219	0.48618767	0.48618767	0.0	4
DLBCL_C_D_1115_NULLPAIR	0.1849236	0.20470199	0.099229924	0.48844266	0.02270182	0.48844266	3.0	3
DLBCL_LS2328	0.27401608	0.10815664	0.48899075	0.11911841	0.009718136	0.48899075	2.0	2
DLBCL_RICOVER_314	0.03940918	0.3536976	0.07012514	0.047100116	0.48966798	0.48966798	4.0	4
DLBCL_C_D_1103_NULLPAIR	0.48994625	0.042697936	0.17832936	0.25324753	0.03577892	0.48994625	3.0	0
DLBCL10488	0.49398685	0.09299015	0.28822067	0.11593673	0.008865596	0.49398685	0.0	0
DLBCL11558	0.06873484	0.017950492	0.4956913	0.3537312	0.0638922	0.4956913	2.0	2
DLBCL_RICOVER_417	0.03310653	0.18892442	0.08488144	0.19432849	0.49875912	0.49875912	4.0	4
DLBCL_LS3809	0.5010839	0.18012595	0.12581176	0.021510521	0.17146784	0.5010839	0.0	0
DLBCL_RICOVER_134	0.04207699	0.50238997	0.0365544	0.10079715	0.3181815	0.50238997	4.0	1
DLBCL10454	0.10847277	0.5024398	0.043853432	0.017279057	0.32795492	0.5024398	4.0	1
DLBCL10985	0.07701692	0.33878568	0.038771212	0.04195857	0.5034676	0.5034676	1.0	4
DLBCL11591	0.027735459	0.5035437	0.4134904	0.026539085	0.028691342	0.5035437	1.0	1
DLBCL11566	0.16274093	0.043725263	0.2574457	0.5037911	0.03229702	0.5037911	2.0	3
DLBCL11495	0.23102269	0.014122805	0.03043943	0.22030732	0.5041078	0.5041078	4.0	4
DLBCL10549	0.10665564	0.28904167	0.5052942	0.08769521	0.011313314	0.5052942	2.0	2
DLBCL11437	0.03481566	0.024702663	0.08973087	0.5066949	0.34405592	0.5066949	3.0	3
DLBCL10863	0.5092343	0.027987707	0.025220884	0.40998608	0.02757098	0.5092343	3.0	0
DLBCL11523	0.5093804	0.07180615	0.11747312	0.07262209	0.22871822	0.5093804	0.0	0
DLBCL11441	0.5099726	0.046499133	0.2866876	0.073006324	0.08383437	0.5099726	2.0	0
DLBCL_RICOVER_473	0.024887366	0.07593676	0.27658343	0.11103445	0.511558	0.511558	0.0	4
DLBCL10553	0.13471238	0.5117245	0.047888085	0.2679941	0.03768094	0.5117245	3.0	1
DLBCL_RICOVER_361	0.03971917	0.055386417	0.3494158	0.51490265	0.04057599	0.51490265	3.0	3
DLBCL10501	0.019042209	0.3944766	0.51502407	0.026142253	0.04531487	0.51502407	2.0	2
DLBCL11574	0.15218993	0.10672536	0.51505065	0.117157996	0.10887608	0.51505065	2.0	2
DLBCL_RICOVER_1299	0.089679375	0.021557119	0.03334634	0.51623863	0.33917856	0.51623863	4.0	3
DLBCL10945	0.3763501	0.019920375	0.024907032	0.06178184	0.51704067	0.51704067	0.0	4
DLBCL10981	0.18291359	0.17049165	0.10033451	0.52162915	0.024631117	0.52162915	1.0	3
DLBCL10914	0.3108494	0.5245803	0.05708389	0.0437952	0.06369124	0.5245803	0.0	1
DLBCL10525	0.3593811	0.021034393	0.035056047	0.0588128	0.52571565	0.52571565	0.0	4
DLBCL_RICOVER_839	0.11577391	0.52582794	0.06361994	0.2232717	0.07150653	0.52582794	1.0	1
DLBCL11673	0.031793304	0.35475186	0.52878594	0.066627376	0.018041518	0.52878594	1.0	2
DLBCL10536	0.019008	0.2447336	0.5306476	0.13329601	0.0723148	0.5306476	2.0	2
DLBCL10517	0.012756281	0.5312268	0.2788678	0.07712223	0.10002686	0.5312268	1.0	1
DLBCL_C_D_1149_NULLPAIR	0.20068835	0.5317352	0.09084034	0.04475123	0.13198492	0.5317352	1.0	1
DLBCL11432	0.30881876	0.011871717	0.102372475	0.53382874	0.043108314	0.53382874	0.0	3
DLBCL_C_D_1151_NULLPAIR	0.025576549	0.0679476	0.31982616	0.53414285	0.052506845	0.53414285	3.0	3
DLBCL11204	0.5353641	0.0212645	0.058318775	0.12674364	0.25830895	0.5353641	1.0	0
DLBCL11431	0.124707386	0.14205052	0.11123757	0.07778976	0.5442148	0.5442148	4.0	4
DLBCL10523	0.54480255	0.013916576	0.32142442	0.100104794	0.019751675	0.54480255	2.0	0
DLBCL11535	0.2180012	0.07978833	0.07703608	0.5459139	0.07926049	0.5459139	3.0	3
DLBCL11004	0.037911717	0.031877704	0.04286344	0.5463176	0.34102958	0.5463176	4.0	3
DLBCL11191	0.54740554	0.031068211	0.036985844	0.3628282	0.021712229	0.54740554	0.0	0
DLBCL_RICOVER_1210	0.015996564	0.08853404	0.5481976	0.0765644	0.27070737	0.5481976	1.0	2
DLBCL10906	0.03968171	0.35736778	0.016987078	0.036433864	0.54952955	0.54952955	1.0	4
DLBCL10922	0.083119504	0.5507907	0.21507542	0.052289627	0.09872473	0.5507907	1.0	1
DLBCL_RICOVER_151	0.030593105	0.55430406	0.07769653	0.28768894	0.04971734	0.55430406	3.0	1
DLBCL11595	0.045937628	0.55586255	0.057286073	0.039927427	0.30098632	0.55586255	4.0	1
DLBCL10544	0.02956563	0.019125015	0.046724938	0.34856775	0.5560167	0.5560167	3.0	4
DLBCL11590	0.036556505	0.026007373	0.22670136	0.55841213	0.15232262	0.55841213	2.0	3
DLBCL_MC_F739_AMA3	0.016203081	0.28146055	0.5621918	0.09086487	0.049279705	0.5621918	1.0	2
DLBCL_RICOVER_1278	0.07944873	0.018481717	0.02323182	0.31592232	0.56291544	0.56291544	4.0	4
DLBCL10870	0.034666277	0.036034536	0.059049938	0.30580837	0.56444085	0.56444085	4.0	4
DLBCL11457	0.34732172	0.022820327	0.03750835	0.56498903	0.027360545	0.56498903	0.0	3
DLBCL10513	0.30110216	0.031447172	0.073640056	0.566371	0.027439572	0.566371	3.0	3
DLBCL11534	0.06252369	0.04095867	0.078621045	0.24985187	0.5680447	0.5680447	2.0	4
DLBCL_C_D_1139_NULLPAIR	0.099263474	0.56871825	0.045617957	0.2386412	0.047759123	0.56871825	3.0	1
DLBCL11483	0.11669979	0.12663954	0.10920246	0.07654319	0.57091504	0.57091504	1.0	4
DLBCL10844	0.113287486	0.13702397	0.09720784	0.07355001	0.5789307	0.5789307	0.0	4
DLBCL_C_D_1130_NULLPAIR	0.14782734	0.025780339	0.13337687	0.11402658	0.57898885	0.57898885	0.0	4
DLBCL10996	0.5791346	0.03259118	0.27581125	0.03900166	0.07346134	0.5791346	0.0	0
DLBCL10469	0.25332987	0.013962709	0.11418742	0.5805946	0.03792543	0.5805946	3.0	3
DLBCL_RICOVER_216	0.11442656	0.13908595	0.09680687	0.06766998	0.5820106	0.5820106	2.0	4
DLBCL11449	0.01714906	0.5836796	0.046587832	0.027653726	0.3249298	0.5836796	1.0	1
DLBCL11439	0.18824504	0.15961958	0.58504385	0.0446595	0.022432022	0.58504385	2.0	2
DLBCL10984	0.02767509	0.5866333	0.04267473	0.10083904	0.24217783	0.5866333	4.0	1
DLBCL_C_D_1141_NULLPAIR	0.027110077	0.1043981	0.5886899	0.025149977	0.2546519	0.5886899	2.0	2
DLBCL10971	0.10343791	0.16198945	0.032454506	0.11193336	0.5901848	0.5901848	0.0	4
DLBCL_RICOVER_173	0.11752509	0.13114436	0.10382371	0.056577	0.59092987	0.59092987	4.0	4
DLBC_FF_A7CX_TP_NB	0.041715447	0.21347733	0.5942289	0.09572953	0.054848768	0.5942289	4.0	2
DLBCL10532	0.07056064	0.022973232	0.59457374	0.040410817	0.2714816	0.59457374	4.0	2
DLBCL_RICOVER_1106	0.02481474	0.11250705	0.04237939	0.22552507	0.59477377	0.59477377	4.0	4
DLBCL10910	0.026557814	0.06694928	0.6002645	0.24093252	0.06529591	0.6002645	2.0	2
DLBCL10869	0.6009781	0.09036719	0.19199751	0.057858545	0.058798645	0.6009781	0.0	0
DLBCL11542	0.029154725	0.15289089	0.6013996	0.19894844	0.01760634	0.6013996	2.0	2
DLBCL11471	0.60229224	0.18748493	0.05183289	0.04804617	0.11034375	0.60229224	3.0	0
DLBCL_MC_F606_DMJ	0.105602056	0.6064907	0.13338378	0.08472151	0.06980201	0.6064907	2.0	1
DLBCL_MC_F496DMP	0.043101158	0.21819969	0.6069505	0.10458694	0.027161676	0.6069505	1.0	2
DLBCL11466	0.09596259	0.06947938	0.124389276	0.6078863	0.10228241	0.6078863	1.0	3
DLBCL10986	0.10895578	0.61070555	0.08748607	0.068824075	0.12402854	0.61070555	0.0	1
DLBCL10485	0.0603776	0.25115496	0.034538798	0.04216918	0.6117595	0.6117595	4.0	4
DLBCL10957	0.6118304	0.056899033	0.14140995	0.07362024	0.11624036	0.6118304	0.0	0
DLBCL11679	0.6121576	0.21798456	0.115166016	0.03939681	0.015295039	0.6121576	1.0	0
DLBCL10932	0.28944486	0.021084938	0.03067376	0.614327	0.044469427	0.614327	3.0	3
DLBCL10977	0.10754087	0.1231627	0.101228446	0.05084934	0.6172186	0.6172186	4.0	4
DLBCL_RICOVER_978	0.61739486	0.0134303095	0.05561013	0.26828247	0.045282204	0.61739486	2.0	0
DLBCL_MC_F262_WLC	0.24231018	0.03283298	0.043169208	0.06348496	0.6182027	0.6182027	0.0	4
DLBCL11205	0.6206676	0.043916553	0.27165392	0.05041454	0.013347382	0.6206676	0.0	0
DLBCL10956	0.027521703	0.28890246	0.037323948	0.021100996	0.62515086	0.62515086	1.0	4
DLBCL10465	0.019030359	0.05302701	0.62563366	0.17046054	0.13184842	0.62563366	2.0	2
DLBCL11518	0.046235844	0.07057035	0.62595105	0.08964611	0.16759668	0.62595105	2.0	2
DLBCL11511	0.62697095	0.090061896	0.10187982	0.08821862	0.09286873	0.62697095	0.0	0
DLBCL11477	0.21172094	0.039734963	0.041917413	0.079527885	0.6270988	0.6270988	0.0	4
DLBCL10835	0.026849793	0.06568573	0.033619102	0.24160367	0.6322417	0.6322417	4.0	4
DLBCL10889	0.061933286	0.069623955	0.10454822	0.12998804	0.6339065	0.6339065	4.0	4
DLBCL11652	0.6346317	0.07489983	0.061567906	0.055535324	0.17336527	0.6346317	0.0	0
DLBCL11194	0.029288113	0.018416036	0.05053908	0.26637182	0.635385	0.635385	4.0	4
DLBCL11187	0.122469656	0.029631378	0.04434546	0.16796327	0.63559026	0.63559026	4.0	4
DLBCL11429	0.63658345	0.011476901	0.029449342	0.075922616	0.24656768	0.63658345	0.0	0
DLBCL10935	0.63742936	0.21108365	0.017126774	0.033997416	0.10036278	0.63742936	0.0	0
DLBCL10555	0.20298326	0.6385829	0.0772823	0.04912948	0.03202205	0.6385829	2.0	1
DLBCL11657	0.06927369	0.036671955	0.21766005	0.64082277	0.035571545	0.64082277	3.0	3
DLBCL11581	0.07729089	0.08563581	0.09053664	0.6408852	0.10565149	0.6408852	4.0	3
DLBCL10833	0.04773119	0.021663519	0.042221915	0.24591993	0.64246345	0.64246345	4.0	4
DLBCL10989	0.09026193	0.11248087	0.11804513	0.034851942	0.6443601	0.6443601	1.0	4
DLBCL_RICOVER_829	0.15700167	0.011196685	0.051658005	0.13467152	0.6454721	0.6454721	0.0	4
DLBCL10993	0.10753477	0.04492506	0.6462774	0.16441455	0.036848176	0.6462774	0.0	2
DLBCL10838	0.04638415	0.26197252	0.017515024	0.027141938	0.64698637	0.64698637	4.0	4
DLBCL11462	0.64706844	0.014713266	0.033023756	0.06947758	0.23571692	0.64706844	0.0	0
DLBCL_RICOVER_288	0.24633288	0.6484961	0.0479958	0.03969881	0.017476419	0.6484961	1.0	1
DLBCL10954	0.0347466	0.64986527	0.021668268	0.021462372	0.27225748	0.64986527	1.0	1
DLBCL10925	0.14804804	0.64999694	0.029530384	0.107291184	0.06513343	0.64999694	4.0	1
DLBCL10897	0.6507969	0.20770451	0.039322786	0.05822095	0.04395485	0.6507969	0.0	0
DLBCL10463	0.02411763	0.021958496	0.22508779	0.07621231	0.6526238	0.6526238	4.0	4
DLBCL11661	0.034882605	0.65351087	0.24623762	0.045430154	0.019938758	0.65351087	1.0	1
DLBCL11564	0.23720777	0.028056687	0.027328784	0.65616167	0.051245112	0.65616167	3.0	3
DLBCL10874	0.08450221	0.1326812	0.08984768	0.02913284	0.66383606	0.66383606	1.0	4
DLBCL_C_D_1140_NULLPAIR	0.07373733	0.045319896	0.08813633	0.1289578	0.66384864	0.66384864	4.0	4
DLBCL_RICOVER_977	0.6655597	0.00999562	0.028277718	0.20384833	0.0923186	0.6655597	0.0	0
DLBCL11433	0.068076275	0.0202902	0.13602658	0.6666147	0.10899222	0.6666147	3.0	3
DLBCL11486	0.667955	0.07619559	0.1875314	0.046217665	0.022100337	0.667955	0.0	0
DLBCL_RICOVER_780	0.014483016	0.23357518	0.6679947	0.059848085	0.02409905	0.6679947	1.0	2
DLBCL11528	0.089860834	0.6706125	0.10469133	0.114752956	0.020082379	0.6706125	2.0	1
DLBCL_RICOVER_1165	0.056571133	0.6712849	0.15134238	0.057416316	0.06338528	0.6712849	1.0	1
DLBCL10917	0.083513394	0.67287314	0.041527487	0.11305031	0.08903566	0.67287314	1.0	1
DLBCL11208	0.10437332	0.67480433	0.104157895	0.06785891	0.048805565	0.67480433	1.0	1
DLBCL11434	0.67584735	0.028296854	0.04652239	0.2287406	0.020592803	0.67584735	0.0	0
DLBCL11527	0.13790292	0.027204325	0.027830642	0.6760907	0.13097142	0.6760907	3.0	3
DLBCL10490	0.67971677	0.031538617	0.05727678	0.1987182	0.032749653	0.67971677	0.0	0
DLBCL_RICOVER_274	0.04537652	0.6808221	0.02664137	0.17129765	0.075862356	0.6808221	3.0	1
DLBCL10900	0.23518896	0.016281482	0.01742037	0.048104808	0.6830044	0.6830044	4.0	4
DLBCL_C_D_1123_NULLPAIR	0.21953538	0.683489	0.034568276	0.029604087	0.03280324	0.683489	0.0	1
DLBCL10494	0.042988446	0.13753678	0.684202	0.10154972	0.03372305	0.684202	1.0	2
DLBCL_RICOVER_1287	0.107432485	0.6849285	0.09411252	0.067685805	0.045840733	0.6849285	4.0	1
DLBCL11496	0.06791938	0.044540606	0.085110374	0.1174659	0.68496376	0.68496376	0.0	4
DLBCL_RICOVER_1150	0.6852811	0.20689984	0.037069224	0.050327837	0.020422002	0.6852811	0.0	0
DLBCL10450	0.16469312	0.032351784	0.025938705	0.0910846	0.6859318	0.6859318	0.0	4
DLBCL_MAYO_DLBCL_234	0.08957552	0.024361426	0.68649465	0.056407828	0.14316058	0.68649465	2.0	2
DLBCL10554	0.06908907	0.04120285	0.08806607	0.11318875	0.68845326	0.68845326	2.0	4
DLBCL11195	0.018557506	0.690679	0.085601784	0.13374336	0.07141837	0.690679	4.0	1
DLBCL10847	0.17489184	0.088594116	0.019501414	0.02609085	0.6909218	0.6909218	4.0	4
DLBCL_RICOVER_945	0.69159836	0.024895908	0.018868376	0.16711515	0.09752223	0.69159836	0.0	0
DLBCL11520	0.6952911	0.013372528	0.019263867	0.049845085	0.22222742	0.6952911	0.0	0
DLBCL_RICOVER_401	0.033763055	0.22779763	0.6978597	0.027096692	0.013482889	0.6978597	1.0	2
DLBCL_DFCI_DLBCL_GOE07	0.054045707	0.69899446	0.08131148	0.047327466	0.11832086	0.69899446	1.0	1
DLBCL10451	0.70025295	0.026787562	0.225463	0.036540434	0.010956061	0.70025295	0.0	0
DLBCL_RICOVER_773	0.034245554	0.026822314	0.20562714	0.031871572	0.7014334	0.7014334	4.0	4
DLBCL11188	0.06712619	0.70456874	0.11270526	0.06811156	0.047488227	0.70456874	1.0	1
DLBCL_RICOVER_1204	0.01832101	0.02652521	0.10207556	0.14718954	0.7058887	0.7058887	4.0	4
DLBCL11472	0.70595264	0.012460172	0.03840273	0.11117544	0.13200904	0.70595264	0.0	0
DLBCL10919	0.7070123	0.04835683	0.016316945	0.19407284	0.034241077	0.7070123	3.0	0
DLBCL11436	0.70969135	0.066317305	0.03871491	0.1553295	0.029946934	0.70969135	1.0	0
DLBCL_LS2154	0.09085731	0.7101216	0.09349711	0.062498663	0.04302532	0.7101216	0.0	1
DLBCL10564	0.71040744	0.07400523	0.1455173	0.05039196	0.019678058	0.71040744	3.0	0
DLBCL11651	0.037656188	0.06791131	0.7106736	0.055301465	0.12845747	0.7106736	2.0	2
DLBCL_LS2590	0.064270735	0.028352112	0.09350473	0.7143797	0.09949269	0.7143797	3.0	3
DLBCL_RICOVER_408	0.04752173	0.71485865	0.12423063	0.06362587	0.0497631	0.71485865	2.0	1
DLBCL10521	0.012415273	0.21759377	0.022587568	0.027578264	0.71982515	0.71982515	4.0	4
DLBC_FF_A7CW_TP_NB	0.021777637	0.17655888	0.057253275	0.023673512	0.7207367	0.7207367	4.0	4
DLBCL10498	0.026903471	0.721894	0.20306616	0.028265338	0.01987102	0.721894	2.0	1
DLBCL11468	0.04321531	0.029368954	0.17655219	0.7235688	0.027294744	0.7235688	2.0	3
DLBCL10928	0.72541463	0.13141708	0.04978072	0.03310636	0.060281206	0.72541463	0.0	0
DLBCL_LS4593	0.027408596	0.1972858	0.725805	0.029603992	0.019896643	0.725805	2.0	2
DLBCL_MC_F089_HCZ	0.02208967	0.12594765	0.72891057	0.030899987	0.092152104	0.72891057	1.0	2
DLBCL11500	0.017072426	0.021769956	0.12649661	0.10503003	0.729631	0.729631	4.0	4
DLBCL10487	0.029973185	0.7303199	0.14660639	0.06629563	0.026804863	0.7303199	1.0	1
DLBCL11435	0.7334298	0.016074141	0.018001506	0.19347207	0.039022475	0.7334298	0.0	0
DLBCL_RICOVER_506	0.032523625	0.7359907	0.01910378	0.018844044	0.19353783	0.7359907	4.0	1
DLBCL_C_D_1138_NULLPAIR	0.022590077	0.73624855	0.1679398	0.028735025	0.044486552	0.73624855	1.0	1
DLBCL_LS3499	0.029657673	0.73688936	0.11522405	0.07132127	0.04690762	0.73688936	3.0	1
DLBCL11443	0.73906624	0.014285838	0.124552555	0.075616956	0.046478413	0.73906624	0.0	0
DLBCL11459	0.13472827	0.016107446	0.054434545	0.73923355	0.055496156	0.73923355	3.0	3
DLBCL11681	0.7398712	0.011647883	0.17176433	0.0508345	0.02588211	0.7398712	0.0	0
DLBCL10515	0.74051386	0.028772855	0.11604879	0.0854097	0.029254802	0.74051386	0.0	0
DLBCL11484	0.03512987	0.74206346	0.08011301	0.024303492	0.118390165	0.74206346	1.0	1
DLBCL10970	0.041185293	0.034857932	0.11584038	0.7435189	0.06459747	0.7435189	3.0	3
DLBCL10466	0.020278053	0.03703194	0.040433254	0.15674217	0.7455146	0.7455146	2.0	4
DLBCL10978	0.026346136	0.050863866	0.08550616	0.7500797	0.08720413	0.7500797	3.0	3
DLBCL10973	0.7507809	0.027468545	0.0980129	0.10689816	0.01683953	0.7507809	3.0	0
DLBCL10908	0.060151614	0.089926496	0.7509165	0.0580873	0.04091813	0.7509165	4.0	2
DLBCL10856	0.088947535	0.017115528	0.75102055	0.09829928	0.044617105	0.75102055	2.0	2
DLBCL10999	0.016638258	0.023003692	0.044920277	0.16159175	0.753846	0.753846	4.0	4
DLBCL_RICOVER_1283	0.02036146	0.020972732	0.754316	0.13787755	0.06647229	0.754316	2.0	2
DLBCL_LS1683	0.035019506	0.10085814	0.048996173	0.060789093	0.7543371	0.7543371	1.0	4
DLBCL_RICOVER_1329	0.04177983	0.16482715	0.017108977	0.02030329	0.75598073	0.75598073	4.0	4
DLBCL10836	0.10427317	0.009417872	0.061944578	0.064883254	0.75948113	0.75948113	4.0	4
DLBC_FF_8042_TP_NB	0.02695096	0.14365461	0.029344907	0.040040635	0.7600089	0.7600089	4.0	4
DLBCL10871	0.7622399	0.023793949	0.1492663	0.044967927	0.01973196	0.7622399	1.0	0
DLBCL11539	0.76447266	0.01400428	0.13650069	0.07420944	0.010812907	0.76447266	0.0	0
DLBCL_RICOVER_1235	0.015332712	0.12134492	0.76614285	0.022582462	0.07459706	0.76614285	1.0	2
DLBCL_RICOVER_1289	0.04913654	0.013998178	0.020992644	0.14970563	0.766167	0.766167	4.0	4
DLBCL10987	0.012975274	0.073911265	0.07572743	0.07061741	0.76676863	0.76676863	4.0	4
DLBCL10969	0.14947638	0.023614133	0.012883784	0.04716291	0.7668628	0.7668628	0.0	4
DLBCL10975	0.7669524	0.025268337	0.016158447	0.15925477	0.03236604	0.7669524	0.0	0
DLBCL_RICOVER_1018	0.020845987	0.7700844	0.02286108	0.06277901	0.12342953	0.7700844	3.0	1
DLBCL_C_D_1113_NULLPAIR	0.07372989	0.04840415	0.7706792	0.06863311	0.038553663	0.7706792	2.0	2
DLBCL_MAYO_DLBCL_3653	0.77080053	0.05426617	0.06467175	0.057182927	0.0530786	0.77080053	0.0	0
DLBCL10781	0.08984827	0.014453976	0.0177787	0.106269665	0.77164936	0.77164936	4.0	4
DLBCL_C_D_1166_NULLPAIR	0.018054692	0.18024307	0.013750147	0.014768774	0.77318335	0.77318335	4.0	4
DLBCL10880	0.04376347	0.034364514	0.77391523	0.04460202	0.103354774	0.77391523	4.0	2
DLBCL_C_D_1131_NULLPAIR	0.030725688	0.7749673	0.14400575	0.020291012	0.030010244	0.7749673	1.0	1
DLBCL_LS2357	0.032739893	0.018134195	0.05236974	0.7755884	0.121167764	0.7755884	3.0	3
DLBCL10486	0.09587402	0.06554098	0.026537493	0.036267284	0.7757802	0.7757802	0.0	4
DLBCL_RICOVER_1190	0.7765981	0.032867186	0.103695795	0.043324172	0.04351478	0.7765981	4.0	0
DLBCL_LS1921	0.04786958	0.77749205	0.0865812	0.07545293	0.012604231	0.77749205	1.0	1
DLBCL_C_D_1128_NULLPAIR	0.782942	0.037911862	0.065224774	0.08111645	0.032804914	0.782942	0.0	0
DLBCL_RICOVER_985	0.02712564	0.029712804	0.07764722	0.7853352	0.08017914	0.7853352	3.0	3
DLBCL11498	0.12095599	0.7854955	0.023022994	0.028888779	0.041636717	0.7854955	1.0	1
DLBCL11206	0.054282725	0.051144276	0.08588514	0.023128277	0.7855596	0.7855596	4.0	4
DLBCL10934	0.011737073	0.78823525	0.019613571	0.0157887	0.16462544	0.78823525	1.0	1
DLBCL10780	0.017176682	0.78919154	0.148133	0.029063867	0.016434887	0.78919154	1.0	1
DLBCL10896	0.78966683	0.023123454	0.010785603	0.046999462	0.12942465	0.78966683	0.0	0
DFCIDL003_DT	0.051966153	0.7925991	0.12704986	0.013874579	0.014510303	0.7925991	1.0	1
DLBCL10868	0.12894787	0.016913826	0.025628947	0.7943237	0.03418571	0.7943237	3.0	3
DLBC_FF_8062_TP_NB	0.04961731	0.039752565	0.063737735	0.79438853	0.05250385	0.79438853	3.0	3
DLBCL11676	0.058991186	0.036750022	0.08068345	0.7946357	0.028939657	0.7946357	0.0	3
DLBCL11569	0.017059553	0.7973007	0.15220734	0.018741798	0.0146905985	0.7973007	2.0	1
DLBCL11447	0.040132787	0.019915815	0.0373862	0.79751873	0.105046496	0.79751873	3.0	3
DLBCL_C_D_1157_NULLPAIR	0.037909076	0.015942536	0.799021	0.05056646	0.09656091	0.799021	2.0	2
DLBCL_C_D_1105_NULLPAIR	0.8000714	0.060636185	0.01829007	0.09796908	0.023033265	0.8000714	1.0	0
DLBCL10879	0.02967255	0.04791987	0.80291414	0.08035651	0.039136946	0.80291414	2.0	2
DLBCL10846	0.8040649	0.06519103	0.041190464	0.075471915	0.01408165	0.8040649	1.0	0
DLBCL_RICOVER_1046	0.017826572	0.804702	0.06850183	0.014092983	0.09487664	0.804702	1.0	1
DLBCL10858	0.03232742	0.012500415	0.031816244	0.118521385	0.80483454	0.80483454	3.0	4
DLBCL11672	0.059476607	0.013890749	0.8058061	0.037682638	0.08314389	0.8058061	2.0	2
DLBCL11655	0.09302641	0.011145443	0.02964125	0.8071216	0.059065346	0.8071216	3.0	3
DLBCL_RICOVER_866	0.029053502	0.018750636	0.8077093	0.13540621	0.00908039	0.8077093	2.0	2
DLBCL11658	0.06736104	0.019608982	0.07934306	0.8090556	0.024631301	0.8090556	3.0	3
DLBCL10484	0.014847899	0.8108049	0.13177507	0.028303176	0.014268967	0.8108049	1.0	1
DLBCL10877	0.8137118	0.062444028	0.03711418	0.046255894	0.04047409	0.8137118	0.0	0
DLBCL10519	0.064886674	0.8144979	0.04829507	0.057720304	0.014600043	0.8144979	1.0	1
DLBCL11536	0.018575877	0.8185613	0.035361204	0.084658146	0.042843446	0.8185613	3.0	1
DLBCL11469	0.025048686	0.027438449	0.8189144	0.027428105	0.10117035	0.8189144	2.0	2
DLBCL11526	0.82053936	0.035080448	0.045826904	0.07605301	0.022500293	0.82053936	2.0	0
DLBCL_RICOVER_720	0.017209817	0.82265836	0.03911473	0.017842377	0.103174746	0.82265836	4.0	1
DLBCL10894	0.82758427	0.062479194	0.04199903	0.04867992	0.019257603	0.82758427	0.0	0
DLBCL10884	0.82844806	0.092757426	0.032537993	0.029448727	0.016807778	0.82844806	0.0	0
DLBCL_LS4592	0.010684709	0.060034778	0.8309676	0.060499415	0.037813466	0.8309676	2.0	2
DLBCL_MC_F815_BAT	0.036087763	0.019281399	0.83181655	0.05929838	0.05351593	0.83181655	2.0	2
DLBCL10547	0.05955165	0.013733493	0.04082924	0.8327445	0.05314114	0.8327445	3.0	3
DLBCL10988	0.017675182	0.8329056	0.066752225	0.05530997	0.027357003	0.8329056	1.0	1
DLBCL_LS843	0.01637983	0.064410225	0.833449	0.05935827	0.026402688	0.833449	2.0	2
DLBCL_C_D_1109_NULLPAIR	0.086645015	0.015316971	0.036224827	0.8341388	0.027674355	0.8341388	3.0	3
DLBCL_C_D_1135_NULLPAIR	0.07519661	0.8344091	0.014010746	0.0492771	0.02710641	0.8344091	1.0	1
DLBCL_C_D_1159_NULLPAIR	0.06084523	0.011854441	0.04810105	0.8349952	0.044204086	0.8349952	3.0	3
DLBCL_LS1668	0.009487665	0.8360184	0.10813687	0.018167451	0.028189624	0.8360184	1.0	1
DLBCL10843	0.07005174	0.014473628	0.035579223	0.8409328	0.038962618	0.8409328	0.0	3
DLBCL_RICOVER_258	0.8410257	0.015485711	0.039151207	0.04564108	0.058696304	0.8410257	2.0	0
DLBCL10901	0.020266293	0.08217291	0.021909643	0.032101914	0.84354925	0.84354925	4.0	4
DLBCL_RICOVER_467	0.010208043	0.109712236	0.020145789	0.016262569	0.8436714	0.8436714	1.0	4
DLBCL10866	0.010010571	0.027876923	0.053143308	0.06429526	0.84467393	0.84467393	4.0	4
DLBCL10509	0.84473276	0.07299936	0.020666895	0.03142701	0.030173985	0.84473276	0.0	0
DLBCL_DFCI_DLBCL_GOE05	0.010058035	0.8461545	0.08246795	0.0131247165	0.048194807	0.8461545	1.0	1
DLBCL11515	0.0211288	0.0689302	0.84637123	0.028458303	0.035111472	0.84637123	2.0	2
DLBCL_RICOVER_449	0.06876971	0.013105317	0.015078181	0.055703543	0.84734327	0.84734327	4.0	4
DLBCL11460	0.038919203	0.04200435	0.04583929	0.84997153	0.02326563	0.84997153	3.0	3
DLBCL10453	0.019493112	0.066680446	0.025628291	0.03820683	0.8499913	0.8499913	1.0	4
DLBCL_RICOVER_1269	0.018671375	0.8502806	0.09124489	0.023750843	0.0160523	0.8502806	2.0	1
DLBCL10483	0.03466116	0.8523591	0.06808802	0.020377273	0.024514452	0.8523591	1.0	1
DLBCL_LS2325	0.05223288	0.050566357	0.8525502	0.036631994	0.008018556	0.8525502	2.0	2
DLBCL10927	0.0672673	0.016843569	0.045665473	0.852719	0.017504653	0.852719	3.0	3
DLBCL10967	0.011801059	0.03206193	0.0560172	0.046901755	0.8532181	0.8532181	4.0	4
DLBCL11464	0.050615154	0.015262938	0.02845011	0.85570014	0.04997169	0.85570014	3.0	3
DLBCL_RICOVER_1219	0.017401103	0.021890806	0.023427144	0.08006107	0.8572199	0.8572199	4.0	4
DLBCL11196	0.038261216	0.015522367	0.041189373	0.8577076	0.047319446	0.8577076	3.0	3
DLBCL11448	0.029364863	0.04042241	0.04504406	0.026124831	0.85904384	0.85904384	3.0	4
DLBCL11659	0.8595391	0.018787127	0.027217383	0.049301993	0.04515441	0.8595391	0.0	0
DLBCL10913	0.8608185	0.011522628	0.022394298	0.030178636	0.0750859	0.8608185	0.0	0
DLBCL10965	0.04860276	0.021094574	0.035285253	0.86170244	0.033314947	0.86170244	3.0	3
DLBCL_LS762	0.025923481	0.03582939	0.03096513	0.044254422	0.8630276	0.8630276	2.0	4
DLBCL11430	0.8660955	0.006783684	0.022152528	0.08432246	0.020645823	0.8660955	0.0	0
DLBCL_RICOVER_1061	0.05989302	0.010877283	0.039694473	0.86626774	0.02326751	0.86626774	3.0	3
DLBCL10950	0.86640406	0.021490471	0.013653398	0.046377383	0.052074682	0.86640406	0.0	0
DLBCL_RICOVER_120	0.8671094	0.017732762	0.016408421	0.039640065	0.05910935	0.8671094	4.0	0
DLBCL10995	0.03666725	0.023572087	0.8681105	0.03892318	0.03272702	0.8681105	2.0	2
DLBCL10495	0.87068254	0.03201676	0.012827107	0.026083926	0.058389693	0.87068254	0.0	0
DLBCL10541	0.06703989	0.8707409	0.024075398	0.022042139	0.016101686	0.8707409	1.0	1
DLBCL_RICOVER_221	0.01287926	0.014086059	0.028845808	0.07291657	0.8712723	0.8712723	4.0	4
DLBCL_MC_F362_MJB1	0.011744826	0.052324325	0.87151474	0.02253855	0.041877586	0.87151474	2.0	2
DLBCL10890	0.019019114	0.041802336	0.01354808	0.053737763	0.8718927	0.8718927	4.0	4
DLBCL_C_D_1133_NULLPAIR	0.06023279	0.027082384	0.8723086	0.027871842	0.012504396	0.8723086	2.0	2
DLBCL_LS2245	0.034000017	0.047216177	0.8744947	0.031055983	0.013233152	0.8744947	1.0	2
DLBCL_MC_F729_MAN	0.036307782	0.874856	0.016476076	0.02084823	0.05151194	0.874856	1.0	1
DLBCL11656	0.04119398	0.01223737	0.87644976	0.02972593	0.040392987	0.87644976	2.0	2
DLBCL_RICOVER_533	0.016394915	0.8771985	0.075108364	0.017983839	0.013314366	0.8771985	1.0	1
DLBC_FF_A7CQ_TP_NB	0.023609078	0.0317935	0.03286585	0.034064937	0.87766665	0.87766665	4.0	4
DLBCL10471	0.027012035	0.07109558	0.010658354	0.01296135	0.8782727	0.8782727	4.0	4
DLBCL11474	0.87886375	0.010526705	0.011549674	0.065653056	0.033406824	0.87886375	0.0	0
DLBCL_LS378	0.8789551	0.013584173	0.035730906	0.028203068	0.043526724	0.8789551	0.0	0
DLBCL10968	0.8790989	0.009503138	0.011360378	0.084501185	0.01553642	0.8790989	0.0	0
DLBCL_C_D_1112_NULLPAIR	0.020053353	0.027137332	0.88009495	0.05752873	0.015185648	0.88009495	2.0	2
DLBCL_LS1304	0.030224703	0.020201271	0.8836757	0.03371549	0.032182835	0.8836757	2.0	2
DLBCL10548	0.021518715	0.8843814	0.0134001775	0.037753124	0.04294657	0.8843814	0.0	1
DLBCL_MC_F139_LJF	0.039327372	0.014358596	0.028601306	0.8844515	0.033261236	0.8844515	3.0	3
DLBCL10460	0.031569	0.8850381	0.032033917	0.022560718	0.02879831	0.8850381	1.0	1
DLBCL_LS2089	0.013407589	0.8850592	0.017159378	0.009858634	0.074515216	0.8850592	1.0	1
DLBCL_RICOVER_701	0.037524376	0.016276224	0.029316014	0.8853503	0.031533103	0.8853503	3.0	3
DLBCL_LS951	0.88659453	0.015588489	0.050773665	0.033289935	0.013753404	0.88659453	0.0	0
DLBCL10497	0.035767917	0.013760543	0.04225472	0.886836	0.021380858	0.886836	3.0	3
DLBCL10867	0.02492787	0.888055	0.012980799	0.016393552	0.057642765	0.888055	4.0	1
DLBCL11678	0.032961983	0.016924573	0.031993996	0.8884813	0.02963812	0.8884813	3.0	3
DLBCL10491	0.042343564	0.018494105	0.028330613	0.88872874	0.022102986	0.88872874	3.0	3
DLBCL10939	0.031701595	0.017721264	0.035749957	0.8888373	0.02598993	0.8888373	3.0	3
DLBCL10902	0.012729124	0.011868363	0.039088756	0.04621843	0.89009535	0.89009535	4.0	4
DLBCL_RICOVER_1032	0.013742834	0.020079602	0.014976215	0.060313918	0.89088744	0.89088744	4.0	4
DLBCL10860	0.010126538	0.030995235	0.04955145	0.017274112	0.89205265	0.89205265	4.0	4
DLBCL10930	0.06259333	0.014254686	0.011742637	0.018377816	0.89303154	0.89303154	4.0	4
DLBCL_LS1395	0.012590192	0.020465605	0.8939242	0.024908379	0.04811164	0.8939242	2.0	2
DLBCL10842	0.021227371	0.018535523	0.043487947	0.02281827	0.8939309	0.8939309	4.0	4
DLBCL11667	0.046982236	0.026189696	0.89411765	0.023406588	0.009303836	0.89411765	2.0	2
DLBCL_RICOVER_522	0.041352928	0.015652496	0.8949351	0.040219717	0.007839815	0.8949351	2.0	2
DLBCL10875	0.8950871	0.01498539	0.04387799	0.033599045	0.012450433	0.8950871	0.0	0
DLBCL10878	0.017879874	0.013230928	0.0146525595	0.05912597	0.89511067	0.89511067	4.0	4
DLBCL10502	0.011759987	0.89620066	0.041145064	0.028451372	0.022442931	0.89620066	1.0	1
DLBCL_RICOVER_787	0.89753526	0.020748612	0.013334028	0.056195322	0.012186797	0.89753526	1.0	0
DLBCL11573	0.04103749	0.8979153	0.017781043	0.03154403	0.011722114	0.8979153	2.0	1
DLBCL_RICOVER_950	0.033593148	0.013022196	0.033895373	0.8991651	0.020324172	0.8991651	3.0	3
DLBCL_C_D_1118_NULLPAIR	0.041631628	0.89971185	0.02806811	0.021939885	0.008648537	0.89971185	1.0	1
DLBCL10891	0.01880525	0.007933825	0.0383225	0.035003025	0.8999354	0.8999354	4.0	4
DLBC_FF_8046_TP_NB	0.04210166	0.01591913	0.900199	0.02817287	0.013607348	0.900199	2.0	2
DLBCL_RICOVER_267	0.009829482	0.010805856	0.90158635	0.03804314	0.03973519	0.90158635	2.0	2
DLBCL10492	0.90162575	0.009961544	0.010886046	0.0315571	0.045969583	0.90162575	0.0	0
DLBCL10881	0.03726915	0.010142412	0.011336248	0.037118413	0.9041338	0.9041338	4.0	4
DLBCL11002	0.9045914	0.019109076	0.014730859	0.050932687	0.01063598	0.9045914	3.0	0
DLBCL10565	0.028254962	0.012064594	0.9050302	0.02877299	0.025877286	0.9050302	3.0	2
DLBCL_BWH_DLBCL64	0.9056807	0.026371922	0.023619017	0.037094142	0.007234179	0.9056807	3.0	0
DLBCL10859	0.014300253	0.90656924	0.05266805	0.013730003	0.012732466	0.90656924	1.0	1
DFCIDL009_DT	0.023166014	0.027321342	0.9066009	0.021264499	0.021647232	0.9066009	2.0	2
DLBCL_C_D_1126_NULLPAIR	0.047696404	0.90807486	0.019760674	0.010068463	0.014399629	0.90807486	1.0	1
DLBCL11525	0.014802617	0.013158655	0.9081744	0.04952489	0.014339466	0.9081744	2.0	2
DLBCL_RICOVER_299	0.013275839	0.9083491	0.05663023	0.009936415	0.011808407	0.9083491	1.0	1
DLBCL_RICOVER_1045	0.91056836	0.032531545	0.01618314	0.027069747	0.013647235	0.91056836	3.0	0
DLBCL10992	0.011551801	0.011016203	0.023269823	0.04303149	0.91113067	0.91113067	4.0	4
DLBCL10459	0.010522827	0.012221369	0.9113856	0.032523464	0.03334673	0.9113856	2.0	2
DLBCL11476	0.01431578	0.031099627	0.018279484	0.02455276	0.91175234	0.91175234	4.0	4
DLBCL11509	0.9118454	0.019241974	0.025042176	0.03533131	0.00853916	0.9118454	0.0	0
DLBCL_C_D_1148_NULLPAIR	0.913694	0.0057786624	0.043875355	0.0269989	0.00965308	0.913694	0.0	0
DLBCL10888	0.013406665	0.009705655	0.018959563	0.04411876	0.91380936	0.91380936	4.0	4
DLBCL10912	0.91388327	0.022313522	0.029868942	0.028267305	0.0056669433	0.91388327	0.0	0
DLBCL10849	0.011029418	0.036668856	0.01381488	0.024514133	0.91397274	0.91397274	1.0	4
DLBCL_RICOVER_685	0.016003441	0.023748443	0.011045184	0.035115056	0.9140879	0.9140879	4.0	4
DLBCL11478	0.91427886	0.020478873	0.020415783	0.030091174	0.014735305	0.91427886	0.0	0
DLBCL10854	0.0076491823	0.023917355	0.016919672	0.036704704	0.9148091	0.9148091	4.0	4
DLBCL10966	0.9149576	0.004745782	0.020133866	0.0441895	0.015973272	0.9149576	0.0	0
DLBCL11683	0.014938737	0.020458264	0.91574913	0.04241046	0.0064434246	0.91574913	2.0	2
DLBCL_MC_F218_RAP	0.026069889	0.016555596	0.91694236	0.028180508	0.012251641	0.91694236	3.0	2
DLBCL11537	0.91696715	0.004643109	0.013439449	0.024529355	0.04042093	0.91696715	0.0	0
DLBCL_LS155	0.011625955	0.010504717	0.9200689	0.026766365	0.031034041	0.9200689	2.0	2
DLBCL10510	0.029293727	0.9216434	0.015218802	0.012928088	0.02091599	0.9216434	1.0	1
DLBC_FF_A7CR_TP_NB	0.022178907	0.0064460007	0.01664072	0.03253034	0.922204	0.922204	4.0	4
DLBCL11000	0.018089872	0.028013559	0.01721475	0.014329483	0.9223523	0.9223523	4.0	4
DLBCL10947	0.011385962	0.9234761	0.012237964	0.0069143036	0.045985688	0.9234761	1.0	1
DLBCL10907	0.010270683	0.92355096	0.01444748	0.010695623	0.041035254	0.92355096	1.0	1
DLBCL10552	0.92441773	0.006580165	0.0286106	0.034373745	0.006017735	0.92441773	3.0	0
DLBCL10857	0.92617154	0.011924398	0.013256396	0.035348993	0.013298697	0.92617154	4.0	0
DLBCL_RICOVER_577	0.014979098	0.020553295	0.9264784	0.02606639	0.011922848	0.9264784	2.0	2
DLBCL10467	0.92657006	0.0068418053	0.013565684	0.029198973	0.02382347	0.92657006	4.0	0
DLBCL11488	0.9272047	0.005451127	0.009008425	0.024757985	0.033577763	0.9272047	0.0	0
DLBCL10848	0.008932657	0.008295941	0.0239934	0.031347465	0.9274305	0.9274305	4.0	4
DLBCL11680	0.027702011	0.01098356	0.9281521	0.018256713	0.01490565	0.9281521	2.0	2
DLBCL10962	0.00767534	0.92872626	0.03508327	0.009648812	0.018866338	0.92872626	1.0	1
DLBCL11458	0.025485754	0.012989688	0.92940086	0.026159853	0.0059638643	0.92940086	2.0	2
DLBCL_C_D_1144_NULLPAIR	0.011961514	0.013074427	0.016731262	0.028417656	0.9298151	0.9298151	4.0	4
DLBCL10959	0.9303284	0.012043312	0.008083106	0.038617037	0.010928133	0.9303284	0.0	0
DLBCL10983	0.007309762	0.93043476	0.017471755	0.012720007	0.03206369	0.93043476	1.0	1
DLBCL11541	0.013798631	0.022233248	0.9309534	0.021898173	0.011116579	0.9309534	2.0	2
DLBCL_RICOVER_1293	0.028089901	0.010682748	0.0078440895	0.020173607	0.93320966	0.93320966	4.0	4
DLBCL11346	0.009158527	0.03299416	0.008075304	0.013677514	0.9360945	0.9360945	1.0	4
DLBCL_LS1098	0.01578522	0.01656902	0.9362144	0.0261608	0.005270556	0.9362144	2.0	2
DLBCL10530	0.010184869	0.02310714	0.013275365	0.016871655	0.936561	0.936561	4.0	4
DLBCL11664	0.9374047	0.02055735	0.013122592	0.018270714	0.010644661	0.9374047	1.0	0
DLBCL_C_D_1156_NULLPAIR	0.939089	0.0121415565	0.013052932	0.022648592	0.013067915	0.939089	0.0	0
DLBCL10887	0.00805873	0.01263625	0.022016022	0.016621092	0.9406679	0.9406679	4.0	4
DLBCL11491	0.9408022	0.008379546	0.0053446856	0.031924896	0.013548641	0.9408022	3.0	0
DLBCL_RICOVER_678	0.012013028	0.94086456	0.018798621	0.010915042	0.017408721	0.94086456	1.0	1
DLBCL10482	0.94152737	0.007919843	0.00847179	0.016941343	0.025139662	0.94152737	0.0	0
DLBCL11482	0.9416663	0.004252322	0.008014093	0.03340258	0.012664699	0.9416663	0.0	0
DLBCL10903	0.00954124	0.9420063	0.028055802	0.010579894	0.0098167695	0.9420063	1.0	1
DLBCL11203	0.0091533065	0.94225466	0.015766133	0.023695178	0.009130738	0.94225466	1.0	1
DLBCL10851	0.016029729	0.94274217	0.02018383	0.00744745	0.013596813	0.94274217	1.0	1
DLBCL10535	0.011533393	0.01662741	0.011446811	0.017340006	0.94305235	0.94305235	4.0	4
DLBCL_LS146	0.00854873	0.94342995	0.031228883	0.0066766534	0.010115799	0.94342995	1.0	1
DLBCL11662	0.94378227	0.01251622	0.0051304945	0.018902889	0.019668141	0.94378227	0.0	0
DLBCL_RICOVER_335	0.016019434	0.9441723	0.010294294	0.01923736	0.01027658	0.9441723	1.0	1
DLBCL10964	0.014068176	0.008517577	0.00710956	0.024301058	0.9460036	0.9460036	4.0	4
DLBCL10876	0.0073295175	0.027127612	0.007900732	0.011431581	0.94621056	0.94621056	4.0	4
DLBCL10997	0.94677866	0.0049740053	0.008462669	0.018499715	0.02128495	0.94677866	0.0	0
DLBCL11666	0.008854345	0.019381914	0.9469417	0.01650938	0.008312663	0.9469417	2.0	2
DLBCL_C_D_1125_NULLPAIR	0.0063097226	0.010802811	0.0145632345	0.021230944	0.9470933	0.9470933	4.0	4
DLBCL10518	0.01025612	0.0133198425	0.9474677	0.018818263	0.0101380935	0.9474677	2.0	2
DLBCL11001	0.013542005	0.0073797554	0.010470745	0.020547427	0.9480601	0.9480601	4.0	4
DLBCL11450	0.0073394943	0.010917932	0.008275353	0.02530489	0.9481623	0.9481623	4.0	4
DLBCL10931	0.94856155	0.0039144875	0.013837915	0.02700453	0.0066814898	0.94856155	0.0	0
DLBCL_RICOVER_744	0.018067868	0.011549596	0.94900626	0.011929739	0.009446565	0.94900626	2.0	2
DLBCL10918	0.010799402	0.008971529	0.0071530826	0.02403965	0.94903636	0.94903636	0.0	4
DLBCL11481	0.9490615	0.0059950147	0.008327617	0.016043495	0.020572368	0.9490615	0.0	0
DLBCL_RICOVER_1248	0.0071632825	0.02620724	0.0064446866	0.009907016	0.95027775	0.95027775	4.0	4
DFCIDL008_DT	0.0083972085	0.015329505	0.016546305	0.009077534	0.95064944	0.95064944	4.0	4
DLBCL11533	0.021546863	0.9509274	0.012217537	0.0072949696	0.0080132345	0.9509274	1.0	1
DLBCL11428	0.015671458	0.008248245	0.9514839	0.018793505	0.005802866	0.9514839	2.0	2
DLBCL10457	0.0068748994	0.01433007	0.010494493	0.016464608	0.95183593	0.95183593	4.0	4
DLBCL10963	0.0067562675	0.022727998	0.005712925	0.012631382	0.95217144	0.95217144	4.0	4
DLBCL_LS3200	0.005541334	0.022997677	0.008604565	0.009980922	0.9528755	0.9528755	4.0	4
DLBCL10916	0.0077964133	0.00847396	0.009664239	0.020620897	0.9534445	0.9534445	4.0	4
DLBCL10921	0.013907459	0.015531852	0.007397291	0.009560615	0.9536028	0.9536028	4.0	4
DLBCL_RICOVER_956	0.0075091226	0.011245196	0.010005534	0.017033972	0.95420617	0.95420617	4.0	4
DLBCL11513	0.010718503	0.006606799	0.0064189066	0.020168483	0.9560873	0.9560873	4.0	4
DLBCL_RICOVER_1263	0.011357668	0.014309363	0.9571988	0.011047484	0.006086699	0.9571988	2.0	2
DLBCL10853	0.0072761187	0.0065133837	0.008647682	0.020337405	0.9572254	0.9572254	4.0	4
DLBCL11685	0.006848975	0.006883167	0.9583361	0.01514886	0.012782868	0.9583361	2.0	2
DLBCL10834	0.018421395	0.95843047	0.009709545	0.006119862	0.007318712	0.95843047	1.0	1
DLBCL_RICOVER_948	0.005528462	0.958632	0.010292669	0.0046837484	0.020863146	0.958632	1.0	1
DLBCL10911	0.009720654	0.95869595	0.014869766	0.008408414	0.00830519	0.95869595	1.0	1
DFCIDL010_DT	0.9589564	0.0050356453	0.00602753	0.024517499	0.0054629184	0.9589564	0.0	0
DLBCL_MC_F349_BJJ	0.008708587	0.009442523	0.95923007	0.013314064	0.009304773	0.95923007	2.0	2
DLBCL11670	0.0047439816	0.008674015	0.9594458	0.01937663	0.0077596004	0.9594458	2.0	2
DLBCL10522	0.011852811	0.0069772457	0.95959634	0.013246033	0.008327559	0.95959634	2.0	2
DLBC_FF_8043_TP_NB	0.017209783	0.95973516	0.009839168	0.0061632674	0.007052614	0.95973516	1.0	1
DLBCL10461	0.008345452	0.9605266	0.01756845	0.0053709853	0.008188533	0.9605266	1.0	1
DLBCL_LS2367	0.9606756	0.012698442	0.00987319	0.011521992	0.0052308002	0.9606756	0.0	0
DLBCL10924	0.008337696	0.0075343437	0.005260492	0.018094245	0.9607732	0.9607732	4.0	4
DLBCL11353	0.0043137427	0.019566512	0.0053971494	0.0095155975	0.961207	0.961207	4.0	4
DLBCL_LS3820	0.005687157	0.00918522	0.961379	0.014508237	0.009240369	0.961379	2.0	2
DLBCL_C_D_1114_NULLPAIR	0.96229184	0.004160917	0.00641273	0.021006297	0.006128205	0.96229184	0.0	0
DLBCL11677	0.9629085	0.0045830626	0.005996828	0.012748556	0.01376303	0.9629085	0.0	0
DLBCL_MAYO_DLBCL_7359	0.012934271	0.9647113	0.008113714	0.006194812	0.008045904	0.9647113	1.0	1
DLBCL_C_D_1117_NULLPAIR	0.0069950186	0.9655578	0.008872524	0.0125645865	0.006010079	0.9655578	1.0	1
DLBCL_RICOVER_1192	0.005512096	0.015775831	0.005184886	0.005972908	0.9675543	0.9675543	4.0	4
DLBCL11242	0.005835999	0.007576502	0.006546627	0.012397992	0.9676429	0.9676429	4.0	4
DLBCL11501	0.96871024	0.0039725797	0.009034404	0.012062624	0.0062201773	0.96871024	0.0	0
DLBCL11669	0.005236058	0.008402524	0.9694935	0.009708681	0.0071592075	0.9694935	2.0	2
DLBCL10542	0.96974474	0.00365284	0.006704696	0.009323916	0.010573821	0.96974474	0.0	0
DLBCL10782	0.969949	0.004573608	0.005551032	0.016059957	0.0038664045	0.969949	3.0	0
DLBCL_LS297	0.005430041	0.0055922004	0.9700031	0.014336095	0.0046385294	0.9700031	2.0	2
DLBCL10534	0.0056971437	0.0095911985	0.0052122665	0.009112443	0.9703869	0.9703869	4.0	4
DLBCL10990	0.004959422	0.012254927	0.0053931233	0.0067871404	0.9706054	0.9706054	4.0	4
DLBCL11512	0.9711692	0.0050054262	0.0039899987	0.015535098	0.004300289	0.9711692	0.0	0
DLBCL10480	0.008266552	0.9712139	0.0076986062	0.0070604905	0.00576045	0.9712139	1.0	1
DLBCL10452	0.006116261	0.9714693	0.012658784	0.004610503	0.0051451796	0.9714693	1.0	1
DLBCL10550	0.0038664485	0.0069827475	0.005830222	0.011174052	0.9721465	0.9721465	4.0	4
DLBCL_LS2599	0.0044851173	0.005536258	0.9724211	0.011565115	0.0059923828	0.9724211	2.0	2
DLBCL_C_D_1119_NULLPAIR	0.0065604765	0.97269434	0.009645321	0.005542653	0.0055572167	0.97269434	1.0	1
DLBCL_MAYO_DLBCL_5613	0.9741296	0.0045062485	0.0067433473	0.010193667	0.0044271275	0.9741296	0.0	0
DLBCL10883	0.0056626	0.004568905	0.0072529013	0.008333557	0.974182	0.974182	4.0	4
DLBCL11456	0.006767538	0.97490454	0.00867055	0.0055302065	0.0041271932	0.97490454	1.0	1
DLBCL_RICOVER_469	0.005361714	0.004338545	0.975831	0.010366705	0.0041020922	0.975831	2.0	2
DLBCL_MC_F519_ALT	0.005620023	0.004541514	0.0040971586	0.008876544	0.97686476	0.97686476	4.0	4
DLBCL11565	0.0060886904	0.97697896	0.008566507	0.00418733	0.0041784965	0.97697896	1.0	1
DLBCL_DFCI_DLBCL_GOE16	0.0046589347	0.004658246	0.97791797	0.008483773	0.0042810543	0.97791797	2.0	2
DLBCL10951	0.005049291	0.008247828	0.0031451352	0.005357251	0.9782005	0.9782005	4.0	4
DLBCL11440	0.005542248	0.0041650576	0.0042638886	0.0066823666	0.97934645	0.97934645	4.0	4
DLBCL_LS3749	0.003872165	0.97971743	0.008233324	0.004582056	0.0035950395	0.97971743	1.0	1
DLBCL_RICOVER_826	0.980685	0.0034539434	0.0040126494	0.007717782	0.004130607	0.980685	0.0	0
DLBCL_C_D_1153_NULLPAIR	0.0031310446	0.006695405	0.0030764483	0.0060455333	0.98105156	0.98105156	3.0	4
DLBCL11461	0.9825923	0.0028661343	0.002953799	0.009023389	0.0025644084	0.9825923	0.0	0
DLBCL_RICOVER_451	0.98429394	0.0028467614	0.0039447336	0.006356192	0.0025583925	0.98429394	0.0	0
DLBCL_C_D_1108_NULLPAIR	0.0024307806	0.9849609	0.0040571727	0.0021522858	0.006398827	0.9849609	1.0	1
DLBCL_C_D_1136_NULLPAIR	0.0032447851	0.98591614	0.0053292643	0.0030217594	0.0024880506	0.98591614	1.0	1
DLBCL_MC_F132_MLM	0.98621136	0.001827999	0.0027567265	0.005725944	0.0034779767	0.98621136	0.0	0
DLBCL_RICOVER_440	0.0036389423	0.987046	0.0036024135	0.0022625872	0.0034500358	0.987046	2.0	1
DLBCL10850	0.0019333892	0.98894554	0.003825008	0.0017180939	0.0035779516	0.98894554	1.0	1
DLBCL_LS1065	0.0026883911	0.9889932	0.0031255865	0.0018662967	0.003326484	0.9889932	1.0	1
DLBCL11454	0.98957145	0.0017433724	0.0018328317	0.004770947	0.0020813858	0.98957145	0.0	0
DLBCL_LS1757	0.98966324	0.0017985263	0.0017785364	0.004509789	0.0022499217	0.98966324	0.0	0
DLBCL_RICOVER_174	0.0032225158	0.9897424	0.0029604386	0.0019465841	0.0021280556	0.9897424	1.0	1
DLBCL_C_D_1163_NULLPAIR	0.0018237729	0.002774698	0.0019291741	0.003317738	0.9901546	0.9901546	4.0	4
DLBCL10529	0.0015854058	0.0027804251	0.0017425953	0.0030605837	0.990831	0.990831	4.0	4
DLBCL10845	0.0015060006	0.990942	0.0030603688	0.0020824983	0.0024091527	0.990942	1.0	1
DLBCL10864	0.0017440367	0.0020862424	0.0014852115	0.0023956655	0.9922888	0.9922888	4.0	4
DLBCL10458	0.9925325	0.0010224807	0.0016739692	0.0032417614	0.0015292738	0.9925325	0.0	0
DLBCL_LS3245	0.00165625	0.9928355	0.0023736905	0.0015530457	0.0015815065	0.9928355	1.0	1
DLBCL_MC_F502_RFK	0.0012410654	0.99294704	0.0026691381	0.0012139692	0.0019287609	0.99294704	1.0	1
DLBCL_RICOVER_253	0.0014753499	0.993018	0.0019717833	0.0011428508	0.0023920555	0.993018	1.0	1
DLBCL10893	0.001472986	0.0018033162	0.0013052151	0.0021814522	0.993237	0.993237	4.0	4
