	C1	C2	C3	C4	C5	Confidence	True Cluster	Predicted Cluster
DLBCL_MC_F307_JPS	0.21652038	0.18858539	0.23678565	0.14338338	0.2147252	0.23678565	0.0	2
DLBCL11510	0.24002862	0.18137859	0.21782592	0.15077619	0.2099907	0.24002862	4.0	0
DLBCL11431	0.21450356	0.18969703	0.24031702	0.14956352	0.20591888	0.24031702	4.0	2
DLBCL11466	0.21931672	0.17670898	0.24099337	0.15522827	0.20775265	0.24099337	1.0	2
DLBCL_RICOVER_496	0.21464609	0.17851128	0.21436387	0.15032211	0.24215665	0.24215665	1.0	4
DFCIDL004_DT	0.24328737	0.17786865	0.21943977	0.1533393	0.20606491	0.24328737	4.0	0
DLBCL11534	0.21265806	0.18274654	0.21143928	0.14929079	0.24386533	0.24386533	2.0	4
DLBCL10985	0.21005628	0.17991488	0.21847346	0.14759807	0.24395731	0.24395731	1.0	4
DLBCL11663	0.2023261	0.18049026	0.2218991	0.15117186	0.24411267	0.24411267	0.0	4
DLBCL11481	0.20706807	0.1839642	0.24502763	0.14876685	0.21517327	0.24502763	0.0	2
DLBCL10993	0.20394534	0.18454751	0.24540035	0.15053008	0.2155767	0.24540035	0.0	2
DLBCL_C_D_1156_NULLPAIR	0.21052545	0.18417415	0.24583256	0.14817046	0.21129738	0.24583256	0.0	2
DLBCL_C_D_PAIR13	0.20781757	0.18220249	0.24589376	0.15517938	0.20890681	0.24589376	4.0	2
DLBCL_LS762	0.2127257	0.18313062	0.2110353	0.14497773	0.24813065	0.24813065	2.0	4
DLBCL_RICOVER_216	0.21120146	0.18108474	0.20348659	0.1560294	0.24819781	0.24819781	2.0	4
DLBCL_MC_F927_JHS	0.21070996	0.18768759	0.24825563	0.15147005	0.20187676	0.24825563	4.0	2
DLBCL11467	0.21606885	0.17530812	0.21309537	0.1439931	0.25153458	0.25153458	3.0	4
DLBCL11483	0.21197298	0.16822551	0.20995009	0.15001091	0.2598405	0.2598405	1.0	4
DLBCL_C_D_1133_NULLPAIR	0.26441395	0.16319662	0.21266007	0.20891687	0.15081249	0.26441395	2.0	0
DLBCL_MAYO_DLBCL_3653	0.15330586	0.30757615	0.23316485	0.14218812	0.16376503	0.30757615	0.0	1
DLBCL11535	0.20462486	0.14044285	0.21575129	0.31780508	0.1213759	0.31780508	3.0	3
DLBCL10954	0.13938387	0.26431495	0.14577523	0.1305593	0.31996664	0.31996664	1.0	4
DLBCL10542	0.12310183	0.019033927	0.25283122	0.32755384	0.2774792	0.32755384	0.0	3
DLBCL11473	0.33361796	0.25308013	0.13172565	0.18608399	0.09549227	0.33361796	0.0	0
DLBCL_RICOVER_1081	0.34512523	0.013351105	0.0599497	0.29802093	0.28355306	0.34512523	4.0	0
DLBCL11468	0.34566525	0.07657731	0.26239878	0.28189126	0.033467382	0.34566525	2.0	0
DLBCL_RICOVER_945	0.21917078	0.34572244	0.11262783	0.2035049	0.11897406	0.34572244	0.0	1
DLBCL10915	0.2437423	0.048401028	0.22922963	0.35238248	0.12624456	0.35238248	4.0	3
DLBCL_RICOVER_408	0.10942258	0.3524801	0.20226792	0.05821232	0.27761707	0.3524801	2.0	1
DLBCL10486	0.3559461	0.32172516	0.04558482	0.084849775	0.19189416	0.3559461	0.0	0
DLBCL10495	0.25142017	0.35783014	0.06774012	0.1019037	0.22110589	0.35783014	0.0	1
DLBCL_MAYO_DLBCL_234	0.25646502	0.01669347	0.30697837	0.36203593	0.057827216	0.36203593	2.0	3
DLBCL11202	0.23228815	0.030213613	0.36206788	0.3164826	0.058947757	0.36206788	0.0	2
DLBC_FF_8046_TP_NB	0.26356488	0.13128273	0.12225105	0.36794543	0.11495592	0.36794543	2.0	3
DLBCL_LS3809	0.051920902	0.30534703	0.15149526	0.11049465	0.38074216	0.38074216	0.0	4
DLBCL10877	0.07969562	0.38399237	0.155684	0.08496377	0.29566422	0.38399237	0.0	1
DLBCL_RICOVER_1204	0.05720563	0.3158191	0.20845614	0.3904996	0.028019506	0.3904996	3.0	3
DLBCL11439	0.1306191	0.09078973	0.39050028	0.34755048	0.040540405	0.39050028	2.0	2
DLBCL11435	0.34578672	0.017969662	0.030188728	0.2141518	0.3919031	0.3919031	0.0	4
DLBCL10513	0.34746316	0.3919344	0.08340799	0.1553485	0.021845944	0.3919344	3.0	1
DLBCL11428	0.21786714	0.269715	0.39568672	0.100848794	0.015882337	0.39568672	2.0	2
DLBCL11664	0.21409787	0.39629698	0.20383221	0.17325123	0.012521695	0.39629698	1.0	1
DLBCL10981	0.39721382	0.14366318	0.11651859	0.23390557	0.10869884	0.39721382	1.0	0
DLBCL11458	0.046287	0.397452	0.3564561	0.051884837	0.14792006	0.397452	2.0	1
DLBCL11480	0.39789152	0.020706568	0.07598974	0.27390483	0.23150733	0.39789152	0.0	0
DLBCL10878	0.10752891	0.09708294	0.08895062	0.39820716	0.30823037	0.39820716	4.0	3
DLBCL_LS378	0.05073294	0.20647891	0.21364108	0.1307621	0.398385	0.398385	0.0	4
DLBCL10945	0.097293794	0.04339653	0.29154474	0.39838713	0.1693778	0.39838713	0.0	3
DLBCL_RICOVER_1269	0.1141994	0.15105206	0.399196	0.035700765	0.29985178	0.399196	2.0	2
DLBCL11448	0.040279526	0.30457577	0.4033121	0.1664316	0.08540098	0.4033121	3.0	2
DLBCL10472	0.15200661	0.045013797	0.3542816	0.40629277	0.04240522	0.40629277	2.0	3
DLBCL10547	0.020073103	0.053955227	0.3401232	0.17930703	0.4065414	0.4065414	3.0	4
DLBCL10782	0.19731383	0.29808968	0.06772276	0.4110144	0.025859302	0.4110144	3.0	3
DLBCL11204	0.16892035	0.057375435	0.41315636	0.26691538	0.093632475	0.41315636	1.0	2
DLBCL_RICOVER_575	0.4149485	0.089565195	0.111306824	0.3395545	0.044624995	0.4149485	3.0	0
DLBCL_LS1757	0.42076352	0.30187652	0.10443193	0.096136495	0.07679153	0.42076352	0.0	0
DLBC_FF_8062_TP_NB	0.4224309	0.19569781	0.29027027	0.059484076	0.03211694	0.4224309	3.0	0
DLBCL11208	0.0890294	0.42258224	0.25857496	0.10842118	0.121392205	0.42258224	1.0	1
DLBCL10925	0.0568706	0.15665524	0.03809916	0.32345122	0.42492378	0.42492378	4.0	4
DLBCL11437	0.034715597	0.019013455	0.17381105	0.42561027	0.34684962	0.42561027	3.0	3
DLBCL_RICOVER_712	0.03576712	0.376805	0.12488945	0.03277542	0.42976302	0.42976302	4.0	4
DLBCL_LS2208	0.11388465	0.22580025	0.14430211	0.082512446	0.43350056	0.43350056	4.0	4
DLBCL_RICOVER_826	0.30419567	0.4335404	0.026138006	0.18056133	0.055564612	0.4335404	0.0	1
DLBCL10893	0.058201864	0.021194337	0.16620053	0.43800533	0.31639794	0.43800533	4.0	3
DLBC_FF_A7CR_TP_NB	0.09000005	0.03038752	0.4387869	0.05828227	0.38254327	0.4387869	4.0	2
DLBCL11501	0.11082231	0.22106913	0.14449804	0.084306695	0.43930385	0.43930385	0.0	4
DLBCL_C_D_1151_NULLPAIR	0.35916945	0.14545579	0.027721383	0.44241223	0.025241144	0.44241223	3.0	3
DLBCL10884	0.3561766	0.033128567	0.031876262	0.44321588	0.13560268	0.44321588	0.0	3
DLBCL10532	0.034498435	0.078282975	0.38720378	0.05372098	0.44629383	0.44629383	4.0	4
DLBCL_RICOVER_978	0.44637936	0.11563427	0.058718387	0.36048907	0.018778898	0.44637936	2.0	0
DLBCL11542	0.048649434	0.14510009	0.44683784	0.34063005	0.018782562	0.44683784	2.0	2
DLBCL_C_D_1109_NULLPAIR	0.44726977	0.016991725	0.05379904	0.118330486	0.363609	0.44726977	3.0	0
DLBCL_C_D_1126_NULLPAIR	0.44892	0.3783182	0.028305367	0.048400965	0.096055485	0.44892	1.0	0
DLBCL10469	0.45020553	0.013477396	0.096132815	0.37690252	0.063281745	0.45020553	3.0	0
DLBCL11478	0.14973956	0.21074273	0.45270115	0.15181914	0.034997407	0.45270115	0.0	2
DLBCL_C_D_1103_NULLPAIR	0.35426742	0.45436722	0.06997475	0.069747634	0.05164299	0.45436722	3.0	1
DLBCL10919	0.15283726	0.29958236	0.45547992	0.06519254	0.026907897	0.45547992	3.0	2
DLBCL10548	0.3899975	0.05795048	0.02299044	0.07198674	0.45707482	0.45707482	0.0	4
DLBCL10965	0.45920482	0.014303264	0.047989752	0.3312045	0.14729765	0.45920482	3.0	0
DLBCL11681	0.46061125	0.020277577	0.2994166	0.1950874	0.024607152	0.46061125	0.0	0
DLBCL10974	0.046460595	0.024337573	0.08067085	0.38778222	0.46074876	0.46074876	3.0	4
DLBCL10510	0.09178981	0.46299663	0.026143588	0.041767865	0.37730208	0.46299663	1.0	1
DLBCL11484	0.16229466	0.4636569	0.15678339	0.10877303	0.10849205	0.4636569	1.0	1
DLBCL11528	0.38532037	0.026948573	0.46494472	0.04680584	0.07598049	0.46494472	2.0	2
DLBCL_C_D_1112_NULLPAIR	0.16571313	0.46638283	0.14784195	0.10795445	0.11210766	0.46638283	2.0	1
DLBCL11504	0.46662214	0.035795234	0.06663933	0.09901656	0.33192673	0.46662214	4.0	0
DLBCL11652	0.46685377	0.11969345	0.29235068	0.05586911	0.06523301	0.46685377	0.0	0
DLBCL10535	0.023804868	0.035526045	0.40557843	0.0673098	0.46778086	0.46778086	4.0	4
DLBCL_C_D_1138_NULLPAIR	0.0715791	0.086745396	0.46947587	0.31605294	0.056146692	0.46947587	1.0	2
DLBCL10522	0.16606678	0.47066182	0.1526693	0.10374152	0.1068606	0.47066182	2.0	1
DLBCL11679	0.040347397	0.4713727	0.08950892	0.29105663	0.10771433	0.4713727	1.0	1
DLBCL10844	0.47161165	0.057081204	0.052271493	0.0685175	0.35051817	0.47161165	0.0	0
DLBCL_RICOVER_617	0.47208658	0.09852219	0.10846909	0.3088334	0.0120887505	0.47208658	3.0	0
DLBCL10868	0.4745785	0.024608247	0.018284215	0.10089414	0.38163492	0.4745785	3.0	0
DLBCL11429	0.47598174	0.035586976	0.071920164	0.09939614	0.31711498	0.47598174	0.0	0
DLBCL10480	0.097812064	0.47693294	0.24281745	0.09575127	0.086686276	0.47693294	1.0	1
DLBCL_RICOVER_1283	0.16651756	0.037881013	0.07972393	0.23780562	0.4780719	0.4780719	2.0	4
DLBCL_LS2367	0.47841883	0.09495953	0.26737884	0.099711664	0.05953115	0.47841883	0.0	0
DLBCL_RICOVER_950	0.11401307	0.04120554	0.080626376	0.28408343	0.48007157	0.48007157	3.0	4
DLBCL10519	0.2959862	0.48041657	0.0842239	0.084822625	0.05455068	0.48041657	1.0	1
DLBCL_DFCI_DLBCL_GOE07	0.16952172	0.48077822	0.17762686	0.106166534	0.06590668	0.48077822	1.0	1
DLBCL_LS1683	0.0425437	0.482905	0.047035616	0.07424017	0.3532755	0.482905	1.0	1
DLBCL10936	0.15425205	0.48797265	0.14223932	0.10797003	0.10756596	0.48797265	2.0	1
DLBCL_RICOVER_522	0.043631546	0.25845	0.4894766	0.05350385	0.15493803	0.4894766	2.0	2
DLBCL10977	0.13529089	0.027908336	0.2937744	0.05215106	0.4908753	0.4908753	4.0	4
DLBCL_RICOVER_850	0.091139264	0.154382	0.050893545	0.20913686	0.49444833	0.49444833	4.0	4
DLBCL11474	0.18137936	0.023084288	0.023410613	0.27749643	0.49462932	0.49462932	0.0	4
DLBCL_RICOVER_1192	0.028621448	0.49529198	0.09551606	0.025145425	0.3554251	0.49529198	4.0	1
DLBCL10897	0.49645972	0.34244043	0.056539636	0.067094535	0.0374657	0.49645972	0.0	0
DLBCL_RICOVER_478	0.49675864	0.045992807	0.0855245	0.049917854	0.3218062	0.49675864	1.0	0
DLBCL10869	0.49723327	0.1508949	0.22030853	0.0660689	0.06549442	0.49723327	0.0	0
DLBCL10875	0.09975432	0.49782005	0.07893288	0.26978642	0.05370633	0.49782005	0.0	1
DLBCL11678	0.23575225	0.09761901	0.4992887	0.15391946	0.013420564	0.4992887	3.0	2
DLBCL10906	0.5005268	0.3349481	0.05913909	0.06589115	0.039494894	0.5005268	1.0	0
DLBCL10530	0.028934125	0.34433806	0.09727236	0.02665451	0.50280094	0.50280094	4.0	4
DLBCL10554	0.33059382	0.033025265	0.5031948	0.10102067	0.032165423	0.5031948	2.0	2
DLBCL_LS1668	0.34116662	0.056307595	0.02598706	0.50376004	0.07277869	0.50376004	1.0	3
DLBCL10930	0.50487536	0.06499849	0.025470447	0.07109503	0.3335607	0.50487536	4.0	0
DLBCL10467	0.030867508	0.025387872	0.36260146	0.07481303	0.50633013	0.50633013	4.0	4
DLBCL10488	0.03613038	0.506429	0.355924	0.08338027	0.018136306	0.506429	0.0	1
DLBCL10529	0.10166687	0.28260604	0.024957234	0.08323228	0.5075376	0.5075376	4.0	4
DLBCL10552	0.07523825	0.024599236	0.508682	0.34734127	0.044139214	0.508682	3.0	2
DLBCL_LS1304	0.05289929	0.049649563	0.5101788	0.11199977	0.27527255	0.5101788	2.0	2
DLBCL_RICOVER_258	0.51216805	0.028745119	0.034562428	0.07487183	0.34965256	0.51216805	2.0	0
DLBCL10555	0.3320024	0.08539212	0.5130389	0.058769807	0.010796776	0.5130389	2.0	2
DLBCL_C_D_1157_NULLPAIR	0.084097065	0.51317215	0.123605095	0.23528548	0.04384024	0.51317215	2.0	1
DLBCL10910	0.14939319	0.104726285	0.16528812	0.5136746	0.066917785	0.5136746	2.0	3
DLBCL11496	0.20722917	0.029995397	0.07320786	0.17530927	0.5142583	0.5142583	0.0	4
DLBCL11472	0.15947641	0.094396785	0.16629189	0.5144685	0.06536639	0.5144685	0.0	3
DLBCL_DFCI_DLBCL_GOE05	0.027955627	0.5148538	0.07069262	0.03120202	0.35529593	0.5148538	1.0	1
DLBCL_RICOVER_473	0.5172011	0.35830817	0.041856445	0.045052897	0.037581343	0.5172011	0.0	0
DLBCL10955	0.51828414	0.085057996	0.09121768	0.07848128	0.22695889	0.51828414	3.0	0
DLBCL10527	0.026443353	0.048171423	0.12154737	0.2830279	0.52080995	0.52080995	3.0	4
DLBCL11441	0.043991145	0.023360915	0.3229733	0.086741775	0.5229329	0.5229329	2.0	4
DLBCL_RICOVER_506	0.02358079	0.40083173	0.02619945	0.026293697	0.52309436	0.52309436	4.0	4
DLBCL11512	0.5235717	0.14766328	0.053103976	0.25381854	0.021842495	0.5235717	0.0	0
DLBCL_MC_F362_MJB1	0.020811262	0.5239534	0.27021065	0.04357324	0.14145148	0.5239534	2.0	1
DLBCL10962	0.029670851	0.5247022	0.26183686	0.108463414	0.07532668	0.5247022	1.0	1
DLBCL_RICOVER_977	0.52623725	0.012788161	0.030331	0.32230276	0.10834084	0.52623725	0.0	0
DLBCL11573	0.05315207	0.5266485	0.22347546	0.14412214	0.05260183	0.5266485	2.0	1
DLBCL10454	0.048567172	0.35795644	0.043980096	0.022762898	0.5267334	0.5267334	4.0	4
DLBCL11655	0.36777213	0.012876088	0.03615765	0.5275734	0.055620715	0.5275734	3.0	3
DLBCL10503	0.08683811	0.5283766	0.061694235	0.21543217	0.10765891	0.5283766	1.0	1
DLBCL_RICOVER_1235	0.09171766	0.52842736	0.27944744	0.06310094	0.037306566	0.52842736	1.0	1
DLBCL_LS2089	0.027205497	0.52901626	0.046683565	0.038101073	0.3589936	0.52901626	1.0	1
DLBCL10863	0.53001654	0.041328035	0.023692299	0.1672817	0.23768143	0.53001654	3.0	0
DLBCL11651	0.13529408	0.1331082	0.12062242	0.07994972	0.5310256	0.5310256	2.0	4
DLBCL10502	0.067406826	0.5333241	0.31588426	0.051510833	0.031873964	0.5333241	1.0	1
DLBCL10866	0.26355222	0.019065654	0.047440555	0.5333675	0.13657407	0.5333675	4.0	3
DLBCL_C_D_1108_NULLPAIR	0.06454113	0.5360778	0.02147202	0.023387803	0.35452124	0.5360778	1.0	1
DLBCL10452	0.027693814	0.3817346	0.02906754	0.025236536	0.5362675	0.5362675	1.0	4
DLBCL10494	0.11561733	0.5373562	0.08740503	0.19717798	0.062443476	0.5373562	1.0	1
DLBCL11454	0.27838466	0.038573027	0.047546	0.53792053	0.09757582	0.53792053	0.0	3
DLBCL_RICOVER_1150	0.5388489	0.0942628	0.024530705	0.05000229	0.2923553	0.5388489	0.0	0
DLBCL11574	0.1300292	0.13461606	0.116856135	0.079608664	0.53888994	0.53888994	2.0	4
DLBCL10879	0.18709058	0.5391454	0.13693453	0.11192701	0.024902467	0.5391454	2.0	1
DLBCL10464	0.5431545	0.2545309	0.07852925	0.07629516	0.047490165	0.5431545	2.0	0
DLBCL11457	0.23955001	0.01838147	0.079879865	0.5445028	0.11768586	0.5445028	0.0	3
DLBCL10914	0.54910207	0.105406046	0.2317759	0.052821692	0.06089432	0.54910207	0.0	0
DLBCL11657	0.047621116	0.04107222	0.5500338	0.052450128	0.30882272	0.5500338	3.0	2
DLBCL11576	0.12351365	0.23953174	0.044810086	0.5502315	0.041913033	0.5502315	3.0	3
DLBCL_LS951	0.11875476	0.09537923	0.1151	0.55354345	0.11722254	0.55354345	0.0	3
DLBCL10459	0.049307287	0.12910017	0.55400294	0.16000764	0.10758196	0.55400294	2.0	2
DLBCL_RICOVER_335	0.058093637	0.29271603	0.049664028	0.55483514	0.04469118	0.55483514	1.0	3
DLBCL11537	0.23564099	0.03339252	0.07374851	0.10220295	0.555015	0.555015	0.0	4
DLBCL11002	0.5552978	0.057345867	0.04455751	0.3291013	0.0136975525	0.5552978	3.0	0
DLBCL_C_D_1118_NULLPAIR	0.20938565	0.5553216	0.03689047	0.17131554	0.027086765	0.5553216	1.0	1
DLBCL_LS4054	0.08064338	0.55685973	0.050856516	0.03799412	0.27364624	0.55685973	1.0	1
DLBCL10934	0.020926045	0.08171699	0.054433927	0.2836793	0.55924374	0.55924374	1.0	4
DLBCL10862	0.047388613	0.29817152	0.060215894	0.03423356	0.5599904	0.5599904	4.0	4
DLBCL_MC_F496DMP	0.036625337	0.31897867	0.5600026	0.035009325	0.049384065	0.5600026	1.0	2
DLBCL11433	0.045014072	0.018973812	0.048263904	0.32669908	0.56104916	0.56104916	3.0	4
DLBCL11191	0.56119996	0.037367366	0.027691754	0.28148434	0.09225659	0.56119996	0.0	0
DLBCL11432	0.56362	0.0131840985	0.24441555	0.15955423	0.019226128	0.56362	0.0	0
DLBCL_C_D_1117_NULLPAIR	0.18060662	0.56650513	0.032407	0.20104334	0.019437902	0.56650513	1.0	1
DLBCL_RICOVER_451	0.21075577	0.13084029	0.5666818	0.055512503	0.03620964	0.5666818	0.0	2
DLBCL_LS2328	0.104912154	0.56701714	0.16424328	0.14489606	0.018931376	0.56701714	2.0	1
DLBCL10857	0.22565104	0.08079057	0.06836561	0.56748194	0.057710856	0.56748194	4.0	3
DLBCL11471	0.044223726	0.027921474	0.29747477	0.06253116	0.56784886	0.56784886	3.0	4
DLBCL10969	0.24389248	0.5690811	0.089584075	0.035294816	0.062147487	0.5690811	0.0	1
DLBCL_RICOVER_1263	0.5729345	0.12272476	0.13955517	0.143359	0.021426558	0.5729345	2.0	0
DLBCL_RICOVER_910	0.20780878	0.08221594	0.07398518	0.5747206	0.06126948	0.5747206	0.0	3
DLBCL10462	0.5751766	0.018562166	0.020606127	0.22161894	0.16403618	0.5751766	0.0	0
DLBCL_RICOVER_678	0.113135815	0.09569755	0.10606155	0.5759455	0.10915957	0.5759455	1.0	3
DLBCL_RICOVER_744	0.28982624	0.57921165	0.049283836	0.04722556	0.03445272	0.57921165	2.0	1
DLBCL10894	0.03469524	0.11581346	0.57941234	0.15630238	0.1137766	0.57941234	1.0	2
DLBCL11670	0.028301649	0.2674848	0.5796566	0.03933135	0.08522556	0.5796566	2.0	2
DLBCL11462	0.579765	0.032079346	0.03755043	0.055419315	0.29518586	0.579765	0.0	0
DLBCL_RICOVER_1032	0.017843654	0.57995975	0.07244816	0.037282612	0.29246584	0.57995975	4.0	1
DLBCL11498	0.3356844	0.58184034	0.027565049	0.03266413	0.022246093	0.58184034	1.0	1
DLBCL_MC_F815_BAT	0.07772618	0.06289471	0.58218044	0.26241747	0.01478122	0.58218044	2.0	2
DLBCL11449	0.06869662	0.27405855	0.03833067	0.034119174	0.584795	0.584795	1.0	4
DLBCL11675	0.042575072	0.02260356	0.30744535	0.58506644	0.042309556	0.58506644	2.0	3
DFCIDL009_DT	0.10292141	0.5882186	0.12176755	0.06957313	0.11751925	0.5882186	2.0	1
DLBCL11526	0.08155708	0.11188566	0.10097718	0.116933145	0.58864695	0.58864695	2.0	4
DLBCL_RICOVER_956	0.057323627	0.22166859	0.085439935	0.04687162	0.58869624	0.58869624	4.0	4
DLBCL11672	0.590393	0.027640367	0.13030799	0.20585714	0.045801528	0.590393	2.0	0
DLBCL10890	0.021651741	0.16402312	0.18573552	0.03689642	0.5916932	0.5916932	4.0	4
DLBCL_RICOVER_151	0.027198633	0.12548037	0.59393096	0.19980308	0.053586945	0.59393096	3.0	2
DLBCL_C_D_1106_NULLPAIR	0.2380153	0.5944191	0.06325125	0.060102753	0.04421155	0.5944191	1.0	1
DLBCL11476	0.08082993	0.11463622	0.09301259	0.11666817	0.5948531	0.5948531	4.0	4
DLBCL10539	0.038382895	0.5957849	0.06356595	0.11914728	0.18311897	0.5957849	3.0	1
DLBCL10854	0.0358267	0.2676805	0.05091642	0.04910695	0.59646946	0.59646946	4.0	4
DLBCL11536	0.037594244	0.06483051	0.034461215	0.264923	0.598191	0.598191	3.0	4
DLBCL11564	0.02849025	0.04271128	0.25673905	0.599075	0.0729844	0.599075	3.0	3
DLBCL10461	0.022437965	0.6002811	0.09067627	0.017286057	0.26931855	0.6002811	1.0	1
DLBCL_RICOVER_274	0.02576104	0.6017235	0.08996857	0.20634821	0.0761987	0.6017235	3.0	1
DLBCL11436	0.6031804	0.11016361	0.065464534	0.06783611	0.15335536	0.6031804	1.0	0
DLBCL10989	0.0610642	0.04526407	0.60400313	0.048819672	0.24084896	0.60400313	1.0	2
DLBCL_RICOVER_173	0.048386533	0.028810887	0.042354625	0.27605549	0.60439247	0.60439247	4.0	4
DLBCL_MC_F500_ECU	0.103508815	0.60658646	0.13249911	0.08448217	0.07292342	0.60658646	1.0	1
DLBCL10456	0.16861297	0.025582643	0.045965217	0.60920465	0.15063453	0.60920465	3.0	3
DLBCL10986	0.60927904	0.12655419	0.17834677	0.06711657	0.018703455	0.60927904	0.0	0
DLBCL10541	0.098890156	0.60930663	0.12986942	0.08735997	0.07457382	0.60930663	1.0	1
DLBCL_RICOVER_780	0.019463658	0.6105437	0.2971382	0.033058763	0.039795615	0.6105437	1.0	1
DLBCL_C_D_1159_NULLPAIR	0.30389982	0.022851791	0.023745703	0.6150547	0.03444797	0.6150547	3.0	3
DLBCL11459	0.07799876	0.04712297	0.13878761	0.6168496	0.11924108	0.6168496	3.0	3
DLBC_FF_8042_TP_NB	0.054699164	0.6212786	0.039660495	0.123479515	0.16088226	0.6212786	4.0	1
DLBCL10916	0.04299082	0.2647546	0.03380494	0.03662734	0.6218223	0.6218223	4.0	4
DLBCL11206	0.1174241	0.05453916	0.16717617	0.03783546	0.6230251	0.6230251	4.0	4
DLBCL10466	0.04005101	0.21694598	0.6258385	0.03818792	0.078976594	0.6258385	2.0	2
DLBCL_RICOVER_866	0.04031699	0.026408864	0.6278072	0.2884616	0.017005378	0.6278072	2.0	2
DLBCL_RICOVER_1046	0.024228482	0.63150764	0.11210604	0.017759215	0.21439864	0.63150764	1.0	1
DLBCL10874	0.019297924	0.08000067	0.12573653	0.14133787	0.633627	0.633627	1.0	4
DLBCL_LS3499	0.059489448	0.6375354	0.1699632	0.08377268	0.049239296	0.6375354	3.0	1
DLBCL10487	0.110228896	0.63914686	0.08933654	0.122517146	0.038770575	0.63914686	1.0	1
DLBCL11661	0.022051616	0.63977903	0.19951947	0.11333717	0.025312694	0.63977903	1.0	1
DLBCL10460	0.07049571	0.64308214	0.120768465	0.06961612	0.096037574	0.64308214	1.0	1
DLBCL_RICOVER_583	0.03788067	0.6431923	0.04089676	0.025243387	0.25278687	0.6431923	1.0	1
DLBCL11516	0.05128674	0.20432523	0.06311906	0.036450323	0.64481866	0.64481866	1.0	4
DLBCL_RICOVER_701	0.22848451	0.04209057	0.05416986	0.6452557	0.029999366	0.6452557	3.0	3
DLBCL_BWH_DLBCL64	0.20428866	0.64602643	0.06045312	0.05882047	0.03041135	0.64602643	1.0	1
DLBCL10870	0.02110458	0.028359728	0.2680745	0.036338113	0.64612305	0.64612305	4.0	4
DLBCL11515	0.16183357	0.08130813	0.646645	0.05965486	0.050558425	0.646645	2.0	2
DLBCL_C_D_1128_NULLPAIR	0.6491053	0.06793807	0.056032144	0.060915228	0.16600925	0.6491053	0.0	0
DFCIDL008_DT	0.081094176	0.11677588	0.09724069	0.052468996	0.6524203	0.6524203	4.0	4
DLBCL10972	0.16653576	0.050423317	0.6546212	0.0736318	0.05478791	0.6546212	0.0	2
DLBCL10904	0.22120428	0.024164237	0.030464074	0.06815777	0.6560096	0.6560096	4.0	4
DLBCL10931	0.035023745	0.017703334	0.21588781	0.0741947	0.6571904	0.6571904	0.0	4
DLBCL10852	0.6582324	0.021159045	0.05198997	0.21815631	0.05046226	0.6582324	4.0	0
DLBCL10485	0.07025256	0.66122746	0.11131837	0.0659731	0.09122847	0.66122746	4.0	1
DLBCL_LS146	0.024414113	0.21990371	0.66281897	0.04436796	0.048495263	0.66281897	1.0	2
DLBCL11482	0.12576	0.122976094	0.66346925	0.06325575	0.0245389	0.66346925	0.0	2
DLBCL11003	0.036401216	0.22178477	0.057455108	0.020712782	0.6636461	0.6636461	1.0	4
DLBCL10908	0.054494575	0.10159729	0.6643505	0.044272747	0.13528486	0.6643505	4.0	2
DLBCL10883	0.058779992	0.0398483	0.1875035	0.04924453	0.6646237	0.6646237	4.0	4
DLBCL11518	0.66518843	0.15940134	0.054518793	0.0804206	0.04047084	0.66518843	2.0	0
DLBCL11195	0.038850717	0.6667282	0.038482264	0.02531258	0.23062624	0.6667282	4.0	1
DLBCL10957	0.66693175	0.019808298	0.0867272	0.16639142	0.060141344	0.66693175	0.0	0
DLBCL11523	0.060206708	0.026502969	0.10406635	0.14147066	0.66775334	0.66775334	0.0	4
DLBCL_MC_F132_MLM	0.6687028	0.1360026	0.06768219	0.06336157	0.06425083	0.6687028	0.0	0
DLBCL10971	0.03473782	0.039598513	0.055807803	0.20041518	0.6694407	0.6694407	0.0	4
DLBCL11538	0.10835704	0.02374291	0.66987365	0.16103475	0.036991637	0.66987365	4.0	2
DLBCL11685	0.018622348	0.018095711	0.67099184	0.05115279	0.24113733	0.67099184	2.0	2
DLBCL_C_D_1166_NULLPAIR	0.020846656	0.2528597	0.024901418	0.023470229	0.677922	0.677922	4.0	4
DLBCL_C_D_1140_NULLPAIR	0.072597876	0.04126125	0.0972367	0.11017699	0.6787272	0.6787272	4.0	4
DLBCL11656	0.027911635	0.015178999	0.18077232	0.097290345	0.6788467	0.6788467	2.0	4
DLBCL11486	0.029187977	0.017273394	0.20961346	0.05787205	0.68605316	0.68605316	0.0	4
DLBCL10865	0.024604494	0.064655975	0.08423829	0.14010645	0.6863948	0.6863948	4.0	4
DLBCL11353	0.030108381	0.15310596	0.06295574	0.06689591	0.686934	0.686934	4.0	4
DLBCL_RICOVER_111	0.055282064	0.015465659	0.19183344	0.048949115	0.6884697	0.6884697	4.0	4
DLBCL_C_D_1144_NULLPAIR	0.06887831	0.041823927	0.096633136	0.102671705	0.6899929	0.6899929	4.0	4
DLBCL_RICOVER_787	0.69190705	0.02385659	0.02809197	0.21880436	0.037340015	0.69190705	1.0	0
DLBCL_RICOVER_773	0.02073354	0.69285315	0.19757578	0.028090527	0.06074698	0.69285315	4.0	1
DLBCL10983	0.19525993	0.69572836	0.01637266	0.06273972	0.02989933	0.69572836	1.0	1
DLBCL11511	0.6958682	0.012181751	0.08926099	0.058742423	0.14394665	0.6958682	0.0	0
DLBCL10935	0.06304858	0.12444233	0.07193065	0.04399384	0.6965846	0.6965846	0.0	4
DLBCL_C_D_1153_NULLPAIR	0.112288944	0.11158903	0.029742979	0.6985337	0.04784531	0.6985337	3.0	3
DLBCL10951	0.084920324	0.69867986	0.060536396	0.045303423	0.11055999	0.69867986	4.0	1
DLBCL_LS3245	0.04449762	0.6986952	0.14672863	0.05045049	0.059628088	0.6986952	1.0	1
DLBCL11673	0.08271875	0.69905317	0.06169202	0.046820987	0.10971508	0.69905317	1.0	1
DLBCL_RICOVER_1219	0.06727691	0.040133353	0.09519371	0.09707675	0.7003193	0.7003193	4.0	4
DLBCL10921	0.0632282	0.7043453	0.020061668	0.021079142	0.19128568	0.7043453	4.0	1
DLBCL10453	0.026416518	0.7052264	0.075333394	0.062207226	0.13081646	0.7052264	1.0	1
DLBCL_LS2154	0.7092304	0.05604783	0.08285819	0.11509576	0.036767818	0.7092304	0.0	0
DLBCL_LS2590	0.05567545	0.013973334	0.14137514	0.079659685	0.7093164	0.7093164	3.0	4
DLBCL10987	0.028175067	0.17963193	0.035303246	0.047501415	0.7093883	0.7093883	4.0	4
DLBCL10490	0.7098981	0.071323015	0.067855164	0.1280277	0.02289602	0.7098981	0.0	0
DLBCL10871	0.11317042	0.7132889	0.12089363	0.029669179	0.022977892	0.7132889	1.0	1
DLBC_FF_A7CQ_TP_NB	0.18590209	0.019108655	0.026191114	0.05153549	0.7172627	0.7172627	4.0	4
DLBCL11491	0.18106376	0.037735492	0.04194658	0.7196416	0.019612575	0.7196416	3.0	3
DLBCL_LS155	0.07138551	0.030518224	0.14200413	0.7199505	0.036141634	0.7199505	2.0	3
DLBCL10514	0.022398591	0.19169006	0.7205958	0.036455676	0.028859893	0.7205958	2.0	2
DLBCL10968	0.07402162	0.048800036	0.111484006	0.7247587	0.040935665	0.7247587	0.0	3
DLBCL11470	0.72478276	0.018616695	0.01704806	0.043138646	0.19641386	0.72478276	0.0	0
DLBCL_MC_F502_RFK	0.016496344	0.027494382	0.20191906	0.02909688	0.72499335	0.72499335	1.0	4
DLBCL_MC_F349_BJJ	0.09535574	0.7255211	0.07423943	0.0589267	0.04595706	0.7255211	2.0	1
DLBCL10970	0.09784035	0.725663	0.0736528	0.056789383	0.04605448	0.725663	3.0	1
DLBCL_RICOVER_711	0.07229233	0.11388357	0.06105148	0.7265755	0.026197104	0.7265755	3.0	3
DLBCL10498	0.035689536	0.02007708	0.7265956	0.20304905	0.014588757	0.7265956	2.0	2
DLBCL_C_D_1141_NULLPAIR	0.01703542	0.7270233	0.04417592	0.029725067	0.18204029	0.7270233	2.0	1
DLBCL10909	0.10822091	0.028237581	0.059817094	0.0763526	0.7273718	0.7273718	4.0	4
DLBCL11683	0.06560363	0.10252964	0.7283643	0.059198406	0.044304036	0.7283643	2.0	2
DLBCL11446	0.7284482	0.03523775	0.08610017	0.11776297	0.032450933	0.7284482	1.0	0
DLBCL11477	0.728955	0.08517374	0.05774571	0.05490076	0.07322482	0.728955	0.0	0
DLBCL10903	0.015270749	0.72975636	0.18814561	0.017606128	0.049221165	0.72975636	1.0	1
DLBCL10833	0.16448635	0.017283034	0.046000868	0.040346015	0.73188376	0.73188376	4.0	4
DLBCL10843	0.73333675	0.06375102	0.015035414	0.12261851	0.065258294	0.73333675	0.0	0
DLBCL10896	0.7351423	0.02823216	0.026639704	0.05080598	0.15917985	0.7351423	0.0	0
DLBCL_LS3204	0.068192974	0.73768324	0.12584671	0.04627255	0.022004513	0.73768324	1.0	1
DLBCL10918	0.06462247	0.034601834	0.11937976	0.73782855	0.04356739	0.73782855	0.0	3
DLBCL11581	0.044516064	0.12256904	0.7383036	0.048414778	0.04619654	0.7383036	4.0	2
DLBCL11509	0.7393663	0.08623058	0.05291465	0.052757327	0.06873115	0.7393663	0.0	0
DLBCL_RICOVER_577	0.093911186	0.012284951	0.7399404	0.05444374	0.09941974	0.7399404	2.0	2
DLBCL_C_D_1115_NULLPAIR	0.74234945	0.06307334	0.06535702	0.06704227	0.06217795	0.74234945	3.0	0
DLBCL_RICOVER_985	0.07803659	0.07178756	0.08436592	0.74340636	0.022403564	0.74340636	3.0	3
DLBCL11187	0.11616357	0.027306614	0.05527703	0.056394614	0.7448582	0.7448582	4.0	4
DLBCL_MC_F606_DMJ	0.045577355	0.74526006	0.09393399	0.05569303	0.05953558	0.74526006	2.0	1
DLBCL10994	0.74629813	0.06040718	0.06269814	0.06718993	0.063406624	0.74629813	0.0	0
DLBCL10521	0.017451081	0.19889155	0.019016534	0.017195605	0.7474452	0.7474452	4.0	4
DLBCL_RICOVER_1289	0.10849651	0.018048516	0.021643745	0.103156276	0.74865496	0.74865496	4.0	4
DLBC_FF_A7CX_TP_NB	0.74973756	0.08095454	0.056513783	0.054369852	0.058424283	0.74973756	4.0	0
DLBCL10922	0.03880957	0.74984473	0.06218337	0.07642838	0.07273393	0.74984473	1.0	1
DLBCL11464	0.14410473	0.026148152	0.029785855	0.7500647	0.04989659	0.7500647	3.0	3
DLBCL10849	0.046621237	0.75096214	0.024558483	0.023625517	0.15423262	0.75096214	1.0	1
DLBCL10536	0.051580522	0.08626702	0.75287634	0.04884111	0.060435016	0.75287634	2.0	2
DLBCL10517	0.021789525	0.1385398	0.75543654	0.066681884	0.017552257	0.75543654	1.0	2
DLBCL10885	0.103703365	0.7566972	0.028275464	0.087882094	0.023441898	0.7566972	1.0	1
DLBCL_RICOVER_1190	0.7570031	0.028063871	0.025892138	0.05326188	0.13577895	0.7570031	4.0	0
DLBCL10924	0.14348559	0.017592829	0.025017273	0.056642037	0.7572623	0.7572623	4.0	4
DFCIDL010_DT	0.7581194	0.058700453	0.05705839	0.06679286	0.059328888	0.7581194	0.0	0
DLBCL10853	0.13979849	0.016393676	0.029800847	0.055466786	0.7585402	0.7585402	4.0	4
DLBCL10564	0.039630495	0.105265535	0.050730202	0.7595671	0.044806678	0.7595671	3.0	3
DLBCL11495	0.09013182	0.01779298	0.043290243	0.08920027	0.75958467	0.75958467	4.0	4
DLBCL_RICOVER_1329	0.09135461	0.04532274	0.048620895	0.05496339	0.7597384	0.7597384	4.0	4
DLBCL10964	0.05276773	0.15139212	0.017478328	0.018053545	0.76030827	0.76030827	4.0	4
DLBCL_C_D_1149_NULLPAIR	0.03541955	0.76166534	0.14411697	0.023703255	0.035094894	0.76166534	1.0	1
DLBCL_MC_F064AB	0.068032525	0.03873915	0.09695925	0.76180184	0.034467272	0.76180184	2.0	3
DLBCL10566	0.10691816	0.081727736	0.021281347	0.027070481	0.7630023	0.7630023	4.0	4
DLBCL_RICOVER_1018	0.04326697	0.76358813	0.09776491	0.058956657	0.036423355	0.76358813	3.0	1
DLBCL_RICOVER_221	0.026540741	0.12808153	0.04831396	0.033432093	0.7636317	0.7636317	4.0	4
DLBCL10959	0.76396644	0.012532904	0.018405821	0.10872437	0.09637049	0.76396644	0.0	0
DLBCL11569	0.031664286	0.12662241	0.7690319	0.04787667	0.024804771	0.7690319	2.0	2
DLBCL_C_D_1113_NULLPAIR	0.06275004	0.042946644	0.76962024	0.06207074	0.06261233	0.76962024	2.0	2
DLBCL11443	0.7703472	0.012840078	0.063551836	0.037178736	0.116082154	0.7703472	0.0	0
DLBCL_RICOVER_320	0.060151696	0.04203566	0.77148026	0.062219847	0.06411252	0.77148026	2.0	2
DLBCL10859	0.023078829	0.7739775	0.031090176	0.021392208	0.15046126	0.7739775	1.0	1
DLBCL11001	0.11734378	0.011173408	0.03069242	0.06672395	0.77406645	0.77406645	4.0	4
DLBCL11455	0.041470885	0.044751808	0.024925597	0.11472672	0.774125	0.774125	2.0	4
DLBCL11479	0.06159326	0.039687056	0.7759482	0.06009147	0.06267996	0.7759482	1.0	2
DLBCL11450	0.021149646	0.024819478	0.0295195	0.14568909	0.7788223	0.7788223	4.0	4
DLBCL10973	0.049560677	0.03647733	0.7807474	0.050372746	0.082841836	0.7807474	3.0	2
DLBCL_LS297	0.048477244	0.03560711	0.78355676	0.049171414	0.0831875	0.78355676	2.0	2
DLBCL_RICOVER_948	0.0175206	0.1304468	0.7847951	0.018766312	0.04847118	0.7847951	1.0	2
DLBCL_RICOVER_1060	0.03499836	0.109262854	0.04278895	0.025916839	0.787033	0.787033	1.0	4
DLBCL10780	0.025750551	0.79292953	0.1171951	0.049382247	0.01474256	0.79292953	1.0	1
DLBCL10512	0.03311583	0.094187945	0.79489	0.036712363	0.041093886	0.79489	2.0	2
DLBCL10980	0.019482573	0.79663926	0.03092153	0.054393176	0.09856346	0.79663926	4.0	1
DLBCL_RICOVER_361	0.03280267	0.018702082	0.10510982	0.7975983	0.045787103	0.7975983	3.0	3
DLBCL_RICOVER_1299	0.05669291	0.015225771	0.023558998	0.106090926	0.7984314	0.7984314	4.0	4
DLBCL11676	0.08340879	0.050224982	0.79874986	0.0534898	0.014126551	0.79874986	0.0	2
DLBCL_RICOVER_288	0.050315846	0.8010824	0.0510842	0.034877162	0.06264039	0.8010824	1.0	1
DLBCL10491	0.09265625	0.055942792	0.029450003	0.80185103	0.020099942	0.80185103	3.0	3
DLBCL10876	0.03456681	0.8027053	0.041011695	0.024345815	0.097370386	0.8027053	4.0	1
DLBCL_RICOVER_440	0.019273192	0.8035961	0.13488162	0.018255977	0.023993121	0.8035961	2.0	1
DLBCL_MC_F210_GWC	0.087299906	0.035519518	0.039246857	0.8044066	0.03352715	0.8044066	1.0	3
DLBCL_LS4592	0.016200937	0.05509397	0.80466634	0.039863292	0.08417543	0.80466634	2.0	2
DLBCL10451	0.077776685	0.8051782	0.058705047	0.037146933	0.02119311	0.8051782	0.0	1
DLBCL_RICOVER_314	0.088855855	0.04032973	0.029421598	0.03411254	0.8072803	0.8072803	4.0	4
DLBCL11590	0.077241756	0.020150227	0.056890983	0.8076575	0.03805953	0.8076575	2.0	3
DLBCL10880	0.019320095	0.02247142	0.12113507	0.026794685	0.8102787	0.8102787	4.0	4
DLBCL10997	0.81142247	0.06385308	0.045284618	0.046614617	0.03282522	0.81142247	0.0	0
DLBCL_C_D_1139_NULLPAIR	0.072686486	0.062081885	0.034348037	0.81213295	0.018750617	0.81213295	3.0	3
DLBCL10858	0.04602096	0.014007153	0.02408965	0.10207238	0.8138099	0.8138099	3.0	4
DLBCL10515	0.8163823	0.040639944	0.02046441	0.032074165	0.09043918	0.8163823	0.0	0
DLBCL10895	0.042246122	0.060196348	0.06634389	0.014206629	0.817007	0.817007	4.0	4
DLBCL11566	0.02748736	0.029372955	0.8177386	0.08017356	0.045227524	0.8177386	2.0	2
DLBCL11460	0.052364115	0.018718638	0.032895226	0.82014924	0.07587279	0.82014924	3.0	3
DLBCL11456	0.033833425	0.82064056	0.048628744	0.07918254	0.017714705	0.82064056	1.0	1
DLBCL11004	0.02860179	0.028286831	0.01685898	0.10506192	0.8211905	0.8211905	4.0	4
DLBCL_MC_F519_ALT	0.024221942	0.10280601	0.029717688	0.019169653	0.8240847	0.8240847	4.0	4
DLBCL11519	0.82473266	0.014072719	0.03990638	0.09802927	0.023258971	0.82473266	0.0	0
DLBCL_LS2325	0.08163704	0.8258134	0.059112515	0.016625565	0.01681147	0.8258134	2.0	1
DLBCL_C_D_1131_NULLPAIR	0.03911221	0.82605094	0.03969857	0.023374947	0.071763344	0.82605094	1.0	1
DLBCL10939	0.06526691	0.01859175	0.025931107	0.8271451	0.063065164	0.8271451	3.0	3
DLBCL_LS843	0.04232288	0.024459247	0.8292066	0.05202543	0.051985838	0.8292066	2.0	2
DLBCL11591	0.014769815	0.82971466	0.10321613	0.023687702	0.028611695	0.82971466	1.0	1
DLBCL10837	0.109127514	0.829777	0.017452573	0.017209055	0.026433835	0.829777	4.0	1
DLBCL11520	0.8312287	0.01182186	0.01760648	0.03789445	0.101448566	0.8312287	0.0	0
DLBCL11658	0.050383635	0.019033762	0.036573034	0.8321393	0.061870243	0.8321393	3.0	3
DLBCL10847	0.08197493	0.036574107	0.022044377	0.025251767	0.83415484	0.83415484	4.0	4
DLBCL11595	0.06149089	0.059962388	0.020749427	0.022384996	0.8354123	0.8354123	4.0	4
DLBCL11527	0.83692396	0.012587509	0.015978273	0.082394496	0.052115787	0.83692396	3.0	0
DLBCL_RICOVER_1287	0.03028143	0.03666211	0.04668983	0.047454186	0.8389124	0.8389124	4.0	4
DLBCL11194	0.028367054	0.013400282	0.030730026	0.08784641	0.83965623	0.83965623	4.0	4
DLBCL10483	0.037222028	0.83974504	0.08242892	0.02277784	0.01782614	0.83974504	1.0	1
DLBCL10457	0.03392082	0.06790374	0.034696322	0.02265031	0.8408288	0.8408288	4.0	4
DLBCL11196	0.06251564	0.01820437	0.024554718	0.8422652	0.052460082	0.8422652	3.0	3
DLBCL10932	0.074866414	0.026862137	0.041354176	0.84234846	0.014568826	0.84234846	3.0	3
DLBCL10856	0.021361748	0.01926117	0.84300214	0.05212462	0.06425035	0.84300214	2.0	2
DLBCL_C_D_1129_NULLPAIR	0.0707135	0.022380844	0.022702293	0.037706256	0.8464971	0.8464971	0.0	4
DLBCL10961	0.015034962	0.027797094	0.030545006	0.07979661	0.8468263	0.8468263	4.0	4
DLBCL10978	0.05672774	0.0342584	0.038824674	0.8470635	0.023125727	0.8470635	3.0	3
DLBCL_LS4616	0.023966307	0.85129863	0.02574928	0.06404252	0.03494327	0.85129863	2.0	1
DLBCL11669	0.019946322	0.035357296	0.8515679	0.029445535	0.06368289	0.8515679	2.0	2
DLBCL10565	0.058129583	0.016116625	0.85339993	0.06076346	0.01159042	0.85339993	3.0	2
DLBCL10898	0.026472632	0.016565405	0.0416709	0.060510907	0.85478014	0.85478014	4.0	4
DLBCL11513	0.040069897	0.040512305	0.02843231	0.027657656	0.8633278	0.8633278	4.0	4
DLBCL_C_D_1125_NULLPAIR	0.01274818	0.073708095	0.033737913	0.016404191	0.86340165	0.86340165	4.0	4
DLBCL10984	0.011180483	0.86552113	0.024402427	0.016045375	0.082850575	0.86552113	4.0	1
DLBCL_RICOVER_469	0.061416794	0.01916569	0.8679015	0.0375981	0.013917934	0.8679015	2.0	2
DLBCL_C_D_1135_NULLPAIR	0.016713362	0.8679018	0.08407369	0.016646735	0.014664415	0.8679018	1.0	1
DLBCL_LS2357	0.046262722	0.030403242	0.025893033	0.8680096	0.029431373	0.8680096	3.0	3
DLBCL_RICOVER_338	0.8693399	0.014109301	0.026538199	0.055692162	0.034320444	0.8693399	0.0	0
DLBCL10463	0.011034609	0.012350616	0.031094242	0.07570745	0.8698131	0.8698131	4.0	4
DLBCL10484	0.027006658	0.8701292	0.05050277	0.03310236	0.019259002	0.8701292	1.0	1
DLBCL10553	0.039851163	0.016327545	0.042689193	0.87013453	0.030997554	0.87013453	3.0	3
DLBCL10534	0.01731471	0.047655653	0.03501876	0.02921358	0.8707973	0.8707973	4.0	4
DLBCL11659	0.044708673	0.010899397	0.87087053	0.038791925	0.03472949	0.87087053	3.0	2
DLBCL_RICOVER_1278	0.027523508	0.024507653	0.01479019	0.060888957	0.8722897	0.8722897	4.0	4
DLBCL10927	0.039763317	0.0205696	0.029964397	0.8726985	0.037004206	0.8726985	3.0	3
DLBCL10549	0.034095127	0.8749319	0.0517494	0.012742571	0.026481038	0.8749319	1.0	1
DLBCL11533	0.066323146	0.87794805	0.021647379	0.018333573	0.015747873	0.87794805	1.0	1
DLBCL_C_D_1123_NULLPAIR	0.87804985	0.028466813	0.01967001	0.050887354	0.022925995	0.87804985	0.0	0
DLBCL11447	0.045195058	0.0147522045	0.023335237	0.8793664	0.037351128	0.8793664	3.0	3
DLBCL10956	0.037141502	0.87967163	0.022276988	0.043269277	0.017640583	0.87967163	1.0	1
DLBCL_RICOVER_417	0.04603401	0.016853005	0.026197003	0.030745242	0.88017076	0.88017076	4.0	4
DLBCL_RICOVER_1293	0.02176716	0.016784225	0.01756548	0.062869415	0.88101375	0.88101375	4.0	4
DLBCL10891	0.009919914	0.011988822	0.05118181	0.044450328	0.8824591	0.8824591	4.0	4
DLBCL_MC_F139_LJF	0.054261416	0.021234436	0.024601173	0.88250947	0.01739349	0.88250947	3.0	3
DLBCL11539	0.88260174	0.008322448	0.067764334	0.029992573	0.011318888	0.88260174	0.0	0
DLBCL11507	0.029137755	0.88348407	0.06446827	0.012894908	0.010015015	0.88348407	1.0	1
DLBCL_RICOVER_134	0.024397224	0.01608478	0.05040458	0.023092741	0.88602066	0.88602066	4.0	4
DLBCL10497	0.031370383	0.0136537915	0.036188636	0.8865373	0.032249894	0.8865373	3.0	3
DLBCL10917	0.046994913	0.887328	0.02040929	0.03160425	0.013663538	0.887328	1.0	1
DLBCL_RICOVER_1061	0.053813778	0.012224564	0.027504524	0.8876679	0.018789237	0.8876679	3.0	3
DLBCL10544	0.039709374	0.011614562	0.03749713	0.8885312	0.022647733	0.8885312	3.0	3
DLBCL10907	0.027280852	0.88857603	0.02024437	0.013897389	0.050001353	0.88857603	1.0	1
DLBCL11346	0.02474846	0.8886888	0.021573395	0.020785306	0.044204015	0.8886888	1.0	1
DLBCL_LS1098	0.014725006	0.014931835	0.889978	0.06363166	0.016733503	0.889978	2.0	2
DLBCL_LS1065	0.01874323	0.89008653	0.06163076	0.015072821	0.014466657	0.89008653	1.0	1
DLBCL_MC_F218_RAP	0.8925492	0.023605762	0.026800571	0.048299447	0.008744984	0.8925492	3.0	0
DLBCL10850	0.011753899	0.89281464	0.03865983	0.016902924	0.03986872	0.89281464	1.0	1
DLBCL_LS3820	0.020730738	0.017387623	0.89364094	0.0261079	0.042132832	0.89364094	2.0	2
DLBCL10913	0.89372075	0.0074635744	0.026444262	0.056480866	0.015890567	0.89372075	0.0	0
DLBC_FF_A7CW_TP_NB	0.01723459	0.030334542	0.019215874	0.039136466	0.89407855	0.89407855	4.0	4
DLBCL10518	0.0151406	0.010067227	0.89812505	0.026997818	0.04966928	0.89812505	2.0	2
DLBCL_RICOVER_1045	0.898752	0.016854532	0.016031286	0.060771983	0.007590254	0.898752	3.0	0
DLBCL11666	0.01559712	0.01630035	0.90073615	0.051560268	0.015806131	0.90073615	2.0	2
DLBCL10492	0.03862843	0.025041608	0.013838939	0.020810997	0.90168005	0.90168005	0.0	4
DLBCL10988	0.01515872	0.9037045	0.026678635	0.040208805	0.014249304	0.9037045	1.0	1
DLBCL10867	0.013268874	0.016821237	0.014846722	0.049892463	0.9051707	0.9051707	4.0	4
DLBCL10860	0.008156524	0.017911525	0.035893887	0.031243002	0.9067951	0.9067951	4.0	4
DLBCL10995	0.01940424	0.020984394	0.90704244	0.0252835	0.027285444	0.90704244	2.0	2
DLBCL11488	0.9074717	0.0069592013	0.009763434	0.038540695	0.037264947	0.9074717	0.0	0
DLBCL_LS4619	0.015312039	0.008820724	0.91312563	0.023785407	0.03895622	0.91312563	4.0	2
DLBCL11205	0.9173393	0.016070234	0.024441987	0.035298996	0.0068494757	0.9173393	0.0	0
DLBCL10509	0.028386556	0.9182145	0.013133488	0.010644383	0.029621087	0.9182145	0.0	1
DLBCL10482	0.023483984	0.017733553	0.016182138	0.023072595	0.9195277	0.9195277	0.0	4
DLBCL_C_D_1130_NULLPAIR	0.028069464	0.014446845	0.01982354	0.017722614	0.91993755	0.91993755	0.0	4
DLBCL_RICOVER_1165	0.017953545	0.92206764	0.024133027	0.015888823	0.019956946	0.92206764	1.0	1
DLBCL10450	0.021620598	0.01434995	0.010916282	0.030314937	0.9227982	0.9227982	0.0	4
DLBCL10873	0.020527821	0.9246654	0.033359714	0.012909879	0.008537207	0.9246654	1.0	1
DLBCL_LS3749	0.014034916	0.92623615	0.035622805	0.014440318	0.009665821	0.92623615	1.0	1
DLBCL10902	0.0072207227	0.017968107	0.023252945	0.024192184	0.927366	0.927366	4.0	4
DLBCL_C_D_1152_NULLPAIR	0.022644315	0.928304	0.022663465	0.016143188	0.0102450065	0.928304	1.0	1
DLBCL10501	0.010284115	0.92852336	0.034177426	0.014081913	0.012933169	0.92852336	2.0	1
DLBCL11565	0.010913099	0.92864895	0.02185301	0.009228184	0.029356778	0.92864895	1.0	1
DLBCL10781	0.019276857	0.011269422	0.008817698	0.030132461	0.93050355	0.93050355	4.0	4
DLBCL10963	0.007724625	0.031579148	0.018433342	0.0110855205	0.9311774	0.9311774	4.0	4
DLBCL_C_D_1105_NULLPAIR	0.014228764	0.93139327	0.020499429	0.0125437295	0.021334793	0.93139327	1.0	1
DLBC_FF_8043_TP_NB	0.016226899	0.93140006	0.017238284	0.010611296	0.024523443	0.93140006	1.0	1
DLBCL_LS3200	0.018253606	0.93182474	0.015721563	0.010644215	0.023555873	0.93182474	4.0	1
DLBCL_LS1395	0.011918261	0.012716284	0.93226874	0.018361311	0.024735428	0.93226874	2.0	2
DLBCL11242	0.93247193	0.014719556	0.0121708	0.025316147	0.01532156	0.93247193	4.0	0
DLBCL11430	0.93340105	0.00741048	0.012289352	0.03646998	0.010429157	0.93340105	0.0	0
DLBCL_LS2245	0.019118825	0.9348914	0.018339738	0.014333555	0.013316488	0.9348914	1.0	1
DLBCL_RICOVER_829	0.9350624	0.015887879	0.013369819	0.028950343	0.006729543	0.9350624	0.0	0
DLBCL10996	0.9351096	0.0047829114	0.020299383	0.018218948	0.021589158	0.9351096	0.0	0
DLBCL10846	0.93740374	0.016173063	0.012527395	0.02307167	0.01082411	0.93740374	1.0	0
DLBCL_MC_F262_WLC	0.93745136	0.0064758966	0.007898022	0.021953402	0.026221288	0.93745136	0.0	0
DLBCL_RICOVER_253	0.030875823	0.9379376	0.009492782	0.008113227	0.0135805765	0.9379376	1.0	1
DLBCL10471	0.011691348	0.024316331	0.01285045	0.011685656	0.9394562	0.9394562	4.0	4
DLBCL10888	0.0085571855	0.0095351515	0.015198349	0.025199436	0.9415099	0.9415099	4.0	4
DLBCL10928	0.94169056	0.011369705	0.017431	0.024078894	0.0054298467	0.94169056	0.0	0
DLBCL10851	0.008906491	0.016535353	0.023929283	0.008781142	0.94184774	0.94184774	1.0	4
DLBCL_RICOVER_401	0.007836867	0.94238985	0.034194622	0.007181282	0.00839741	0.94238985	1.0	1
DLBCL11188	0.009752389	0.94295335	0.018550858	0.010296593	0.018446786	0.94295335	1.0	1
DLBCL10523	0.012282408	0.0069290698	0.9435525	0.0268385	0.010397532	0.9435525	2.0	2
DLBCL10947	0.9441237	0.016835019	0.007322205	0.016441057	0.015278055	0.9441237	1.0	0
DLBCL10881	0.016394813	0.0077998163	0.013002851	0.018511074	0.9442915	0.9442915	4.0	4
DLBCL_C_D_1148_NULLPAIR	0.0093678245	0.008765366	0.9445153	0.027431102	0.0099204015	0.9445153	0.0	2
DLBCL11500	0.01964816	0.013929743	0.009192102	0.008026091	0.9492039	0.9492039	4.0	4
DLBCL11440	0.007641623	0.009545763	0.018019248	0.015169752	0.94962364	0.94962364	4.0	4
DLBCL10838	0.009065453	0.95012444	0.012203241	0.007908318	0.020698564	0.95012444	4.0	1
DLBCL_RICOVER_120	0.95080024	0.011294635	0.01504018	0.014665972	0.008198956	0.95080024	4.0	0
DLBCL11469	0.010290778	0.008450183	0.95095533	0.017253041	0.013050659	0.95095533	2.0	2
DLBCL_RICOVER_1210	0.010032401	0.9512413	0.022618456	0.007927445	0.008180392	0.9512413	1.0	1
DLBCL11541	0.007874716	0.0148284845	0.9513611	0.011200034	0.014735621	0.9513611	2.0	2
DLBCL_RICOVER_839	0.0132396985	0.951385	0.009752765	0.016284514	0.009338	0.951385	1.0	1
DLBCL10848	0.014298469	0.006959891	0.011789293	0.015452125	0.95150024	0.95150024	4.0	4
DLBCL10975	0.95158815	0.0054975227	0.004785863	0.029459598	0.008668839	0.95158815	0.0	0
DLBCL10950	0.9516645	0.0079418775	0.0044739307	0.025986332	0.009933347	0.9516645	0.0	0
DLBCL_LS1921	0.015202048	0.9524873	0.010996136	0.01197492	0.009339598	0.9524873	1.0	1
DLBCL_C_D_1163_NULLPAIR	0.0066384217	0.0067050643	0.01126697	0.021629011	0.9537605	0.9537605	4.0	4
DLBCL_C_D_1114_NULLPAIR	0.95394635	0.010485891	0.0092820795	0.017336052	0.008949625	0.95394635	0.0	0
DLBCL10889	0.0075739212	0.01100902	0.01191762	0.015491867	0.95400757	0.95400757	4.0	4
DLBCL_RICOVER_1106	0.0064246985	0.010935162	0.00908296	0.018704975	0.9548522	0.9548522	4.0	4
DLBCL10458	0.9555047	0.0051222527	0.011580926	0.0236011	0.004190991	0.9555047	0.0	0
DLBCL_RICOVER_467	0.0076087196	0.95586014	0.010847242	0.006338139	0.01934579	0.95586014	1.0	1
DLBCL_C_D_1136_NULLPAIR	0.008866841	0.95632786	0.009121891	0.0069636023	0.018719833	0.95632786	1.0	1
DLBCL_MAYO_DLBCL_7359	0.009073566	0.95635223	0.014332391	0.0075643654	0.012677458	0.95635223	1.0	1
DLBCL_RICOVER_267	0.008782865	0.00649175	0.9568441	0.01373253	0.014148781	0.9568441	2.0	2
DLBCL11525	0.010515211	0.008062252	0.95695555	0.015081961	0.009385049	0.95695555	2.0	2
DLBCL10525	0.9570403	0.0034133925	0.011172121	0.020106701	0.008267476	0.9570403	0.0	0
DLBCL10842	0.007697931	0.013459082	0.0095338	0.011498739	0.95781046	0.95781046	4.0	4
DLBCL10901	0.00796361	0.009229684	0.011771082	0.013041899	0.95799375	0.95799375	4.0	4
DLBCL_RICOVER_449	0.0073780357	0.0074150357	0.011370566	0.0145433005	0.95929307	0.95929307	4.0	4
DLBCL10835	0.011546637	0.007771906	0.0065620253	0.013104908	0.9610145	0.9610145	4.0	4
DLBCL_C_D_1119_NULLPAIR	0.011566145	0.9612726	0.01097962	0.007876193	0.0083054295	0.9612726	1.0	1
DLBCL10967	0.008267137	0.007109333	0.011256906	0.011857578	0.96150905	0.96150905	4.0	4
DLBCL10999	0.005506745	0.0063115987	0.00892363	0.017118491	0.96213955	0.96213955	4.0	4
DLBCL10992	0.009359999	0.0064022685	0.009132811	0.012505857	0.96259904	0.96259904	4.0	4
DLBCL11671	0.9635706	0.00439744	0.013463022	0.014341073	0.0042278823	0.9635706	0.0	0
DLBCL_MC_F739_AMA3	0.0046486747	0.010589036	0.9654658	0.011288181	0.0080083115	0.9654658	1.0	2
DLBCL10887	0.006465104	0.00726607	0.00923159	0.010447634	0.9665896	0.9665896	4.0	4
DLBCL10990	0.00697669	0.0061753225	0.009312647	0.0105332015	0.96700215	0.96700215	4.0	4
DLBCL10900	0.008179249	0.0067073335	0.005632225	0.011721109	0.9677601	0.9677601	4.0	4
DLBCL11000	0.0048798546	0.0058551533	0.013020547	0.008287047	0.9679574	0.9679574	4.0	4
DLBCL10845	0.0054274723	0.96870387	0.008149687	0.006184349	0.011534643	0.96870387	1.0	1
DLBCL_MC_F729_MAN	0.007814699	0.9689968	0.0081483815	0.005010788	0.01002933	0.9689968	1.0	1
DLBCL_DFCI_DLBCL_GOE16	0.0056575765	0.005005449	0.9698948	0.013599552	0.005842579	0.9698948	2.0	2
DLBCL11667	0.0067226198	0.0068522296	0.9707635	0.00933214	0.0063295304	0.9707635	2.0	2
DLBCL_MC_F089_HCZ	0.0068291444	0.97152185	0.00854298	0.0051586684	0.007947336	0.97152185	1.0	1
DLBCL11434	0.9718585	0.0073461393	0.006326404	0.010686356	0.0037825843	0.9718585	0.0	0
DLBCL_MAYO_DLBCL_5613	0.9732099	0.0042393208	0.0059869285	0.012250353	0.00431347	0.9732099	0.0	0
DLBCL_RICOVER_685	0.005693545	0.0069619776	0.0050504194	0.008720366	0.9735737	0.9735737	4.0	4
DLBCL_RICOVER_533	0.0067970706	0.97359043	0.008069721	0.00603317	0.0055095814	0.97359043	1.0	1
DLBCL11461	0.97409207	0.005826466	0.0050582206	0.0113584325	0.0036647893	0.97409207	0.0	0
DLBCL10550	0.0044068885	0.006710014	0.0058583696	0.007843759	0.975181	0.975181	4.0	4
DLBCL10911	0.00778439	0.9756648	0.006920566	0.004961124	0.004669098	0.9756648	1.0	1
DLBCL10836	0.004068232	0.004341591	0.0065687243	0.008828132	0.9761933	0.9761933	4.0	4
DLBCL10912	0.977463	0.0029818255	0.004207504	0.01163535	0.0037123214	0.977463	0.0	0
DLBCL10834	0.004425652	0.97899795	0.005747967	0.0031778968	0.007650541	0.97899795	1.0	1
DLBCL11203	0.0028848154	0.9800268	0.0055881636	0.003253046	0.008247169	0.9800268	1.0	1
DLBCL10864	0.0049460223	0.0038031058	0.0044238716	0.0061766272	0.98065037	0.98065037	4.0	4
DLBCL_RICOVER_299	0.004734656	0.9815599	0.0047763344	0.0033436136	0.0055855513	0.9815599	1.0	1
DLBCL11662	0.9817617	0.0040122303	0.002949322	0.0077871676	0.003489613	0.9817617	0.0	0
DLBCL_RICOVER_1248	0.0033417328	0.0068287794	0.0031358236	0.004887543	0.9818061	0.9818061	4.0	4
DLBCL_RICOVER_174	0.0039721658	0.9818404	0.0064713066	0.004186779	0.003529398	0.9818404	1.0	1
DLBCL_RICOVER_720	0.0028286492	0.005866322	0.0035176056	0.004510753	0.98327667	0.98327667	4.0	4
DLBCL11558	0.0033720366	0.0042520356	0.9840417	0.005658528	0.002675735	0.9840417	2.0	2
DFCIDL003_DT	0.003698938	0.985901	0.0051314174	0.0023580934	0.0029105528	0.985901	1.0	1
DLBCL11677	0.9880172	0.0015241762	0.002242746	0.0056499005	0.002565963	0.9880172	0.0	0
DLBCL11680	0.0022479843	0.002666062	0.98846555	0.003619322	0.0030010643	0.98846555	2.0	2
DLBCL_LS4593	0.0020351224	0.0028386647	0.98891586	0.003554918	0.0026554053	0.98891586	2.0	2
DLBCL_LS2599	0.0023110393	0.0026286177	0.9894201	0.0038150602	0.0018251545	0.9894201	2.0	2
DLBCL10899	0.0022792874	0.0031463492	0.0020001	0.002706607	0.9898676	0.9898676	4.0	4
DLBCL10966	0.9908894	0.0016373909	0.0015428575	0.004089284	0.001841124	0.9908894	0.0	0
DLBCL10465	0.0014207663	0.0018282171	0.9920701	0.0029441249	0.0017368421	0.9920701	2.0	2
