	C1	C2	C3	C4	C5	Confidence	True Cluster	Predicted Cluster
DLBCL11446	0.03082208187573445	0.22546206566960014	0.24936927411928528	0.29275868762877405	0.20158789070660615	0.29275868762877405	1.0	3
DLBCL_RICOVER_120	0.3201970356843839	0.19274022792372922	0.226697592058487	0.056335743367705596	0.20402940096569427	0.3201970356843839	4.0	0
DLBCL11480	0.33863132304894283	0.04218066296752904	0.2303863916350942	0.11219912047712131	0.2766025018713126	0.33863132304894283	0.0	0
DLBCL11202	0.3535490600333303	0.15523530258535026	0.3067930775030883	0.16406760382294858	0.020354956055282456	0.3535490600333303	0.0	0
DLBCL10986	0.3536856206810897	0.060170140212319825	0.31489240276469316	0.200920247191819	0.07033158915007826	0.3536856206810897	0.0	0
DLBCL_LS1668	0.0342934571336995	0.29242022592142136	0.24991906425986396	0.3578999689801449	0.06546728370487027	0.3578999689801449	1.0	3
DLBCL_MAYO_DLBCL_3653	0.300094135205653	0.04656774755133738	0.07078082077196604	0.2188450702102162	0.3637122262608274	0.3637122262608274	0.0	4
DLBCL11483	0.13014470212895815	0.3134108247679374	0.11403193935173414	0.0754164526369499	0.3669960811144205	0.3669960811144205	1.0	4
DLBCL11471	0.3716384720306924	0.2521891413619138	0.0260449194145816	0.19153683431144752	0.15859063288136468	0.3716384720306924	3.0	0
DLBCL_RICOVER_522	0.22855366910086147	0.11276222302278834	0.26562751056243183	0.38027618047636874	0.012780416837549591	0.38027618047636874	2.0	3
DLBCL10512	0.02292667323167825	0.25132506830225965	0.382599508744296	0.04746454978393227	0.29568419993783385	0.382599508744296	2.0	2
DLBCL_C_D_1156_NULLPAIR	0.25900921791372394	0.11717957758184373	0.1276554876050721	0.3845057817457129	0.11164993515364721	0.3845057817457129	0.0	3
DLBCL10488	0.38465574043942663	0.09929441040297195	0.29022782130146546	0.21650522553909474	0.009316802317041207	0.38465574043942663	0.0	0
DLBCL10950	0.14389992763395604	0.0829802672690236	0.06398874792480623	0.38980499099654947	0.31932606617566467	0.38980499099654947	0.0	3
DLBCL_MC_F927_JHS	0.11483343279601696	0.21706387009235675	0.1665058740306174	0.09156811211685502	0.410028710964154	0.410028710964154	4.0	4
DLBCL_LS2367	0.11336949588188944	0.09197224413600434	0.05090529002487983	0.3172694194573545	0.42648355049987186	0.42648355049987186	0.0	4
DLBCL11534	0.04877220943653577	0.033147630683039685	0.42701523361704147	0.1873743291005238	0.30369059716285934	0.42701523361704147	2.0	2
DLBCL_RICOVER_773	0.02270734575076364	0.15742922889858152	0.42901262527168177	0.026698250530308124	0.364152549548665	0.42901262527168177	4.0	2
DLBCL10514	0.1339786464406373	0.4367426297527837	0.3310198880917749	0.07605449350029184	0.02220434221451224	0.4367426297527837	2.0	1
DLBC_FF_8062_TP_NB	0.33287100447732004	0.03230138986159324	0.4409782478828027	0.166772898943588	0.027076458834696	0.4409782478828027	3.0	2
DLBCL11574	0.0699384202967599	0.20378179066450683	0.4414872163881234	0.08083432568419908	0.20395824696641077	0.4414872163881234	2.0	2
DLBCL11657	0.04983992441240931	0.062024143739008664	0.3912061838627045	0.4475825821987671	0.04934716578711029	0.4475825821987671	3.0	3
DLBCL_RICOVER_216	0.05833059891355943	0.08172237137494912	0.44962272271762765	0.04796422302272685	0.36236008397113706	0.44962272271762765	2.0	2
DLBCL10527	0.022890855212153567	0.03651990562756738	0.19664709711238093	0.45199014956773365	0.2919519924801647	0.45199014956773365	3.0	3
DLBCL10936	0.16645460051063388	0.4529839983830637	0.14878186416579356	0.11481675637483277	0.11696278056567609	0.4529839983830637	2.0	1
DLBCL_RICOVER_711	0.38078105162412623	0.11116513181051578	0.023860483455490012	0.45829572944072106	0.025897603669147028	0.45829572944072106	3.0	3
DLBCL10863	0.09698861659141503	0.021433308829379848	0.036659402634587876	0.4643146630620312	0.38060400888258605	0.4643146630620312	3.0	3
DLBCL10486	0.4648412137389778	0.10367056592174329	0.025908874681788284	0.15172185608997357	0.25385748956751714	0.4648412137389778	0.0	0
DLBCL10503	0.08667854270598309	0.2759468688694424	0.09038888996317439	0.08172908455653811	0.4652566139048619	0.4652566139048619	1.0	4
DLBCL10959	0.35583453126195597	0.04143426583476671	0.021179989639714136	0.46771715884254145	0.11383405442102168	0.46771715884254145	0.0	3
DLBCL10907	0.12171427025579461	0.3058299357678472	0.027773985042057046	0.07604715676091639	0.4686346521733847	0.4686346521733847	1.0	4
DLBC_FF_8046_TP_NB	0.47247892181621554	0.0853444408744524	0.24838769245506565	0.1356569984973138	0.05813194635695247	0.47247892181621554	2.0	0
DLBCL11510	0.1978760037083669	0.47525712235662715	0.08162769524666363	0.056834032200999536	0.18840514648734275	0.47525712235662715	4.0	1
DLBCL_RICOVER_1081	0.06019451472797028	0.01632339703327215	0.10741630014880355	0.3346019901752323	0.4814637979147217	0.4814637979147217	4.0	4
DLBCL11528	0.48740942093863443	0.1335934714074017	0.3105938133459409	0.033036846016301316	0.035366448291721635	0.48740942093863443	2.0	0
DLBCL_RICOVER_720	0.03432898628438517	0.41758662322862933	0.038149477638783895	0.02017012899182474	0.4897647838563768	0.4897647838563768	4.0	4
DLBCL11432	0.4918497801483927	0.010659169218904417	0.18448086729207383	0.17064652436023886	0.14236365898039016	0.4918497801483927	0.0	0
DLBCL10874	0.10752483249564201	0.17297969883751813	0.03792906345277697	0.4919867693375902	0.18957963587647275	0.4919867693375902	1.0	3
DLBCL10955	0.055082779395579894	0.104748243876423	0.0884981046988083	0.25686919636776867	0.4948016756614202	0.4948016756614202	3.0	4
DLBCL_C_D_PAIR13	0.14018341681780747	0.13422478173968605	0.13996797637650138	0.08729930156447882	0.4983245235015263	0.4983245235015263	4.0	4
DLBCL11519	0.4164316840496174	0.03525206844872161	0.033153193211110286	0.4996079653596225	0.015555088930928267	0.4996079653596225	0.0	3
DLBCL11467	0.0821916621392012	0.0594691685973375	0.10022135252409901	0.5025835335368145	0.25553428320254773	0.5025835335368145	3.0	3
DLBCL11431	0.1415833137943644	0.13643424580968452	0.1334439491119387	0.08544768026048556	0.5030908110235267	0.5030908110235267	4.0	4
DLBCL_LS3204	0.2019595211701805	0.5068393393688072	0.06631550850179013	0.20356746492677838	0.02131816603244383	0.5068393393688072	1.0	1
DLBCL10782	0.5127327131423532	0.12451574007106131	0.03436373310643573	0.3017746369676462	0.026613176712503513	0.5127327131423532	3.0	0
DLBCL11441	0.08678623432718063	0.01981826329959254	0.14606448144367387	0.23032898250647243	0.5170020384230806	0.5170020384230806	2.0	4
DLBCL_MAYO_DLBCL_234	0.19911375135651083	0.014609730591025926	0.5188389502886204	0.21482207904572495	0.05261548871811796	0.5188389502886204	2.0	2
DLBCL10965	0.3697946498420971	0.01828398815493838	0.058359812727718785	0.5214857108084705	0.032075838466775315	0.5214857108084705	3.0	3
DLBCL_LS2590	0.03583135535319605	0.021292526125458195	0.06959551081049031	0.5270984644897806	0.34618214322107493	0.5270984644897806	3.0	3
DLBCL11455	0.13515141112523837	0.024984313345115413	0.5283618421638535	0.2811631431804573	0.030339290185335377	0.5283618421638535	2.0	2
DLBCL11466	0.08936713334498407	0.26073194542997263	0.058819704360055916	0.5295843226654224	0.061496894199564923	0.5295843226654224	1.0	3
DLBCL_LS2154	0.30096799909442384	0.5326840213941346	0.06496660852490686	0.07848099986423109	0.02290037112230354	0.5326840213941346	0.0	1
DLBCL_DFCI_DLBCL_GOE05	0.011000372737673353	0.29530645632718305	0.12728549450361096	0.029104999761486273	0.5373026766700463	0.5373026766700463	1.0	4
DLBCL11496	0.5393816818825169	0.031176528088072277	0.05549802479398876	0.06457025123699893	0.30937351399842317	0.5393816818825169	0.0	0
DLBCL11206	0.035349919907272806	0.32262634995432654	0.08349341058784836	0.01609723266202147	0.5424330868885309	0.5424330868885309	4.0	4
DLBCL_C_D_1117_NULLPAIR	0.16513620201988485	0.5424564635885208	0.022780746691524887	0.23835858878160304	0.03126799891846638	0.5424564635885208	1.0	1
DLBCL10985	0.10447726413203527	0.274533117399473	0.031937625638217754	0.5428106259092315	0.046241366921042575	0.5428106259092315	1.0	3
DLBCL10566	0.05157631634352339	0.3417896355055512	0.03829828654609159	0.022666403047899828	0.545669358556934	0.545669358556934	4.0	4
DLBCL11675	0.027250914166607576	0.01242417866282107	0.5465736841958163	0.08326384929369168	0.3304873736810633	0.5465736841958163	2.0	2
DLBCL10517	0.012771069782170397	0.3536342568320456	0.5471312520459561	0.042284412754846366	0.04417900858498155	0.5471312520459561	1.0	2
DLBCL10869	0.5473426678441711	0.12740206783422964	0.19438047742176742	0.07144109814972796	0.05943368875010392	0.5473426678441711	0.0	0
DLBCL_BWH_DLBCL64	0.23594170337027515	0.15143834438004078	0.04571047086577104	0.5489117919951164	0.01799768938879664	0.5489117919951164	1.0	3
DLBCL11449	0.05201681449202093	0.550653703112084	0.030593226821219593	0.05186655329865099	0.31486970227602445	0.550653703112084	1.0	1
DLBCL_RICOVER_314	0.02274975187642225	0.5535972126542303	0.03719641304998737	0.06569516981299107	0.32076145260636885	0.5535972126542303	4.0	1
DLBCL_C_D_1138_NULLPAIR	0.052761905268766805	0.5542542168843081	0.08387896588705616	0.2505778131064484	0.058527098853420466	0.5542542168843081	1.0	1
DLBCL_LS2328	0.04891686938386453	0.33907228407696854	0.5622823228593771	0.03670714318641676	0.013021380493373083	0.5622823228593771	2.0	2
DLBCL_MC_F606_DMJ	0.018261184434261443	0.3646972421362591	0.5636892080382646	0.028827183330888437	0.024525182060326382	0.5636892080382646	2.0	2
DLBCL11433	0.02592825966711076	0.033749718292877096	0.08389761976493822	0.28825127074481405	0.56817313153026	0.56817313153026	3.0	4
DLBCL_C_D_1112_NULLPAIR	0.042572658072524396	0.2486654298003967	0.5740667839475312	0.05385137961500249	0.08084374856454525	0.5740667839475312	2.0	2
DLBCL10970	0.045554253423499766	0.2638842697158347	0.07534125862978105	0.5785321327343219	0.03668808549656258	0.5785321327343219	3.0	3
DLBCL_MC_F362_MJB1	0.01829908354663816	0.24275125037050058	0.5791121280120876	0.021864804800327733	0.13797273327044599	0.5791121280120876	2.0	2
DLBCL10549	0.042509723897122265	0.5797268435272075	0.3277716545429522	0.03403851779444887	0.015953260238269113	0.5797268435272075	1.0	1
DLBCL_LS4593	0.018058010375871035	0.2917138963333579	0.5811132706215323	0.07200722265146205	0.03710760001777665	0.5811132706215323	2.0	2
DLBCL_C_D_1148_NULLPAIR	0.23856297544319197	0.013389104547465327	0.13800671093237887	0.5831598431730346	0.026881365903929262	0.5831598431730346	0.0	3
DLBCL10867	0.03312924210861791	0.30343101331707484	0.02679227164750498	0.050909106456218524	0.5857383664705837	0.5857383664705837	4.0	4
DLBCL10450	0.5895390327204857	0.11619625045457607	0.01682218930525372	0.16583614146067158	0.11160638605901291	0.5895390327204857	0.0	0
DLBCL11652	0.589900194258688	0.2237895168419401	0.08938767482558484	0.07080733360687086	0.026115280466916215	0.589900194258688	0.0	0
DLBCL11447	0.03431545202957496	0.02223108430790088	0.03991105480437633	0.3135228168407459	0.590019592017402	0.590019592017402	3.0	4
DLBCL10491	0.057564632041345404	0.25793095908350777	0.071422960542597	0.5911986645996835	0.02188278373286629	0.5911986645996835	3.0	3
DLBCL11003	0.06188677513792858	0.5917733050650065	0.0269324305340928	0.01758964872019885	0.30181784054277333	0.5917733050650065	1.0	1
DLBCL_LS4619	0.018436479636782726	0.05867025369876858	0.5949464516776263	0.06694896689091134	0.2609978480959111	0.5949464516776263	4.0	2
DLBCL11501	0.5985814025736864	0.26203820767023867	0.02804248458107989	0.043000491142020966	0.06833741403297408	0.5985814025736864	0.0	0
DLBCL11659	0.11830366528525911	0.014737124321420636	0.6041278381704009	0.21651039548622006	0.046320976736699215	0.6041278381704009	3.0	2
DLBCL_RICOVER_1060	0.10378145476787422	0.605644582888248	0.03601838034287568	0.026809973410693175	0.2277456085903089	0.605644582888248	1.0	1
DLBCL_RICOVER_467	0.016549372024695766	0.6070341996590399	0.037480359899699264	0.01681067046311317	0.32212539795345185	0.6070341996590399	1.0	1
DLBCL10971	0.17352273953775826	0.07999471421888381	0.030855499218806953	0.10856028603834833	0.6070667609862027	0.6070667609862027	0.0	4
DLBCL11448	0.045446574889723326	0.1374423390430325	0.08259832881436877	0.6088965443295143	0.12561621292336103	0.6088965443295143	3.0	3
DLBCL10919	0.3159701199224209	0.022226322746823686	0.028008057756530418	0.6110551773941161	0.022740322180108845	0.6110551773941161	3.0	3
DLBCL11468	0.07179832938064103	0.020548625444777317	0.6111469012254329	0.2566059890691832	0.03990015487996556	0.6111469012254329	2.0	2
DLBCL10915	0.044603855334676076	0.11863297187446213	0.04866344024648108	0.17641018244177004	0.6116895501026107	0.6116895501026107	4.0	4
DLBCL_RICOVER_866	0.036023335379238255	0.02963902827216153	0.6130965878930144	0.30172158025449686	0.019519468201088935	0.6130965878930144	2.0	2
DLBCL10999	0.024604906252264965	0.022878627365665878	0.05265101404723805	0.286536306999926	0.6133291453349051	0.6133291453349051	4.0	4
DLBCL11439	0.227478487917189	0.017204437831675853	0.6254129495218579	0.07659411256898087	0.053310012160296384	0.6254129495218579	2.0	2
DLBCL11527	0.18548885394370762	0.025235859092218857	0.03540403067933596	0.6258130526181526	0.12805820366658502	0.6258130526181526	3.0	3
DLBCL10934	0.030042397420525488	0.26655251592146323	0.02247914669364619	0.05441988627387013	0.626506053690495	0.626506053690495	1.0	4
DLBCL10894	0.2350121345827944	0.6272362246065875	0.03127109419337475	0.08946257992247937	0.017017966694764023	0.6272362246065875	1.0	1
DLBCL_C_D_1153_NULLPAIR	0.061651628298114075	0.11063861029119246	0.02907022183536502	0.6327387370605125	0.1659008025148159	0.6327387370605125	3.0	3
DLBCL10910	0.031040046614858395	0.174000454189315	0.6332532827504954	0.14478905646605134	0.0169171599792799	0.6332532827504954	2.0	2
DLBCL11491	0.19738351727000097	0.017145107088935234	0.09857399741193393	0.634141395251603	0.05275598297752693	0.634141395251603	3.0	3
DLBCL10921	0.03009218531395177	0.29416618384839566	0.020712592851394405	0.01939214821260818	0.63563688977365	0.63563688977365	4.0	4
DLBCL10906	0.05662347982133575	0.6368914064016621	0.017341393046572444	0.024587700302540677	0.26455602042788895	0.6368914064016621	1.0	1
DLBCL11533	0.1819986170946006	0.6392169584716025	0.12683841734584445	0.030557325463322824	0.021388681624629584	0.6392169584716025	1.0	1
DLBCL_RICOVER_258	0.10404597519647894	0.01754176748822535	0.18326494024480303	0.054870733102684886	0.6402765839678078	0.6402765839678078	2.0	4
DLBCL10838	0.036253585874753066	0.26317774834924784	0.02402162864687071	0.034339622795925256	0.6422074143332032	0.6422074143332032	4.0	4
DLBCL11525	0.1857090176628976	0.01896912938427837	0.6439656496942374	0.13546250853976746	0.01589369471881921	0.6439656496942374	2.0	2
DLBCL_RICOVER_506	0.018924635889532016	0.28589101113055276	0.02440048863099987	0.02403792121334432	0.6467459431355711	0.6467459431355711	4.0	4
DLBCL10877	0.6489298807380016	0.13495683042508388	0.07840089359647534	0.09826925055430344	0.039443144686135634	0.6489298807380016	0.0	0
DLBCL_C_D_1159_NULLPAIR	0.2699309606696467	0.021961210002956755	0.028372665884307032	0.6492961346479222	0.030439028795167165	0.6492961346479222	3.0	3
DLBCL10866	0.06354374738024317	0.03289701809323177	0.0545218087069223	0.19830613502871158	0.6507312907908912	0.6507312907908912	4.0	4
DLBCL10454	0.17185250791963036	0.10752008387247391	0.041051268329465186	0.018675316677034894	0.6609008232013956	0.6609008232013956	4.0	4
DLBCL_RICOVER_111	0.12303087267768857	0.03425720895991555	0.09885116573613001	0.08156148433329037	0.6622992682929755	0.6622992682929755	4.0	4
DLBCL10973	0.05544906454599869	0.020107221313131356	0.0938462110869919	0.6626312398456551	0.16796626320822297	0.6626312398456551	3.0	3
DLBCL_LS3499	0.10103997149318927	0.15467235498551882	0.04635540162849668	0.664509654540699	0.033422617352096236	0.664509654540699	3.0	3
DLBCL10539	0.041335107681274234	0.6650650091247671	0.06528034446045086	0.07765809208070987	0.15066144665279796	0.6650650091247671	3.0	1
DLBCL10780	0.02439297617311317	0.6660923022110836	0.2657779246361252	0.02257116798641982	0.021165628993258245	0.6660923022110836	1.0	1
DLBCL_RICOVER_1190	0.1331741009676774	0.05953509361122695	0.10778953243930933	0.02822345159191552	0.6712778213898708	0.6712778213898708	4.0	4
DLBCL_RICOVER_1018	0.07670802088814098	0.1888140231134991	0.031814132605609405	0.6734338217461848	0.029230001646565678	0.6734338217461848	3.0	3
DLBCL10858	0.06016004750537801	0.012762207185154707	0.028756027901471585	0.2248551023842998	0.6734666150236959	0.6734666150236959	3.0	4
DLBCL10509	0.2149139506742551	0.6744128389889766	0.015070274630393258	0.044354776407521085	0.05124815929885398	0.6744128389889766	0.0	1
DLBCL_MC_F496DMP	0.6746087473180433	0.16376027660990544	0.0766978250013016	0.06472163624889894	0.020211514821850744	0.6746087473180433	1.0	0
DLBCL_RICOVER_1269	0.011757090773602841	0.18598266171049332	0.6767630668724194	0.06976094009956206	0.055736240543922365	0.6767630668724194	2.0	2
DLBC_FF_A7CX_TP_NB	0.6800320221487609	0.016055112717526885	0.08906937525363155	0.05989780783647505	0.1549456820436056	0.6800320221487609	4.0	0
DLBCL11526	0.17432730823046658	0.050938454907310804	0.6804839356574957	0.08576087250260993	0.008489428702117023	0.6804839356574957	2.0	2
DLBCL10451	0.681544195465269	0.02220912523710979	0.23974358467583573	0.042519400840077035	0.013983693781708448	0.681544195465269	0.0	0
DLBCL11681	0.6850857949665061	0.008837413360805986	0.14754085182836882	0.09229954366862007	0.06623639617569903	0.6850857949665061	0.0	0
DLBCL_C_D_1140_NULLPAIR	0.06594574521473713	0.0434235795571668	0.09293909875381577	0.10818759031799144	0.6895039861562888	0.6895039861562888	4.0	4
DLBCL10962	0.05586432449183098	0.6912150054937304	0.14601989500547372	0.05703062298675676	0.049870152022208125	0.6912150054937304	1.0	1
DLBCL11536	0.039208906806659144	0.6975215458135656	0.03529098951036842	0.1861569348745501	0.041821622994856755	0.6975215458135656	3.0	1
DLBCL11495	0.0794306940447668	0.013315797099180396	0.02749197571634973	0.1790672692549558	0.7006942638847472	0.7006942638847472	4.0	4
DLBCL_RICOVER_910	0.17979972011790513	0.04701214188581819	0.04315108692099262	0.7022253797864169	0.0278116712888673	0.7022253797864169	0.0	3
DLBCL11518	0.06182423765528914	0.17234760247660577	0.702998100740743	0.045958400901116116	0.01687165822624604	0.702998100740743	2.0	2
DLBCL_C_D_1105_NULLPAIR	0.20473104639590675	0.7038306174731606	0.0251518998042648	0.0358325435722491	0.030453892754418815	0.7038306174731606	1.0	1
DLBCL10472	0.04813190929369676	0.021858691378753053	0.7041207573472533	0.20970070127127913	0.016187940709017738	0.7041207573472533	2.0	2
DLBCL10969	0.7049659968675573	0.04847901730439561	0.17686593772607945	0.036095732045534075	0.03359331605643351	0.7049659968675573	0.0	0
DLBCL_MC_F210_GWC	0.06089134463558789	0.705040694777068	0.026095885710802878	0.16765084281806927	0.04032123205847194	0.705040694777068	1.0	1
DLBCL10492	0.7052173537814043	0.024241608456942353	0.011278376475536832	0.06786981918398452	0.19139284210213198	0.7052173537814043	0.0	0
DLBCL11590	0.12070692740065236	0.016601495489331708	0.705839245948849	0.09849527888851697	0.05835705227264998	0.705839245948849	2.0	2
DLBCL11581	0.03027001372287884	0.020083867488471834	0.08978824106487868	0.15226232864170192	0.7075955490820687	0.7075955490820687	4.0	4
DLBCL_MC_F815_BAT	0.01740816085283695	0.10644671245395267	0.7082919364219684	0.126275870285131	0.04157731998611103	0.7082919364219684	2.0	2
DLBCL10868	0.05780790686290083	0.017523065534078487	0.028099083916037906	0.7131239586407134	0.18344598504626927	0.7131239586407134	3.0	3
DLBC_FF_A7CW_TP_NB	0.016478336289020918	0.05560980017004483	0.07739741647844868	0.13098812387375627	0.7195263231887293	0.7195263231887293	4.0	4
DLBCL11541	0.013182524185745073	0.14397562292142527	0.7201308407106681	0.036841147894164226	0.08586986428799727	0.7201308407106681	2.0	2
DLBCL10974	0.06794691591114876	0.023858101404906448	0.049884452315682684	0.7240213718367565	0.13428915853150555	0.7240213718367565	3.0	3
DLBCL10908	0.04814340098690643	0.08146657013300704	0.7245674828881608	0.039489989023388225	0.10633255696853759	0.7245674828881608	4.0	2
DLBCL10972	0.7248035738613363	0.033947213965027395	0.042343573420524507	0.07092296499685954	0.12798267375625227	0.7248035738613363	0.0	0
DLBCL_RICOVER_1204	0.03035540032300759	0.03013386229750249	0.06226151023675974	0.7250698354607702	0.15217939168196	0.7250698354607702	3.0	3
DLBCL11001	0.07727484584465298	0.021935712584567866	0.07330195259311903	0.10232503005984217	0.7251624589178179	0.7251624589178179	4.0	4
DLBCL10865	0.137672069570402	0.039371409375218554	0.024982270651415436	0.06983619569101653	0.7281380547119475	0.7281380547119475	4.0	4
DLBCL_LS155	0.03984633422389544	0.012090754936917391	0.7283771506633432	0.18730107972416635	0.03238468045167767	0.7283771506633432	2.0	2
DLBCL10851	0.028454841360891506	0.7306639518597687	0.033175933092870875	0.017534367288918145	0.19017090639755072	0.7306639518597687	1.0	1
DLBCL10513	0.14047480206132404	0.04014809278554649	0.07492609607139972	0.7310931513153788	0.013357857766350982	0.7310931513153788	3.0	3
DLBCL11663	0.7312653714956397	0.045472941576456406	0.08740387214566675	0.10585850830437868	0.029999306477858458	0.7312653714956397	0.0	0
DLBCL10964	0.03980700153494574	0.04950834000455751	0.01650410453910981	0.16000360117627915	0.7341769527451077	0.7341769527451077	4.0	4
DLBCL_C_D_1118_NULLPAIR	0.734736515958893	0.17458255829495709	0.01033146950662891	0.045803935106257736	0.03454552113326328	0.734736515958893	1.0	0
DLBCL10544	0.04100304883670626	0.015952985999916167	0.05099728703633511	0.7357682049273415	0.15627847319970095	0.7357682049273415	3.0	3
DLBCL11474	0.18008517653457345	0.02107300967830087	0.026425932131887122	0.7364859397608644	0.03592994189437409	0.7364859397608644	0.0	3
DLBCL_C_D_1115_NULLPAIR	0.16761101042894572	0.03595669235786949	0.03174830593873527	0.7369487383338736	0.027735252940575807	0.7369487383338736	3.0	3
DLBCL10501	0.010384245736479801	0.16970301050317635	0.7381193832804147	0.04076335212319506	0.041030008356734135	0.7381193832804147	2.0	2
DLBCL11516	0.01587080954100255	0.7392670908437986	0.08058110587870053	0.1154991382323663	0.048781855504132055	0.7392670908437986	1.0	1
DLBCL_RICOVER_701	0.15887864789474504	0.02421651015341085	0.025487906263574046	0.7408457104321904	0.05057122525607963	0.7408457104321904	3.0	3
DLBCL_C_D_1103_NULLPAIR	0.042907330158570664	0.058628865748132294	0.13381581269042164	0.7441207874098064	0.02052720399306898	0.7441207874098064	3.0	3
DLBCL11436	0.11599861423100392	0.7486208035946088	0.025583042953058147	0.059895592716148985	0.04990194650518014	0.7486208035946088	1.0	1
DLBCL_RICOVER_1150	0.7488780603164171	0.06352773696684091	0.017162606441315537	0.09418445885220672	0.07624713742321972	0.7488780603164171	0.0	0
DLBCL10467	0.034487809321378744	0.026601529035996226	0.10160870091208611	0.08781819951439145	0.7494837612161475	0.7494837612161475	4.0	4
DLBCL10957	0.13330008674519783	0.0251051431948759	0.0718787596453368	0.7495230141432377	0.020192996271351748	0.7495230141432377	0.0	3
DLBCL10833	0.15160150717163834	0.016433001236964496	0.018680433698473567	0.06361889893667515	0.7496661589562484	0.7496661589562484	4.0	4
DLBCL_RICOVER_780	0.0129148251440626	0.7510191018707175	0.17880107016695704	0.03532696263302799	0.02193804018523485	0.7510191018707175	1.0	1
DLBCL11591	0.0185468415139446	0.7511775292264894	0.19270991855343145	0.015524904102770912	0.02204080660336366	0.7511775292264894	1.0	1
DLBCL10548	0.7565964388250866	0.11126331175984983	0.013521164140100492	0.09974897284266236	0.018870112432300735	0.7565964388250866	0.0	0
DLBCL_RICOVER_338	0.13735221218700838	0.02303686200823712	0.061027898366386786	0.7575568176681184	0.02102620977024919	0.7575568176681184	0.0	3
DFCIDL004_DT	0.1514206180656326	0.01337982804441343	0.023131990532406135	0.05331015536228807	0.7587574079952598	0.7587574079952598	4.0	4
DLBCL_LS3809	0.7590762552768281	0.04292888585729209	0.02436087752246178	0.03575042605996981	0.13788355528344826	0.7590762552768281	0.0	0
DLBC_FF_8042_TP_NB	0.01352891843947324	0.08888331950369935	0.0876538217990527	0.0470942877084262	0.7628396525493485	0.7628396525493485	4.0	4
DLBCL11538	0.028580587295104435	0.013756871586502928	0.7645430548800021	0.13697150233819555	0.056147983900195	0.7645430548800021	4.0	2
DLBCL11678	0.08977759488963534	0.021911059325305935	0.09826026007405972	0.7693567956439141	0.020694290067084894	0.7693567956439141	3.0	3
DLBCL_C_D_1106_NULLPAIR	0.14517954995237622	0.7718746608923425	0.016422494068872296	0.04414121951352299	0.022382075572886042	0.7718746608923425	1.0	1
DFCIDL009_DT	0.014344184173347952	0.16187253040217667	0.7723349321164789	0.03287014032229295	0.018578212985703536	0.7723349321164789	2.0	2
DLBCL_MC_F218_RAP	0.15068562783616016	0.014757535923481972	0.03501756248087906	0.7766072088177237	0.022932064941755034	0.7766072088177237	3.0	3
DLBCL10873	0.05330672276392675	0.7790604298393512	0.060944296587278575	0.0822969732024106	0.02439157760703289	0.7790604298393512	1.0	1
DLBCL_RICOVER_787	0.06361586620348594	0.7798066409281789	0.032501983238262186	0.09575123309746975	0.028324276532603238	0.7798066409281789	1.0	1
DLBCL11002	0.12874479028884067	0.02014266747802895	0.053436065166382336	0.7808443107994109	0.016832166267337145	0.7808443107994109	3.0	3
DLBCL10522	0.07340977090941081	0.014629612986233576	0.7832988208775156	0.04396170055341097	0.084700094673429	0.7832988208775156	2.0	2
DLBCL_LS762	0.02415430846647055	0.02580390587269341	0.12978181094955712	0.03648128224648225	0.7837786924647967	0.7837786924647967	2.0	4
DLBCL11478	0.12811509179439518	0.027548228240790812	0.7869116823740728	0.04196416645589878	0.01546083113484243	0.7869116823740728	0.0	2
DLBCL_LS1304	0.020542583681983695	0.030423155814013544	0.787269685364726	0.02541417287521537	0.13635040226406142	0.787269685364726	2.0	2
DLBCL10532	0.016415961210993195	0.016606697942391828	0.11859753464563676	0.05854105570126574	0.7898387504997124	0.7898387504997124	4.0	4
DLBCL_RICOVER_320	0.03587225512183594	0.07884010101401578	0.7942069617372528	0.05220397276557699	0.038876709361318415	0.7942069617372528	2.0	2
DLBCL10914	0.7948202314338572	0.10507965428653629	0.05187116795950626	0.02968924856223631	0.01853969775786403	0.7948202314338572	0.0	0
DLBCL10984	0.014890297637203445	0.14148413901322135	0.015615938785815263	0.031304494361051705	0.7967051302027083	0.7967051302027083	4.0	4
DLBCL_LS951	0.7968146107670453	0.09756985322571583	0.054188172924579885	0.03891627008117788	0.012511093001481163	0.7968146107670453	0.0	0
DLBCL10494	0.01588965337919838	0.7968491063972836	0.14484791498133187	0.02183219876482119	0.02058112647736493	0.7968491063972836	1.0	1
DLBCL_LS4592	0.00969974024474059	0.023858418492222366	0.798522295319371	0.08368063315926942	0.08423891278439659	0.798522295319371	2.0	2
DLBCL10909	0.05836448249158275	0.0172906430194693	0.05607495798959023	0.7989552819670389	0.0693146345323188	0.7989552819670389	4.0	3
DLBCL_RICOVER_1046	0.010307856743081848	0.7997779697834984	0.13013273963588864	0.01685167538745251	0.042929758450078695	0.7997779697834984	1.0	1
DLBCL11458	0.06269415132006724	0.08286082471789931	0.7998976018870926	0.024366792173067035	0.030180629901873843	0.7998976018870926	2.0	2
DLBCL10956	0.04833290782457575	0.8017821133802764	0.016397998811387243	0.018718162565681505	0.1147688174180791	0.8017821133802764	1.0	1
DLBCL11488	0.8019753853294395	0.011988612147568575	0.01442871057099458	0.038198804003722955	0.13340848794827442	0.8019753853294395	0.0	0
DLBCL10927	0.12779907991892986	0.01852586086465941	0.03239487965523333	0.8027098834844087	0.018570296076768703	0.8027098834844087	3.0	3
DLBCL10553	0.03653664358080541	0.029276789942941882	0.08161348077766069	0.8033934285492673	0.04917965714932473	0.8033934285492673	3.0	3
DLBCL_RICOVER_478	0.1107326038225292	0.8034873021915537	0.03242122386852739	0.01580441484269593	0.03755445527469374	0.8034873021915537	1.0	1
DLBCL10846	0.09252380856621242	0.8047041906623612	0.020678660196415184	0.049588652253834256	0.03250468832117695	0.8047041906623612	1.0	1
DLBCL_RICOVER_401	0.024885202173170837	0.8054440078714261	0.13851293996928887	0.01593155148466947	0.015226298501444748	0.8054440078714261	1.0	1
DLBCL_RICOVER_744	0.12817319781533823	0.0224908546269782	0.8070751053880055	0.02356130885097706	0.018699533318701014	0.8070751053880055	2.0	2
DFCIDL008_DT	0.0223405064148076	0.09033704654482566	0.06678625671055465	0.011638918126376489	0.8088972722034357	0.8088972722034357	4.0	4
DLBCL11576	0.043271077892227304	0.060628647904766374	0.06126068456504842	0.8092169336259369	0.025622656012021006	0.8092169336259369	3.0	3
DLBCL10456	0.042993892136382085	0.019866765984802845	0.068416829154304	0.8105710744450259	0.05815143827948525	0.8105710744450259	3.0	3
DLBCL10565	0.05737598528676547	0.011568514514346498	0.810779897284187	0.10427971584778667	0.015995887066914405	0.810779897284187	3.0	2
DLBCL10856	0.026166652490242106	0.0465031029144556	0.08720675010828853	0.02679718769438049	0.8133263067926333	0.8133263067926333	2.0	4
DLBCL10995	0.02233415588274419	0.03634301867968025	0.8149723043653707	0.09941085820294669	0.026939662869258144	0.8149723043653707	2.0	2
DLBCL11535	0.035911521453929805	0.01712798393746424	0.01578195135065827	0.11405574979147294	0.8171227934664748	0.8171227934664748	3.0	4
DLBCL_RICOVER_1032	0.016130549210398658	0.1325151121924583	0.013673909191046914	0.020402361384521662	0.8172780680215744	0.8172780680215744	4.0	4
DLBCL10529	0.013737882754692399	0.12361787475204064	0.015298830399522534	0.026565400178514165	0.8207800119152303	0.8207800119152303	4.0	4
DLBCL11469	0.02532229657204922	0.09490471193731291	0.037049351032984686	0.019922879663320802	0.8228007607943324	0.8228007607943324	2.0	4
DLBCL10564	0.05338651329515405	0.038288249935560445	0.06591138081339279	0.8230582783605102	0.01935557759538254	0.8230582783605102	3.0	3
DLBCL10480	0.08615049702178545	0.8232119294228083	0.02012992830195277	0.019685620960110596	0.050822024293342885	0.8232119294228083	1.0	1
DLBCL_C_D_1139_NULLPAIR	0.08750069597513649	0.03931917719555241	0.029026403981283616	0.8271555862778501	0.016998136570177378	0.8271555862778501	3.0	3
DLBCL11457	0.8277992534427256	0.008202954622264792	0.021958465800991867	0.12170333559087437	0.020335990543143348	0.8277992534427256	0.0	0
DLBCL11464	0.1030383662750674	0.01626203160102338	0.024581098455939917	0.8278248078898938	0.02829369577807548	0.8278248078898938	3.0	3
DLBCL_RICOVER_575	0.06154713013016923	0.026336337086502768	0.07040844069377934	0.8285618203036268	0.013146271785921877	0.8285618203036268	3.0	3
DLBCL_LS1921	0.026335918136425735	0.8289297066459358	0.04410330545080306	0.08546111134113914	0.015169958425696267	0.8289297066459358	1.0	1
DLBCL_RICOVER_617	0.0958176037994612	0.020737292431666055	0.038855431522379656	0.8293591956803013	0.015230476566191833	0.8293591956803013	3.0	3
DLBCL11346	0.014355331601593349	0.8318533525062182	0.029472936536189584	0.016382604371714498	0.10793577498428443	0.8318533525062182	1.0	1
DLBCL10994	0.8331639642426927	0.03863961039311514	0.017158568404864977	0.04556753642680707	0.06547032053252017	0.8331639642426927	0.0	0
DLBCL_RICOVER_583	0.011932973683653807	0.8336585922142025	0.05208642106190559	0.011673298293460104	0.09064871474677803	0.8336585922142025	1.0	1
DLBCL11515	0.0182900324620654	0.09918397350725232	0.834384702163394	0.021302415884583415	0.026838875982704884	0.834384702163394	2.0	2
DLBCL11204	0.06116982326548199	0.835095761999079	0.02917047014064513	0.01780210982028845	0.05676183477450541	0.835095761999079	1.0	1
DLBCL11194	0.027184258133605532	0.01251025997438021	0.02524998596576817	0.09950881223365121	0.8355466836925949	0.8355466836925949	4.0	4
DLBCL10871	0.028706867486784204	0.8372202091262679	0.02100631542949526	0.025159997696819075	0.08790661026063358	0.8372202091262679	1.0	1
DLBCL11679	0.10110231981655277	0.8374041728903989	0.02376696246249447	0.020498759630045	0.017227785200508886	0.8374041728903989	1.0	1
DLBCL11669	0.05548466671951905	0.03766069646969579	0.8379937043126576	0.059912424417862424	0.008948508080265071	0.8379937043126576	2.0	2
DLBCL10918	0.838992942262058	0.008601579564271458	0.024858339717002357	0.049938204493420985	0.07760893396324725	0.838992942262058	0.0	0
DLBCL11504	0.03205562548466333	0.036946577315303764	0.025176048659536165	0.06639068511528676	0.83943106342521	0.83943106342521	4.0	4
DLBCL_MC_F502_RFK	0.00923736790954243	0.8403584334828369	0.10813051039897574	0.011840810297861954	0.03043287791078297	0.8403584334828369	1.0	1
DLBCL_RICOVER_151	0.018942663373420397	0.8405848010591045	0.02343307070947265	0.08682334306094827	0.030216121797054154	0.8405848010591045	3.0	1
DLBCL10878	0.07489117306754076	0.012870085785999779	0.01789397191113855	0.05323661124644165	0.8411081579888793	0.8411081579888793	4.0	4
DLBCL11655	0.0867135702066781	0.01333546322247292	0.02566712666804058	0.8434169346050772	0.03086690529773128	0.8434169346050772	3.0	3
DLBCL10876	0.011779166437753388	0.10268691393701172	0.02163807325877001	0.018781607984864345	0.8451142383816005	0.8451142383816005	4.0	4
DLBCL_MC_F307_JPS	0.845197574486046	0.0237481735832182	0.01734201709370262	0.09339054190769205	0.02032169292934107	0.845197574486046	0.0	0
DLBCL11651	0.024101051373997984	0.01449482304668595	0.8456704166847302	0.069419692855309	0.046314016039276824	0.8456704166847302	2.0	2
DLBCL11683	0.019860672032121322	0.024975847541105	0.8459355242793003	0.09730529447653963	0.011922661670933754	0.8459355242793003	2.0	2
DLBCL10453	0.010899314941011698	0.09485483368151783	0.021761187351864806	0.025123258105282813	0.8473614059203228	0.8473614059203228	1.0	4
DLBCL11672	0.032554060903017164	0.012485228447143504	0.8477065723029946	0.08197603403417582	0.025278104312668945	0.8477065723029946	2.0	2
DLBCL10844	0.8484381312495601	0.03419472712081992	0.01516082122809819	0.03132346136252281	0.070882859038999	0.8484381312495601	0.0	0
DLBCL11473	0.850125583601523	0.030125755318775732	0.009124790457960321	0.09099581349116376	0.019628057130577175	0.850125583601523	0.0	0
DLBCL10469	0.06993529880875424	0.012798496534040506	0.02953984433177728	0.8534617798949707	0.03426458043045727	0.8534617798949707	3.0	3
DLBCL_RICOVER_274	0.04203489921361199	0.03330452089446719	0.025107515875494854	0.8611898878666963	0.03836317614972967	0.8611898878666963	3.0	3
DLBCL_C_D_1119_NULLPAIR	0.08661711239835132	0.8618202155718375	0.017599504749332532	0.01563610425881739	0.018327063021661195	0.8618202155718375	1.0	1
DLBCL10870	0.008903744369215472	0.024779709717837883	0.07659951499913431	0.026288762483593034	0.8634282684302192	0.8634282684302192	4.0	4
DLBCL_RICOVER_945	0.8649265061283041	0.05279034948200262	0.009487390237027585	0.054404087419564096	0.01839166673310161	0.8649265061283041	0.0	0
DLBCL10896	0.8653235770285297	0.015552276953357251	0.008393307158669459	0.07310689553100748	0.03762394332843613	0.8653235770285297	0.0	0
DLBCL10849	0.014372064793118618	0.8681023868975573	0.019227523742853657	0.014010266412143476	0.084287758154327	0.8681023868975573	1.0	1
DLBCL11479	0.024850962683306367	0.8695040700351538	0.05720592005971311	0.015665222411108484	0.03277382481071816	0.8695040700351538	1.0	1
DLBCL_MC_F139_LJF	0.06800950993964226	0.017621203249260073	0.025585184160385556	0.8695087403306708	0.01927536232004127	0.8695087403306708	3.0	3
DLBCL11486	0.8706006859448331	0.008307313974809277	0.018070366624377315	0.027773325947826846	0.07524830750815352	0.8706006859448331	0.0	0
DLBCL11664	0.039794577095306656	0.8712453645600913	0.037068461927775576	0.041260155345220595	0.010631441071605855	0.8712453645600913	1.0	1
DLBCL10980	0.006832679752956341	0.04700137388572534	0.042873449550421015	0.03022032866330928	0.873072168147588	0.873072168147588	4.0	4
DLBCL11656	0.01393768781933803	0.010451441843087684	0.8730752092034261	0.028495804492886717	0.07403985664126149	0.8730752092034261	2.0	2
DLBCL10552	0.06177817007585665	0.014705081763963436	0.034323724158331674	0.8734312943334578	0.015761729668390432	0.8734312943334578	3.0	3
DLBCL11196	0.04254329968803651	0.011180055924805681	0.026936437897881645	0.8746279978560035	0.04471220863327262	0.8746279978560035	3.0	3
DLBCL_C_D_1166_NULLPAIR	0.010505109422582126	0.08269406161046383	0.01597256388630684	0.012586664061660023	0.8782416010189872	0.8782416010189872	4.0	4
DLBCL_C_D_1109_NULLPAIR	0.06535133366526034	0.01301083974125896	0.024164156765494688	0.8794278809834226	0.018045788844563353	0.8794278809834226	3.0	3
DLBCL11513	0.012934660902303545	0.011857060909474216	0.05327211250063219	0.041343317353003464	0.8805928483345866	0.8805928483345866	4.0	4
DLBCL_LS1395	0.018267348162137827	0.04240714341534465	0.8818295456524716	0.01674982358824367	0.040746139181802185	0.8818295456524716	2.0	2
DLBCL10931	0.04748216772221826	0.008581624945070601	0.03326341761271971	0.028503074275280215	0.8821697154447112	0.8821697154447112	0.0	4
DLBCL11658	0.03641033185217629	0.01030269282978163	0.04138663423271462	0.8824812625959136	0.029419078489413844	0.8824812625959136	3.0	3
DLBCL10521	0.008795775038395315	0.08099584486199561	0.013092693657464216	0.014424998063873257	0.8826906883782716	0.8826906883782716	4.0	4
DLBCL10837	0.020866826397043133	0.03022316088872562	0.01773495279757876	0.04829863310665142	0.8828764268100011	0.8828764268100011	4.0	4
DLBCL_LS4616	0.007881403154780945	0.06904087931985654	0.8829507623469789	0.025940735289457048	0.014186219888926556	0.8829507623469789	2.0	2
DLBCL10981	0.020778125788633663	0.8831053511080694	0.03015928715738087	0.026586933642926643	0.03937030230298942	0.8831053511080694	1.0	1
DLBCL11437	0.04762632091832793	0.010741764402464295	0.034788593666244906	0.8832875373311633	0.02355578368179956	0.8832875373311633	3.0	3
DLBCL10843	0.8842866862039674	0.008828019698111351	0.016429256845127665	0.08117917722510215	0.009276860027691401	0.8842866862039674	0.0	0
DLBCL10963	0.02009895880880615	0.05505162908817696	0.0179519682422422	0.021938632275435837	0.8849588115853388	0.8849588115853388	4.0	4
DLBCL10536	0.01534559362296951	0.03908148700479249	0.8850327285580959	0.04388371573803706	0.016656475076105078	0.8850327285580959	2.0	2
DLBCL_RICOVER_1299	0.019896970655586776	0.015461701466742236	0.013138292943366648	0.06439410428289741	0.887108930651407	0.887108930651407	4.0	4
DLBCL11430	0.8871592215735588	0.008046606659225266	0.03531664778314844	0.06008839958812642	0.009389124395941166	0.8871592215735588	0.0	0
DLBCL10954	0.014901930764183464	0.8875519430455763	0.016213898518330765	0.010631082788904572	0.07070114488300494	0.8875519430455763	1.0	1
DLBCL_RICOVER_1278	0.023649924794799868	0.018745960545035165	0.011873109020113256	0.05709540142303079	0.8886356042170209	0.8886356042170209	4.0	4
DLBCL11456	0.017920078807416494	0.8888482986954072	0.03727799619604116	0.04502155647284196	0.010932069828293199	0.8888482986954072	1.0	1
DLBCL_RICOVER_985	0.032615843777934486	0.017676787118963876	0.027251461183586755	0.8891735636424245	0.03328234427709038	0.8891735636424245	3.0	3
DLBCL10487	0.03633337497633947	0.8892193317722401	0.02450821072778682	0.030564215260135284	0.01937486726349828	0.8892193317722401	1.0	1
DLBCL11676	0.8893453173678214	0.010889083812943142	0.048322919579899454	0.04523241724501458	0.006210261994321371	0.8893453173678214	0.0	0
DLBCL11242	0.057547435825273434	0.013365315431046854	0.01057493432900451	0.029051312090065312	0.8894610023246099	0.8894610023246099	4.0	4
DLBCL_C_D_1149_NULLPAIR	0.021818339623481717	0.8900310092105757	0.04613912112841829	0.009153882758762307	0.03285764727876207	0.8900310092105757	1.0	1
DLBCL_RICOVER_950	0.03456394424125851	0.012889836851632249	0.0435452743781924	0.8907821662853891	0.018218778243527776	0.8907821662853891	3.0	3
DLBCL11462	0.8915896612742256	0.009191417136169054	0.035291363274224344	0.022773585332571525	0.041153972982809546	0.8915896612742256	0.0	0
DLBCL_RICOVER_1210	0.011642973513735702	0.8916542759684631	0.05871155444002617	0.021482724747541374	0.01650847133023359	0.8916542759684631	1.0	1
DLBCL_C_D_1144_NULLPAIR	0.025917169184614414	0.04096166002633009	0.01268597088843777	0.028304608704031484	0.8921305911965862	0.8921305911965862	4.0	4
DLBCL_RICOVER_288	0.05792033484102897	0.892132429878011	0.015291303833102558	0.023543173647842856	0.011112757800014576	0.892132429878011	1.0	1
DLBCL11520	0.8929033258795634	0.006771275867478539	0.011117395849589777	0.032936461069340985	0.05627154133402731	0.8929033258795634	0.0	0
DLBCL10547	0.039412506367911	0.015980485201914706	0.02451817435740554	0.8951315114829793	0.02495732258978945	0.8951315114829793	3.0	3
DLBCL10904	0.009114551325779555	0.03497981577312554	0.021117167419966415	0.03896277657197641	0.895825688909152	0.895825688909152	4.0	4
DLBCL10935	0.8958498717683013	0.046760230642971655	0.007551280847823355	0.029128481253016304	0.020710135487887357	0.8958498717683013	0.0	0
DLBCL_RICOVER_1045	0.8968809004844166	0.010726778500105788	0.009888479623467387	0.0677477004067345	0.01475614098527575	0.8968809004844166	3.0	0
DLBCL11460	0.04287684818336119	0.018144347060183915	0.022074740839389234	0.8972818275392261	0.01962223637783955	0.8972818275392261	3.0	3
DLBCL10848	0.024040003051010922	0.00840705349415445	0.022220824838432247	0.04796918284544863	0.8973629357709537	0.8973629357709537	4.0	4
DLBCL11595	0.015293242956530008	0.028470802091040148	0.03423654083876042	0.0240216423028104	0.897977771810859	0.897977771810859	4.0	4
DLBCL_C_D_1151_NULLPAIR	0.045200286708072135	0.014284792803042708	0.025202992469310726	0.8987652376556594	0.016546690363915005	0.8987652376556594	3.0	3
DLBCL10885	0.017520240538175177	0.9006216600095703	0.0129893419324548	0.01862458497849473	0.05024417254130491	0.9006216600095703	1.0	1
DLBCL_LS2208	0.015326566806853004	0.03028281542015492	0.029849558817165434	0.023876510321175916	0.9006645486346507	0.9006645486346507	4.0	4
DLBCL_RICOVER_1061	0.03508664261024149	0.009974177212005178	0.0373238869796334	0.9007532006004825	0.016862092597637466	0.9007532006004825	3.0	3
DLBCL10881	0.049352448013288794	0.014974569439739863	0.011238724381936257	0.023513661887679376	0.9009205962773558	0.9009205962773558	4.0	4
DLBCL11662	0.9017241265594839	0.013198231244382871	0.009821382164639072	0.05070126300804313	0.024554997023451063	0.9017241265594839	0.0	0
DLBCL_LS2357	0.034917187747285514	0.011512586667367418	0.0253892089071298	0.9026525850117932	0.02552843166642405	0.9026525850117932	3.0	3
DLBCL10939	0.0357223297749534	0.012320246887963435	0.0279952537174981	0.9032439425042741	0.02071822711531093	0.9032439425042741	3.0	3
DLBCL11459	0.03394103132756638	0.010801208195224666	0.028283150691082653	0.9039661672452248	0.02300844254090144	0.9039661672452248	3.0	3
DLBCL_C_D_1113_NULLPAIR	0.020370007329805862	0.037044694951473826	0.904663272386047	0.025881656470174007	0.012040368862499219	0.904663272386047	2.0	2
DLBCL11564	0.03759614151700788	0.014728222376011374	0.024895279945890695	0.9047913185563663	0.017989037604723746	0.9047913185563663	3.0	3
DLBCL10993	0.9051217486688793	0.007345051840104297	0.01784033064779999	0.03966694190516839	0.030025926938048	0.9051217486688793	0.0	0
DLBCL10542	0.9052424873656006	0.006347296174458045	0.016436999998219917	0.02542660555419003	0.04654661090753131	0.9052424873656006	0.0	0
DLBCL_RICOVER_1235	0.010643372384132689	0.9054816296112846	0.0593908388729288	0.012409967450719806	0.01207419168093402	0.9054816296112846	1.0	1
DLBCL10978	0.03429423605303498	0.01277441810316545	0.029079894354288843	0.9066244721238697	0.017226979365641108	0.9066244721238697	3.0	3
DLBCL10932	0.03992650415897039	0.011368989588136638	0.02303166276665201	0.9070097280831669	0.018663115403074044	0.9070097280831669	3.0	3
DLBCL11511	0.9070988091491611	0.005974389691092369	0.030698371705018823	0.031585683861497925	0.024642745593229865	0.9070988091491611	0.0	0
DLBCL10888	0.010225607477496347	0.009517412022518662	0.028163974860802722	0.04494880063013812	0.9071442050090441	0.9071442050090441	4.0	4
DLBCL_RICOVER_361	0.030542144252203487	0.0113756384957881	0.02816291726201379	0.9085420211368443	0.021377278853150234	0.9085420211368443	3.0	3
DLBCL10916	0.007900733174508264	0.04898867667453333	0.01597265690703845	0.018168551332890324	0.9089693819110296	0.9089693819110296	4.0	4
DLBCL_LS2089	0.01024303342259554	0.9100843361057718	0.014996383724450798	0.007986228735817015	0.05669001801136489	0.9100843361057718	1.0	1
DLBCL_LS3200	0.009894996572952966	0.05775384228534447	0.011321318118461845	0.01055139502044618	0.9104784480027945	0.9104784480027945	4.0	4
DLBCL10852	0.01098137371038628	0.01488681585020835	0.012869424944123459	0.048727946208385164	0.9125344392868968	0.9125344392868968	4.0	4
DLBCL10925	0.014956248054135113	0.02261613599669071	0.010191918875111141	0.03827133194096786	0.9139643651330952	0.9139643651330952	4.0	4
DLBCL10495	0.9140810682449563	0.03121225852794661	0.005888929783221991	0.023696131948122902	0.025121611495752177	0.9140810682449563	0.0	0
DLBCL10497	0.03442511096918172	0.011263824913955061	0.022427606452127276	0.914749907689668	0.017133549975067993	0.914749907689668	3.0	3
DLBCL11566	0.011623808707036103	0.035810698908766724	0.9150188864445568	0.028512801250102738	0.009033804689537647	0.9150188864445568	2.0	2
DLBCL10899	0.026607008533071283	0.026497394577282278	0.006285710334321538	0.024864861746461662	0.9157450248088632	0.9157450248088632	4.0	4
DLBCL11208	0.017979780011279426	0.9164779700299116	0.03249944719599858	0.019282007829889234	0.01376079493292113	0.9164779700299116	1.0	1
DLBCL11509	0.9168146106010243	0.010693145931377024	0.01721062239049054	0.04878013600082579	0.006501485076282344	0.9168146106010243	0.0	0
DLBCL10847	0.02485384656032175	0.03762552842932674	0.011059738690501909	0.009560174727916993	0.9169007115919326	0.9169007115919326	4.0	4
DFCIDL010_DT	0.9170161944502071	0.01160817904043044	0.009121722775297348	0.05547674140866315	0.006777162325401927	0.9170161944502071	0.0	0
DFCIDL003_DT	0.010358297897243988	0.9173183400296233	0.052627802451003784	0.008151197152355632	0.011544362469773254	0.9173183400296233	1.0	1
DLBCL11671	0.9176976738319925	0.010009088361973449	0.014655327556667647	0.051270261136141304	0.006367649113225067	0.9176976738319925	0.0	0
DLBCL_RICOVER_473	0.9181173721032788	0.014429231391692152	0.01251750939023088	0.044345461453642085	0.01059042566115607	0.9181173721032788	0.0	0
DLBCL_RICOVER_956	0.008183176631573056	0.043474090276407064	0.014618081087156795	0.01462661234723071	0.9190980396576324	0.9190980396576324	4.0	4
DLBCL11472	0.919940971168209	0.004966362665601379	0.01302437381148171	0.04992022545946384	0.012148066895244001	0.919940971168209	0.0	0
DLBCL_RICOVER_978	0.9224848544452309	0.013639512907751204	0.00680444846664237	0.04827730802982747	0.008793876150548113	0.9224848544452309	2.0	0
DLBCL11454	0.9225306532250581	0.018065888193429473	0.006722690117571225	0.04531814686235401	0.007362621601587159	0.9225306532250581	0.0	0
DLBCL_MC_F064AB	0.014280909256538866	0.009586432880089882	0.9231365528709574	0.044609121149887125	0.008386983842526743	0.9231365528709574	2.0	2
DLBCL_RICOVER_1106	0.006718679705913235	0.04429202587919643	0.011969613826695242	0.013666048371567388	0.9233536322166277	0.9233536322166277	4.0	4
DLBCL_LS2325	0.017358552057997283	0.9234949632513481	0.03801839751851741	0.010924875732217827	0.010203211439919388	0.9234949632513481	2.0	1
DLBCL10961	0.005518840604235788	0.029316676224292952	0.015972421599638385	0.02411130950281809	0.9250807520690147	0.9250807520690147	4.0	4
DLBCL_C_D_1126_NULLPAIR	0.03435076810915698	0.9264731961437409	0.010800977606480019	0.013689678137135952	0.014685380003486197	0.9264731961437409	1.0	1
DLBCL11537	0.9274656179775415	0.005978691650870646	0.010511776371926584	0.019792037814083754	0.036251876185577535	0.9274656179775415	0.0	0
DLBCL10968	0.9283934436348199	0.006000893341643335	0.006576497571978935	0.03799083390194788	0.02103833154960995	0.9283934436348199	0.0	0
DLBCL_MC_F739_AMA3	0.008104067620847635	0.9307668266442106	0.041234334624969525	0.009552641375418868	0.010342129734553318	0.9307668266442106	1.0	1
DLBCL11542	0.009787660293706663	0.018718856619576656	0.9317772285410636	0.03353016092657782	0.006186093619075212	0.9317772285410636	2.0	2
DLBCL_RICOVER_173	0.009802505856972748	0.008903633568769465	0.012715330295690207	0.03668656022638484	0.9318919700521827	0.9318919700521827	4.0	4
DLBCL_LS4054	0.016285784034796538	0.9326171257004924	0.013243168022697097	0.02030752197962295	0.01754640026239105	0.9326171257004924	1.0	1
DLBCL11484	0.011375204988274932	0.934220439939373	0.020567914323441697	0.011632492809629085	0.022203947939281356	0.934220439939373	1.0	1
DLBCL10836	0.02043618791486902	0.006703599216756552	0.011117830093373028	0.026699127310787423	0.935043255464214	0.935043255464214	4.0	4
DLBCL10902	0.0063884694379321965	0.030873887927862664	0.009989359011428068	0.017280545292758336	0.9354677383300187	0.9354677383300187	4.0	4
DLBC_FF_A7CR_TP_NB	0.01732622570780122	0.0063564556420301075	0.01569025906510981	0.025021371299723868	0.935605688285335	0.935605688285335	4.0	4
DLBCL10977	0.012649507122013124	0.008665552808176253	0.02909793890673676	0.013364673595484692	0.9362223275675892	0.9362223275675892	4.0	4
DLBCL10484	0.007559807679076895	0.9373108346335755	0.03169471668438835	0.01534904149140721	0.008085599511552086	0.9373108346335755	1.0	1
DLBCL10835	0.006743297461926826	0.032356350686306413	0.007401676767656396	0.015546124350460044	0.9379525507336504	0.9379525507336504	4.0	4
DLBCL11004	0.007876694726170808	0.012165450795459927	0.008511740567311705	0.03344479134645513	0.9380013225646024	0.9380013225646024	4.0	4
DLBCL11507	0.008925738195874776	0.9395507208789181	0.03139316309547654	0.0077570710485555935	0.012373306781174962	0.9395507208789181	1.0	1
DLBCL_C_D_1108_NULLPAIR	0.008532321455028644	0.9402052033473646	0.01046307344799288	0.007378957983197328	0.033420443766416556	0.9402052033473646	1.0	1
DLBCL10928	0.9404470517336558	0.01217296383653297	0.02333817976569662	0.013340970348481663	0.010700834315632941	0.9404470517336558	0.0	0
DLBCL_RICOVER_1329	0.012112970555900463	0.030431559041308426	0.007095474263443063	0.009494111358691585	0.9408658847806565	0.9408658847806565	4.0	4
DLBCL_RICOVER_839	0.008266478963157303	0.9425476566638036	0.01031936450460629	0.014953672240854587	0.02391282762757827	0.9425476566638036	1.0	1
DLBCL_DFCI_DLBCL_GOE07	0.014736595927943876	0.9426161313438765	0.015651960266419275	0.00796149260625252	0.01903381985550783	0.9426161313438765	1.0	1
DLBCL10490	0.942876204354771	0.010324316100338437	0.007486604295816272	0.03126281933472606	0.008050055914348172	0.942876204354771	0.0	0
DLBCL_RICOVER_496	0.014062165395995627	0.9430806297154456	0.024671414600689338	0.01103730820716793	0.0071484820807014935	0.9430806297154456	1.0	1
DLBCL_RICOVER_850	0.0055835087050136335	0.01872626351240421	0.010591775615448629	0.021583515618624764	0.9435149365485088	0.9435149365485088	4.0	4
DLBCL10983	0.010608783078057018	0.9440699118386834	0.010421649267985215	0.009610269597017886	0.0252893862182565	0.9440699118386834	1.0	1
DLBCL10502	0.007801784807163915	0.9449811705261522	0.02828211307196967	0.010130160710354674	0.008804770884359553	0.9449811705261522	1.0	1
DLBCL_LS3245	0.0056770127026926805	0.9452277268819329	0.03121172431148957	0.008347885869244948	0.009535650234639858	0.9452277268819329	1.0	1
DLBCL_LS1683	0.006842166953403755	0.9454564276903333	0.0174793407944745	0.0057264830457567275	0.02449558151603173	0.9454564276903333	1.0	1
DLBCL10466	0.005398597633828746	0.016136625160315984	0.9458760499751325	0.02248170130851825	0.010107025922204508	0.9458760499751325	2.0	2
DLBCL11205	0.9460782500172568	0.009580079090290123	0.02252019084026974	0.016781242338157663	0.0050402377140257425	0.9460782500172568	0.0	0
DLBCL11498	0.025651694317624485	0.9462659692059857	0.00988134281246442	0.00767119120029872	0.010529802463626656	0.9462659692059857	1.0	1
DLBCL11470	0.9464138816921545	0.004073000734812239	0.00978104556539027	0.032493334342574794	0.007238737665068259	0.9464138816921545	0.0	0
DLBCL10518	0.010535185710468367	0.005549724305827896	0.9467288884634156	0.028865641492692315	0.008320560027595847	0.9467288884634156	2.0	2
DLBCL11661	0.010009671648012398	0.9476490113896547	0.018923025447389632	0.016840002624587323	0.006578288890355931	0.9476490113896547	1.0	1
DLBCL10463	0.005587592457228113	0.009085738383049484	0.009632006963120053	0.027690982282139363	0.948003679914463	0.948003679914463	4.0	4
DLBCL_RICOVER_451	0.948323567061529	0.00727363370606382	0.018594392572533397	0.017880972294683193	0.007927434365190611	0.948323567061529	0.0	0
DLBCL10975	0.9487405349276156	0.005139519610358799	0.004946352734101049	0.02574070373216163	0.015432888995762927	0.9487405349276156	0.0	0
DLBCL_RICOVER_1192	0.008972687193168117	0.02379090433402367	0.011182520611257421	0.007051366212941583	0.9490025216486092	0.9490025216486092	4.0	4
DLBCL10891	0.006552424935903186	0.007868526329097129	0.01226218104621926	0.024055503499533823	0.9492613641892466	0.9492613641892466	4.0	4
DLBCL11523	0.010879188838192343	0.007692300301594105	0.009026462175569575	0.023068992202648717	0.9493330564819953	0.9493330564819953	0.0	4
DLBCL10947	0.017403167552413685	0.9495430084228856	0.010399733957729912	0.0054859407095252475	0.017168149357445508	0.9495430084228856	1.0	1
DLBCL_RICOVER_440	0.006551783660020744	0.9501270973928249	0.028665922314911316	0.0053378962446464446	0.009317300387596676	0.9501270973928249	2.0	1
DLBCL_RICOVER_948	0.007154304061482186	0.9515562454949791	0.025677310798089607	0.005070862023433614	0.010541277622015488	0.9515562454949791	1.0	1
DLBCL10535	0.008180988168232789	0.010412370797113529	0.01834176386087532	0.011298315130479323	0.951766562043299	0.951766562043299	4.0	4
DLBCL_C_D_1131_NULLPAIR	0.007989284924072831	0.9532902041312036	0.02403190486671438	0.005722134629747837	0.008966471448261433	0.9532902041312036	1.0	1
DLBCL11195	0.004111070055144463	0.020392007499407876	0.01009395801532375	0.011701799196564703	0.9537011652335592	0.9537011652335592	4.0	4
DLBCL11435	0.9538564662881484	0.004363183514227715	0.005735555460515173	0.028809867535814142	0.007234927201294623	0.9538564662881484	0.0	0
DLBCL_LS2599	0.009769288644236996	0.011543236375380642	0.954307271128495	0.019470270457538425	0.004909933394348953	0.954307271128495	2.0	2
DLBCL_RICOVER_1165	0.005489361503774274	0.9552669063894746	0.01510962257837816	0.007418255363825351	0.016715854164547614	0.9552669063894746	1.0	1
DLBCL11477	0.9556202307835661	0.004266746929162775	0.00670159431392127	0.024366778450379947	0.009044649522969926	0.9556202307835661	0.0	0
DLBCL_RICOVER_1283	0.007686211548469781	0.007627511320124345	0.9559391064802494	0.013070050260354847	0.015677120390801606	0.9559391064802494	2.0	2
DLBCL_RICOVER_1287	0.006242848153066442	0.018202520463222856	0.008865368623690296	0.010269903802241747	0.9564193589577786	0.9564193589577786	4.0	4
DLBCL10987	0.010525950792958287	0.017226378758645633	0.006110167654819661	0.009512087639089594	0.9566254151544868	0.9566254151544868	4.0	4
DLBCL10895	0.005373254520925137	0.01750389198119586	0.012328165870947469	0.007546444442015774	0.9572482431849157	0.9572482431849157	4.0	4
DLBC_FF_A7CQ_TP_NB	0.0090225894435128	0.006516135200995178	0.00764124637144346	0.019342492423841534	0.9574775365602071	0.9574775365602071	4.0	4
DLBCL_C_D_1157_NULLPAIR	0.010592146908191342	0.006024324743286591	0.9581325637049013	0.01866686647190275	0.0065840981717180036	0.9581325637049013	2.0	2
DLBCL11500	0.006385069268573521	0.007444471414337817	0.013762159027688882	0.013725135306395471	0.9586831649830043	0.9586831649830043	4.0	4
DLBCL_RICOVER_408	0.008822281589336612	0.9587399447680278	0.018250231676596017	0.0061252411260816165	0.008062300839957976	0.9587399447680278	2.0	1
DLBCL_RICOVER_134	0.005248600185573084	0.01820940147367026	0.006906017086739647	0.010564685596044485	0.9590712956579726	0.9590712956579726	4.0	4
DLBCL10988	0.005846207893198727	0.9595186006501201	0.010893497829349869	0.013422436680854417	0.010319256946476969	0.9595186006501201	1.0	1
DLBCL_C_D_1129_NULLPAIR	0.9598122200987065	0.003781203439022523	0.007655655153831616	0.013764834974085887	0.014986086334353546	0.9598122200987065	0.0	0
DLBCL11673	0.010007847532880521	0.960134859361397	0.01263357568123508	0.011101324238934646	0.006122393185552797	0.960134859361397	1.0	1
DLBCL10900	0.0075726960984115734	0.006198232826071531	0.007539680161921659	0.01844624761539749	0.9602431432981977	0.9602431432981977	4.0	4
DLBCL10879	0.006069620364551274	0.006531744927055232	0.9605265588470903	0.018675914471657423	0.008196161389645783	0.9605265588470903	2.0	2
DLBCL10857	0.008155903785577285	0.007452295132202048	0.005748210931055648	0.0174996327954916	0.9611439573556734	0.9611439573556734	4.0	4
DLBCL11481	0.9614457482250596	0.004031158729766785	0.011555352582881599	0.012434854019458413	0.010532886442833586	0.9614457482250596	0.0	0
DLBCL10541	0.008679218093481095	0.9614563665384518	0.008917967800277503	0.007605123416150099	0.013341324151639479	0.9614563665384518	1.0	1
DLBCL_RICOVER_577	0.0067590442079092155	0.008086631955237558	0.961665881716677	0.009825777458859994	0.013662664661316255	0.961665881716677	2.0	2
DLBCL_LS3820	0.00560806845829906	0.008774109194538485	0.9619555351814711	0.01736616544336979	0.006296121722321497	0.9619555351814711	2.0	2
DLBCL10875	0.9625985092091054	0.005910724654868238	0.008538499078554014	0.01899012544159426	0.003962141615878127	0.9625985092091054	0.0	0
DLBCL_RICOVER_826	0.9640372392711347	0.00860025853944312	0.0032420030707178346	0.01676267137726013	0.007357827741444174	0.9640372392711347	0.0	0
DLBCL10525	0.9646158118775287	0.0029927859479805968	0.008310830721919533	0.01262002114716946	0.01146055030540177	0.9646158118775287	0.0	0
DLBCL10903	0.004368346577681555	0.9647086194740992	0.019195525318266175	0.005021765143921199	0.006705743486031814	0.9647086194740992	1.0	1
DLBCL10922	0.00955086278795657	0.9657095779746713	0.01219263702689521	0.005390235592564305	0.007156686617912681	0.9657095779746713	1.0	1
DLBCL11203	0.006298964363104489	0.9658280932684681	0.008166754578023504	0.009422316713831706	0.010283871076572249	0.9658280932684681	1.0	1
DLBCL11685	0.004575526993531351	0.004750582735330968	0.9661284442258511	0.01014290778164422	0.014402538263642364	0.9661284442258511	2.0	2
DLBCL10898	0.00500896311806244	0.01481508425857841	0.00490335493638133	0.007765773271929839	0.967506824415048	0.967506824415048	4.0	4
DLBCL10485	0.006040293023680407	0.015714139962507458	0.004341896570814147	0.00571696172385133	0.9681867087191467	0.9681867087191467	4.0	4
DLBCL_RICOVER_829	0.9683143142955492	0.006654166342728759	0.0031224564749494192	0.013505416449815308	0.00840364643695736	0.9683143142955492	0.0	0
DLBCL_RICOVER_335	0.006530343134700655	0.9684357834842136	0.006836448466171722	0.011739283612959145	0.006458141301954961	0.9684357834842136	1.0	1
DLBCL_RICOVER_299	0.003755715676514884	0.9698752210506772	0.014490254137406849	0.004426243571930263	0.007452565563470748	0.9698752210506772	1.0	1
DLBCL11573	0.005437393139439357	0.01004026781515776	0.9699805945134602	0.009573427663310234	0.004968316868632398	0.9699805945134602	2.0	2
DLBCL10457	0.0037154576427886423	0.010916433486937412	0.006518787692772905	0.006829410263330627	0.9720199109141704	0.9720199109141704	4.0	4
DLBCL10853	0.007645211363890794	0.005594750800337806	0.005738866379479752	0.008510194995917594	0.9725109764603741	0.9725109764603741	4.0	4
DLBCL10452	0.004140931244736569	0.9725823941801023	0.011770451665038323	0.0046159268834288295	0.0068902960266940495	0.9725823941801023	1.0	1
DLBCL_C_D_1133_NULLPAIR	0.005627330971195195	0.010106455002473853	0.9727362776716549	0.008148334072632194	0.003381602282043786	0.9727362776716549	2.0	2
DLBCL_LS843	0.004259054030880779	0.004066266908635334	0.9728613233335474	0.011337763306304425	0.0074755924206321486	0.9728613233335474	2.0	2
DLBCL10781	0.004881051425661569	0.005736431520530444	0.004708790804873374	0.011498229441316345	0.9731754968076183	0.9731754968076183	4.0	4
DLBCL_MAYO_DLBCL_5613	0.9732293839977973	0.005764916081032325	0.00454396333180506	0.00956282355158699	0.006898913037778305	0.9732293839977973	0.0	0
DLBCL10523	0.006345853278579168	0.004736808290638501	0.9733518359024586	0.012110304287303572	0.0034551982410202468	0.9733518359024586	2.0	2
DLBCL10854	0.003295231567845412	0.005634057826258798	0.00644269489445019	0.011208890901237764	0.9734191248102079	0.9734191248102079	4.0	4
DLBCL10890	0.003076211239111533	0.007523363430083495	0.009073924717578612	0.006120230506256041	0.9742062701069704	0.9742062701069704	4.0	4
DLBCL10897	0.9744170170325365	0.003972300203831513	0.0032270743611358533	0.011760856035369254	0.006622752367126951	0.9744170170325365	0.0	0
DLBCL_RICOVER_977	0.9747188794186165	0.0026102628229941922	0.0037303666966432697	0.0124929249974343	0.006447566064311833	0.9747188794186165	0.0	0
DLBCL10498	0.003812773389608382	0.005183733792854902	0.9761079813649948	0.011839388274627239	0.0030561231779147593	0.9761079813649948	2.0	2
DLBCL10889	0.003381424497612927	0.0050483419490565135	0.0051832510890448755	0.010272162953995542	0.9761148195102901	0.9761148195102901	4.0	4
DLBCL11512	0.9762123906294963	0.0038832788799393154	0.004612683012344285	0.012181548181874547	0.003110099296345572	0.9762123906294963	0.0	0
DLBCL11680	0.006681903425117743	0.006732434807729348	0.976452663094358	0.006838569896730391	0.003294428776064571	0.976452663094358	2.0	2
DLBCL_RICOVER_1248	0.004410034729328643	0.009157947711238568	0.003259180923961145	0.006173081689338372	0.9769997549461332	0.9769997549461332	4.0	4
DLBCL10550	0.003049335377810718	0.00549744420382902	0.007480568274743254	0.006708906731982098	0.977263745411635	0.977263745411635	4.0	4
DLBCL10510	0.006340149583216854	0.9773658680575631	0.004701653764226967	0.004432911078609662	0.007159417516383401	0.9773658680575631	1.0	1
DLBCL_RICOVER_533	0.007080863240151165	0.9774109676340009	0.005661880843249907	0.005415861016468638	0.0044304272661293866	0.9774109676340009	1.0	1
DLBCL10482	0.9774113552289392	0.003981630571326166	0.0038145963541190726	0.008448864308083406	0.0063435535375321265	0.9774113552289392	0.0	0
DLBCL_RICOVER_1263	0.006448765123253392	0.0044812973304836	0.9778183490704189	0.008208953554803756	0.0030426349210403315	0.9778183490704189	2.0	2
DLBCL10945	0.977830674206332	0.002651500943216605	0.0032077949814730195	0.008382618009858104	0.00792741185912036	0.977830674206332	0.0	0
DLBCL_C_D_1123_NULLPAIR	0.9780107328077876	0.005737900398756278	0.0034522828566032125	0.009613242678473301	0.003185841258379615	0.9780107328077876	0.0	0
DLBCL_MC_F500_ECU	0.0034887762079173646	0.9787069452670221	0.007842071520897638	0.00423776905605983	0.005724437948103128	0.9787069452670221	1.0	1
DLBCL11429	0.9787647614055627	0.0018340577847708389	0.00424594590221506	0.010300105296018807	0.004855129611432664	0.9787647614055627	0.0	0
DLBCL11187	0.004050026583570807	0.004005834258286743	0.005016125978070176	0.008112026027004273	0.978815987153068	0.978815987153068	4.0	4
DLBCL_C_D_1141_NULLPAIR	0.003438367698067401	0.006514808204811703	0.9788255397400155	0.005565035859381514	0.005656248497723885	0.9788255397400155	2.0	2
DLBCL10555	0.006902845825992575	0.005022170479240871	0.9790558203010968	0.0065903647298682835	0.002428798663801408	0.9790558203010968	2.0	2
DLBCL10887	0.002663050274092746	0.00458184020771935	0.007876904912447242	0.00576478910160353	0.9791134155041371	0.9791134155041371	4.0	4
DLBCL_RICOVER_678	0.005302579753546199	0.9791348181518178	0.004252287532806088	0.004055948960835524	0.007254365600994384	0.9791348181518178	1.0	1
DLBCL11443	0.9795277551317294	0.0018509305868151754	0.004942004852487279	0.009641813480602902	0.004037495948365264	0.9795277551317294	0.0	0
DLBCL11539	0.9799619968335179	0.0017781268222987947	0.005334375581459762	0.010412833079113093	0.0025126676836104344	0.9799619968335179	0.0	0
DLBCL11666	0.0034485187262190665	0.005967173901283607	0.9801918284996378	0.007270076313074535	0.0031224025597849678	0.9801918284996378	2.0	2
DLBCL10917	0.005427767388694874	0.9803923798265549	0.004118206439003614	0.005011058322297685	0.005050588023448911	0.9803923798265549	1.0	1
DLBCL10989	0.004129275830331371	0.9804963121002511	0.00683755582248995	0.0035013005476740213	0.005035555699253563	0.9804963121002511	1.0	1
DLBCL10966	0.980672395139786	0.0027733503828898123	0.004119975904546183	0.00983704762186177	0.0025972309509162002	0.980672395139786	0.0	0
DLBC_FF_8043_TP_NB	0.005618307876920961	0.9806899314162122	0.006066119357555765	0.0033002907494650356	0.004325350599846028	0.9806899314162122	1.0	1
DLBCL_RICOVER_1219	0.002592907365462246	0.004730247017802386	0.00398557170411355	0.007081139113890048	0.9816101347987317	0.9816101347987317	4.0	4
DLBCL_RICOVER_712	0.0029362033904492017	0.005092014401583132	0.003976616990180088	0.006251163939242767	0.9817440012785448	0.9817440012785448	4.0	4
DLBCL10464	0.005630550373992004	0.0033426517489961887	0.9822288014515447	0.006082256686086689	0.002715739739380472	0.9822288014515447	2.0	2
DLBCL_RICOVER_1289	0.002982031078720145	0.003565892501324827	0.0041824933740671035	0.007030846520792844	0.9822387365250951	0.9822387365250951	4.0	4
DLBCL_RICOVER_221	0.002416182394883465	0.00638771051434506	0.0053036605880117434	0.0035479342334792958	0.9823445122692804	0.9823445122692804	4.0	4
DLBCL11558	0.0041083294498869705	0.0038504259953794366	0.9824132110775632	0.007589212856453079	0.0020388206207173428	0.9824132110775632	2.0	2
DLBCL_RICOVER_469	0.004127195361624468	0.002992487103198636	0.982723029057278	0.007558849528383695	0.002598438949515178	0.982723029057278	2.0	2
DLBCL_LS1757	0.9829389379556304	0.0032309419441614424	0.002392245276827613	0.008835246610719372	0.002602628212661169	0.9829389379556304	0.0	0
DLBCL_MC_F089_HCZ	0.002400908844014938	0.9830826731006354	0.0056370858578556554	0.003946643261047467	0.004932688936446577	0.9830826731006354	1.0	1
DLBCL10924	0.002826305984582947	0.0037014122320726613	0.0033033193008369815	0.007064713050792289	0.9831042494317151	0.9831042494317151	4.0	4
DLBCL_LS2245	0.0033693958573923705	0.9838885027721751	0.006260351087570155	0.0031578037531722982	0.0033239465296900903	0.9838885027721751	1.0	1
DLBCL11476	0.0040204344031261234	0.005223360326270181	0.0029034570029229856	0.003772687392824294	0.9840800608748564	0.9840800608748564	4.0	4
DLBCL_RICOVER_417	0.0022000479393203412	0.005348912717033096	0.0035529927270387474	0.004668983264545282	0.9842290633520625	0.9842290633520625	4.0	4
DLBCL11450	0.0026606006908640244	0.004855740963653858	0.002775397636158264	0.004993464913075344	0.9847147957962485	0.9847147957962485	4.0	4
DLBCL10519	0.003957174613017148	0.9847378656768516	0.004073373802721831	0.0040846771915641076	0.0031469087158453378	0.9847378656768516	1.0	1
DLBCL10880	0.0037245076924512415	0.0033040430822099966	0.004877857646636781	0.0030797844859939676	0.985013807092708	0.985013807092708	4.0	4
DLBCL_LS1065	0.004127247563036213	0.9850595630902275	0.004333391383115917	0.003108403549505085	0.003371394414115348	0.9850595630902275	1.0	1
DLBCL10834	0.004875076536873531	0.9851477195475383	0.0038016660203349668	0.00264655709774698	0.0035289807975061446	0.9851477195475383	1.0	1
DLBCL10515	0.9852545265369055	0.002660190690546236	0.0022760706699831985	0.007631513364588511	0.0021776987379765935	0.9852545265369055	0.0	0
DLBCL10893	0.0021206827353624294	0.003795140066563928	0.0030290532570221474	0.005703323845469036	0.9853518000955824	0.9853518000955824	4.0	4
DLBCL10860	0.001959194707003249	0.0033620912770907056	0.004998757374152069	0.0042387734498548916	0.9854411831918991	0.9854411831918991	4.0	4
DLBCL_LS1098	0.003170982211396156	0.0027174032839464954	0.9855814440303813	0.006382033934683121	0.0021481365395929733	0.9855814440303813	2.0	2
DLBCL_C_D_1152_NULLPAIR	0.0025208873027957857	0.9856448001585177	0.005659156794863174	0.0031511347512592353	0.0030240209925640107	0.9856448001585177	1.0	1
DLBCL10997	0.9861843916970388	0.001693398667528104	0.0020393624068825804	0.006054044074075613	0.0040288031544749355	0.9861843916970388	0.0	0
DLBCL10901	0.0022609446502896762	0.0037786241666579044	0.003146612077909419	0.004627892991898751	0.9861859261132443	0.9861859261132443	4.0	4
DLBCL11440	0.0032663282719937663	0.0030259118966087612	0.004056305838490959	0.0033432637063221795	0.9863081902865843	0.9863081902865843	4.0	4
DLBCL_RICOVER_1293	0.0041865038218886815	0.0033152669567023466	0.002210777311573369	0.0034724138752433376	0.9868150380345923	0.9868150380345923	4.0	4
DLBCL11353	0.0017911269544231782	0.0044639948483805115	0.003601813342273761	0.003269996131708564	0.986873068723214	0.986873068723214	4.0	4
DLBCL10850	0.0036568330670599786	0.9869900770581073	0.003944775130604665	0.002132669901312558	0.0032756448429155584	0.9869900770581073	1.0	1
DLBCL10471	0.003012968529642124	0.004938458986777216	0.002387387114410087	0.0024134177000284898	0.9872477676691421	0.9872477676691421	4.0	4
DLBCL10462	0.9872651749601029	0.0015709122078849235	0.002419393425778409	0.005409278095480594	0.0033352413107531303	0.9872651749601029	0.0	0
DLBCL11428	0.002709553786258907	0.003871640119468003	0.9873737947699475	0.004385452146625578	0.0016595591777000484	0.9873737947699475	2.0	2
DLBCL_RICOVER_685	0.0015724211390863664	0.004277089027801978	0.002630771363427546	0.0039925874385991714	0.9875271310310849	0.9875271310310849	4.0	4
DLBCL_LS297	0.0027321451467720794	0.0022802711321764997	0.9876936710618011	0.005309322117188968	0.0019845905420614305	0.9876936710618011	2.0	2
DLBCL11461	0.9878902449111717	0.0017707287975671597	0.001979116468727271	0.0067782619324150166	0.0015816478901188537	0.9878902449111717	0.0	0
DLBCL10845	0.0019690240710259336	0.9881256108200104	0.003585246136770006	0.0027801105280207384	0.0035400084441729314	0.9881256108200104	1.0	1
DLBCL_RICOVER_267	0.0021359345567327657	0.002263690052929094	0.9883096583927669	0.004699268109970791	0.0025914488876005205	0.9883096583927669	2.0	2
DLBCL_LS378	0.9885655540624976	0.0020246559775398115	0.002114702664880233	0.005601565630069822	0.0016935216650125107	0.9885655540624976	0.0	0
DLBCL11000	0.0016603975428497672	0.00351763198698324	0.002448280770693703	0.0038035030154312715	0.9885701866840421	0.9885701866840421	4.0	4
DLBCL10884	0.9890343708929922	0.0014308145909095302	0.0016395700259880578	0.006031461806356179	0.0018637826837540716	0.9890343708929922	0.0	0
DLBCL10862	0.0016349846516789085	0.003198887485071945	0.0031589159289104086	0.002537929509096275	0.9894692824252425	0.9894692824252425	4.0	4
DLBCL11670	0.0014077608951640055	0.00246447947514615	0.9895701611915334	0.004335271824502774	0.0022223266136536975	0.9895701611915334	2.0	2
DLBCL11569	0.001898411054291597	0.002863357863997916	0.9897098396797953	0.0039483795892151854	0.0015800118127000339	0.9897098396797953	2.0	2
DLBCL10459	0.001670945154213173	0.002201006819290234	0.9898126104457603	0.00433911107864856	0.00197632650208778	0.9898126104457603	2.0	2
DLBCL10930	0.0019789162667882216	0.0025814389475392967	0.0028287761958495673	0.0026570733354392127	0.9899537952543837	0.9899537952543837	4.0	4
DLBCL10465	0.001539113115201587	0.0026032028440953715	0.9900590927306796	0.003887322200823884	0.0019112691091995088	0.9900590927306796	2.0	2
DLBCL10460	0.0020050546650139563	0.9903544962653577	0.0039012923376148803	0.0016421112084630087	0.0020970455235504873	0.9903544962653577	1.0	1
DLBCL_C_D_1125_NULLPAIR	0.0014288323534545583	0.003594616963627678	0.002058851024031231	0.0023603654480382893	0.9905573342108482	0.9905573342108482	4.0	4
DLBCL11677	0.9907406072322701	0.0010402223041228067	0.0016192974988441296	0.004580601387956166	0.0020192715768068597	0.9907406072322701	0.0	0
DLBCL10461	0.0015118036815366625	0.9908344377729777	0.0029607358613079533	0.001598048541774159	0.003094974142403462	0.9908344377729777	1.0	1
DLBCL_LS3749	0.0020337149353485085	0.990936197727102	0.002951690227688067	0.002313698195436201	0.0017646989144252398	0.990936197727102	1.0	1
DLBCL_RICOVER_449	0.0018300843723984962	0.00215184137027911	0.001981790393441084	0.003089027868012288	0.990947255995869	0.990947255995869	4.0	4
DLBCL11667	0.001823572650241741	0.0025304932103535414	0.9910051206635946	0.003229995531397964	0.0014108179444121333	0.9910051206635946	2.0	2
DLBCL10859	0.0016821364842458785	0.991049630865851	0.0032330424907195746	0.0016933602542222948	0.002341829904961313	0.991049630865851	1.0	1
DLBCL10992	0.001449031521829986	0.0019852557901594383	0.0024367473802707654	0.0029922660599895267	0.9911366992477503	0.9911366992477503	4.0	4
DLBCL_MC_F729_MAN	0.0017592937414393191	0.9914250615808059	0.0026868448091057757	0.0014984866273111824	0.002630313241337771	0.9914250615808059	1.0	1
DLBCL10842	0.0013833294662969735	0.0021014714390422806	0.0023120900962975504	0.002646484796949167	0.991556624201414	0.991556624201414	4.0	4
DLBCL11188	0.0015084063628555769	0.9919755817640867	0.0029625575257718377	0.001584673713213145	0.001968780634072689	0.9919755817640867	1.0	1
DLBCL_DFCI_DLBCL_GOE16	0.0014495237729019548	0.0016260531162057648	0.9921255873906307	0.0034589909522238864	0.0013398447680377243	0.9921255873906307	2.0	2
DLBCL10483	0.0013761517601812343	0.9921395708198795	0.003305066616991783	0.0012512206487781444	0.00192799015416941	0.9921395708198795	1.0	1
DLBCL10967	0.001404413002847708	0.0021270235230593315	0.0019391119769389287	0.0018154637016195973	0.9927139877955344	0.9927139877955344	4.0	4
DLBCL_C_D_1135_NULLPAIR	0.0015351813372778847	0.9927629786463611	0.002352676827682209	0.0015225799875283972	0.0018265832011504556	0.9927629786463611	1.0	1
DLBCL_MC_F349_BJJ	0.0012339193672255544	0.001679954077887476	0.9928209154693222	0.002657602006147501	0.0016076090794172513	0.9928209154693222	2.0	2
DLBCL10554	0.0018952333522971885	0.0014485807235955234	0.9928796951676022	0.0023492388869178365	0.0014272518695872295	0.9928796951676022	2.0	2
DLBCL10913	0.9929970144724048	0.001407317475508096	0.0010269825221539003	0.0029956248995059226	0.0015730606304272191	0.9929970144724048	0.0	0
DLBCL_MC_F132_MLM	0.9931815977818224	0.000918491605553203	0.0010044906129428478	0.0034252410709744922	0.0014701789287070992	0.9931815977818224	0.0	0
DLBCL_RICOVER_253	0.0016203739438878084	0.9937529216604738	0.001938011917459003	0.0010867199685690757	0.0016019725096102734	0.9937529216604738	1.0	1
DLBCL10883	0.0011055237200468934	0.0014635179214081847	0.0016472261239854644	0.001956175880223742	0.9938275563543357	0.9938275563543357	4.0	4
DLBCL10990	0.0010992415027570347	0.0018997926918848695	0.0012281401722401251	0.0015038382336487546	0.9942689873994692	0.9942689873994692	4.0	4
DLBCL_C_D_1114_NULLPAIR	0.9944730455985464	0.0006512763564896106	0.0011197698895803066	0.0024956330412929588	0.00126027511409071	0.9944730455985464	0.0	0
DLBCL10458	0.9946838212584984	0.0007039781125241877	0.0013953676504699975	0.0024281585656233786	0.0007886744128839751	0.9946838212584984	0.0	0
DLBCL11434	0.9947466889020752	0.0007692359773980795	0.001100854678841935	0.00261806457833831	0.0007651558633465081	0.9947466889020752	0.0	0
DLBCL11565	0.001045775002779324	0.9953672156274667	0.0014492579364832913	0.001073035764197397	0.0010647156690732822	0.9953672156274667	1.0	1
DLBCL_C_D_1163_NULLPAIR	0.0006912264673557006	0.0010614679160279572	0.0010031886886669545	0.001509613910483527	0.9957345030174659	0.9957345030174659	4.0	4
DLBCL_LS146	0.0008735832839602681	0.9958130494190577	0.001451427444050805	0.0007877735995718331	0.0010741662533594394	0.9958130494190577	1.0	1
DLBCL_MC_F519_ALT	0.0008171531911664074	0.0013908623025241425	0.0008343475475007503	0.0010572324525350034	0.9959004045062737	0.9959004045062737	4.0	4
DLBCL10951	0.000753972955512316	0.0014197382048762852	0.0008367764143700702	0.0009522907369966315	0.9960372216882447	0.9960372216882447	4.0	4
DLBCL_C_D_1128_NULLPAIR	0.9960406404416215	0.0005862729268477501	0.0006622802112058372	0.0018009709150671347	0.0009098355052577538	0.9960406404416215	0.0	0
DLBCL10996	0.9962198599990097	0.00047274957120310365	0.000997106889880952	0.001561252862618732	0.0007490306772874836	0.9962198599990097	0.0	0
DLBCL10911	0.0008367809626229124	0.9963354941917164	0.001209251895761268	0.0007075043800705764	0.0009109685698287819	0.9963354941917164	1.0	1
DLBCL10530	0.0005748225047092657	0.0011360177499663308	0.0007444915029132868	0.0009596963656836568	0.9965849718767275	0.9965849718767275	4.0	4
DLBCL_MAYO_DLBCL_7359	0.0005494094219469194	0.9974126020075568	0.0008743958733561394	0.0004841612006594516	0.0006794314964807682	0.9974126020075568	1.0	1
DLBCL_RICOVER_174	0.0005518421723740003	0.9975399828172076	0.0007986330132900797	0.0005161312660159141	0.0005934107311124642	0.9975399828172076	1.0	1
DLBCL_C_D_1136_NULLPAIR	0.0005254721651302922	0.9975595969090032	0.0007151831708901497	0.0005134461433050076	0.0006863016116713288	0.9975595969090032	1.0	1
DLBCL11191	0.9976293378176804	0.0003388615944327405	0.0004685095605953167	0.0011411880843336583	0.00042210294295792696	0.9976293378176804	0.0	0
DLBCL10912	0.9978538983203477	0.0003196947167469151	0.0004592895398820113	0.001041743404267338	0.00032537401875611577	0.9978538983203477	0.0	0
DLBCL_MC_F262_WLC	0.9980370921625727	0.0003509692123012721	0.00033358717027256194	0.0008458958935580266	0.0004324555612953588	0.9980370921625727	0.0	0
DLBCL10534	0.0003473623872139704	0.0006103724036127003	0.000435249788451635	0.0005199375590292387	0.9980870778616925	0.9980870778616925	4.0	4
DLBCL11482	0.9983341686770504	0.00021235969205004817	0.00037490911303610374	0.0007407746964916425	0.00033778782137183875	0.9983341686770504	0.0	0
DLBCL10864	5.278755429021046e-06	7.698086347868004e-06	6.314457924654736e-06	9.094442287820019e-06	0.9999716142580106	0.9999716142580106	4.0	4
DLBCL_C_D_1130_NULLPAIR	1.001148528089736	-0.000196892594910733	-0.00019315798768615555	-0.0005138080322378112	-0.00024466947490131915	1.001148528089736	0.0	0
