	C1	C2	C3	C4	C5	Confidence	True Cluster	Predicted Cluster
DLBCL_MC_F927_JHS	0.2158905026712509	0.1813791077881181	0.24853817443587345	0.1546240528973049	0.19956816220745266	0.24853817443587345	4.0	2
DLBCL11483	0.2151057521458834	0.16268758221475182	0.21058847472525277	0.15468086824729693	0.2569373226668151	0.2569373226668151	1.0	4
DLBCL10487	0.28593951326595357	0.2836081537515259	0.05489909678723034	0.32993741373630064	0.04561582245898937	0.32993741373630064	1.0	3
DLBCL11534	0.16239080318034946	0.14117883364643205	0.16134473700332005	0.3551433064183896	0.1799423197515088	0.3551433064183896	2.0	3
DLBCL_RICOVER_522	0.09603165562852409	0.2260519551485988	0.3678541733259803	0.28917822442533603	0.020883991471560844	0.3678541733259803	2.0	2
DLBCL10874	0.10781349018530699	0.37414770746504844	0.03683013969039735	0.2362257315464082	0.24498293111283911	0.37414770746504844	1.0	1
DLBCL_RICOVER_120	0.2497805039845425	0.11847030745744938	0.20829608659638396	0.04865561728381559	0.37479748467780855	0.37479748467780855	4.0	4
DLBCL11448	0.02129385977616508	0.16103347099621837	0.21770898398837632	0.3795638209684472	0.22039986427079308	0.3795638209684472	3.0	3
DLBCL_MAYO_DLBCL_3653	0.3558214171795388	0.051159878417276136	0.07865540228713816	0.10793681182645545	0.4064264902895913	0.4064264902895913	0.0	4
DLBCL10875	0.40720861018171817	0.35292898184247756	0.13672588846290676	0.07450867179190387	0.028627847720993662	0.40720861018171817	0.0	0
DLBCL10865	0.4126583241594177	0.06810941088809651	0.03181429608826186	0.14934153790470134	0.33807643095952267	0.4126583241594177	4.0	0
DLBCL_C_D_1103_NULLPAIR	0.060401301562272317	0.4175339531234368	0.22292241052641526	0.27120074862265375	0.02794158616522189	0.4175339531234368	3.0	1
DLBCL10863	0.17218669183077825	0.016661625313256025	0.0413243568787272	0.4194595656835377	0.350367760293701	0.4194595656835377	3.0	3
DLBCL10539	0.06793239893374209	0.3438108885688022	0.09145302458254319	0.4212549918404784	0.07554869607443407	0.4212549918404784	3.0	3
DLBCL11471	0.4318027922470895	0.3574049031610812	0.02852933392936042	0.13390016636635618	0.04836280429611275	0.4318027922470895	3.0	0
DLBCL_LS2208	0.03233429001661263	0.24145466461752996	0.43362685728797723	0.040597751396890085	0.25198643668099013	0.43362685728797723	4.0	2
DLBCL10873	0.1374865759319765	0.43618004360178697	0.08445260138800476	0.3095894130828525	0.032291365995379226	0.43618004360178697	1.0	1
DLBCL10914	0.3070161148655782	0.4388483054639515	0.1783862869215528	0.04100081686083585	0.03474847588808168	0.4388483054639515	0.0	1
DLBCL11574	0.0699384202967599	0.20378179066450683	0.4414872163881234	0.08083432568419908	0.20395824696641077	0.4414872163881234	2.0	2
DLBCL_RICOVER_216	0.05833059891355943	0.08172237137494912	0.44962272271762765	0.04796422302272685	0.36236008397113706	0.44962272271762765	2.0	2
DLBCL_LS762	0.1141440152238718	0.21084506190621094	0.1394720142469483	0.0858841622304653	0.44965474639250363	0.44965474639250363	2.0	4
DLBCL10936	0.16645460051063388	0.4529839983830637	0.14878186416579356	0.11481675637483277	0.11696278056567609	0.4529839983830637	2.0	1
DLBCL10846	0.4570414311940415	0.23292591375083488	0.03259849332260191	0.14877692234737824	0.12865723938514334	0.4570414311940415	1.0	0
DLBCL10885	0.0776616198291124	0.45755886449026	0.025035086551953103	0.07511295201449229	0.36463147711418215	0.45755886449026	1.0	1
DLBCL_RICOVER_711	0.45761833201790186	0.23346889702628593	0.021955359909707824	0.25959047740077723	0.027366933645327204	0.45761833201790186	3.0	0
DLBCL_RICOVER_258	0.4583326753957146	0.024112847420065787	0.19999783596645124	0.058690314456060794	0.2588663267617076	0.4583326753957146	2.0	0
DLBCL10985	0.06772961049603086	0.45957717042774776	0.03243643134219558	0.38407136070515807	0.05618542702886767	0.45957717042774776	1.0	1
DLBCL11581	0.1229856732132982	0.021834473962404954	0.09981290214601238	0.4675266292712388	0.28784032140704563	0.4675266292712388	4.0	3
DLBCL10999	0.022915399054492296	0.04117831449367486	0.13554586587583153	0.47145293303156427	0.32890748754443705	0.47145293303156427	4.0	3
DLBCL10871	0.1230968861077809	0.2667836491470981	0.09488400304761202	0.03906199067622682	0.4761734710212821	0.4761734710212821	1.0	4
DLBCL11501	0.2145410101019904	0.48223645677084725	0.0866247775988993	0.06259971377183844	0.15399804175642454	0.48223645677084725	0.0	1
DLBC_FF_8042_TP_NB	0.03282003424272293	0.48414698709080195	0.08351849722228691	0.1993517066836545	0.2001627747605338	0.48414698709080195	4.0	1
DLBCL_RICOVER_773	0.02348744183374641	0.41719177591701906	0.484221046298769	0.020429791236955947	0.05466994471350959	0.484221046298769	4.0	2
DLBCL10503	0.043968768754534496	0.14135339739236982	0.27784622351218724	0.04909683625665562	0.4877347740842528	0.4877347740842528	1.0	4
DLBCL10453	0.019217621565615697	0.4912689623488316	0.03920764551249759	0.034856764375867405	0.4154490061971876	0.4912689623488316	1.0	1
DLBCL10536	0.044014054089071955	0.49406668934116216	0.30619378080516346	0.12063566577316102	0.03508980999144141	0.49406668934116216	2.0	1
DLBCL10969	0.49441425616250234	0.24952036029644709	0.17160302730212298	0.035066320698504155	0.04939603554042347	0.49441425616250234	0.0	0
DLBCL10955	0.07205351579914372	0.04819638243667473	0.041461668358369036	0.34367689924185024	0.4946115341639623	0.4946115341639623	3.0	4
DLBCL11455	0.4979880411291714	0.021566164548387515	0.13179560291892634	0.30259955298367586	0.046050638419838884	0.4979880411291714	2.0	0
DLBCL_C_D_PAIR13	0.14018341681780747	0.13422478173968605	0.13996797637650138	0.08729930156447882	0.4983245235015263	0.4983245235015263	4.0	4
DLBCL11431	0.1415833137943644	0.13643424580968452	0.1334439491119387	0.08544768026048556	0.5030908110235267	0.5030908110235267	4.0	4
DLBCL11528	0.5032515085554179	0.05780614917346105	0.3695625422427313	0.04057201041144984	0.028807789616939965	0.5032515085554179	2.0	0
DLBCL11449	0.01438053626472591	0.3430785359537596	0.07508196729976413	0.0611663742182362	0.5062925862635141	0.5062925862635141	1.0	4
DLBCL_LS3200	0.026549398677043725	0.5095972788148346	0.03179525397957432	0.019773567357651452	0.41228450117089593	0.5095972788148346	4.0	1
DLBCL11436	0.13921881288359902	0.20542104336920577	0.051119882095333254	0.5115756626732211	0.09266459897864077	0.5115756626732211	1.0	3
DLBCL11478	0.5119447424503566	0.1135359947548573	0.29011666563852084	0.06295021965239277	0.021452377503872393	0.5119447424503566	0.0	0
DLBCL11591	0.016310082849913646	0.5128504651391165	0.4137389969799409	0.02158699669978558	0.035513458331243475	0.5128504651391165	1.0	1
DLBCL10915	0.029403513372764926	0.1036214613231444	0.06739992881916533	0.28654395734958915	0.5130311391353363	0.5130311391353363	4.0	4
DLBCL11491	0.09847379819392946	0.027338478536727964	0.16755789866181933	0.1919212705999331	0.5147085540075901	0.5147085540075901	3.0	4
DLBCL10971	0.14377507859994668	0.23857983853840195	0.02594759344479143	0.07670039819554905	0.514997091221311	0.514997091221311	0.0	4
DLBCL_MC_F739_AMA3	0.015530876438665684	0.40036671640348775	0.5153292453969763	0.04611662439722097	0.0226565373636493	0.5153292453969763	1.0	2
DLBCL_RICOVER_506	0.0194618862273897	0.5160622586227379	0.04441493381530841	0.023552972274610867	0.39650794905995307	0.5160622586227379	4.0	1
DLBCL11441	0.08678623432718063	0.01981826329959254	0.14606448144367387	0.23032898250647243	0.5170020384230806	0.5170020384230806	2.0	4
DLBCL10553	0.047265332652389094	0.04002875070646876	0.35663423132978184	0.5170183689727486	0.03905331633861175	0.5170183689727486	3.0	3
DLBCL11516	0.09629094453169919	0.1929046052457738	0.12176612366048183	0.518784023472397	0.07025430308964815	0.518784023472397	1.0	3
DLBCL10513	0.5225122615898187	0.029144643143457754	0.0800709724648691	0.3541070178970553	0.01416510490479913	0.5225122615898187	3.0	0
DLBCL_MC_F362_MJB1	0.01909790043110399	0.5232508306090885	0.2796634413943957	0.022002571172268347	0.15598525639314334	0.5232508306090885	2.0	1
DLBCL_BWH_DLBCL64	0.2724907479030593	0.14789047383628423	0.028277903031648417	0.5288927372404907	0.022448137988517355	0.5288927372404907	1.0	3
DLBCL10973	0.046428795006019916	0.020926317834608864	0.28920981369243226	0.5338878018766495	0.10954727159028951	0.5338878018766495	3.0	3
DLBCL10856	0.05812871270248675	0.035711010529066965	0.5378443707674357	0.04150195431453407	0.3268139516864765	0.5378443707674357	2.0	2
DLBCL11467	0.11543560968304982	0.09210682620755675	0.11678609043005891	0.543138783451093	0.13253269022824146	0.543138783451093	3.0	3
DLBCL10566	0.05157631634352339	0.3417896355055512	0.03829828654609159	0.022666403047899828	0.545669358556934	0.545669358556934	4.0	4
DLBCL10869	0.5473426678441711	0.12740206783422964	0.19438047742176742	0.07144109814972796	0.05943368875010392	0.5473426678441711	0.0	0
DLBCL_RICOVER_1190	0.23878673530415723	0.04387347102870087	0.13124762719431382	0.03754539312831075	0.5485467733445173	0.5485467733445173	4.0	4
DLBCL10833	0.5503130017337058	0.02975465143224761	0.020856303451046967	0.18552921340732317	0.21354682997567648	0.5503130017337058	4.0	0
DLBCL10780	0.026947712240646536	0.5510878012217609	0.2492700973966924	0.14782849646782492	0.02486589267307517	0.5510878012217609	1.0	1
DLBCL10974	0.05486331326873323	0.023939319019515702	0.05554901349374448	0.5521617180840502	0.31348663613395644	0.5521617180840502	3.0	3
DLBCL_RICOVER_787	0.26041410202334303	0.5567460004095877	0.045544597240090565	0.10883876882911128	0.0284565314978675	0.5567460004095877	1.0	1
DLBCL10527	0.025941480364669357	0.0435354920184303	0.2584878905502309	0.5618047827482384	0.110230354318431	0.5618047827482384	3.0	3
DLBCL10544	0.03601128016204103	0.019017582835083247	0.0593290375727144	0.5643062221446189	0.32133587728554236	0.5643062221446189	3.0	3
DLBCL11468	0.13898923709685929	0.037567445110454095	0.5647954258622535	0.23214428219867217	0.026503609731760927	0.5647954258622535	2.0	2
DLBCL10962	0.0500920670514983	0.5655829488565548	0.22911127106795773	0.026739698923727722	0.1284740141002614	0.5655829488565548	1.0	1
DFCIDL004_DT	0.17328982823058192	0.014389962213035111	0.03208027793647603	0.21124530602728506	0.5689946255926218	0.5689946255926218	4.0	4
DLBCL_RICOVER_1165	0.01797762695367851	0.5709194507906411	0.08437041088968397	0.02550584770693456	0.3012266636590619	0.5709194507906411	1.0	1
DLBCL_LS1304	0.02312481470920995	0.029238986576084376	0.5718509475849854	0.03708128260209678	0.3387039685276234	0.5718509475849854	2.0	2
DLBCL11527	0.03423742379484601	0.033724513276512415	0.2069245164818364	0.15142558251486013	0.573687963931945	0.573687963931945	3.0	4
DFCIDL008_DT	0.039262989136778156	0.1424286462420745	0.2181148054870675	0.02187511253372762	0.5783184466003523	0.5783184466003523	4.0	4
DLBCL10868	0.09504945641815411	0.019521801455926722	0.027730402414400144	0.5787022203442449	0.2789961193672742	0.5787022203442449	3.0	3
DLBCL_RICOVER_1106	0.030576786412045927	0.15968897413632263	0.036074327630612704	0.19236593886796952	0.5812939729530493	0.5812939729530493	4.0	4
DLBCL_RICOVER_338	0.31036023241703287	0.02173657446844648	0.06293196207725857	0.5842820878401964	0.020689143197065645	0.5842820878401964	0.0	3
DLBCL11495	0.09478828661653553	0.015313262021995372	0.03470496673483111	0.2698734094002456	0.5853200752263923	0.5853200752263923	4.0	4
DLBCL11681	0.5859160147359712	0.009704959647319008	0.13532063842281952	0.14542355054473285	0.12363483664915735	0.5859160147359712	0.0	0
DLBCL11474	0.32995263427012944	0.021402864466690954	0.025240443978467277	0.5872033662265362	0.036200691058176006	0.5872033662265362	0.0	3
DLBCL11446	0.5883478078875126	0.04649050084821349	0.08450537333537826	0.17601829800907592	0.10463801991981966	0.5883478078875126	1.0	0
DLBCL_C_D_1148_NULLPAIR	0.20300664553062017	0.014532008726794318	0.1680405200038058	0.591681366523973	0.02273945921480682	0.591681366523973	0.0	3
DLBCL_RICOVER_978	0.5925675115178258	0.020387936542691814	0.10460041080549617	0.193725016615304	0.08871912451868222	0.5925675115178258	2.0	0
DLBCL11206	0.03298943151180167	0.5946868914957018	0.05256958615525816	0.014958769998584469	0.3047953208386539	0.5946868914957018	4.0	1
DLBCL_C_D_1115_NULLPAIR	0.07506527898502142	0.2277887565929584	0.056738051633906356	0.5953034142440576	0.04510449854405621	0.5953034142440576	3.0	3
DLBCL10959	0.1036585787268224	0.028099607200315915	0.02829066582119461	0.5965225031302809	0.2434286451213862	0.5965225031302809	0.0	3
DLBCL11510	0.5994997009462405	0.17898211324412483	0.04103838822626357	0.06624076316423243	0.11423903441913862	0.5994997009462405	4.0	0
DLBCL10486	0.6010445003220974	0.1195981367842858	0.02066176378520846	0.15239993274728536	0.10629566636112293	0.6010445003220974	0.0	0
DLBCL10907	0.15463626046381293	0.11835045898292912	0.021817279541864482	0.10009195965239037	0.6051040413590031	0.6051040413590031	1.0	4
DLBCL_C_D_1118_NULLPAIR	0.6057537057094808	0.2959988471895025	0.01284254071251411	0.04787071793086765	0.0375341884576349	0.6057537057094808	1.0	0
DLBCL11466	0.10876290569869365	0.6071804255963935	0.0649012638431059	0.14931736629340336	0.06983803856840362	0.6071804255963935	1.0	1
DLBCL10467	0.0596287247382368	0.02136987162710514	0.19312617132560955	0.11806759700765164	0.6078076353013968	0.6078076353013968	4.0	4
DLBCL10878	0.6080206065877004	0.02062268161333846	0.025584613785476926	0.11996671946867869	0.22580537854480554	0.6080206065877004	4.0	0
DLBCL10867	0.04171767334893922	0.27853158955533197	0.02498007931734833	0.04536797655763761	0.6094026812207429	0.6094026812207429	4.0	4
DLBCL_LS4619	0.017667015105711736	0.051228371369662254	0.6102025936042367	0.07916600390403036	0.241736016016359	0.6102025936042367	4.0	2
DLBCL10837	0.19999469155256852	0.10766734804900024	0.02829068989392445	0.053264479923079325	0.6107827905814275	0.6107827905814275	4.0	4
DLBCL10986	0.13638770681533133	0.1349950772293821	0.6124537671154382	0.09464721371449582	0.021516235125352577	0.6124537671154382	0.0	2
DLBCL_LS4616	0.014663528282576329	0.6128391675448422	0.2735477441344306	0.07064847446179787	0.02830108557635298	0.6128391675448422	2.0	1
DLBCL10451	0.2887669269422497	0.03040256920626462	0.6148998870721395	0.052416836563167125	0.013513780216179093	0.6148998870721395	0.0	2
DLBCL_RICOVER_1278	0.05459095591446425	0.018971303565780948	0.02702443207905786	0.2776072135718475	0.6218060948688494	0.6218060948688494	4.0	4
DLBCL_RICOVER_173	0.04420311339337878	0.029647233400596138	0.041197244473593325	0.2621493545509816	0.6228030541814501	0.6228030541814501	4.0	4
DLBCL_DFCI_DLBCL_GOE05	0.01235028687689551	0.6237278860349915	0.14996232402219511	0.023613613191497834	0.19034588987441997	0.6237278860349915	1.0	1
DLBCL10509	0.2708342785230763	0.628646914058529	0.017610711121225635	0.0472687162125114	0.03563938008465766	0.628646914058529	0.0	1
DLBCL11473	0.12649965891501497	0.12990662120211285	0.051616592605771776	0.634270247421446	0.05770687985565446	0.634270247421446	0.0	3
DLBCL11657	0.02543792517182671	0.08420141169057235	0.6347950899189702	0.2139322811402432	0.04163329207838749	0.6347950899189702	3.0	2
DLBCL_LS1668	0.04537466031068768	0.6370676013456664	0.08632651398410257	0.1879898827577683	0.04324134160177504	0.6370676013456664	1.0	1
DLBCL_RICOVER_1060	0.11481881540404278	0.1699757736539784	0.04306367009599909	0.0299181586316596	0.6422235822143201	0.6422235822143201	1.0	4
DLBCL11535	0.0552704666601026	0.02846115111072182	0.021899181800633025	0.25054156167037356	0.6438276387581691	0.6438276387581691	3.0	4
DLBCL11525	0.1857090176628976	0.01896912938427837	0.6439656496942374	0.13546250853976746	0.01589369471881921	0.6439656496942374	2.0	2
DLBCL11433	0.09014454906495532	0.04294594724221001	0.03335844586194397	0.6457026650305766	0.187848392800314	0.6457026650305766	3.0	3
DLBCL10994	0.6482841280952537	0.17741052712914604	0.03882781084014632	0.07766565474562406	0.05781187918982989	0.6482841280952537	0.0	0
DLBCL10877	0.6489298807380016	0.13495683042508388	0.07840089359647534	0.09826925055430344	0.039443144686135634	0.6489298807380016	0.0	0
DLBCL11683	0.046331322444968986	0.037212214587433456	0.6516045326087686	0.24247440511652824	0.022377525242300727	0.6516045326087686	2.0	2
DLBCL10954	0.04546309848025141	0.653941978479563	0.18658556989760774	0.022627515317247198	0.09138183782533063	0.653941978479563	1.0	1
DLBCL11536	0.03347279256268644	0.6541867470776361	0.048607207806375154	0.20892585911577877	0.05480739343752348	0.6541867470776361	3.0	1
DLBCL_C_D_1117_NULLPAIR	0.11120523316323215	0.6585576746724542	0.020409464129940116	0.17757089972043946	0.032256728313934044	0.6585576746724542	1.0	1
DLBCL_RICOVER_1018	0.10768764584589002	0.1615922537061424	0.025057317056910347	0.660602592203148	0.04506019118790925	0.660602592203148	3.0	3
DLBCL_RICOVER_1046	0.016380107937772326	0.26820414263229964	0.6615790873650377	0.020372022525456928	0.03346463953943343	0.6615790873650377	1.0	2
DLBCL11675	0.032192960610451425	0.01009103882410792	0.6635056926582615	0.09393693508391776	0.20027337282326135	0.6635056926582615	2.0	2
DLBCL_RICOVER_401	0.024747124154906732	0.6662500041832476	0.270011914514644	0.019663356219533364	0.019327600927668272	0.6662500041832476	1.0	1
DLBCL11204	0.222432435885704	0.6666410097335222	0.03993569510182047	0.04677617118059901	0.024214688098354264	0.6666410097335222	1.0	1
DLBCL11458	0.11574312534676144	0.14913728678735866	0.667499599249502	0.030862914274260536	0.03675707434211734	0.667499599249502	2.0	2
DLBCL_C_D_1153_NULLPAIR	0.08937275046608989	0.15169134335841758	0.026688807272530552	0.6678263805739159	0.06442071832904617	0.6678263805739159	3.0	3
DLBCL_RICOVER_496	0.05667828742958461	0.6710141862729411	0.19955287075053094	0.049773804989573345	0.022980850557370026	0.6710141862729411	1.0	1
DLBCL_LS2590	0.04017978045749828	0.020595709096155167	0.04898697815480405	0.6720635754634507	0.21817395682809176	0.6720635754634507	3.0	3
DLBCL_MC_F496DMP	0.6726732752318815	0.1824951244089115	0.053129450139112945	0.07496777241360628	0.016734377806487694	0.6726732752318815	1.0	0
DLBCL_MC_F815_BAT	0.03111750837319977	0.04793394212362057	0.67336579149128	0.20262698845011518	0.04495576956178451	0.67336579149128	2.0	2
DLBCL10965	0.16978898404166448	0.018564023678151922	0.08326625714069723	0.67370490066541	0.054675834474076326	0.67370490066541	3.0	3
DLBCL10963	0.03110505586863219	0.03064380746974377	0.053426320045049915	0.206429008461068	0.6783958081555062	0.6783958081555062	4.0	4
DLBCL_RICOVER_1269	0.016071567186129267	0.14972926316671895	0.6807641101272974	0.059414705848429686	0.0940203536714247	0.6807641101272974	2.0	2
DLBCL11456	0.03457484987358238	0.6819286710465368	0.10682653696944351	0.1571853676335955	0.019484574476841852	0.6819286710465368	1.0	1
DLBCL11435	0.6862399987359934	0.012865191874259685	0.020347876205439923	0.2449015257828781	0.03564540740142883	0.6862399987359934	0.0	0
DLBCL10919	0.24168573208056557	0.0184988927304068	0.023160977139393933	0.6862444896012342	0.030409908448399556	0.6862444896012342	3.0	3
DLBCL10964	0.06693202775384599	0.07478304597771147	0.02516435078465887	0.6872849760808236	0.1458355994029601	0.6872849760808236	4.0	3
DLBCL_C_D_1140_NULLPAIR	0.06594574521473713	0.0434235795571668	0.09293909875381577	0.10818759031799144	0.6895039861562888	0.6895039861562888	4.0	4
DLBCL11486	0.6957197478464667	0.01633767431117073	0.03480367562325078	0.03742949936148093	0.2157094028576308	0.6957197478464667	0.0	0
DLBCL11669	0.09566465152237683	0.07808795419631433	0.6958340267339733	0.11768805188094461	0.012725315666390973	0.6958340267339733	2.0	2
DLBCL_MAYO_DLBCL_234	0.05864285686999271	0.013382525386404885	0.6974900371227385	0.19421497458828407	0.036269606032579796	0.6974900371227385	2.0	2
DLBCL_RICOVER_1150	0.6997874526416693	0.17346860707367004	0.017257249592144117	0.08212622619399271	0.02736046449852386	0.6997874526416693	0.0	0
DLBCL_RICOVER_910	0.17979972011790513	0.04701214188581819	0.04315108692099262	0.7022253797864169	0.0278116712888673	0.7022253797864169	0.0	3
DLBCL10909	0.06594220002602819	0.02057561482231979	0.06459899140768667	0.702595109599215	0.14628808414475034	0.702595109599215	4.0	3
DLBCL11537	0.702790301963167	0.014356074642136531	0.033932321332154736	0.041346153359483793	0.20757514870305785	0.702790301963167	0.0	0
DLBCL11664	0.15653863161193454	0.7034125342339956	0.04573624232321035	0.0817477780652968	0.012564813765562668	0.7034125342339956	1.0	1
DLBCL10552	0.7046201679976558	0.016215127916170347	0.06625624344260847	0.20083203926462306	0.012076421378942298	0.7046201679976558	3.0	0
DLBCL_LS2328	0.04024142134381462	0.7059839610162298	0.21474767984717003	0.02657945970399092	0.01244747808879461	0.7059839610162298	2.0	1
DLBCL11002	0.7061465238886704	0.02782908594890157	0.09814143368501457	0.15525173963009417	0.012631216847319309	0.7061465238886704	3.0	0
DLBCL11590	0.039360634552476	0.016385228297678106	0.7112015498449105	0.18699698159779987	0.04605560570713557	0.7112015498449105	2.0	2
DLBCL11202	0.12355405335468551	0.0396254278242842	0.7115761199650087	0.11651445693172453	0.008729941924297088	0.7115761199650087	0.0	2
DLBCL11504	0.06627534085918782	0.07438401123168198	0.03835973034329145	0.10901006807414654	0.7119708494916922	0.7119708494916922	4.0	4
DLBCL10904	0.04105334068790294	0.02042979884950597	0.11898480240055187	0.10752519927651509	0.712006858785524	0.712006858785524	4.0	4
DLBCL11652	0.15878647968749987	0.7163225224938088	0.053528109521854154	0.04061489158645857	0.030747996710378606	0.7163225224938088	0.0	1
DLBCL11432	0.7195407695608615	0.008114844704458776	0.1286967382458624	0.09539592065122295	0.048251726837594336	0.7195407695608615	0.0	0
DLBCL_RICOVER_478	0.13020998476060053	0.722060777436663	0.03625611583161028	0.02150592522358206	0.08996719674754412	0.722060777436663	1.0	1
DLBCL11447	0.053478501697169584	0.019586692305711605	0.033118542789919554	0.7233041034580976	0.17051215974910167	0.7233041034580976	3.0	3
DLBCL10908	0.04814340098690643	0.08146657013300704	0.7245674828881608	0.039489989023388225	0.10633255696853759	0.7245674828881608	4.0	2
DLBC_FF_8062_TP_NB	0.15150670489818757	0.03676120906084133	0.06888165045150675	0.7247950557122802	0.01805537987718413	0.7247950557122802	3.0	3
DLBCL11661	0.039889844408800265	0.7269593031566103	0.04978220689950883	0.16505295185645613	0.018315693678624505	0.7269593031566103	1.0	1
DLBC_FF_A7CX_TP_NB	0.7290314805202737	0.05466681406881635	0.08255141482072448	0.054507537654145406	0.07924275293604012	0.7290314805202737	4.0	0
DLBCL11003	0.05281999810247329	0.16609085599757556	0.021184618586006832	0.02995525199122893	0.7299492753227154	0.7299492753227154	1.0	4
DLBCL11663	0.7312653714956397	0.045472941576456406	0.08740387214566675	0.10585850830437868	0.029999306477858458	0.7312653714956397	0.0	0
DLBCL_LS155	0.04872150155059362	0.013071422418724145	0.7319389802098641	0.18073430120415407	0.02553379461666401	0.7319389802098641	2.0	2
DLBCL10906	0.03527569216511848	0.73297447967715	0.03028586267312916	0.01367815195501093	0.18778581352959137	0.73297447967715	1.0	1
DLBCL10927	0.1902575385776295	0.02319939803963354	0.03659510688559602	0.734081195084921	0.01586676141221998	0.734081195084921	3.0	3
DLBCL11518	0.7364769864454979	0.13137144392074643	0.07640475120121015	0.03477482793589957	0.020971990496645943	0.7364769864454979	2.0	0
DLBCL10851	0.028954838198353833	0.18215977322549765	0.03338613600752976	0.018195498023867687	0.737303754544751	0.737303754544751	1.0	4
DLBCL11651	0.032043191181687414	0.03140039620955255	0.7380276711024876	0.06084751397058979	0.13768122753568265	0.7380276711024876	2.0	2
DLBCL_RICOVER_274	0.04192376136937172	0.10368169141021163	0.037515779216870514	0.7404157386601424	0.07646302934340374	0.7404157386601424	3.0	3
DLBCL_LS3499	0.06456002291486569	0.06880093756393392	0.03992671232885227	0.7404658338691993	0.08624649332314888	0.7404658338691993	3.0	3
DLBCL11439	0.11553441631957555	0.012674756904219634	0.7405103453485394	0.09733991475201909	0.033940566675646267	0.7405103453485394	2.0	2
DLBCL_MC_F218_RAP	0.7421366416685108	0.017680864353142964	0.036504294946473025	0.19111002039760885	0.012568178634264338	0.7421366416685108	3.0	0
DLBCL_RICOVER_956	0.013766208647215769	0.18558889656860406	0.02992626968405233	0.02824026517524997	0.7424783599248779	0.7424783599248779	4.0	4
DLBC_FF_A7CW_TP_NB	0.026061024789202424	0.06468188512235401	0.11165643668361086	0.054853102090610395	0.7427475513142223	0.7427475513142223	4.0	4
DFCIDL009_DT	0.02651288332380944	0.181594570004472	0.7430360178892444	0.03291263117196046	0.01594389761051361	0.7430360178892444	2.0	2
DLBCL_C_D_1112_NULLPAIR	0.014247443150561732	0.7434435316634731	0.08697991242879449	0.03202947178338657	0.12329964097378411	0.7434435316634731	2.0	1
DLBCL10512	0.024777806727355366	0.021748527204449628	0.16740339781646746	0.04037948955106452	0.745690778700663	0.745690778700663	2.0	4
DLBCL10970	0.04830293184742913	0.7493026501379915	0.0509717477161737	0.12147286713859082	0.029949803159814953	0.7493026501379915	3.0	1
DLBCL10980	0.012652823051905552	0.16737388938698822	0.027572272053127317	0.0417591096013218	0.7506419059066571	0.7506419059066571	4.0	4
DLBCL10450	0.7516050940148143	0.0669516881450387	0.01214586942427425	0.12860072442187281	0.04069662399399991	0.7516050940148143	0.0	0
DLBCL10466	0.012933342550212562	0.0934962650875575	0.7541878619398809	0.1091489496112633	0.030233580811085774	0.7541878619398809	2.0	2
DLBCL10957	0.7548374391293883	0.013266899025537317	0.05514328935293603	0.1621286858221689	0.014623686669969455	0.7548374391293883	0.0	0
DLBCL11658	0.04027032009514484	0.013917612702089018	0.06882235762859203	0.755215292791614	0.12177441678256008	0.755215292791614	3.0	3
DLBCL_RICOVER_467	0.015131929148895754	0.7554431385923993	0.03051561648739209	0.01406156541816455	0.18484775035314832	0.7554431385923993	1.0	1
DLBCL_RICOVER_575	0.08311877417462672	0.03384967829180855	0.11414923287344443	0.7555449943278099	0.013337320332310386	0.7555449943278099	3.0	3
DLBC_FF_A7CQ_TP_NB	0.0725538248441824	0.01885694458042945	0.025704856813072375	0.12520693010012293	0.7576774436621929	0.7576774436621929	4.0	4
DLBCL_RICOVER_712	0.020148978575995683	0.16860253711472137	0.01802177048071033	0.031155969978722317	0.7620707438498503	0.7620707438498503	4.0	4
DLBCL11242	0.1495684531174035	0.023182960631809496	0.015511421642422855	0.04757652928450281	0.7641606353238614	0.7641606353238614	4.0	4
DLBCL10972	0.7646503110836016	0.03897290096362376	0.03403560755809414	0.06130950365056298	0.1010316767441175	0.7646503110836016	0.0	0
DLBCL10894	0.14225870547967193	0.765214126667225	0.025274025240525744	0.04922800881635682	0.018025133796220505	0.765214126667225	1.0	1
DLBCL_C_D_1105_NULLPAIR	0.1237047526086761	0.7673541053685192	0.02687876820060434	0.043819998297287874	0.03824237552491249	0.7673541053685192	1.0	1
DLBCL10541	0.03735235820365823	0.7692966274362545	0.03320804183795768	0.03143139651433195	0.12871157600779756	0.7692966274362545	1.0	1
DLBCL_RICOVER_111	0.07975646509263473	0.024058146985415398	0.05062884675331255	0.07545073299290851	0.7701058081757288	0.7701058081757288	4.0	4
DLBCL_RICOVER_299	0.021698757147245954	0.7707088398106472	0.1724187273514296	0.014713789465437591	0.020459886225239653	0.7707088398106472	1.0	1
DLBCL_C_D_1159_NULLPAIR	0.15760447542413256	0.01861504035070632	0.028417137698292166	0.7719531424819305	0.023410204044938474	0.7719531424819305	3.0	3
DLBCL11208	0.03403621418921988	0.7737119787109004	0.10519561150198632	0.052328657551386736	0.03472753804650672	0.7737119787109004	1.0	1
DLBCL11481	0.775071751150349	0.016191605165346377	0.09484363814281195	0.0325978170011832	0.08129518854030947	0.775071751150349	0.0	0
DLBCL10491	0.05689678346255198	0.08786162827078937	0.06148967576475502	0.7753607354232234	0.018391177078680196	0.7753607354232234	3.0	3
DLBCL10900	0.11778373825055911	0.016278481058714798	0.01895409246911119	0.06468453726710052	0.7822991509545144	0.7822991509545144	4.0	4
DLBCL_LS1395	0.04481995985311257	0.05934251332464623	0.782828460371958	0.02766158932623779	0.08534747712404546	0.782828460371958	2.0	2
DLBCL11464	0.1347686326010964	0.02054290411538371	0.024506984434480156	0.7837386335381827	0.03644284531085701	0.7837386335381827	3.0	3
DLBCL11513	0.01831087392640922	0.019104765306198618	0.14474755879496226	0.030222579508082815	0.7876142224643471	0.7876142224643471	4.0	4
DLBCL10456	0.04627474287498539	0.017740709889436563	0.07348561821085484	0.7885707010934033	0.07392822793131988	0.7885707010934033	3.0	3
DLBCL10910	0.0157517627116613	0.7888552589937697	0.11581178980777702	0.040801696534755266	0.03877949195203673	0.7888552589937697	2.0	1
DLBCL11679	0.13643040224331363	0.7923479970287343	0.026838237550721407	0.028624070222288855	0.015759292954941894	0.7923479970287343	1.0	1
DLBCL10947	0.0946685187084357	0.7936602386434294	0.024949843096381267	0.017309316924586267	0.06941208262716733	0.7936602386434294	1.0	1
DLBCL_MC_F064AB	0.047337204549007666	0.024747981690421545	0.7937429726028556	0.1205363817299603	0.013635459427754818	0.7937429726028556	2.0	2
DLBCL_RICOVER_320	0.03587225512183594	0.07884010101401578	0.7942069617372528	0.05220397276557699	0.038876709361318415	0.7942069617372528	2.0	2
DLBCL10845	0.01599894733259133	0.7954957203347303	0.023035090763715328	0.036343702668759637	0.1291265389002034	0.7954957203347303	1.0	1
DLBCL_RICOVER_440	0.01894954791425736	0.7964190469853586	0.14976931047541922	0.013060157543175882	0.021801937081789013	0.7964190469853586	2.0	1
DLBCL10488	0.7965928904987858	0.05973602022037889	0.028293583703752182	0.10673199876030451	0.008645506816778633	0.7965928904987858	0.0	0
DLBCL_RICOVER_617	0.12377954178721948	0.026173276798884544	0.03685977140360813	0.797087459405169	0.016099950605118794	0.797087459405169	3.0	3
DLBCL11538	0.021206888190714722	0.016480763217948398	0.7999990476785981	0.12945647505620134	0.03285682585653746	0.7999990476785981	4.0	2
DLBCL_C_D_1156_NULLPAIR	0.801182922894207	0.022626380950003862	0.018214522912169386	0.14135099636342466	0.016625176880195085	0.801182922894207	0.0	0
DLBCL10956	0.0184369734508424	0.8027290735843773	0.02482688640871612	0.013245705406760741	0.14076136114930346	0.8027290735843773	1.0	1
DLBCL_C_D_1138_NULLPAIR	0.017075651696807293	0.8063773326516183	0.06522324457674908	0.03446312101166041	0.07686065006316496	0.8063773326516183	1.0	1
DLBCL11512	0.8079139175050966	0.03989495339179215	0.025774165089209357	0.10956340337633784	0.016853560637564078	0.8079139175050966	0.0	0
DLBCL_RICOVER_985	0.034639845507871435	0.029960716682156188	0.09422771528252892	0.8106560330844602	0.03051568944298323	0.8106560330844602	3.0	3
DLBCL_LS2325	0.03455711892132502	0.1109815634331923	0.8116232031399573	0.030109304739965658	0.012728809765559691	0.8116232031399573	2.0	2
DLBCL_MC_F210_GWC	0.04316387896800442	0.8121426793312847	0.018612238627810515	0.08902835976174663	0.037052843311153806	0.8121426793312847	1.0	1
DLBCL_LS2245	0.021331642984480616	0.8130890144028574	0.12414878121535372	0.02116190004274678	0.020268661354561464	0.8130890144028574	1.0	1
DLBCL10548	0.8145877926266676	0.027268011048356407	0.014019491470153371	0.124334541731974	0.0197901631228487	0.8145877926266676	0.0	0
DLBCL11457	0.8183801389947759	0.006548302325307137	0.03619341920223974	0.1195508011453568	0.019327338332320403	0.8183801389947759	0.0	0
DLBCL_RICOVER_701	0.10599403323687162	0.019389001799761666	0.02354345535132647	0.8196414096401871	0.03143209997185319	0.8196414096401871	3.0	3
DLBCL_LS3809	0.8199963233650882	0.04245201319243007	0.03822024657413058	0.023169993416548886	0.07616142345180227	0.8199963233650882	0.0	0
DLBCL_C_D_1126_NULLPAIR	0.10304986757735943	0.8200930991803476	0.01312465616771017	0.03024209972343703	0.03349027735114579	0.8200930991803476	1.0	1
DLBCL10939	0.07401386635133952	0.02300788449397869	0.031098243471428956	0.8206393197416891	0.051240685941563675	0.8206393197416891	3.0	3
DLBCL11519	0.8238947194118603	0.028453628782093437	0.0214163065122997	0.11623060929087813	0.010004736002868372	0.8238947194118603	0.0	0
DLBCL_C_D_1149_NULLPAIR	0.04151499307728987	0.8265793941556902	0.027990365297159692	0.01424552757348332	0.08966971989637698	0.8265793941556902	1.0	1
DLBCL10564	0.03148288788687992	0.058673265203534594	0.03804952929431164	0.8302614151685168	0.041532902446756996	0.8302614151685168	3.0	3
DLBCL_RICOVER_1283	0.020427273171745874	0.018083470571361213	0.8306754731991277	0.07966231157285326	0.05115147148491198	0.8306754731991277	2.0	2
DLBCL_RICOVER_780	0.010691463496230943	0.8353570504744959	0.1081685157982744	0.027344230094541212	0.018438740136457497	0.8353570504744959	1.0	1
DLBCL10542	0.8369897836161733	0.00913819393717142	0.01943187797589043	0.04170446805838266	0.09273567641238221	0.8369897836161733	0.0	0
DLBCL10984	0.013791596165939581	0.09243962904435324	0.01581609918051884	0.03984797834568408	0.8381046972635042	0.8381046972635042	4.0	4
DLBCL10993	0.8381366125458914	0.009170896167869421	0.015176626469147173	0.09748912653092218	0.04002673828616975	0.8381366125458914	0.0	0
DLBCL10482	0.8389832016245186	0.018535686552462547	0.01455335726224148	0.034674167592201904	0.0932535869685755	0.8389832016245186	0.0	0
DLBCL11576	0.048982654194853543	0.04959374365670131	0.03899280470479425	0.8415486401607372	0.020882157282913743	0.8415486401607372	3.0	3
DLBCL10838	0.02603807245304065	0.09095676293389542	0.017310280401442255	0.022763698972091132	0.8429311852395306	0.8429311852395306	4.0	4
DLBCL_RICOVER_945	0.844300459501845	0.0539793742307897	0.008890160977996296	0.07511493342566204	0.017715071863706987	0.844300459501845	0.0	0
DLBCL10879	0.013537514269714057	0.01842262756884033	0.8450559525954865	0.045031910978435064	0.07795199458752408	0.8450559525954865	2.0	2
DLBCL_MC_F307_JPS	0.845197574486046	0.0237481735832182	0.01734201709370262	0.09339054190769205	0.02032169292934107	0.845197574486046	0.0	0
DLBCL_LS2154	0.04951639411704448	0.846097620377606	0.04328038040560071	0.0345064468210563	0.0265991582786925	0.846097620377606	0.0	1
DLBCL_RICOVER_1329	0.0194560524175697	0.10121101624757944	0.014202762744943158	0.01680391435246622	0.8483262542374415	0.8483262542374415	4.0	4
DLBCL11205	0.8488384721228978	0.01724337604660291	0.09495286793562163	0.024399340179385453	0.014565943715492252	0.8488384721228978	0.0	0
DLBCL_C_D_1139_NULLPAIR	0.07302952020604457	0.029823379427965396	0.02673147205974258	0.8544100159058043	0.01600561240044317	0.8544100159058043	3.0	3
DLBCL_C_D_1119_NULLPAIR	0.09377437779432643	0.8546233042281652	0.01769968875999876	0.01637086911914685	0.017531760098362645	0.8546233042281652	1.0	1
DLBCL10492	0.0658413166014844	0.020889452877847572	0.009445938556061134	0.04744273126015275	0.8563805607044541	0.8563805607044541	0.0	4
DLBCL10843	0.07309121538668668	0.013378109262456637	0.03764096462387653	0.8571833062185771	0.018706404508403017	0.8571833062185771	0.0	3
DLBCL11472	0.8590255628395244	0.00822077107056304	0.024843855282588753	0.09543934969290789	0.01247046111441597	0.8590255628395244	0.0	0
DLBCL_RICOVER_451	0.8591098746360057	0.0384182206533186	0.031026488126469055	0.04847050463308405	0.02297491195112253	0.8591098746360057	0.0	0
DLBCL10961	0.007845595559618368	0.05760421790102742	0.029557323043506133	0.04510579906997132	0.8598870644258767	0.8598870644258767	4.0	4
DLBCL11673	0.01674157354131914	0.8615076649520265	0.07997949588140577	0.02700379501947284	0.014767470605775762	0.8615076649520265	1.0	1
DLBCL_RICOVER_850	0.011508116406596925	0.06069418745128065	0.02045340617834245	0.04450989168845051	0.8628343982753295	0.8628343982753295	4.0	4
DLBCL11672	0.014858683858110717	0.019035622071753126	0.86314643007984	0.05326636241771378	0.049692901572582285	0.86314643007984	2.0	2
DLBCL11480	0.8638507718161085	0.016156120667709023	0.028915004568038458	0.05712922481728445	0.033948878130859624	0.8638507718161085	0.0	0
DLBCL11678	0.06382314202527421	0.016709829953351258	0.03704387646176126	0.8647387160614234	0.017684435498189932	0.8647387160614234	3.0	3
DLBCL_RICOVER_1081	0.017802017732749198	0.012818847078949595	0.03493918409959328	0.06923589218404196	0.865204058904666	0.865204058904666	4.0	4
DLBCL_RICOVER_408	0.03924047198634988	0.8664347574405941	0.06434076651726349	0.013412976378076338	0.016571027677716194	0.8664347574405941	2.0	1
DLBCL_RICOVER_948	0.016709190171225147	0.8669487268465047	0.08604879858524114	0.009984026001426527	0.02030925839560247	0.8669487268465047	1.0	1
DLBCL_LS2367	0.8689076897720227	0.04350759641048063	0.01459282300488609	0.029071029161573017	0.04392086165103758	0.8689076897720227	0.0	0
DLBCL11479	0.024850962683306367	0.8695040700351538	0.05720592005971311	0.015665222411108484	0.03277382481071816	0.8695040700351538	1.0	1
DLBCL10495	0.8695566242690994	0.05186567004312488	0.0076635842877814915	0.038628666919956825	0.032285454480037376	0.8695566242690994	0.0	0
DLBCL10888	0.015523517409358742	0.010441760369496492	0.04095178414960212	0.06328657292372018	0.8697963651478224	0.8697963651478224	4.0	4
DLBCL11515	0.009766819646718754	0.046131635086354046	0.8723559891214245	0.024177073234363303	0.04756848291113932	0.8723559891214245	2.0	2
DLBCL10782	0.04939002743010357	0.027967997628442327	0.03311214294238999	0.873726759168159	0.01580307283090517	0.873726759168159	3.0	3
DLBCL11430	0.8747710293278257	0.008798716935939189	0.018649720507737378	0.08808500199752334	0.00969553123097445	0.8747710293278257	0.0	0
DLBCL11004	0.01287439001335317	0.014236226994272424	0.017038911549423507	0.08022898921941136	0.8756214822235395	0.8756214822235395	4.0	4
DLBCL10891	0.010649870650159234	0.011713049443185283	0.04433053957446578	0.05704912783680592	0.8762574124953838	0.8762574124953838	4.0	4
DLBCL11462	0.8788992876907293	0.008410855898900105	0.027878214201556093	0.02464062300432159	0.06017101920449286	0.8788992876907293	0.0	0
DLBCL_C_D_1109_NULLPAIR	0.06410830935578214	0.012094390026449705	0.02388448829557507	0.8791645354452483	0.020748276876944787	0.8791645354452483	3.0	3
DLBCL_RICOVER_1204	0.03184819561231395	0.020892113428515408	0.03889821964391882	0.8798780096078884	0.028483461707363385	0.8798780096078884	3.0	3
DLBCL_RICOVER_583	0.010588552960355808	0.8813401773506602	0.052132253102402125	0.011355170318265951	0.04458384626831594	0.8813401773506602	1.0	1
DLBCL_LS4592	0.0070467959361027056	0.03068428904504836	0.8820000031377949	0.032643350016108026	0.04762556186494593	0.8820000031377949	2.0	2
DLBCL10454	0.031007006909001968	0.05127817273170009	0.02462686772650517	0.010896448861088235	0.8821915037717045	0.8821915037717045	4.0	4
DLBCL10547	0.048336493982175384	0.016658920414529543	0.032608074615007615	0.8836234601811712	0.018773050807116262	0.8836234601811712	3.0	3
DLBCL_RICOVER_1061	0.05016532201196166	0.010727336109308249	0.039958348252633696	0.8839184448323574	0.015230548793738991	0.8839184448323574	3.0	3
DLBCL_RICOVER_1289	0.019645935631972814	0.011937054402794115	0.01302446076475283	0.07005738931546426	0.885335159885016	0.885335159885016	4.0	4
DLBCL11533	0.05890992671915054	0.8854951848726423	0.014034922826864495	0.02588340788886019	0.01567655769248242	0.8854951848726423	1.0	1
DLBCL10881	0.05521630631239987	0.011463236844000123	0.013289850325239588	0.03450773255295073	0.8855228739654097	0.8855228739654097	4.0	4
DLBCL11469	0.01448825581220931	0.022937012276063217	0.8857810575307977	0.023050205053178823	0.05374346932775089	0.8857810575307977	2.0	2
DLBCL11437	0.04307768867357674	0.01022737669315335	0.03387742104855997	0.8859312438647017	0.02688626972000824	0.8859312438647017	3.0	3
DLBCL11346	0.01968288776261789	0.886140771813765	0.02019314198307579	0.012237294080670499	0.061745904359870714	0.886140771813765	1.0	1
DLBCL10935	0.886687636983163	0.052836884140686644	0.009102802023161648	0.028737151033574212	0.022635525819414568	0.886687636983163	0.0	0
DLBCL11655	0.050220377543822525	0.011717708492376907	0.023554009591086042	0.8870410756762559	0.02746682869645858	0.8870410756762559	3.0	3
DLBCL10866	0.018813208423800996	0.011680173719596976	0.02130599361839437	0.06104775104830074	0.8871528731899069	0.8871528731899069	4.0	4
DLBCL10978	0.04212793609000402	0.017628245447237973	0.036994890563927435	0.8889844498781679	0.014264478020662677	0.8889844498781679	3.0	3
DLBCL11507	0.02337395137285917	0.8892408755376825	0.0603103365315292	0.01028966821747934	0.0167851683404498	0.8892408755376825	1.0	1
DLBCL_C_D_1108_NULLPAIR	0.013805172700959543	0.8913537305750691	0.014375750250025602	0.01077004233408699	0.0696953041398588	0.8913537305750691	1.0	1
DLBCL10469	0.04002953722891378	0.01174251540514395	0.026010934436541167	0.8920976558435008	0.030119357085900376	0.8920976558435008	3.0	3
DLBCL10835	0.011347186325844149	0.03212721111531229	0.013713991485913044	0.05030374313673251	0.8925078679361981	0.8925078679361981	4.0	4
DLBCL_LS4054	0.023960974612456686	0.893109142623056	0.01862681205485759	0.03338959053643225	0.030913480173197515	0.893109142623056	1.0	1
DLBCL11539	0.8934168508603059	0.005911244061263613	0.032083668568784654	0.06039359195048478	0.008194644559161048	0.8934168508603059	0.0	0
DLBCL_LS378	0.8941039730369345	0.011680308117362922	0.04627042789213491	0.04080780255000552	0.00713748840356222	0.8941039730369345	0.0	0
DLBCL10510	0.03187702405500626	0.894970526128323	0.012176095284847359	0.01629105301745388	0.044685301514369544	0.894970526128323	1.0	1
DLBCL_RICOVER_1235	0.009724470700887522	0.8949756718182905	0.06833642579817296	0.013295996093484563	0.013667435589164443	0.8949756718182905	1.0	1
DLBCL10934	0.019593327349962823	0.033648973908125546	0.009759180569179158	0.04140594942052779	0.8955925687522047	0.8955925687522047	1.0	4
DLBCL11659	0.8962777765801924	0.00813389637578245	0.0400250146851942	0.04748502258743496	0.008078289771395998	0.8962777765801924	3.0	0
DLBCL10518	0.0253745728514756	0.007273954802881857	0.8969128441819186	0.050280860247964604	0.02015776791575933	0.8969128441819186	2.0	2
DLBCL10899	0.02181557750197552	0.02761864991700933	0.008430016952775737	0.04435798312481783	0.8977777725034216	0.8977777725034216	4.0	4
DLBCL11196	0.040072582763569044	0.011012259343449843	0.023638883389052196	0.9002522766057575	0.02502399789817147	0.9002522766057575	3.0	3
DLBCL10535	0.017295394950607047	0.03188731408440554	0.03619424318133809	0.014062255823670013	0.9005607919599793	0.9005607919599793	4.0	4
DLBCL10987	0.04298790287881672	0.02487395905644378	0.012648583193821714	0.018892413912811396	0.9005971409581064	0.9005971409581064	4.0	4
DLBC_FF_8046_TP_NB	0.035673921185513706	0.012466778874283609	0.9012397906064512	0.03288251720296029	0.017736992130791218	0.9012397906064512	2.0	2
DLBCL_RICOVER_720	0.016309251900124874	0.054803578428521973	0.015948005556851323	0.01104526586370427	0.9018938982507976	0.9018938982507976	4.0	4
DLBCL11460	0.040619072297483204	0.012944088684212408	0.025844246090916477	0.9020544915407221	0.01853810138666571	0.9020544915407221	3.0	3
DLBCL10932	0.04421342556806432	0.01153031845383553	0.02211546212430499	0.9026077632010856	0.01953303065270952	0.9026077632010856	3.0	3
DLBCL10484	0.010662822508973305	0.9026375779998655	0.05244576918250639	0.024109809451800163	0.010144020856854528	0.9026375779998655	1.0	1
DLBCL11459	0.03644291427092867	0.011313460698573544	0.027645806604222535	0.9036965295150867	0.020901288911188545	0.9036965295150867	3.0	3
DLBCL11564	0.0401363150007181	0.014780589562776402	0.023810624432646324	0.9039951174582611	0.017277353545598072	0.9039951174582611	3.0	3
DLBCL_LS2357	0.03621768281665385	0.011739565179409831	0.024297814540936127	0.9051745101096742	0.02257042735332598	0.9051745101096742	3.0	3
DLBCL_LS4593	0.011560971482237512	0.021382155531373227	0.9054784343475759	0.049658087214853784	0.011920351423959615	0.9054784343475759	2.0	2
DLBCL11676	0.9057903920812251	0.005868248356786868	0.03802706820038076	0.043256973184047774	0.007057318177559457	0.9057903920812251	0.0	0
DLBCL10497	0.03361937997012854	0.011986056078561177	0.021323735117522776	0.9066117070325819	0.026459121801205618	0.9066117070325819	3.0	3
DLBCL10981	0.016863287781844868	0.9067843310905997	0.018399409195744593	0.04062216904912294	0.01733080288268784	0.9067843310905997	1.0	1
DLBCL_RICOVER_950	0.03354329480820963	0.012288009228746287	0.030039316835904696	0.9068773806945537	0.017251998432585732	0.9068773806945537	3.0	3
DLBCL_MC_F139_LJF	0.04053962084327832	0.011557760811670368	0.022671986569071424	0.907022129844109	0.01820850193187092	0.907022129844109	3.0	3
DLBCL_RICOVER_361	0.029915909199404157	0.011857532957737822	0.027790991909583767	0.9070790699031512	0.02335649603012297	0.9070790699031512	3.0	3
DLBCL_C_D_1151_NULLPAIR	0.042468073901129166	0.01032087319077535	0.02387906299920282	0.9076301967012448	0.015701793207647897	0.9076301967012448	3.0	3
DLBCL10931	0.9085042092392055	0.006118727637455812	0.008839490240649664	0.04050217111714466	0.03603540176554437	0.9085042092392055	0.0	0
DLBCL10517	0.008398553230435576	0.9090704848055303	0.03921667943002477	0.024069936391360965	0.01924434614264836	0.9090704848055303	1.0	1
DLBCL_RICOVER_829	0.9091329361197827	0.017480718310690726	0.007527476050400894	0.045088133636256314	0.020770735882869314	0.9091329361197827	0.0	0
DLBCL11541	0.007663469770790879	0.03293260219706865	0.9092685534815083	0.018645001573018297	0.031490372977613965	0.9092685534815083	2.0	2
DLBCL11195	0.005520601494257995	0.04185713154966409	0.019893574448645514	0.022957316646105907	0.9097713758613265	0.9097713758613265	4.0	4
DLBCL10549	0.016243462369511637	0.9105148104103018	0.05102656180349702	0.011609334541756063	0.01060583087493355	0.9105148104103018	1.0	1
DLBCL_C_D_1166_NULLPAIR	0.008905211308832458	0.0562239899512726	0.012674161014346944	0.01059848349913014	0.9115981542264179	0.9115981542264179	4.0	4
DLBCL11191	0.912729525652892	0.011028822889121468	0.009515587273969473	0.056184027094284474	0.010542037089732515	0.912729525652892	0.0	0
DLBCL10483	0.014467041842535342	0.9130615077415132	0.045999836812102964	0.006992675747359013	0.019478937856489482	0.9130615077415132	1.0	1
DLBCL11498	0.048269513746824366	0.9132953475351911	0.013673831489841429	0.009977626103869954	0.01478368112427308	0.9132953475351911	1.0	1
DLBCL_RICOVER_151	0.024943430269933984	0.9144277952240517	0.017144201394474205	0.03286424464316744	0.010620328468372615	0.9144277952240517	3.0	1
DLBCL10862	0.008547968753773203	0.025547682784576496	0.03714586427801774	0.01375955025808276	0.9149989339255498	0.9149989339255498	4.0	4
DLBCL11500	0.010033647064716265	0.012252883362357627	0.03028598282705388	0.03124436599626215	0.9161831207496101	0.9161831207496101	4.0	4
DLBCL_LS951	0.9162124815450932	0.025344877906557105	0.018262205620433215	0.03513334326867418	0.005047091659242353	0.9162124815450932	0.0	0
DLBCL_LS2599	0.026997388520159017	0.015793992944068618	0.9170739990949933	0.032063828615235684	0.008070790825543402	0.9170739990949933	2.0	2
DLBCL11488	0.9171997343821465	0.0073402331325722195	0.0069303998968573725	0.03312642567119265	0.035403206917231186	0.9171997343821465	0.0	0
DLBCL10852	0.012442981354272879	0.011264824320621467	0.012259682129290862	0.0456319550572724	0.9184005571385424	0.9184005571385424	4.0	4
DLBCL10968	0.9196077001827462	0.006092614064538845	0.008205575147539895	0.052891621956657725	0.013202488648517342	0.9196077001827462	0.0	0
DLBCL_LS2089	0.009691165932470427	0.9212322868067581	0.013664659502070077	0.007427196508514419	0.04798469125018698	0.9212322868067581	1.0	1
DLBCL10480	0.034092257915778246	0.9224839649563527	0.011209218090495437	0.011403270393626815	0.020811288643746796	0.9224839649563527	1.0	1
DFCIDL003_DT	0.012691301265857892	0.9241180677704233	0.04416461047521741	0.007559102558245652	0.011466917930255768	0.9241180677704233	1.0	1
DLBCL10989	0.015452516905621686	0.9242715004513887	0.02866342557509003	0.013361249630910243	0.018251307436989276	0.9242715004513887	1.0	1
DLBCL_RICOVER_288	0.03737567352501236	0.9253803718959129	0.011956851961576686	0.015763630580687017	0.00952347203681101	0.9253803718959129	1.0	1
DLBCL10921	0.014742615628920758	0.039113373827630075	0.008997762434446232	0.011467073081292441	0.9256791750277105	0.9256791750277105	4.0	4
DLBCL10472	0.010608556488577423	0.013115577865160702	0.9257020610082439	0.040107660040685465	0.010466144597332468	0.9257020610082439	2.0	2
DLBCL_LS1921	0.02519466660475389	0.9266288624443015	0.01537471381232814	0.024079147734596962	0.008722609404019465	0.9266288624443015	1.0	1
DLBCL11477	0.9266346750912923	0.00616466168511999	0.010762369569604647	0.04476398356179403	0.01167431009218902	0.9266346750912923	0.0	0
DLBCL_C_D_1144_NULLPAIR	0.019665272134269465	0.03125528390602698	0.009706051744295369	0.012357767491447898	0.9270156247239603	0.9270156247239603	4.0	4
DLBCL10857	0.019529450775655325	0.010005108257696231	0.008206892388366062	0.03444906301231054	0.9278094855659719	0.9278094855659719	4.0	4
DLBCL11595	0.0131546557005308	0.02485144508420187	0.02372064121630097	0.008615616961898833	0.9296576410370675	0.9296576410370675	4.0	4
DLBCL11573	0.01078289381378211	0.03444986110329589	0.9296633304454701	0.014686137030633324	0.010417777606818562	0.9296633304454701	2.0	2
DLBCL_RICOVER_473	0.9302060572247606	0.014960500919422673	0.010571455366665598	0.03738175001073191	0.006880236478419243	0.9302060572247606	0.0	0
DLBCL10522	0.023062520489638	0.009343085129701193	0.93050260566508	0.018009654349852525	0.019082134365728223	0.93050260566508	2.0	2
DLBCL_RICOVER_577	0.013692181531915702	0.013600465699823453	0.9305644152447148	0.020151763172251903	0.021991174351294166	0.9305644152447148	2.0	2
DLBCL11001	0.019031258004578996	0.00996020132773104	0.015287238369778291	0.024685654618663448	0.9310356476792482	0.9310356476792482	4.0	4
DLBCL10975	0.9323490466511521	0.005917557756131417	0.006462744268260459	0.043752137530820814	0.011518513793635174	0.9323490466511521	0.0	0
DLBCL_RICOVER_1045	0.9329260529142451	0.006076338282653239	0.009154675347107741	0.04470455258076372	0.007138380875230156	0.9329260529142451	3.0	0
DLBCL10490	0.9330564910625527	0.009350784497648361	0.00808268596070189	0.03941443609968733	0.010095602379409721	0.9330564910625527	0.0	0
DLBCL10847	0.020435718513774993	0.027116267456551366	0.009163720243648983	0.008181123934559754	0.9351031698514649	0.9351031698514649	4.0	4
DLBCL_RICOVER_826	0.9353046892079151	0.012951503696396836	0.00629904662909893	0.03010400696986161	0.01534075349672759	0.9353046892079151	0.0	0
DLBCL_LS1683	0.006008689425247493	0.9353100874412074	0.020757794369714342	0.010590078066820661	0.027333350697010178	0.9353100874412074	1.0	1
DLBCL10925	0.017262159831784762	0.020281896073792317	0.008024360524364596	0.019041446599607128	0.9353901369704511	0.9353901369704511	4.0	4
DLBCL_C_D_1129_NULLPAIR	0.9366989141760232	0.006037826229104628	0.018888711258254316	0.016785412802311217	0.021589135534306584	0.9366989141760232	0.0	0
DLBCL11482	0.9370653746542512	0.005420726077883962	0.011167663145439636	0.03953270035253935	0.0068135357698858945	0.9370653746542512	0.0	0
DLBCL_RICOVER_1263	0.01729794533933119	0.01580198211418222	0.9372606177822851	0.01268178417980312	0.016957670584398427	0.9372606177822851	2.0	2
DLBCL_MC_F500_ECU	0.008093959787830032	0.9373684464387053	0.0184276614033425	0.015202300862068183	0.020907631508053963	0.9373684464387053	1.0	1
DLBCL10532	0.008291617249108573	0.011910959103730844	0.010779780084198677	0.03100216707842121	0.9380154764845406	0.9380154764845406	4.0	4
DLBCL11662	0.9382329223532663	0.009379820424812491	0.004435275571358578	0.028278079244679934	0.019673902405882755	0.9382329223532663	0.0	0
DLBCL10849	0.01461733629552856	0.9383365704758132	0.010248662433274968	0.006889736913193678	0.029907693882189616	0.9383365704758132	1.0	1
DLBCL10995	0.008459073176795985	0.016320321207410005	0.9386649253271245	0.024871158504541958	0.011684521784127511	0.9386649253271245	2.0	2
DLBCL_DFCI_DLBCL_GOE07	0.0193300047463645	0.9387318068451365	0.013936999069297667	0.00858645575763243	0.01941473358156894	0.9387318068451365	1.0	1
DLBCL11526	0.012934474143785384	0.00899283507176449	0.938807452989381	0.03229393130122857	0.006971306493840562	0.938807452989381	2.0	2
DLBCL11454	0.9390880972663918	0.013023917972376576	0.005901342348805528	0.036036333705031245	0.0059503087073949365	0.9390880972663918	0.0	0
DLBCL10928	0.9395003201275581	0.016172701140090093	0.01462185429725331	0.01706695046544299	0.012638173969655513	0.9395003201275581	0.0	0
DLBCL10463	0.005491014273475734	0.009217690824088604	0.014407170080012906	0.031359517753384435	0.9395246070690383	0.9395246070690383	4.0	4
DLBCL10494	0.008276498676556186	0.9397570567569821	0.03387999010281505	0.009093589165565845	0.008992865298080873	0.9397570567569821	1.0	1
DLBCL10870	0.0057759253398344396	0.012010534443880637	0.026709898236824396	0.015264897941281368	0.9402387440381792	0.9402387440381792	4.0	4
DLBCL_RICOVER_1287	0.008481963361343641	0.02231386642160877	0.012009428420907124	0.014978673559871569	0.9422160682362689	0.9422160682362689	4.0	4
DLBCL10887	0.005376190136074873	0.010381614947006705	0.027363634640045483	0.014060289552353455	0.9428182707245195	0.9428182707245195	4.0	4
DLBCL_RICOVER_1210	0.007414949358413863	0.943314104263152	0.025019231482845995	0.014646640639647377	0.009605074255940751	0.943314104263152	1.0	1
DLBCL10457	0.0073894719619006025	0.023869494608257876	0.013865346682035103	0.011309822650863315	0.9435658640969431	0.9435658640969431	4.0	4
DLBCL_RICOVER_977	0.9440482920867539	0.004474100248909895	0.006692234241716827	0.03162099775279793	0.013164375669821454	0.9440482920867539	0.0	0
DLBCL11509	0.9444718778011775	0.011212190897794835	0.010569078241906353	0.02845500013278067	0.005291852926340622	0.9444718778011775	0.0	0
DLBCL11677	0.9465467935518146	0.0044560686934598465	0.013407420946355407	0.024238223356310956	0.011351493452059212	0.9465467935518146	0.0	0
DLBCL_MC_F502_RFK	0.0052101019819952386	0.9470079210606499	0.02940199094820904	0.00638269282174127	0.011997293187404586	0.9470079210606499	1.0	1
DLBCL10834	0.024964235505978233	0.9471963707413219	0.009964843160110867	0.007974567864771584	0.009899982727817457	0.9471963707413219	1.0	1
DLBCL_LS3204	0.012319233817705394	0.9473847176167467	0.014948813099307724	0.017424945626218484	0.007922289840021737	0.9473847176167467	1.0	1
DLBCL10452	0.007333969681090215	0.9478840663285841	0.013854209670622444	0.0078164177544649	0.02311133656523829	0.9478840663285841	1.0	1
DLBCL10930	0.016990638686104658	0.01379852561915013	0.012302392870119364	0.008717795923801747	0.9481906469008241	0.9481906469008241	4.0	4
DLBCL10950	0.9488167021220573	0.00790743400535489	0.009958833252151411	0.02575015154777804	0.0075668790726583935	0.9488167021220573	0.0	0
DLBCL_C_D_1106_NULLPAIR	0.013172073465736227	0.9489041874718227	0.0077087193084075184	0.013723033408079231	0.016491986345954376	0.9489041874718227	1.0	1
DLBCL11194	0.009194352934010917	0.006224962747088867	0.016045742004038844	0.019547978739846674	0.9489869635750147	0.9489869635750147	4.0	4
DLBCL11496	0.949311031894496	0.006220038035402802	0.006757295171120844	0.02057169719660024	0.017139937702380172	0.949311031894496	0.0	0
DLBCL_RICOVER_1032	0.005824061076556112	0.026462054831012927	0.006867956071069746	0.010764712418811656	0.9500812156025495	0.9500812156025495	4.0	4
DLBCL_MC_F606_DMJ	0.00805313755655074	0.0194979631335102	0.9501891674975581	0.012183052288135278	0.010076679524245676	0.9501891674975581	2.0	2
DLBCL_MC_F262_WLC	0.9516806353743317	0.005459897643711044	0.005903571747726464	0.026369285662175515	0.010586609572055282	0.9516806353743317	0.0	0
DLBCL10945	0.9533239638418928	0.007342926657652303	0.005092805356021617	0.014645783305010183	0.019594520839423174	0.9533239638418928	0.0	0
DLBCL_C_D_1135_NULLPAIR	0.014858626392442321	0.953451696488135	0.009137394184442678	0.013393622386000519	0.009158660548979514	0.953451696488135	1.0	1
DLBCL10848	0.01222237471692755	0.005749264199789974	0.011806003737100603	0.016658924963690067	0.9535634323824917	0.9535634323824917	4.0	4
DLBCL10502	0.006445373633913959	0.9540849384985455	0.023025588521093307	0.007972908949855879	0.00847119039659134	0.9540849384985455	1.0	1
DLBCL_RICOVER_314	0.005825417845107766	0.013447091455325935	0.012639469013715293	0.013622829565317388	0.9544651921205336	0.9544651921205336	4.0	4
DLBCL10924	0.0059883458796398505	0.01037223707560753	0.0072362597704102435	0.02036689664275287	0.9560362606315895	0.9560362606315895	4.0	4
DLBCL11520	0.9569337248982144	0.003675644460112588	0.006199659406014075	0.01479464204693252	0.018396329188726482	0.9569337248982144	0.0	0
DLBCL11685	0.005005335595812221	0.006615754976017053	0.9576001544857642	0.012607168747710007	0.018171586194696488	0.9576001544857642	2.0	2
DLBCL11542	0.006601315137012233	0.010222963117362469	0.9577117441540242	0.020636355318103386	0.00482762227349779	0.9577117441540242	2.0	2
DLBCL10781	0.008375885852463254	0.007469407356412825	0.0069462820095415176	0.018704663894577825	0.9585037608870046	0.9585037608870046	4.0	4
DLBCL10844	0.959631783480441	0.0064527404098888306	0.006131006327741347	0.013596751934755132	0.014187717847173747	0.959631783480441	0.0	0
DLBCL10529	0.003930110216080412	0.01531981182502497	0.010224703002458283	0.010856572647406549	0.9596688023090298	0.9596688023090298	4.0	4
DLBCL11188	0.007851963459036014	0.9602413572964804	0.015044000973290264	0.00878986188393612	0.008072816387257148	0.9602413572964804	1.0	1
DLBCL10485	0.00920930901395216	0.018517382794914765	0.004961790289346194	0.00657282904735721	0.9607386888544297	0.9607386888544297	4.0	4
DLBCL_LS3820	0.0057531087696389436	0.008245884493322878	0.961733444558905	0.01755052163907935	0.006717040539053823	0.961733444558905	2.0	2
DLBCL10858	0.00855851655901853	0.005673886295963645	0.006192418124306749	0.017840543581147172	0.961734635439564	0.961734635439564	3.0	4
DLBCL10550	0.0055547910650284235	0.010983491053480652	0.009736939171136516	0.011569465476216989	0.9621553132341374	0.9621553132341374	4.0	4
DLBCL10983	0.01117400600907331	0.9622881995521212	0.007383627307175085	0.007234015721876949	0.011920151409753447	0.9622881995521212	1.0	1
DLBCL11484	0.007075081309067875	0.9625383074779956	0.015436761477310455	0.006735633774407073	0.008214215961219004	0.9625383074779956	1.0	1
DLBCL11429	0.9626695131536769	0.0031361250550121875	0.0061845118089787115	0.021597550077177938	0.006412299905154317	0.9626695131536769	0.0	0
DLBCL10555	0.014740453487308576	0.007799573673828019	0.9631748060521382	0.009860886025356248	0.004424280761368936	0.9631748060521382	2.0	2
DLBCL10464	0.014212603477008584	0.006078558746875124	0.9637005176051996	0.011144786864241286	0.004863533306675371	0.9637005176051996	2.0	2
DLBCL10501	0.003960650094294506	0.9637236104733115	0.015638465087335594	0.008476627570810682	0.00820064677424773	0.9637236104733115	2.0	1
DLBCL10902	0.003947936186912845	0.01211976144572271	0.009527356734948467	0.010410871794278857	0.9639940738381371	0.9639940738381371	4.0	4
DFCIDL010_DT	0.9640806326635936	0.004652215375952949	0.004689305159618192	0.02244041085865236	0.004137435942182975	0.9640806326635936	0.0	0
DLBCL10880	0.010552826413335289	0.007609331656825072	0.01203135371156634	0.0056452977460768805	0.9641611904721964	0.9641611904721964	4.0	4
DLBCL11569	0.004694441534623928	0.01518696767416925	0.9641890162129322	0.011259464679516032	0.004670109898758626	0.9641890162129322	2.0	2
DLBCL10903	0.004368346577681555	0.9647086194740992	0.019195525318266175	0.005021765143921199	0.006705743486031814	0.9647086194740992	1.0	1
DLBCL10977	0.006400060615617283	0.005487353598881004	0.014092446472903142	0.009056548777451693	0.9649635905351469	0.9649635905351469	4.0	4
DLBCL10521	0.005323675076578141	0.01743680574530184	0.005008863265198819	0.00714221000137055	0.9650884459115506	0.9650884459115506	4.0	4
DLBCL_RICOVER_533	0.012518286847656985	0.9651001759264052	0.008784567292295088	0.007734723999700123	0.005862245933942672	0.9651001759264052	1.0	1
DLBCL10916	0.0042717254206829855	0.015415413772223573	0.007075787726122208	0.008013376969292494	0.9652236961116788	0.9652236961116788	4.0	4
DLBC_FF_8043_TP_NB	0.0059853938702311565	0.965759729694687	0.012330924375067082	0.005310623434317315	0.010613328625697417	0.965759729694687	1.0	1
DLBCL_RICOVER_469	0.009291791973548758	0.004802118116881382	0.9659983285412073	0.014975194055514384	0.004932567312848235	0.9659983285412073	2.0	2
DLBCL_C_D_1133_NULLPAIR	0.005186938511591782	0.012593487254976322	0.9663078725864434	0.010921923960621893	0.004989777686366617	0.9663078725864434	2.0	2
DLBCL10860	0.003457261859065757	0.007237881660966466	0.012873516387985546	0.00889075979749653	0.9675405802944858	0.9675405802944858	4.0	4
DLBCL10842	0.004591369366515707	0.006374185745813364	0.00973499392039711	0.011695525399864135	0.9676039255674097	0.9676039255674097	4.0	4
DLBCL10525	0.9676773636337355	0.0030177409952048036	0.008061637434122063	0.013608357600724735	0.0076349003362129065	0.9676773636337355	0.0	0
DLBCL10565	0.008589317113504621	0.004868538520294755	0.9679138016544382	0.01407590682547631	0.004552435886286125	0.9679138016544382	3.0	2
DLBCL10523	0.00662640281802343	0.005641024963105702	0.967936122525383	0.01538443439865254	0.0044120152948353445	0.967936122525383	2.0	2
DLBCL10462	0.9682249516325736	0.002984476283609062	0.0089275821691846	0.014183571295320574	0.005679418619312153	0.9682249516325736	0.0	0
DLBCL_RICOVER_678	0.0054916265636043805	0.9684910052269808	0.006545438262073315	0.006319959070648409	0.013151970876693059	0.9684910052269808	1.0	1
DLBCL10876	0.0035433238010752757	0.013701410341300171	0.006022695054902029	0.006827781430441975	0.9699047893722805	0.9699047893722805	4.0	4
DLBCL11566	0.0075181795777229995	0.008261877982228022	0.9702331908371511	0.011026458137042765	0.0029602934658550894	0.9702331908371511	2.0	2
DLBCL11353	0.0039348998268959965	0.013155019966324809	0.006703133344322081	0.005608300612041567	0.9705986462504156	0.9705986462504156	4.0	4
DLBCL11523	0.006162192473342387	0.004899355840875596	0.005887515510553326	0.012091914750970902	0.9709590214242578	0.9709590214242578	0.0	4
DLBCL10854	0.004202222298331312	0.005047066230195769	0.006766428822548317	0.011721252011523646	0.9722630306374009	0.9722630306374009	4.0	4
DLBCL_RICOVER_1299	0.006074199012400786	0.005323288666083397	0.0045130398962471485	0.011726121745746524	0.9723633506795222	0.9723633506795222	4.0	4
DLBCL10966	0.9724015073897915	0.004470663457294368	0.004274097054317273	0.015427003793456576	0.003426728305140273	0.9724015073897915	0.0	0
DLBCL_C_D_1123_NULLPAIR	0.9725789415840043	0.007111724898655736	0.004202874585297216	0.012588548498539964	0.003517910433502769	0.9725789415840043	0.0	0
DLBCL10890	0.004194052147347198	0.007713252143271809	0.00939372037799082	0.005745774118290568	0.9729532012130996	0.9729532012130996	4.0	4
DLBCL10859	0.004744897171516029	0.9730833054039891	0.009487212802642019	0.004086732742911174	0.008597851878941647	0.9730833054039891	1.0	1
DLBCL_RICOVER_866	0.004797423771072282	0.004898398345507495	0.9734825045643949	0.013148080778242342	0.003673592540782957	0.9734825045643949	2.0	2
DLBCL_C_D_1157_NULLPAIR	0.00667992810930693	0.00450815704401809	0.9735355195063273	0.010287740230187952	0.0049886551101597275	0.9735355195063273	2.0	2
DLBCL10461	0.0035649593804761006	0.9736052335962442	0.007882621136650053	0.0035723933334796923	0.011374792553149982	0.9736052335962442	1.0	1
DLBCL10922	0.0041138349838043455	0.9737304695436252	0.007308077142206654	0.006730025101300442	0.008117593229063365	0.9737304695436252	1.0	1
DLBCL11670	0.0029783317186246735	0.007933150458445773	0.973948575664684	0.009905929159466871	0.005234012998778689	0.973948575664684	2.0	2
DLBCL10514	0.006568782663852035	0.006148326767257988	0.9742483589583105	0.009680139972879967	0.003354391637699446	0.9742483589583105	2.0	2
DLBCL10996	0.9743416614248602	0.0024660070093936435	0.006159466774216703	0.008755255988695807	0.008277608802833653	0.9743416614248602	0.0	0
DLBCL_RICOVER_1248	0.005138625432417032	0.009944803263662379	0.0035025992661413072	0.00671351902300924	0.97470045301477	0.97470045301477	4.0	4
DLBCL_RICOVER_839	0.004972694668959071	0.9749082588163067	0.006761259927890755	0.007225180623604098	0.006132605963239351	0.9749082588163067	1.0	1
DLBCL_LS1065	0.0045947302176631965	0.9763002942242116	0.0065195360473942025	0.003590591232840682	0.008994848277890299	0.9763002942242116	1.0	1
DLBCL_MAYO_DLBCL_5613	0.977812759913096	0.004646962444568066	0.003868149037367917	0.007448601128793598	0.0062235274761743625	0.977812759913096	0.0	0
DLBCL10896	0.9780801154944542	0.004180651767923973	0.0024543114328562632	0.010877666186826075	0.004407255117939568	0.9780801154944542	0.0	0
DLBCL11476	0.005650080109979674	0.006983184090102327	0.0038474358185177303	0.005346406263303245	0.978172893718097	0.978172893718097	4.0	4
DLBCL_LS843	0.0035608870694646215	0.00342497311761397	0.978233559669174	0.007802516787766825	0.006978063355980528	0.978233559669174	2.0	2
DLBCL_C_D_1113_NULLPAIR	0.004734034498349478	0.005090353226169942	0.9785608015419393	0.007570112424412592	0.004044698309128747	0.9785608015419393	2.0	2
DLBCL11470	0.9790726688678879	0.002157077129437468	0.003796503736362675	0.01207680468285055	0.0028969455834614286	0.9790726688678879	0.0	0
DLBCL10554	0.007198275727434834	0.0036680679893235507	0.9793467489340818	0.0065824713366761855	0.003204436012483683	0.9793467489340818	2.0	2
DLBCL11203	0.004122631636058047	0.9797735720559804	0.0055827666345932385	0.0061067004886999066	0.0044143291846684245	0.9797735720559804	1.0	1
DLBCL11671	0.980177157360754	0.0035770166519816324	0.004660175306634308	0.009464249340758044	0.0021214013398721085	0.980177157360754	0.0	0
DLBCL11656	0.0031026693195004185	0.0031364966609297752	0.9808194372933338	0.006464095945754674	0.006477300780481373	0.9808194372933338	2.0	2
DLBCL10459	0.0028639962328391314	0.00505059326123186	0.9811934791796383	0.008065720602275462	0.002826210724015216	0.9811934791796383	2.0	2
DLBC_FF_A7CR_TP_NB	0.003689788929727826	0.003154749638807213	0.005226731713013761	0.00637870086954284	0.9815500288489084	0.9815500288489084	4.0	4
DLBCL_LS3245	0.0032301943743363003	0.9817220028712638	0.007166287612504705	0.0036131062495515457	0.004268408892343708	0.9817220028712638	1.0	1
DLBCL10465	0.0024355869731518395	0.005264808522682351	0.9817231362831509	0.006770220569874343	0.0038062476511405855	0.9817231362831509	2.0	2
DLBCL_MC_F089_HCZ	0.0028158872777503826	0.981973878919682	0.005213695251484571	0.004702665928313717	0.005293872622769299	0.981973878919682	1.0	1
DLBCL10898	0.002883926659738205	0.006131536912332901	0.0034195344521142355	0.005518912267354401	0.9820460897084603	0.9820460897084603	4.0	4
DLBCL10836	0.003250176069162821	0.003244220175123945	0.004584151622882458	0.006589786049660594	0.9823316660831701	0.9823316660831701	4.0	4
DLBCL10883	0.004668916810080423	0.0033673047311820786	0.0042060613824681445	0.005251861230322094	0.9825058558459473	0.9825058558459473	4.0	4
DLBCL_RICOVER_221	0.0022971226461840975	0.0059244773596042535	0.004489885775523551	0.004462873392380262	0.9828256408263079	0.9828256408263079	4.0	4
DLBCL10997	0.9829578573138299	0.001922032651285508	0.002995638103100438	0.006512129400620344	0.0056123425311638536	0.9829578573138299	0.0	0
DLBCL_RICOVER_1192	0.0028287318955487984	0.00607716139753511	0.004131967602587644	0.003452687579728217	0.9835094515246002	0.9835094515246002	4.0	4
DLBCL11558	0.003845547131322138	0.0033691206628525816	0.9835813583674301	0.007225824948667153	0.001978148889727987	0.9835813583674301	2.0	2
DLBCL10460	0.003055897157400106	0.9844722890732499	0.0067018649444137105	0.00242631497360837	0.0033436338513279547	0.9844722890732499	1.0	1
DLBCL10967	0.002173367063719222	0.004646752297598928	0.004614682213963401	0.004012678476322902	0.9845525199483955	0.9845525199483955	4.0	4
DLBCL_C_D_1152_NULLPAIR	0.0023122797879032704	0.9848306285754886	0.005993851484260657	0.003129310256918084	0.0037339298954293214	0.9848306285754886	1.0	1
DLBCL11565	0.0025121698976905524	0.9849358449569623	0.004399087263950991	0.0030883851596653676	0.005064512721730796	0.9849358449569623	1.0	1
DLBCL_MAYO_DLBCL_7359	0.0028495730509689905	0.985084327661055	0.004359131060607917	0.0023436649285762333	0.005363303298791798	0.985084327661055	1.0	1
DLBCL11443	0.9851596117520376	0.0016651703524998836	0.004293197651549902	0.005172711328342847	0.0037093089155697486	0.9851596117520376	0.0	0
DLBCL11511	0.9853148240493015	0.0015254733124237464	0.0036522526784750265	0.006344305352706659	0.003163144607093105	0.9853148240493015	0.0	0
DLBCL11667	0.0024347952362374797	0.004551167046264591	0.9855362403716125	0.0050405075214118265	0.00243728982447361	0.9855362403716125	2.0	2
DLBCL10893	0.002111049202262972	0.003453430863581842	0.003057082458956781	0.005736319192695258	0.9856421182825031	0.9856421182825031	4.0	4
DLBCL11440	0.0026502711005828763	0.003199879382225873	0.004435076594415827	0.003998763847733538	0.9857160090750419	0.9857160090750419	4.0	4
DLBCL_C_D_1163_NULLPAIR	0.0020702496764837624	0.0030699242910921893	0.0032154971251101418	0.005798440408134167	0.9858458884991798	0.9858458884991798	4.0	4
DLBCL10895	0.002611483753637833	0.005173618350783681	0.002673185784957768	0.0033646259715542372	0.9861770861390665	0.9861770861390665	4.0	4
DLBCL_C_D_1141_NULLPAIR	0.0025515370672675166	0.004089709230008357	0.9862751431886648	0.003857739666206547	0.0032258708478527065	0.9862751431886648	2.0	2
DLBCL10850	0.003974984443974029	0.986525246006204	0.0042844475346497865	0.0023049739422340725	0.002910348072938124	0.986525246006204	1.0	1
DLBCL11680	0.00353624230829949	0.0031949114603253706	0.9867966441963834	0.004574848032525194	0.0018973540024666182	0.9867966441963834	2.0	2
DLBCL_MC_F349_BJJ	0.002108167161557947	0.002793090404286858	0.9868717558810506	0.004601309219562024	0.0036256773335425797	0.9868717558810506	2.0	2
DLBCL10917	0.003027414561706018	0.9868900584077668	0.0034149484067366024	0.0030552789192480265	0.0036122997045425678	0.9868900584077668	1.0	1
DLBCL_RICOVER_449	0.0018143100306620425	0.0030205882416807412	0.003347177011245306	0.004788803374782818	0.9870291213416291	0.9870291213416291	4.0	4
DLBCL10918	0.987241483778223	0.0013405040060395525	0.002933152025831094	0.0053235308924565175	0.003161329297449841	0.987241483778223	0.0	0
DLBCL11666	0.002288529154831876	0.0040218545367461675	0.9876022216438692	0.003965866367986889	0.0021215282965658423	0.9876022216438692	2.0	2
DLBCL10990	0.0019699634739696946	0.005133459567913961	0.002588678663898677	0.0026655506768340506	0.9876423476173836	0.9876423476173836	4.0	4
DLBCL_RICOVER_174	0.0037620983685522063	0.987718565895178	0.0034613354861163926	0.0024494723818117865	0.0026085278683416198	0.987718565895178	1.0	1
DLBCL10988	0.002163247671179479	0.9877846869097772	0.003547930847998105	0.003233165838831573	0.0032709687322136647	0.9877846869097772	1.0	1
DLBCL10897	0.9881825987696958	0.0022784565454940574	0.0014152022153977534	0.005375319019087568	0.002748423450324804	0.9881825987696958	0.0	0
DLBCL11187	0.0023351543636395784	0.002605184977783601	0.0026058759929762504	0.004175342032560364	0.9882784426330402	0.9882784426330402	4.0	4
DLBCL_RICOVER_685	0.0015009210315828439	0.003654830135153934	0.0025719926312738244	0.003966578479478583	0.9883056777225108	0.9883056777225108	4.0	4
DLBCL11428	0.002574518248934246	0.0027523936922260314	0.9889765617784126	0.00417615657847559	0.0015203697019514847	0.9889765617784126	2.0	2
DLBCL_MC_F729_MAN	0.0023282485205776693	0.9889892898342698	0.0033297755870420327	0.0018801708047908679	0.0034725152533196498	0.9889892898342698	1.0	1
DLBCL_LS3749	0.002324810366461075	0.9891896585382012	0.003719292774751087	0.0027334652102186806	0.0020327731103679976	0.9891896585382012	1.0	1
DLBCL10889	0.0016628822492796198	0.0025470253785457382	0.0025587472732016225	0.0037837941704938808	0.9894475509284791	0.9894475509284791	4.0	4
DLBCL_RICOVER_1293	0.00242316421699268	0.0029755854968666518	0.0016906144715948836	0.0031210103233147986	0.989789625491231	0.989789625491231	4.0	4
DLBCL10901	0.0014995621633360615	0.002667718583242677	0.002110205926290434	0.003359705161753488	0.9903628081653774	0.9903628081653774	4.0	4
DLBCL_RICOVER_253	0.002719927069224908	0.9905193243652178	0.0029424540648636957	0.001682613251147439	0.002135681249546133	0.9905193243652178	1.0	1
DLBCL_RICOVER_335	0.0019527427055352012	0.9907136894981279	0.0025432578912737767	0.002589844384696148	0.002200465520367001	0.9907136894981279	1.0	1
DLBCL10853	0.0020686054884979247	0.0020401430795175405	0.002121062978357215	0.0030213472234503383	0.990748841230177	0.990748841230177	4.0	4
DLBCL10498	0.0020044415968213597	0.001803579011884381	0.9907989386741305	0.004095331124612329	0.0012977095925514493	0.9907989386741305	2.0	2
DLBCL_LS1098	0.0020123111139454517	0.001891690480717625	0.9908899845335762	0.003779922671040175	0.0014260912007204982	0.9908899845335762	2.0	2
DLBCL11000	0.001460950120904816	0.002815841464514356	0.002499527624111817	0.002067749298984208	0.9911559314914848	0.9911559314914848	4.0	4
DLBCL10913	0.9913647487434043	0.0015222228118103595	0.0015148231705773459	0.00340670900032588	0.0021914962738821585	0.9913647487434043	0.0	0
DLBCL10519	0.0016026546672089168	0.9916148911505418	0.0030408837047088523	0.0018415088695393465	0.0019000616080011342	0.9916148911505418	1.0	1
DLBCL10884	0.9917266359844853	0.0009686388920727969	0.0017538284302380301	0.0041152557234033875	0.0014356409698004558	0.9917266359844853	0.0	0
DLBCL10530	0.0012440240212740791	0.0030741804971984935	0.0017360274875449467	0.002151690490231724	0.9917940775037507	0.9917940775037507	4.0	4
DLBCL10992	0.0012213360247172427	0.0017966731426567783	0.0022146767217447964	0.0026566468904786695	0.9921106672204025	0.9921106672204025	4.0	4
DLBCL_MC_F519_ALT	0.001694897025491432	0.0023407763622107372	0.0015814561338514874	0.0022170096111205615	0.9921658608673258	0.9921658608673258	4.0	4
DLBCL10471	0.0017797786238047371	0.0026400666148078773	0.0015116279045362159	0.0015048237306746239	0.9925637031261766	0.9925637031261766	4.0	4
DLBCL_C_D_1125_NULLPAIR	0.0011531115067317773	0.0027311196154057283	0.0015512524835516305	0.0019820126787297603	0.9925825037155811	0.9925825037155811	4.0	4
DLBCL11450	0.001274200065139223	0.0021261565700209533	0.0014167403070707556	0.002478280117861022	0.992704622939908	0.992704622939908	4.0	4
DLBCL_C_D_1131_NULLPAIR	0.0014947946747453796	0.992824306126855	0.0025179312114288472	0.0012993418426640298	0.0018636261443067468	0.992824306126855	1.0	1
DLBCL11461	0.9929604636950348	0.0010362818993380836	0.0017092222619099632	0.003388526252111572	0.0009055058916056107	0.9929604636950348	0.0	0
DLBCL10951	0.0013071117057818903	0.0023368318819763896	0.001495167483185814	0.0018446677545928805	0.993016221174463	0.993016221174463	4.0	4
DLBCL11434	0.9931443190666769	0.0009692631252840364	0.0014234232435270846	0.003509839573587226	0.0009531549909248149	0.9931443190666769	0.0	0
DLBCL_LS1757	0.9931798590322062	0.001131617248163803	0.0011694737333526315	0.0034051381457147027	0.001113911840562694	0.9931798590322062	0.0	0
DLBCL_LS297	0.0011343404732021892	0.0013552354900493503	0.9933896641084577	0.0028392735711712342	0.0012814863571195012	0.9933896641084577	2.0	2
DLBCL_RICOVER_1219	0.0009892664226131996	0.001793015506084978	0.0014170296287537387	0.001996994399323705	0.9938036940432243	0.9938036940432243	4.0	4
DLBCL_RICOVER_267	0.0012325922981022803	0.0012542577556944295	0.9940011880314849	0.002446454005000029	0.001065507909718414	0.9940011880314849	2.0	2
DLBCL_RICOVER_134	0.0010278572651714283	0.0020783660305644506	0.0013056416630041112	0.0015294290703058448	0.9940587059709541	0.9940587059709541	4.0	4
DLBCL_DFCI_DLBCL_GOE16	0.001090168186221794	0.001128949468606479	0.9941304710574804	0.0025368098669402163	0.0011136014207511068	0.9941304710574804	2.0	2
DLBCL_C_D_1114_NULLPAIR	0.9944533338098388	0.0007184109902197231	0.0009013593925833816	0.002963623198102001	0.0009632726092560807	0.9944533338098388	0.0	0
DLBCL_LS146	0.0011179474952447519	0.9946492512381278	0.0019347657380696319	0.0011144824384374612	0.0011835530901204243	0.9946492512381278	1.0	1
DLBCL_RICOVER_744	0.0012840953813127803	0.0011814243565025156	0.9948871738687671	0.0016987683915901362	0.0009485380018274519	0.9948871738687671	2.0	2
DLBCL_MC_F132_MLM	0.9957576335595503	0.0005932231210386294	0.0006799055197070165	0.001956108242944836	0.0010131295567592316	0.9957576335595503	0.0	0
DLBCL_C_D_1128_NULLPAIR	0.9960406404416215	0.0005862729268477501	0.0006622802112058372	0.0018009709150671347	0.0009098355052577538	0.9960406404416215	0.0	0
DLBCL10912	0.9960898630831607	0.0006273054260046547	0.0010373513124816234	0.0016129330679679071	0.0006325471103850451	0.9960898630831607	0.0	0
DLBCL10534	0.0006515571794101306	0.00123630241228234	0.0008125386201135558	0.0009331989754086697	0.9963664028127853	0.9963664028127853	4.0	4
DLBCL10515	0.9964840547979221	0.0006560823773894141	0.0006482465441929119	0.0015213451263112522	0.0006902711541843437	0.9964840547979221	0.0	0
DLBCL_C_D_1130_NULLPAIR	0.997305770753597	0.0004449240933109944	0.0005016857547931528	0.001220482717945699	0.0005271366803530827	0.997305770753597	0.0	0
DLBCL_C_D_1136_NULLPAIR	0.0004996720657854081	0.9977701988855562	0.0006622443943506818	0.00046215446815688494	0.0006057301861508414	0.9977701988855562	1.0	1
DLBCL10911	0.0005200718471444083	0.9977719887185251	0.000717929479297437	0.0004100403038345142	0.0005799696511985579	0.9977719887185251	1.0	1
DLBCL_RICOVER_417	0.0003448512858118824	0.0006554897965699191	0.0005081495935202522	0.0006053582519646923	0.9978861510721333	0.9978861510721333	4.0	4
DLBCL10458	0.9982088126837906	0.00023063572928738645	0.000371669501443375	0.0008980591580467851	0.000290822927431911	0.9982088126837906	0.0	0
DLBCL10864	0.00013729739265250354	0.00020144080501059767	0.00018906884349441242	0.00024220745329051025	0.999229985505552	0.999229985505552	4.0	4
