	C1	C2	C3	C4	C5	Confidence	True Cluster	Predicted Cluster
DLBCL_LS2154	0.2131674258924389	0.18252732332979343	0.21522081135705012	0.15376017149622864	0.235324267924489	0.235324267924489	0.0	4
DLBCL10936	0.2095118236576144	0.18357500442691066	0.21541384787925227	0.1551361176173656	0.23636320641885722	0.23636320641885722	2.0	4
DLBCL10994	0.21730867065318704	0.1753379558825199	0.2185389089272211	0.1485276608975851	0.24028680363948685	0.24028680363948685	0.0	4
DLBCL11431	0.24125916615814627	0.1807458461053994	0.22012109895217255	0.15294378005795226	0.2049301087263295	0.24125916615814627	4.0	0
DLBCL10541	0.21434181836658622	0.17336459131850912	0.24256987630989235	0.15137278912927804	0.21835092487573426	0.24256987630989235	1.0	2
DLBCL_MAYO_DLBCL_3653	0.24307345671877348	0.176720753512318	0.2153144735968226	0.1495242321639781	0.21536708400810778	0.24307345671877348	0.0	0
DLBCL11483	0.2151057521458834	0.16268758221475182	0.21058847472525277	0.15468086824729693	0.2569373226668151	0.2569373226668151	1.0	4
DLBCL_C_D_1144_NULLPAIR	0.1764686430816992	0.17426626863930403	0.11517001772737219	0.24892375106984502	0.28517131948177954	0.28517131948177954	4.0	4
DLBCL10986	0.2453133332089604	0.06447420999240658	0.2122686396663561	0.17904006701377076	0.2989037501185062	0.2989037501185062	0.0	4
DLBCL10542	0.1298391097045933	0.09677209834458829	0.13616099814067006	0.3390416116070337	0.29818618220311455	0.3390416116070337	0.0	3
DLBCL10877	0.2363384579383126	0.34004529739991357	0.12794609508778973	0.09473962925774955	0.20093052031623457	0.34004529739991357	0.0	1
DLBCL_LS1668	0.29176173794362337	0.34345271087102136	0.11591833946264275	0.13450723954700125	0.11435997217571131	0.34345271087102136	1.0	1
DLBCL11484	0.126884799115007	0.23667067076069764	0.1511952346929837	0.1379564226176462	0.34729287281366533	0.34729287281366533	1.0	4
DLBCL_MC_F815_BAT	0.3481933567449743	0.054573175809713735	0.22324450390438327	0.2715775944985031	0.10241136904242563	0.3481933567449743	2.0	0
DLBCL10974	0.16934800664109176	0.13568235782377278	0.1726750965512265	0.3511976743935901	0.17109686459031878	0.3511976743935901	3.0	3
DLBCL10989	0.35332343723638093	0.3104417469819278	0.06587525184896179	0.04553566036997395	0.22482390356275553	0.35332343723638093	1.0	0
DLBCL10956	0.2606056300767843	0.3128875671334513	0.025876686882095604	0.04623360596140139	0.3543965099462675	0.3543965099462675	1.0	4
DLBCL_LS2325	0.3705582513230494	0.23031671872363882	0.2557239986981642	0.12271260263368955	0.020688428621457963	0.3705582513230494	2.0	0
DLBCL10908	0.1376806003386997	0.38226229763598824	0.1207483630000147	0.07486938647216601	0.2844393525531315	0.38226229763598824	4.0	1
DLBCL11535	0.2478755313188715	0.03215081047185121	0.03285145078514403	0.3044355116887784	0.3826866957353548	0.3826866957353548	3.0	4
DLBCL_LS2599	0.18142714934033327	0.3879713648282163	0.18591024903630246	0.2214256927759302	0.023265544019217706	0.3879713648282163	2.0	1
DLBCL10907	0.3476555669666221	0.3894178089554038	0.05097108323443627	0.039798582670704234	0.17215695817283375	0.3894178089554038	1.0	1
DLBCL10539	0.13612594268643138	0.19005179941524067	0.3980313053286387	0.21880670355167828	0.05698424901801081	0.3980313053286387	3.0	2
DLBCL10467	0.27928510585317085	0.0854209479676499	0.050738451266901935	0.1853715770605866	0.3991839178516908	0.3991839178516908	4.0	4
DLBCL10962	0.40065567282230835	0.2674998811787313	0.04193031087029421	0.1659175646100985	0.12399657051856765	0.40065567282230835	1.0	0
DLBCL11459	0.2487293203802634	0.038929431615671584	0.058201326346672654	0.2526382046721579	0.40150171698523446	0.40150171698523446	3.0	4
DLBCL11456	0.05704547414720579	0.2698094786114926	0.4024812796226335	0.23303414967976835	0.03762961793889975	0.4024812796226335	1.0	2
DLBCL_RICOVER_744	0.28278799348213013	0.22709583251901053	0.4048227000177182	0.0547265306721367	0.030566943309004446	0.4048227000177182	2.0	2
DLBCL10782	0.2364791912493808	0.2614684064468977	0.04402832776422555	0.4066509784773875	0.05137309606210848	0.4066509784773875	3.0	3
DLBCL_MC_F927_JHS	0.11483343279601696	0.21706387009235675	0.1665058740306174	0.09156811211685502	0.410028710964154	0.410028710964154	4.0	4
DLBCL_RICOVER_1045	0.14701787742390604	0.04859935182291694	0.037644990039111544	0.3564755105954022	0.4102622701186633	0.4102622701186633	3.0	4
DLBCL10969	0.021468700324099883	0.17469278483059186	0.336640861978388	0.054865763862384356	0.4123318890045359	0.4123318890045359	0.0	4
DLBCL11581	0.41403875287087405	0.0814071839560533	0.1986950461633134	0.07839679473683532	0.22746222227292398	0.41403875287087405	4.0	0
DLBCL11675	0.04704575355651403	0.012189307043021246	0.41551183888209936	0.15938647150625715	0.3658666290121082	0.41551183888209936	2.0	2
DLBCL_LS2590	0.058243784371007634	0.03321824392117387	0.21091741499711758	0.27920788284036074	0.41841267387034015	0.41841267387034015	3.0	4
DLBCL_RICOVER_910	0.4205704791451756	0.17541253216783365	0.16701954105608907	0.12541686744361494	0.11158058018728684	0.4205704791451756	0.0	0
DLBCL11683	0.3597094903756696	0.09109955452486573	0.06910951143780417	0.42298040622724636	0.05710103743441407	0.42298040622724636	2.0	3
DLBCL11574	0.08993410367661699	0.14101880246169626	0.4234812368352174	0.08023363929957907	0.2653322177268904	0.4234812368352174	2.0	2
DLBCL_C_D_1117_NULLPAIR	0.14157467712187657	0.35669724863544033	0.027821037802504243	0.4271060577428097	0.04680097869736914	0.4271060577428097	1.0	3
DLBCL_MC_F218_RAP	0.16443460994560719	0.04208027017398384	0.3271933863816766	0.4283130409919008	0.03797869250683159	0.4283130409919008	3.0	3
DLBCL10456	0.1548659400534327	0.07190411113086881	0.19050668322306497	0.4330144770802511	0.14970878851238234	0.4330144770802511	3.0	3
DLBCL10985	0.06639663990870066	0.09609945045520647	0.0345976498014942	0.36958851078700516	0.4333177490475935	0.4333177490475935	1.0	4
DLBCL10527	0.028519410844879595	0.023082544701411627	0.4346839579096596	0.2771628531861099	0.23655123335793946	0.4346839579096596	3.0	2
DLBCL10922	0.13174513364948612	0.43666571702075524	0.053653987298421	0.1485598020926387	0.22937535993869887	0.43666571702075524	1.0	1
DLBCL11462	0.11145654456242853	0.21075907311367276	0.14908854399067908	0.08864364207863878	0.440052196254581	0.440052196254581	0.0	4
DLBCL10964	0.09494954367833906	0.05405221600242641	0.02335575093793912	0.4415391593778273	0.3861033300034681	0.4415391593778273	4.0	3
DLBCL10931	0.3460764924379737	0.019660588577810428	0.059318427287808534	0.1311485239144913	0.44379596778191593	0.44379596778191593	0.0	4
DLBCL10928	0.4457627595505	0.3809222381589889	0.03710839532571067	0.10044385432151873	0.0357627526432817	0.4457627595505	0.0	0
DLBCL_RICOVER_216	0.05833059891355943	0.08172237137494912	0.44962272271762765	0.04796422302272685	0.36236008397113706	0.44962272271762765	2.0	2
DLBCL_LS762	0.05338259127014896	0.06820918711992048	0.38322034292306134	0.04548796487285008	0.44969991381401914	0.44969991381401914	2.0	4
DLBCL11510	0.2017251153606433	0.2417887467267199	0.04527893698271235	0.0576572345981002	0.45354996633182426	0.45354996633182426	4.0	4
DLBCL11472	0.4544927740978959	0.05549611545025105	0.049843399740500616	0.3952431034777711	0.044924607233581444	0.4544927740978959	0.0	0
DLBCL10915	0.26154628845327693	0.21138236000106111	0.02810429739825986	0.04177351708266255	0.4571935370647394	0.4571935370647394	4.0	4
DLBCL_C_D_1153_NULLPAIR	0.055361485699616554	0.050599194999034244	0.033126474898586764	0.4591700768939126	0.40174276750884985	0.4591700768939126	3.0	3
DLBC_FF_8042_TP_NB	0.025966450347134334	0.46829206422293856	0.314283621528038	0.11775835051786153	0.07369951338402754	0.46829206422293856	4.0	1
DLBCL_C_D_1109_NULLPAIR	0.34592179642479015	0.022981838877976942	0.04100773569849445	0.4683991313383155	0.12168949766042292	0.4683991313383155	3.0	3
DLBCL11558	0.07534995067110281	0.12739420926558162	0.4692694628418106	0.30987888551340526	0.01810749170809965	0.4692694628418106	2.0	2
DLBCL_RICOVER_1190	0.07095914980946809	0.4724720367380898	0.16426859682757505	0.08582332397553642	0.20647689264933056	0.4724720367380898	4.0	1
DLBCL_C_D_1112_NULLPAIR	0.47387516984472455	0.22092822913903476	0.1143072941126298	0.1290279665555832	0.06186134034802765	0.47387516984472455	2.0	0
DLBCL11659	0.40056576676328026	0.017555693811034244	0.027050060270399613	0.47576623836512866	0.07906224079015722	0.47576623836512866	3.0	3
DLBCL_RICOVER_1263	0.030172954154291335	0.47729959826269935	0.41422809626207063	0.04120034439480451	0.037099006926134076	0.47729959826269935	2.0	1
DLBCL_MC_F502_RFK	0.01699735326767701	0.4819589545989315	0.13884498253850594	0.020372507091786278	0.3418262025030992	0.4819589545989315	1.0	1
DLBCL_RICOVER_1061	0.15760197250964805	0.012003076520301937	0.482181213636926	0.29686544711882307	0.051348290214300964	0.482181213636926	3.0	2
DLBCL_RICOVER_1018	0.18605415751603877	0.48431207012851896	0.023911497858631763	0.1701155541876007	0.13560672030920978	0.48431207012851896	3.0	1
DLBCL11004	0.06527901389018914	0.030694430026381538	0.029825055567576	0.48953325698121714	0.38466824353463613	0.48953325698121714	4.0	3
DLBCL10780	0.024114469375217825	0.4270401024020163	0.4904014417068167	0.02540830805392371	0.03303567846202544	0.4904014417068167	1.0	2
DLBCL10501	0.017139978045852378	0.3759157461611463	0.4924450427237312	0.02324172119175898	0.0912575118775111	0.4924450427237312	2.0	2
DLBCL_C_D_PAIR13	0.14018341681780747	0.13422478173968605	0.13996797637650138	0.08729930156447882	0.4983245235015263	0.4983245235015263	4.0	4
DLBCL10883	0.5009697258194847	0.02297394626022667	0.20396280850078236	0.06334947525089424	0.20874404416861198	0.5009697258194847	4.0	0
DLBCL11467	0.0821916621392012	0.0594691685973375	0.10022135252409901	0.5025835335368145	0.25553428320254773	0.5025835335368145	3.0	3
DLBC_FF_A7CX_TP_NB	0.3163607882958575	0.04370428677916305	0.5074134349982469	0.07664071400820902	0.0558807759185235	0.5074134349982469	4.0	2
DLBCL_C_D_1115_NULLPAIR	0.19083186105550407	0.5101825859630993	0.06321711060792862	0.17964829041400196	0.05612015195946596	0.5101825859630993	3.0	1
DLBCL10959	0.10000955157528847	0.20814783370730677	0.06184341328204954	0.5126036208009351	0.11739558063442014	0.5126036208009351	0.0	3
DLBCL_LS1683	0.021487534848480917	0.3000095620707244	0.13470201796447456	0.027011821810794544	0.5167890633055255	0.5167890633055255	1.0	4
DLBCL10530	0.12392370122993505	0.09500603854118247	0.23350744224348052	0.02882569246290955	0.5187371255224924	0.5187371255224924	4.0	4
DLBCL11515	0.055782066921552985	0.18452381819294814	0.18832477080097818	0.052195850994591675	0.519173493089929	0.519173493089929	2.0	4
DLBCL_RICOVER_1299	0.037805890940822436	0.026681178334369244	0.057726766123595674	0.35796054685883333	0.5198256177423793	0.5198256177423793	4.0	4
DLBCL11432	0.1877988502100836	0.01207387305054481	0.16708522706030726	0.5208907142656545	0.11215133541340984	0.5208907142656545	0.0	3
DLBC_FF_8046_TP_NB	0.08442655573024656	0.12856253093004033	0.5249403325209413	0.1725826357316144	0.0894879450871574	0.5249403325209413	2.0	2
DLBCL_RICOVER_1204	0.014507577830992461	0.06332571081555856	0.31460189259330323	0.08103534060672593	0.5265294781534198	0.5265294781534198	3.0	4
DLBCL11470	0.5282996100291111	0.011896722599515666	0.060737889615643845	0.3740116709255345	0.025054106830194805	0.5282996100291111	0.0	0
DLBCL11512	0.5286989491898302	0.04708412811513763	0.07944227116253522	0.32927008428454924	0.015504567247947677	0.5286989491898302	0.0	0
DLBCL11466	0.08936713334498407	0.26073194542997263	0.058819704360055916	0.5295843226654224	0.061496894199564923	0.5295843226654224	1.0	3
DLBCL10898	0.08729383684297354	0.5332199809062815	0.024472013184132044	0.03981199737983264	0.3152021716867802	0.5332199809062815	4.0	1
DLBCL_RICOVER_1289	0.07205939487528991	0.01826010813712754	0.033610110240292417	0.535104721157104	0.3409656655901861	0.535104721157104	4.0	3
DFCIDL004_DT	0.3360090535168672	0.021893487088909445	0.03363962516004117	0.07178917356715699	0.5366686606670252	0.5366686606670252	4.0	4
DLBCL_RICOVER_711	0.27790676443884704	0.5431152894190273	0.023610062784939725	0.13564509319787715	0.019722790159308713	0.5431152894190273	3.0	1
DLBCL11491	0.04762900633581705	0.024417262054117612	0.29624636641298935	0.08848038761469944	0.5432269775823766	0.5432269775823766	3.0	4
DLBCL11353	0.04453459385275717	0.06105452791059361	0.5437353439426778	0.1260413879895267	0.2246341463044448	0.5437353439426778	4.0	2
DLBCL10939	0.09891072543600986	0.017175571560079914	0.04177184493083945	0.29752852634978255	0.5446133317232883	0.5446133317232883	3.0	4
DLBCL_MAYO_DLBCL_234	0.5448324476983748	0.030335083095413936	0.22076413071362325	0.1849809057066886	0.019087432785899465	0.5448324476983748	2.0	0
DLBCL10909	0.545437851356847	0.03857335751407731	0.03904046438910979	0.30017512087854337	0.0767732058614226	0.545437851356847	4.0	0
DLBCL10869	0.5473426678441711	0.12740206783422964	0.19438047742176742	0.07144109814972796	0.05943368875010392	0.5473426678441711	0.0	0
DLBCL10980	0.020969665570901182	0.5481675474557306	0.1981974178786604	0.024749646173655673	0.20791572292105215	0.5481675474557306	4.0	1
DLBCL_C_D_1149_NULLPAIR	0.08991737336061066	0.5491547562333923	0.14970149946954894	0.05847357790690114	0.15275279302954695	0.5491547562333923	1.0	1
DLBCL_LS2208	0.03231141639928576	0.24765137206954446	0.5509488984022821	0.04927796814004692	0.11981034498884079	0.5509488984022821	4.0	2
DLBCL_RICOVER_787	0.1396916300115181	0.18779601733705617	0.07134361471627743	0.5523329261753865	0.04883581175976165	0.5523329261753865	1.0	3
DLBCL10844	0.5536396051322482	0.058002510356371925	0.03104650425057678	0.041218386270851504	0.3160929939899516	0.5536396051322482	0.0	0
DLBCL_RICOVER_1081	0.25096409839410827	0.016005644710318692	0.02566813118250074	0.15254152055979253	0.5548206051532798	0.5548206051532798	4.0	4
DLBCL_C_D_1133_NULLPAIR	0.06784877685714355	0.3170376287581162	0.5552576770324411	0.025449123503546722	0.03440679384875236	0.5552576770324411	2.0	2
DLBCL_DFCI_DLBCL_GOE05	0.01927507806499402	0.2605340832340332	0.07686131512014956	0.08800162306165783	0.5553279005191654	0.5553279005191654	1.0	4
DLBCL10466	0.04552004454165137	0.03277188491579886	0.31493714180291554	0.5562168937292	0.05055403501043419	0.5562168937292	2.0	3
DLBCL_C_D_1126_NULLPAIR	0.31543057484993914	0.5568652776435163	0.03193886953238124	0.06264813668464053	0.03311714128952265	0.5568652776435163	1.0	1
DLBCL10492	0.558437688449481	0.09391721110273032	0.01951706567452205	0.0601077780068489	0.26802025676641766	0.558437688449481	0.0	0
DLBCL10971	0.027195083980570463	0.3356430457850464	0.05284175433694459	0.025387540946792544	0.558932574950646	0.558932574950646	0.0	4
DLBCL_RICOVER_1287	0.0352533877655058	0.3239596260195119	0.04172498138401184	0.03989331144984691	0.5591686933811235	0.5591686933811235	4.0	4
DLBCL10910	0.05105359075642107	0.09189418064550103	0.2760391807568866	0.5603488438221462	0.020664204019045014	0.5603488438221462	2.0	3
DLBCL10515	0.05626000124839449	0.22680857693406992	0.561002795981538	0.04271087416224964	0.11321775167374783	0.561002795981538	0.0	2
DLBCL_LS155	0.05092843127668288	0.013899909912183627	0.561049187966798	0.3184038968344923	0.05571857400984321	0.561049187966798	2.0	2
DLBCL_RICOVER_1165	0.03519492762665405	0.1344988051951914	0.5623204454076542	0.10643810021774405	0.16154772155275635	0.5623204454076542	1.0	2
DLBCL11507	0.027987806122433796	0.32285573637721143	0.05423799567487708	0.03143937701697036	0.5634790848085073	0.5634790848085073	1.0	4
DLBCL11673	0.07127423095293119	0.5645887443733818	0.22125074233556705	0.1238344268187889	0.019051855519331116	0.5645887443733818	1.0	1
DLBCL11001	0.15165597413627133	0.03176508783045914	0.10517368963763908	0.14592229783589275	0.5654829505597376	0.5654829505597376	4.0	4
DLBCL_LS378	0.5657769327799456	0.17269725000969383	0.05023704878225393	0.1914176922600276	0.01987107616807902	0.5657769327799456	0.0	0
DLBCL11681	0.09701475113114885	0.016413761031313607	0.5672614664108665	0.2276172152195699	0.09169280620710113	0.5672614664108665	0.0	2
DLBCL11495	0.17772775590345083	0.020492559388667873	0.06660344147032066	0.1675586096440272	0.5676176335935335	0.5676176335935335	4.0	4
DLBCL11500	0.17454451040682234	0.049293381028698395	0.03663348970579505	0.5682398221242413	0.17128879673444294	0.5682398221242413	4.0	3
DLBCL_LS3809	0.568547594215682	0.13746342216682061	0.14447717335578153	0.03201809263303959	0.11749371762867628	0.568547594215682	0.0	0
DLBCL10983	0.02805568806266266	0.5688862340615095	0.02316486709008466	0.024959101295643275	0.3549341094901	0.5688862340615095	1.0	1
DLBCL10846	0.09107670102606838	0.5714635050985588	0.08107575058208781	0.07595895565428161	0.1804250876390034	0.5714635050985588	1.0	1
DLBCL_RICOVER_314	0.06158674674715319	0.3026339167346641	0.03212840691805616	0.0315890235725679	0.5720619060275587	0.5720619060275587	4.0	4
DLBCL11528	0.07360121621429044	0.5730638664003848	0.28977489721277494	0.028826204946275833	0.034733815226273945	0.5730638664003848	2.0	1
DLBCL10894	0.058100970174102935	0.5746496845909793	0.06296796731050952	0.2685049052189059	0.03577647270550234	0.5746496845909793	1.0	1
DLBCL10566	0.06301637321864688	0.28476648703754043	0.04809081544448968	0.028558327367685456	0.5755679969316375	0.5755679969316375	4.0	4
DLBCL10865	0.2018880827206276	0.03880568280863159	0.07513777394203919	0.10792014700009368	0.576248313528608	0.576248313528608	4.0	4
DLBCL_LS4592	0.018032916811743894	0.027076495145232048	0.5771305562332242	0.14559329156988463	0.2321667402399153	0.5771305562332242	2.0	2
DLBCL_LS1395	0.04686164017649873	0.3138350995073089	0.02590279668492868	0.03550266385620251	0.5778977997750613	0.5778977997750613	2.0	4
DLBCL_C_D_1156_NULLPAIR	0.2218110980876879	0.06979763657589054	0.07138672029856738	0.5783206620215029	0.0586838830163513	0.5783206620215029	0.0	3
DLBCL11455	0.021400766106609834	0.04179519926539643	0.581174387223561	0.05265825634092777	0.30297139106350496	0.581174387223561	2.0	2
DLBCL_C_D_1119_NULLPAIR	0.5816959466578642	0.3275690771110254	0.023153944493061244	0.03929884989407751	0.028282181843971767	0.5816959466578642	1.0	0
DLBCL11676	0.5822371818032569	0.03514485322137578	0.2430337639044801	0.12076688969528883	0.018817311375598417	0.5822371818032569	0.0	0
DLBCL11652	0.031183468641363468	0.11447003595630681	0.5835235455493075	0.04085959492482884	0.22996335492819325	0.5835235455493075	0.0	2
DLBCL11542	0.035408597901922564	0.07083523804530764	0.5859858795217786	0.2922512407373004	0.015519043793690786	0.5859858795217786	2.0	2
DLBCL_RICOVER_258	0.036533550672972745	0.04580380506064452	0.2613443645840835	0.0700944449642441	0.5862238347180552	0.5862238347180552	2.0	4
DLBCL_C_D_1103_NULLPAIR	0.06359717347922654	0.21742645318094247	0.09974477478504588	0.5885938475032542	0.03063775105153088	0.5885938475032542	3.0	3
DLBCL10873	0.05674742548594061	0.22117059724198138	0.0999335150242027	0.5939509899852536	0.028197472262621735	0.5939509899852536	1.0	3
DLBCL_LS2245	0.036942494791815106	0.5983210228232227	0.30444578873968176	0.018585915991186648	0.041704777654093736	0.5983210228232227	1.0	1
DLBCL11206	0.0286176200180967	0.12882488016624472	0.2188742437195636	0.022847320961498697	0.6008359351345963	0.6008359351345963	4.0	4
DLBCL11477	0.603270548566111	0.02259962713907815	0.13492828583059477	0.21529463153904088	0.023906906925175223	0.603270548566111	0.0	0
DLBCL_RICOVER_1046	0.017948082593697953	0.290960508847912	0.6039787474147761	0.04868200115486847	0.038430659988745466	0.6039787474147761	1.0	2
DLBCL_RICOVER_773	0.0363262013364901	0.25069379134212644	0.07533194247958	0.02922850860394799	0.6084195562378555	0.6084195562378555	4.0	4
DLBCL11449	0.02557101579383224	0.6089780759145272	0.13490369560560436	0.03320059096961994	0.19734662171641623	0.6089780759145272	1.0	1
DLBCL11435	0.2769625036313512	0.017964038231222862	0.031733910247200035	0.6112145836346333	0.06212496425559261	0.6112145836346333	0.0	3
DLBCL11516	0.012661951964582889	0.6140812144071991	0.10552169417830545	0.057598943116997245	0.2101361963329153	0.6140812144071991	1.0	1
DLBCL10867	0.03935658899270452	0.28623802841551205	0.02227148568440037	0.037617589143125275	0.6145163077642578	0.6145163077642578	4.0	4
DLBCL10895	0.02127417223407755	0.618972317077463	0.06028359319361632	0.04399816299728928	0.2554717544975538	0.618972317077463	4.0	1
DLBCL10833	0.02060154748034857	0.03595331172715869	0.05857678124826722	0.26576249461936174	0.6191058649248637	0.6191058649248637	4.0	4
DLBCL_RICOVER_120	0.021129590850469906	0.1067176121609406	0.2019841436954718	0.04864522336714763	0.6215234299259701	0.6215234299259701	4.0	4
DLBCL11569	0.019370304862432935	0.6224086300374342	0.2773015093224303	0.06119916446160909	0.019720391316093513	0.6224086300374342	2.0	1
DLBCL11191	0.6244305605383376	0.03573586405835981	0.02106164794637362	0.2831989808794235	0.035572946577505385	0.6244305605383376	0.0	0
DLBCL_LS2367	0.6248858808277884	0.20814076961309694	0.020096077629270476	0.07117081196919987	0.07570645996064439	0.6248858808277884	0.0	0
DLBCL10921	0.05903987073293875	0.26968521445601124	0.02043921711173691	0.025629886303609115	0.625205811395704	0.625205811395704	4.0	4
DLBCL10851	0.03381452621860509	0.6304591850707358	0.038096939976161946	0.0344172366333341	0.263212112101163	0.6304591850707358	1.0	1
DLBCL10925	0.030358298967944126	0.21643699716748152	0.030854505518766468	0.09079133795147494	0.6315588603943328	0.6315588603943328	4.0	4
DLBCL10919	0.04131086101294712	0.03125743349484682	0.633852397728984	0.267372306617842	0.026207001145379983	0.633852397728984	3.0	2
DLBCL11527	0.041659954011116426	0.03711778389467302	0.1591110131088708	0.6342627716920551	0.12784847729328463	0.6342627716920551	3.0	3
DLBCL_RICOVER_1248	0.20702565098791867	0.1123668997506921	0.01611338944779444	0.028662897335975906	0.6358311624776188	0.6358311624776188	4.0	4
DLBCL_RICOVER_288	0.23634486116169057	0.6359962776020667	0.025297581042939925	0.07635098616421412	0.026010294029088745	0.6359962776020667	1.0	1
DLBCL_C_D_1128_NULLPAIR	0.6363668739162343	0.13353050598448987	0.05382478630761528	0.05257100423781142	0.12370682955384917	0.6363668739162343	0.0	0
DLBCL10965	0.27261382312821875	0.019733328018122085	0.025089039470601395	0.6363910138334402	0.046172795549617465	0.6363910138334402	3.0	3
DLBCL_LS1065	0.22682511973263528	0.6376022234317866	0.052077315709341834	0.06382438885148516	0.01967095227475102	0.6376022234317866	1.0	1
DLBCL10995	0.041415331866527696	0.05335136998491312	0.6397142309644254	0.20611739821276884	0.059401668971365014	0.6397142309644254	2.0	2
DLBCL11471	0.05254507715092237	0.6404117837231252	0.1575620813142421	0.10238082952377621	0.04710022828793412	0.6404117837231252	3.0	1
DLBCL_LS3499	0.1739276658891321	0.11000164616088093	0.05237787366176197	0.6414662450116475	0.022226569276577443	0.6414662450116475	3.0	3
DLBCL10491	0.03715858399604892	0.6418384485357983	0.10732909901363312	0.19735745243113337	0.01631641602338631	0.6418384485357983	3.0	1
DLBCL10514	0.05811409629368791	0.6427878460543629	0.11509379582176676	0.16590153679883163	0.01810272503135074	0.6427878460543629	2.0	1
DLBCL10488	0.6435347296874555	0.1010573076227859	0.10644281511066442	0.13945236853025783	0.009512779048836321	0.6435347296874555	0.0	0
DLBCL10503	0.06251114411022676	0.06353594788287836	0.06173853115337338	0.1681967294146115	0.64401764743891	0.64401764743891	1.0	4
DLBCL_RICOVER_866	0.15103619343489666	0.025706493873198635	0.11831277000271664	0.6446853442128768	0.060259198476311296	0.6446853442128768	2.0	3
DLBCL10868	0.12386113503545561	0.027991573214113618	0.023621157374142887	0.6460546986122007	0.17847143576408725	0.6460546986122007	3.0	3
DLBCL_RICOVER_985	0.050726261778480566	0.076931614760464	0.2009058915654757	0.6505906522548703	0.020845579640709388	0.6505906522548703	3.0	3
DLBCL_MC_F606_DMJ	0.018676830837186853	0.6534558983493081	0.2611945427934839	0.029782428171827965	0.03689029984819321	0.6534558983493081	2.0	1
DLBCL_MC_F496DMP	0.654258427397724	0.06061153591364659	0.15152985015257375	0.12118584103586691	0.01241434550018874	0.654258427397724	1.0	0
DLBCL_MC_F210_GWC	0.09093060066580969	0.1629340077567378	0.042209281399453326	0.6543117628876943	0.049614347290304874	0.6543117628876943	1.0	3
DLBCL10913	0.6561491835114996	0.1782329657753427	0.05482178868102457	0.05901391965078597	0.05178214238134715	0.6561491835114996	0.0	0
DLBCL_RICOVER_473	0.6563169552895568	0.09355405938010168	0.14866790229100169	0.032212951958038936	0.06924813108130089	0.6563169552895568	0.0	0
DLBCL10450	0.1238888224933694	0.10427948384848813	0.015695472052457103	0.09958762757640842	0.6565485940292769	0.6565485940292769	0.0	4
DLBCL10916	0.032532926105497774	0.254070661323593	0.02869174036760986	0.02772111747404509	0.6569835547292543	0.6569835547292543	4.0	4
DLBCL11447	0.07492440461971367	0.05417992122970787	0.07914926041215962	0.6573847745555287	0.13436163918289018	0.6573847745555287	3.0	3
DLBCL_RICOVER_449	0.02625527279113827	0.019993464165737093	0.22909683891107063	0.06719240739678116	0.6574620167352728	0.6574620167352728	4.0	4
DLBCL_RICOVER_945	0.6576969707845807	0.017657336475554036	0.02564202484806134	0.2518062813184112	0.047197386573392765	0.6576969707845807	0.0	0
DLBCL10993	0.6578612337748521	0.038568468774958384	0.040995854346669275	0.2473610265676328	0.01521341653588745	0.6578612337748521	0.0	0
DLBCL_RICOVER_522	0.09465352626199154	0.020998699841781498	0.6579910400859414	0.20941441075501288	0.016942323055272684	0.6579910400859414	2.0	2
DLBCL_BWH_DLBCL64	0.6588886853791973	0.05891740330807243	0.020419426077789096	0.24029555242658582	0.021478932808355423	0.6588886853791973	1.0	0
DLBCL11468	0.14347163064893403	0.047008861528089654	0.1213514516010136	0.6590640950762899	0.02910396114567274	0.6590640950762899	2.0	3
DLBCL10901	0.03280428031416575	0.6607220841467933	0.037929209116307004	0.032394352313433995	0.23615007410929992	0.6607220841467933	4.0	1
DLBCL_RICOVER_950	0.040351672307814675	0.021173882405074798	0.22300588559325243	0.6629076336684536	0.0525609260254045	0.6629076336684536	3.0	3
DLBCL_C_D_1123_NULLPAIR	0.23943087812544425	0.6637233728718674	0.03362563148943954	0.0334730846708442	0.02974703284240463	0.6637233728718674	0.0	1
DLBCL10862	0.02432003819721312	0.09823817382769297	0.18919469279174417	0.024003805206967276	0.6642432899763825	0.6642432899763825	4.0	4
DLBCL_LS3200	0.024703166453656694	0.6644097556169664	0.03482965257688711	0.021469752424755087	0.25458767292773476	0.6644097556169664	4.0	1
DLBCL11436	0.19145364467715859	0.05767363034842272	0.0451522746973548	0.6644578400575541	0.04126261021950976	0.6644578400575541	1.0	3
DLBCL10454	0.16209744537561524	0.09071436391395	0.06215454851672242	0.02027911417443185	0.6647545280192805	0.6647545280192805	4.0	4
DLBCL10955	0.6649157266469342	0.04760206258310942	0.03595153377286179	0.09619203770055973	0.15533863929653488	0.6649157266469342	3.0	0
DLBCL10529	0.02090204828983152	0.2236417691326552	0.06036301141914464	0.030090614305666858	0.6650025568527017	0.6650025568527017	4.0	4
DLBCL10847	0.04091235339031675	0.23355641089601697	0.03721876720985529	0.022731245817596835	0.6655812226862141	0.6655812226862141	4.0	4
DLBCL_RICOVER_1278	0.10446265269759901	0.02326568109726178	0.024590412614303035	0.6664930764947414	0.18118817709609467	0.6664930764947414	4.0	3
DLBCL11448	0.18712290226133074	0.06231574015224781	0.0532331049661556	0.6694474464374812	0.027880806182784608	0.6694474464374812	3.0	3
DLBCL11657	0.1596626815984112	0.03705069083509017	0.6695270885769876	0.05942446826627494	0.0743350707232361	0.6695270885769876	3.0	2
DLBCL10945	0.6723203994134807	0.14484011483679915	0.07122952893377327	0.07014608755964986	0.041463869256297074	0.6723203994134807	0.0	0
DLBCL10452	0.015659166524086228	0.6777479676403537	0.10254771646473161	0.0544322437875696	0.14961290558325885	0.6777479676403537	1.0	1
DLBCL_C_D_1157_NULLPAIR	0.12228908903763334	0.015322052971225703	0.6777819086969449	0.1462262661380071	0.03838068315618902	0.6777819086969449	2.0	2
DFCIDL009_DT	0.058531709525728275	0.14117890455552118	0.6784994706452461	0.08125373159986565	0.04053618367363877	0.6784994706452461	2.0	2
DLBCL_RICOVER_1060	0.6797903011515803	0.06715662464154905	0.08877700262306021	0.0970750315841499	0.06720103999966053	0.6797903011515803	1.0	0
DLBCL10896	0.6807035045184308	0.03692906426288002	0.016384922076042578	0.20083450135537362	0.06514800778727306	0.6807035045184308	0.0	0
DLBCL10552	0.23812438508309658	0.022263043194527536	0.03647147266744542	0.6811010008472027	0.022040098207727815	0.6811010008472027	3.0	3
DLBCL11677	0.681642271272036	0.03978975945279511	0.06236423121868427	0.19092760771767922	0.025276130338805387	0.681642271272036	0.0	0
DLBCL11195	0.012934492221457792	0.08836786965958461	0.1332127068772025	0.0835340478763981	0.681950883365357	0.681950883365357	4.0	4
DLBCL11443	0.6822732020800096	0.015102665780078336	0.20271942201073986	0.04397081464859053	0.05593389548058157	0.6822732020800096	0.0	0
DLBCL10891	0.021211577153341363	0.019381529401135418	0.1919347429609756	0.08448685029971009	0.6829853001848375	0.6829853001848375	4.0	4
DLBCL10513	0.10847223185657831	0.05764738660184054	0.13451257386800025	0.6842340892515681	0.015133718422012714	0.6842340892515681	3.0	3
DLBCL10843	0.2359296314575333	0.021683900453572953	0.029404151282666175	0.6848178110599102	0.028164505746317348	0.6848178110599102	0.0	3
DLBCL_RICOVER_111	0.12332648041958201	0.017236075092708636	0.6874672245617536	0.051835192420542936	0.12013502750541284	0.6874672245617536	4.0	2
DLBCL_C_D_1140_NULLPAIR	0.06594574521473713	0.0434235795571668	0.09293909875381577	0.10818759031799144	0.6895039861562888	0.6895039861562888	4.0	4
DLBCL11003	0.12696791519398104	0.13623302474948334	0.020215573956910166	0.024645915202836183	0.6919375708967893	0.6919375708967893	1.0	4
DLBCL11591	0.018140096711956644	0.6953591830256778	0.23279429844251348	0.026038011399589566	0.02766841042026257	0.6953591830256778	1.0	1
DLBCL10888	0.04331282635515896	0.013807365921050866	0.04693731594270397	0.1991005531444311	0.6968419386366551	0.6968419386366551	4.0	4
DLBCL10972	0.6983219944924446	0.02635740694124167	0.021213980151856004	0.17796246909997296	0.07614414931448482	0.6983219944924446	0.0	0
DLBCL10521	0.016847727809038822	0.23744305235415233	0.026455255147513772	0.01821152593167552	0.7010424387576195	0.7010424387576195	4.0	4
DLBCL11501	0.071760288180922	0.7014628748640808	0.056132519366189834	0.10244934103342468	0.06819497655538267	0.7014628748640808	0.0	1
DLBCL11651	0.060017615078034894	0.016492976656787353	0.7032772926541833	0.172568470718739	0.047643644892255484	0.7032772926541833	2.0	2
DLBCL10973	0.07198458478674107	0.025655579478486814	0.03551168656754968	0.7040728797942438	0.16277526937297862	0.7040728797942438	3.0	3
DLBCL10981	0.03615925735246012	0.7066519425798877	0.04177517525901417	0.1751927877957579	0.04022083701288014	0.7066519425798877	1.0	1
DLBCL10480	0.17580785922266598	0.7067968810571187	0.0566544680017026	0.03391767035385512	0.026823121364657542	0.7067968810571187	1.0	1
DLBCL10906	0.06312083623126641	0.1863185467639457	0.024179616671790083	0.01911461697064593	0.7072663833623518	0.7072663833623518	1.0	4
DLBCL11479	0.07521133752862413	0.10618969328263296	0.7084076065326573	0.06475255452192719	0.04543880813415836	0.7084076065326573	1.0	2
DLBCL_RICOVER_299	0.027096255714687528	0.7120326458215822	0.2191331917876665	0.014771884554694189	0.026966022121369553	0.7120326458215822	1.0	1
DLBCL10523	0.08262301339190876	0.01237905645432624	0.7135273399313473	0.171493594029418	0.019976996192999676	0.7135273399313473	2.0	2
DLBCL11488	0.7149348641310496	0.011095345980142135	0.01937452788177581	0.060784388119918265	0.1938108738871142	0.7149348641310496	0.0	0
DLBCL_LS3245	0.020232265834622055	0.20770821994803698	0.7150381126859974	0.02681736259163372	0.030204038939709816	0.7150381126859974	1.0	2
DLBCL_MC_F064AB	0.12290526556647757	0.014965296973055875	0.7157787555297498	0.04605221995808035	0.10029846197263641	0.7157787555297498	2.0	2
DLBCL11433	0.08679476020753349	0.03683712766709546	0.12976706740123375	0.7173457178970647	0.029255326827072575	0.7173457178970647	3.0	3
DLBCL11534	0.05823269076448938	0.041483245933094215	0.08342618846645296	0.09878754756319161	0.7180703272727719	0.7180703272727719	2.0	4
DFCIDL008_DT	0.03063517134199735	0.09906231191430533	0.13529126113419698	0.01638880732888383	0.7186224482806165	0.7186224482806165	4.0	4
DLBCL10963	0.026623731173033863	0.027761283391845755	0.041243857414187006	0.18347662215728192	0.7208945058636514	0.7208945058636514	4.0	4
DLBCL_RICOVER_701	0.10195935395154797	0.034905569374760366	0.034141142309080406	0.7213080214529112	0.10768591291170006	0.7213080214529112	3.0	3
DLBCL11658	0.08385981835587525	0.021280066850489342	0.08613235497723429	0.7233140410858157	0.08541371873058548	0.7233140410858157	3.0	3
DLBCL_C_D_1129_NULLPAIR	0.7246643235154239	0.023316172593164024	0.08390526139232013	0.06478367120928838	0.10333057128980361	0.7246643235154239	0.0	0
DLBCL10536	0.04212727527938552	0.7247724197209038	0.05911812449105019	0.05920919625339583	0.11477298425526467	0.7247724197209038	2.0	1
DLBCL11441	0.7249915947611169	0.026205580322821328	0.023393673913750527	0.13984235384511853	0.0855667971571927	0.7249915947611169	2.0	0
DLBCL_C_D_1138_NULLPAIR	0.09763665394176983	0.07982412131214218	0.04324469158659588	0.7271539910724548	0.05214054208703726	0.7271539910724548	1.0	3
DLBCL11663	0.7312653714956397	0.045472941576456406	0.08740387214566675	0.10585850830437868	0.029999306477858458	0.7312653714956397	0.0	0
DLBCL11504	0.7312701008562832	0.018512830766535763	0.03259470776978121	0.16004277343053194	0.057579587176867834	0.7312701008562832	4.0	0
DLBCL10490	0.7317687794183879	0.016196006329953532	0.025816736110323306	0.10334231895795823	0.12287615918337691	0.7317687794183879	0.0	0
DLBCL_RICOVER_1269	0.04033200065878681	0.019668843569794685	0.7322862981594956	0.058511903786854745	0.14920095382506815	0.7322862981594956	2.0	2
DLBCL11474	0.18272695646247647	0.031149966853520533	0.029469670427391417	0.7327489747710004	0.023904431485611187	0.7327489747710004	0.0	3
DLBCL11573	0.045989493430472074	0.16504314533490108	0.7328809313719657	0.03147977231516286	0.02460665754749825	0.7328809313719657	2.0	2
DLBCL10512	0.0332705658289115	0.7369821532319323	0.16779354657746812	0.019487167959247584	0.042466566402440495	0.7369821532319323	2.0	1
DLBCL10472	0.061624946534618544	0.021758790615054483	0.7420401752268059	0.1566302581906618	0.0179458294328593	0.7420401752268059	2.0	2
DLBCL_RICOVER_978	0.7444346487965197	0.027844610766950866	0.14952337647404626	0.05691702164839785	0.02128034231408542	0.7444346487965197	2.0	0
DLBCL_C_D_1151_NULLPAIR	0.1479351364469034	0.042888503444135535	0.043184081080911624	0.7453014747049383	0.020690804323111035	0.7453014747049383	3.0	3
DLBCL10544	0.04210560451719044	0.021308470236877104	0.039051821051033976	0.7463296050793321	0.15120449911556633	0.7463296050793321	3.0	3
DLBCL11518	0.7466510761296016	0.05868533731951019	0.11276570543240304	0.04151813599398466	0.04037974512450056	0.7466510761296016	2.0	0
DLBCL11537	0.7473367733999619	0.015088288500418354	0.0689355559463377	0.03675468560237805	0.131884696550904	0.7473367733999619	0.0	0
DLBCL_RICOVER_440	0.020478408269140193	0.7475331754815593	0.18846905599101776	0.017264792920693762	0.02625456733758909	0.7475331754815593	2.0	1
DLBCL10451	0.15935437939192434	0.02686153918931898	0.7476643827535953	0.05436943861025387	0.011750260054907495	0.7476643827535953	0.0	2
DLBCL_RICOVER_478	0.02477583402513933	0.7481235397221018	0.034598293406410276	0.028922792769939386	0.16357954007640924	0.7481235397221018	1.0	1
DLBC_FF_8062_TP_NB	0.7483707991125235	0.04436704257504779	0.07590177535898789	0.10167794634392947	0.02968243660951135	0.7483707991125235	3.0	0
DLBCL_RICOVER_274	0.017310438799338267	0.09611711553354253	0.025542123102945572	0.11115423816652388	0.7498760843976497	0.7498760843976497	3.0	4
DLBCL10522	0.10272823108469023	0.01733107168294462	0.7516670814283705	0.05195320897856038	0.07632040682543424	0.7516670814283705	2.0	2
DLBCL11196	0.04305313525535162	0.018053501927321695	0.050329251761057486	0.751859556477232	0.13670455457903719	0.751859556477232	3.0	3
DLBCL11446	0.752864697427303	0.034402142155909865	0.08137734593333514	0.10400654719245743	0.027349267290994562	0.752864697427303	1.0	0
DLBCL10548	0.12374979376250127	0.7537179152094797	0.01806236221717344	0.08656270802837628	0.017907220782469337	0.7537179152094797	0.0	1
DLBCL_LS2089	0.020361884511196676	0.18231055934866203	0.025150192949070737	0.018134651085792455	0.7540427121052782	0.7540427121052782	1.0	4
DLBCL10988	0.02432119946937924	0.7543578737229522	0.05227004477249772	0.13448416599837987	0.03456671603679098	0.7543578737229522	1.0	1
DLBCL_RICOVER_338	0.7572306705754549	0.030178214549834045	0.02866202667843341	0.16479312226843373	0.019135965927843834	0.7572306705754549	0.0	0
DLBCL10483	0.038296640892198267	0.763062890312453	0.15802772083059163	0.013545995303437688	0.027066752661319412	0.763062890312453	1.0	1
DLBCL10992	0.06512684883247558	0.015408770684620597	0.04991844779543132	0.10638176627602625	0.7631641664114462	0.7631641664114462	4.0	4
DLBCL_RICOVER_1235	0.03496923294357403	0.07326457588210765	0.7644159368303465	0.09497593940781719	0.03237431493615463	0.7644159368303465	1.0	2
DLBCL11672	0.05063905333494869	0.013672044878209746	0.7655590810539831	0.07465100656854237	0.09547881416431613	0.7655590810539831	2.0	2
DLBCL10893	0.0221384501769058	0.05546899033934375	0.05193895516154164	0.10444404153008463	0.7660095627921242	0.7660095627921242	4.0	4
DLBCL_C_D_1114_NULLPAIR	0.1270933941186619	0.016741296572821963	0.031608259557436486	0.05613631184672503	0.7684207379043546	0.7684207379043546	0.0	4
DLBCL_LS843	0.03788520668150554	0.015067963172328577	0.11817690256187005	0.05992579922671632	0.7689441283575795	0.7689441283575795	2.0	4
DLBCL_C_D_1139_NULLPAIR	0.05694155478790671	0.09503605804858328	0.05470125347689646	0.769609892584461	0.0237112411021525	0.769609892584461	3.0	3
DLBCL11202	0.08540411750238541	0.018450036420208954	0.7705458666750306	0.11580662368039389	0.009793355721981228	0.7705458666750306	0.0	2
DLBCL_LS2328	0.03939073507402991	0.14650413957083455	0.7708008827532827	0.031459465015363924	0.011844777586488865	0.7708008827532827	2.0	2
DLBCL10487	0.7722224813744556	0.12098604503473571	0.022677773842550025	0.06091654996570171	0.023197149782556912	0.7722224813744556	1.0	0
DLBCL_RICOVER_575	0.11831582272060254	0.05484485859278767	0.03413828880925384	0.7722419917031912	0.020459038174164747	0.7722419917031912	3.0	3
DLBCL10509	0.7774019470163173	0.07766224574779168	0.015752935159758227	0.09770217283796401	0.03148069923816885	0.7774019470163173	0.0	0
DLBCL10549	0.043895480302419944	0.14017471681381374	0.7780045176239778	0.02484480989092545	0.013080475368863021	0.7780045176239778	1.0	2
DLBCL11428	0.10660115568005966	0.031558801182155025	0.7783730971035283	0.06879305401345046	0.01467389202080652	0.7783730971035283	2.0	2
DLBCL11590	0.7783854899248837	0.020830009946829407	0.04290801273833244	0.03348422209271297	0.12439226529724157	0.7783854899248837	2.0	0
DLBCL10486	0.036676665801194594	0.11036791802961403	0.03772876844371326	0.03659150994416488	0.7786351377813132	0.7786351377813132	0.0	4
DLBCL11469	0.037373377763624545	0.10609955132491566	0.049817014640564816	0.027352510806374252	0.7793575454645207	0.7793575454645207	2.0	4
DLBCL10837	0.7796043029610025	0.014378399840626598	0.018403758272097087	0.09406812780846484	0.09354541111780901	0.7796043029610025	4.0	0
DLBCL_LS1304	0.04279330936788328	0.0959281197263982	0.04915746041151064	0.03082696831158936	0.7812941421826185	0.7812941421826185	2.0	4
DLBCL11476	0.058799602802755035	0.11883418474216492	0.02017122681284723	0.018468274639289944	0.7837267110029429	0.7837267110029429	4.0	4
DLBCL10927	0.7872496756962182	0.01185308875939365	0.029501553233228013	0.15826439939625264	0.013131282914907528	0.7872496756962182	3.0	0
DLBCL10977	0.020306235380107705	0.016410715783021616	0.13545581927712455	0.040540380827068234	0.7872868487326778	0.7872868487326778	4.0	4
DLBCL10857	0.029954020014988536	0.07854556117618865	0.03268782905584734	0.07062343660600819	0.7881891531469672	0.7881891531469672	4.0	4
DLBCL_RICOVER_173	0.025723965760851886	0.015408497891086576	0.030754958433616295	0.13667247988492953	0.7914400980295156	0.7914400980295156	4.0	4
DLBCL_RICOVER_320	0.03587225512183594	0.07884010101401578	0.7942069617372528	0.05220397276557699	0.038876709361318415	0.7942069617372528	2.0	2
DLBCL_RICOVER_1283	0.05743603430694257	0.01255197955644273	0.7968071398267187	0.03757427835364567	0.09563056795625029	0.7968071398267187	2.0	2
DLBCL11525	0.03151525920462362	0.01753601484670354	0.797433994502421	0.11288448949223805	0.04063024195401381	0.797433994502421	2.0	2
DLBCL11539	0.7975993822842637	0.011372371883233909	0.043593124460725	0.13785634015718612	0.00957878121459118	0.7975993822842637	0.0	0
DLBCL10912	0.799064998791882	0.05458282659775451	0.06587464384209715	0.03343503428780063	0.04704249648046579	0.799064998791882	0.0	0
DLBCL10890	0.017708196716413153	0.0292716809672037	0.11038502149949234	0.04236861007669324	0.8002664907401976	0.8002664907401976	4.0	4
DLBCL10902	0.009733211236096667	0.04663607669462117	0.0791690997427867	0.06139439440481152	0.8030672179216839	0.8030672179216839	4.0	4
DLBCL10947	0.8050694117307452	0.12415238066317415	0.015984015354698625	0.03157624348291402	0.023217948768468052	0.8050694117307452	1.0	0
DLBCL10564	0.06569690246143679	0.06150390468671802	0.039104532932422637	0.8064073463562026	0.027287313563219878	0.8064073463562026	3.0	3
DLBCL_LS3204	0.08396069895289304	0.8066911539698269	0.06036913419456144	0.03642311858351536	0.012555894299203282	0.8066911539698269	1.0	1
DLBCL11429	0.8091070204494571	0.009675325438083358	0.015563253288184207	0.12728287944984829	0.03837152137442694	0.8091070204494571	0.0	0
DLBCL10532	0.02022035066483393	0.017629483782397253	0.07410176908111095	0.07693879078694965	0.8111096056847082	0.8111096056847082	4.0	4
DLBCL_LS4593	0.03215427739338471	0.03660641178360761	0.81146868238358	0.10718077338964047	0.01258985504978714	0.81146868238358	2.0	2
DLBCL10457	0.02495565872458534	0.053148080776200715	0.05736014574365067	0.05286126123773156	0.8116748535178316	0.8116748535178316	4.0	4
DLBCL10866	0.024416336129350097	0.026675805912668174	0.056743351400609175	0.0798680455819696	0.812296460975403	0.812296460975403	4.0	4
DLBCL11478	0.8124672568879377	0.03965398462002142	0.09594830599853978	0.03822940453056037	0.013701047962940756	0.8124672568879377	0.0	0
DLBCL10453	0.04481087448766822	0.8125409289798728	0.06775503754422452	0.04371417631114197	0.03117898267709247	0.8125409289798728	1.0	1
DLBCL10485	0.05507249604430796	0.09199380251068985	0.01694029363730621	0.023024900310847186	0.8129685074968488	0.8129685074968488	4.0	4
DLBCL10863	0.11170896716407235	0.028040401782571066	0.030000039909022974	0.8131287099991257	0.01712188114520797	0.8131287099991257	3.0	3
DLBCL11473	0.07675916447704491	0.048247790018517055	0.03848479171370185	0.8131606070830684	0.023347646707667813	0.8131606070830684	0.0	3
DLBCL10845	0.023293891373052617	0.8132674064099326	0.02829419906798536	0.0897799384428813	0.045364564706148164	0.8132674064099326	1.0	1
DLBCL10880	0.06489507636731501	0.028759221485614102	0.07618992982231254	0.016661292749749534	0.8134944795750088	0.8134944795750088	4.0	4
DLBCL10885	0.038666327539262024	0.061703246958246506	0.016188319875021395	0.0680940139214885	0.8153480917059815	0.8153480917059815	1.0	4
DLBCL_RICOVER_839	0.05999360831760361	0.8172519098330322	0.028350797856784307	0.06572828479874666	0.028675399193833263	0.8172519098330322	1.0	1
DLBCL10554	0.07969716044108072	0.014261460210254718	0.8183896063363785	0.054081766506737	0.03357000650554909	0.8183896063363785	2.0	2
DLBCL_RICOVER_583	0.013416310384885707	0.8201151719777611	0.09676101142652598	0.018385535051483187	0.051321971159344074	0.8201151719777611	1.0	1
DLBCL10553	0.058120857309427426	0.023565046053124598	0.032317643434753004	0.8206594344503408	0.06533701875235412	0.8206594344503408	3.0	3
DLBCL10904	0.07517404143829517	0.015611232238581386	0.01733795067672425	0.06961985365209053	0.8222569219943087	0.8222569219943087	4.0	4
DLBCL11002	0.8233444801870193	0.029375294086317907	0.025737811389464845	0.10832730052640889	0.01321511381078901	0.8233444801870193	3.0	0
DLBCL11437	0.08282516131757423	0.013331335879012354	0.05512956593499025	0.8239491838439245	0.024764753024498765	0.8239491838439245	3.0	3
DLBCL11655	0.10396205220656697	0.013313784089171452	0.030460813938495493	0.82445613120447	0.027807218561295987	0.82445613120447	3.0	3
DLBCL10935	0.8298740928876046	0.022143635525766255	0.013277480779751223	0.08770394382187452	0.04700084698500338	0.8298740928876046	0.0	0
DLBCL11439	0.83132762530888	0.012144010438949167	0.09709548287600997	0.04282400212606475	0.01660887925009607	0.83132762530888	2.0	0
DLBCL10878	0.09466254893323252	0.017379976208452472	0.0244307462306775	0.031654702601854434	0.831872026025783	0.831872026025783	4.0	4
DLBCL11194	0.025497067996414675	0.011251891764956555	0.037261580483791204	0.09399676718756891	0.8319926925672686	0.8319926925672686	4.0	4
DLBCL11461	0.8337308904832219	0.01514979275563739	0.031832572009811426	0.11042581670524072	0.008860928046088472	0.8337308904832219	0.0	0
DLBCL11541	0.012906239963147142	0.06859435379370261	0.833813597623888	0.02841721644039917	0.05626859217886318	0.833813597623888	2.0	2
DLBCL10849	0.0618440879064063	0.8341459159048237	0.018832412750838412	0.018943873901876823	0.06623370953605477	0.8341459159048237	1.0	1
DLBCL11536	0.06399577510348887	0.029986851145287822	0.05055140528740635	0.8352512115146618	0.020214756949155185	0.8352512115146618	3.0	3
DLBCL10460	0.07165447541511252	0.8357116985659632	0.049957926202477604	0.021220991655379957	0.02145490816106681	0.8357116985659632	1.0	1
DLBCL10957	0.05029053278844942	0.019920004907579527	0.8367401609821491	0.07614115329368809	0.016908148028133816	0.8367401609821491	0.0	2
DLBCL10954	0.02775398350783163	0.8369478678096901	0.024535952033400824	0.03276108736118239	0.07800110928789504	0.8369478678096901	1.0	1
DLBCL10899	0.05392831546009598	0.0611106569809419	0.013754993278056835	0.03347040434296933	0.8377356299379359	0.8377356299379359	4.0	4
DLBCL10999	0.018838415683781404	0.014781263597470782	0.02475311717517622	0.10228444216322757	0.839342761380344	0.839342761380344	4.0	4
DLBCL10465	0.009078445114112637	0.032076950103071995	0.8400256733309006	0.03406718971453806	0.08475174173737672	0.8400256733309006	2.0	2
DLBCL_RICOVER_506	0.013319010175806466	0.11145654127072689	0.017609496751176446	0.015770297980081713	0.8418446538222085	0.8418446538222085	4.0	4
DLBCL11480	0.01878793527443517	0.048124795468116134	0.842156003983232	0.025648466271245975	0.06528279900297074	0.842156003983232	0.0	2
DLBCL11460	0.03706422577103278	0.04532687075040936	0.04636921276514448	0.8422809193825752	0.02895877133083815	0.8422809193825752	3.0	3
DLBCL10968	0.8438808857462308	0.01146757393875852	0.009939848740956814	0.10888956285125108	0.025822128722802845	0.8438808857462308	0.0	0
DLBCL11513	0.01299663931189785	0.019603329509072315	0.07822423479075813	0.044855720240463394	0.8443200761478084	0.8443200761478084	4.0	4
DLBCL_RICOVER_617	0.09146672336494703	0.015575097023359361	0.027687793822639608	0.8449184231200169	0.02035196266903713	0.8449184231200169	3.0	3
DLBCL_MC_F307_JPS	0.845197574486046	0.0237481735832182	0.01734201709370262	0.09339054190769205	0.02032169292934107	0.845197574486046	0.0	0
DLBCL_RICOVER_1329	0.024954567571311773	0.08338468831453436	0.01676483892440675	0.029457334770857335	0.8454385704188898	0.8454385704188898	4.0	4
DLBCL10970	0.03304496513953466	0.8467267137812388	0.03351758594632699	0.06686291717730745	0.01984781795559213	0.8467267137812388	3.0	1
DLBCL_RICOVER_720	0.010739197033829606	0.050561793107993455	0.053488845792065386	0.034147380373555226	0.8510627836925563	0.8510627836925563	4.0	4
DLBCL11204	0.045174713283206276	0.016753470359977523	0.033535081734657655	0.05303529881885339	0.8515014358033052	0.8515014358033052	1.0	4
DLBCL11458	0.8580711693690696	0.0329922953139441	0.0653137155875997	0.0302169456025506	0.013405874126836064	0.8580711693690696	2.0	0
DLBCL10469	0.0555353808626321	0.0116791246212882	0.04084480279095048	0.8599065393155364	0.032034152409592766	0.8599065393155364	3.0	3
DLBCL_LS1098	0.024729161796940343	0.016805263809887224	0.8600860634574149	0.08636633394340333	0.012013176992354236	0.8600860634574149	2.0	2
DLBCL_LS4619	0.013294781327730402	0.04192137041048536	0.8613088654648345	0.022666777502300037	0.06080820529464962	0.8613088654648345	4.0	2
DLBCL11464	0.07034176060955216	0.017606245687289416	0.02281143776890029	0.8617998588558027	0.02744069707845548	0.8617998588558027	3.0	3
DLBCL10495	0.8618192264704218	0.04447391825959085	0.028708639981276297	0.04172526184251647	0.023272953446194584	0.8618192264704218	0.0	0
DLBCL11526	0.049381934269522636	0.013514706740382947	0.8622664832526552	0.06172992390238728	0.013106951835052017	0.8622664832526552	2.0	2
DLBCL_RICOVER_1106	0.013410337515670903	0.043384120812470874	0.05033336349453529	0.030072290537966763	0.8627998876393562	0.8627998876393562	4.0	4
DLBCL11430	0.05422092594354429	0.016734335385948144	0.04448266793992534	0.863895469111144	0.020666601619438202	0.863895469111144	0.0	3
DLBC_FF_A7CQ_TP_NB	0.023179282543743494	0.031931796469411314	0.04138065834835939	0.038652386907736994	0.8648558757307488	0.8648558757307488	4.0	4
DLBCL_RICOVER_361	0.04376394360229927	0.02617964537397875	0.03961630215717569	0.8648750875411424	0.025565021325403912	0.8648750875411424	3.0	3
DLBCL_C_D_1141_NULLPAIR	0.012475763325600941	0.020342020842304215	0.8652109506874817	0.023697690701136528	0.07827357444347663	0.8652109506874817	2.0	2
DLBCL11188	0.02342133669267296	0.8664469906264723	0.05847846089442141	0.031940149444506356	0.01971306234192694	0.8664469906264723	1.0	1
DLBCL11576	0.04646869563360657	0.026781138244440852	0.028436206377751926	0.8669066047909851	0.03140735495321554	0.8669066047909851	3.0	3
DLBCL11533	0.06093838470232863	0.8687709070713148	0.04131654372095978	0.016180175394190418	0.012793989111206397	0.8687709070713148	1.0	1
DLBCL11496	0.8687783537470487	0.00909524176540363	0.030645909926714253	0.032461048415687754	0.059019446145145635	0.8687783537470487	0.0	0
DLBCL_RICOVER_496	0.03840316037661702	0.8689242490793293	0.040978755171209594	0.030722395931425426	0.02097143944141865	0.8689242490793293	1.0	1
DLBCL11434	0.8706769846789079	0.010325287042407816	0.015656411529182995	0.07682307315137887	0.026518243598122486	0.8706769846789079	0.0	0
DLBCL10934	0.01419074092126292	0.025028850872234155	0.018631102825095624	0.07133884788377304	0.8708104574976343	0.8708104574976343	1.0	4
DLBCL11208	0.03811415469133792	0.8713860222523695	0.04058846506506285	0.029513666351729348	0.020397691639500445	0.8713860222523695	1.0	1
DLBCL_C_D_1135_NULLPAIR	0.016944586072050717	0.8727770264150925	0.045377635697798076	0.04412001159690839	0.020780740218150327	0.8727770264150925	1.0	1
DLBCL10781	0.019273827300884006	0.024486634324680064	0.014189338550536064	0.06848724772708974	0.8735629520968101	0.8735629520968101	4.0	4
DLBCL11519	0.8745339961860645	0.01646659350634102	0.03643511009563841	0.06177777407706577	0.010786526134890262	0.8745339961860645	0.0	0
DLBCL10961	0.010310892460204401	0.08057028576004116	0.013502321314484917	0.0203069012659761	0.8753095991992934	0.8753095991992934	4.0	4
DLBCL11566	0.012927637727338459	0.07741525596044015	0.875842944520868	0.02311781474928433	0.010696347042069084	0.875842944520868	2.0	2
DLBCL_C_D_1159_NULLPAIR	0.04975342729746039	0.01484381352035144	0.031857641853204714	0.8763941626304543	0.02715095469852908	0.8763941626304543	3.0	3
DLBCL10547	0.0361869142579585	0.014416417714026882	0.029520262808962545	0.8770526149139446	0.04282379030510753	0.8770526149139446	3.0	3
DLBCL_C_D_1148_NULLPAIR	0.023158123484488462	0.010601641828806893	0.8780083039859312	0.07340811422345202	0.014823816477321386	0.8780083039859312	0.0	2
DLBCL10950	0.8780274991942351	0.01560172587581022	0.033657073909557196	0.05250137473123907	0.020212326289158443	0.8780274991942351	0.0	0
DLBCL10874	0.01906862171462785	0.06730881656091953	0.010773911308068337	0.023275012664275153	0.8795736377521092	0.8795736377521092	1.0	4
DLBCL10871	0.02149350023329959	0.8797883525770931	0.031838966239171915	0.018017735471204676	0.0488614454792307	0.8797883525770931	1.0	1
DLBCL10978	0.03916348566122454	0.016271863262455777	0.037764426127447084	0.8798436637157276	0.026956561233144962	0.8798436637157276	3.0	3
DLBCL_LS2357	0.04026634121516031	0.011794802440695827	0.033078248434215966	0.8814522791295305	0.03340832878039745	0.8814522791295305	3.0	3
DLBC_FF_A7CR_TP_NB	0.03880377673826021	0.00801496253338104	0.0447121406509638	0.027016639168621463	0.8814524809087735	0.8814524809087735	4.0	4
DLBCL11667	0.01154117346618728	0.03316149021352158	0.8819802179167677	0.0490661386568704	0.02425097974665299	0.8819802179167677	2.0	2
DLBCL_DFCI_DLBCL_GOE07	0.02259209436577264	0.8838457481131871	0.028923801078936225	0.016928486148102575	0.04770987029400154	0.8838457481131871	1.0	1
DLBCL_MC_F139_LJF	0.04758252357357348	0.015157450102286836	0.03479219694651552	0.8855074327449844	0.01696039663263977	0.8855074327449844	3.0	3
DLBCL11678	0.04907844585065082	0.013819090913861859	0.029605545509075352	0.8898799921336489	0.017616925592763056	0.8898799921336489	3.0	3
DLBCL10502	0.021545500138026575	0.8911666202360496	0.048897390073239316	0.02744526211271093	0.010945227439973584	0.8911666202360496	1.0	1
DLBCL10932	0.049741902916572794	0.011922115657969226	0.023975968716727972	0.8922773543073201	0.022082658401409876	0.8922773543073201	3.0	3
DLBCL10930	0.015087054879570093	0.0338844432431436	0.04342957757266103	0.01467224630893536	0.8929266779956899	0.8929266779956899	4.0	4
DLBCL10889	0.013173280154244597	0.02107795447250495	0.027090526649063078	0.04283723224284849	0.8958210064813389	0.8958210064813389	4.0	4
DLBCL10463	0.007340645922083438	0.011992017148013156	0.03877798017315687	0.04192739195249074	0.8999619648042558	0.8999619648042558	4.0	4
DLBCL_RICOVER_417	0.016216253668600633	0.0146272865749997	0.03872651052094255	0.02944278560270831	0.9009871636327488	0.9009871636327488	4.0	4
DLBCL11595	0.020162430183600828	0.021602357679900267	0.04414445777635473	0.012875007410706133	0.9012157469494381	0.9012157469494381	4.0	4
DLBCL_C_D_1118_NULLPAIR	0.05207331239015964	0.9022553659698449	0.014042351020887644	0.017352702682404977	0.01427626793670284	0.9022553659698449	1.0	1
DLBCL11564	0.033510982278687124	0.013527631827823426	0.02246602532652482	0.9028025318924816	0.02769282867448306	0.9028025318924816	3.0	3
DLBCL_LS951	0.9031945666126768	0.011120053717137611	0.013318926728832338	0.058789085438304085	0.013577367503049099	0.9031945666126768	0.0	0
DLBCL10550	0.031003981693637404	0.022779529665651048	0.01926052973264728	0.022520239870608486	0.9044357190374558	0.9044357190374558	4.0	4
DLBCL10497	0.03352668654232898	0.01802216839613508	0.02428012504122557	0.9064306784859675	0.017740341534342837	0.9064306784859675	3.0	3
DLBCL10510	0.014350409544408044	0.9070726819299012	0.01612121377132287	0.016273676125124564	0.046182018629243315	0.9070726819299012	1.0	1
DLBCL10555	0.03854667304670297	0.02565877714521156	0.9075681712944451	0.021573221224545684	0.006653157289094636	0.9075681712944451	2.0	2
DLBCL10856	0.01039545531799902	0.03388673778445285	0.02974382807608814	0.01800607965390906	0.9079678991675509	0.9079678991675509	2.0	4
DLBCL_RICOVER_956	0.008577013208475199	0.04119127531799002	0.0204408003143246	0.0217526255171129	0.9080382856420973	0.9080382856420973	4.0	4
DLBCL10876	0.013949993780999058	0.02688361741577932	0.027345403598835645	0.022604524610294666	0.9092164605940913	0.9092164605940913	4.0	4
DLBCL11662	0.9092310397829405	0.00664800574066235	0.01468398198267535	0.039344044996885465	0.03009292749683634	0.9092310397829405	0.0	0
DLBCL_MC_F349_BJJ	0.018543460986382994	0.035233247152349385	0.9101762465509614	0.02176133347551214	0.014285711834794103	0.9101762465509614	2.0	2
DLBCL10494	0.011129934275770184	0.911799108473279	0.051815970148342216	0.01215980499476659	0.013095182107841906	0.911799108473279	1.0	1
DLBCL11680	0.04178153178926863	0.012234181261291895	0.9119898441339827	0.02471205637043769	0.0092823864450191	0.9119898441339827	2.0	2
DLBCL_C_D_1105_NULLPAIR	0.013284919787813463	0.9133003121985278	0.03941982579845407	0.008760197518042743	0.025234744697161908	0.9133003121985278	1.0	1
DLBCL_LS3820	0.008952513874436168	0.022213922871411655	0.9157049805687132	0.02480850878722942	0.028320073898209584	0.9157049805687132	2.0	2
DLBCL10951	0.023614516083481408	0.03492716115663904	0.012207440008397158	0.011473586574782688	0.9177772961766997	0.9177772961766997	4.0	4
DLBCL11538	0.012554936700500306	0.009978840728364177	0.9183210950678542	0.0401026261879933	0.019042501315288056	0.9183210950678542	4.0	2
DLBCL11454	0.9183337203184642	0.02220511841021231	0.007691503511461936	0.0450002288443165	0.0067694289155451354	0.9183337203184642	0.0	0
DLBCL_RICOVER_467	0.009498463683580184	0.918774307211195	0.013603620275746811	0.009371094128954685	0.048752514700523344	0.918774307211195	1.0	1
DLBCL_RICOVER_850	0.02123863699762235	0.015952180425622547	0.016175268469251405	0.026713241548016017	0.9199206725594877	0.9199206725594877	4.0	4
DLBCL10984	0.006206105135991931	0.041468842288537575	0.012247023252426116	0.019836027788861853	0.9202420015341826	0.9202420015341826	4.0	4
DLBCL_RICOVER_1219	0.011843256922853127	0.024255420962298577	0.01865183682534386	0.023554070422112387	0.921695414867392	0.921695414867392	4.0	4
DLBCL_RICOVER_678	0.013234527482398627	0.9219453746515437	0.012171481182286623	0.014653457994368901	0.03799515868940215	0.9219453746515437	1.0	1
DLBCL10860	0.007077868991503782	0.010537854893356803	0.03718269666313122	0.02098062917078599	0.9242209502812222	0.9242209502812222	4.0	4
DLBCL10482	0.02838161775590685	0.011141609830278905	0.012848636379313855	0.02295810242191623	0.9246700336125842	0.9246700336125842	0.0	4
DLBCL_LS297	0.023640219480437187	0.008441593524797286	0.9256697150293398	0.03127370108684651	0.010974770878579263	0.9256697150293398	2.0	2
DLBCL_MC_F132_MLM	0.926411242253635	0.006216331127004749	0.006765855113060885	0.0425455100965376	0.018061061409761745	0.926411242253635	0.0	0
DLBCL10461	0.007825691163922708	0.9275478583440726	0.03787017059763924	0.006739713429964399	0.02001656646440104	0.9275478583440726	1.0	1
DLBCL_RICOVER_134	0.00868785616726784	0.9280019542294143	0.013037870727896467	0.01171883290668157	0.038553485968739816	0.9280019542294143	4.0	1
DLBCL_C_D_1166_NULLPAIR	0.008180308190910654	0.042974817653559	0.01062550883411129	0.009810214194198136	0.9284091511272209	0.9284091511272209	4.0	4
DLBCL10853	0.007586924943624212	0.012256835368568468	0.01819514352474041	0.033031249229473904	0.928929846933593	0.928929846933593	4.0	4
DLBCL_MC_F729_MAN	0.017259800832360127	0.9300904319716405	0.01269830290769907	0.012101107453178281	0.027850356835121937	0.9300904319716405	1.0	1
DLBCL_RICOVER_533	0.025861796059605178	0.9302248603683329	0.023300443978959497	0.009876476626695961	0.010736422966406544	0.9302248603683329	1.0	1
DLBCL11520	0.9313338250399755	0.0054341178572355694	0.007455433907638881	0.030974297220492338	0.02480232597465768	0.9313338250399755	0.0	0
DLBCL10966	0.9315764850130321	0.016783196433653	0.01913246775447672	0.017562101984539273	0.014945748814298833	0.9315764850130321	0.0	0
DLBCL_MC_F500_ECU	0.012234854790723317	0.9319060390460472	0.02154853413220838	0.010617776889778644	0.02369279514124246	0.9319060390460472	1.0	1
DLBCL_RICOVER_1150	0.934343970979859	0.017417219729852256	0.009809634077357157	0.019655433035092904	0.018773742177838712	0.934343970979859	0.0	0
DLBCL10879	0.011106992233190031	0.010371990640137432	0.9344371508463621	0.036685388934357036	0.007398477345953399	0.9344371508463621	2.0	2
DLBCL10914	0.9348527343535916	0.026653694425953046	0.01038955888587365	0.01859565430890908	0.009508358025672565	0.9348527343535916	0.0	0
DLBCL10459	0.008739970623104023	0.029861227746493607	0.9350314705347553	0.01889376397019195	0.007473567125455118	0.9350314705347553	2.0	2
DLBCL_C_D_1106_NULLPAIR	0.012517507256493638	0.9353269417548756	0.013787050843692356	0.011314891300144963	0.027053608844793423	0.9353269417548756	1.0	1
DLBCL11481	0.9354431148769529	0.014357928675473034	0.013813923238988238	0.021652905168184557	0.014732128040401289	0.9354431148769529	0.0	0
DLBCL11486	0.00785125651549969	0.0116374854975648	0.027656987025615302	0.01612594554500301	0.9367283254163172	0.9367283254163172	0.0	4
DLBCL10462	0.9367377049584075	0.007199748377640458	0.007772558777607453	0.03938355335385036	0.008906434532494234	0.9367377049584075	0.0	0
DLBCL11498	0.029048702795618372	0.9375877383320876	0.014125269357440087	0.007727834001219361	0.011510455513634534	0.9375877383320876	1.0	1
DLBCL10835	0.00588764707248715	0.023257075501311574	0.011620036673230387	0.02139935162595767	0.9378358891270132	0.9378358891270132	4.0	4
DLBCL11346	0.012576369687568398	0.02007255854924447	0.012002479374576732	0.017169310109804638	0.9381792822788058	0.9381792822788058	1.0	4
DLBCL10870	0.009581888139602977	0.03140182056144668	0.010664599622731634	0.009731213335701674	0.938620478340517	0.938620478340517	4.0	4
DFCIDL010_DT	0.9386283381528656	0.010845991765809438	0.016097830986802508	0.025683179849293598	0.008744659245228794	0.9386283381528656	0.0	0
DLBCL10854	0.005702910485221872	0.022796868914531015	0.011653719721646506	0.021201897147706084	0.9386446037308945	0.9386446037308945	4.0	4
DLBCL_MC_F262_WLC	0.9388958910436734	0.005759140460454664	0.007784241380955968	0.02035320124178998	0.0272075258731259	0.9388958910436734	0.0	0
DLBCL_RICOVER_1210	0.013323044377800733	0.9390346545013808	0.030130441033056912	0.009151727803089107	0.0083601322846725	0.9390346545013808	1.0	1
DFCIDL003_DT	0.020174597298257622	0.9394380022685644	0.023964882418792237	0.0073186140227054575	0.009103903991680215	0.9394380022685644	1.0	1
DLBCL10859	0.006708149846998487	0.9399953848617331	0.022483644516464958	0.007073149397092364	0.023739671377711165	0.9399953848617331	1.0	1
DLBCL_LS1921	0.013379418642617788	0.9403593633275636	0.014658363998033885	0.02194611708991511	0.009656736941869594	0.9403593633275636	1.0	1
DLBCL10535	0.009561878619365421	0.024002436981200918	0.011961207835764459	0.01401680715516295	0.9404576694085063	0.9404576694085063	4.0	4
DLBCL10834	0.023779042398870485	0.9410967572700868	0.015299091279581489	0.008966207167124223	0.010858901884337054	0.9410967572700868	1.0	1
DLBCL10458	0.9433997863705685	0.006444419868899749	0.021142067063382057	0.021833997229047334	0.007179729468102373	0.9433997863705685	0.0	0
DLBCL11661	0.013640510730624012	0.9440055519226671	0.02067188503327574	0.013943588892659118	0.007738463420773973	0.9440055519226671	1.0	1
DLBCL10864	0.010579226111817887	0.01747885710563642	0.01910732093541836	0.008457999992414904	0.9443765958547125	0.9443765958547125	4.0	4
DLBCL_RICOVER_829	0.9445175629205451	0.005560197945353271	0.007150966565201705	0.016927500828020272	0.025843771740879595	0.9445175629205451	0.0	0
DLBCL10924	0.008487854275682665	0.008918816864605526	0.00991070108186898	0.027887659264845644	0.9447949685129972	0.9447949685129972	4.0	4
DLBCL10848	0.0070994440638827705	0.008527479680485528	0.025350423054598396	0.013983190822618927	0.9450394623784144	0.9450394623784144	4.0	4
DLBCL10881	0.019884180705053524	0.008633875161842062	0.008417113682721276	0.017670488189788953	0.9453943422605942	0.9453943422605942	4.0	4
DLBCL11450	0.008974423338338517	0.01308717203647531	0.007292317659153408	0.02477219845525964	0.9458738885107731	0.9458738885107731	4.0	4
DLBCL_RICOVER_1192	0.015456244559852025	0.017066317931797345	0.00876307929357903	0.011299268352159046	0.9474150898626126	0.9474150898626126	4.0	4
DLBCL_MC_F739_AMA3	0.007207535193487788	0.9483799630828657	0.022614341368351405	0.013254193276370875	0.008543967078924321	0.9483799630828657	1.0	1
DLBCL_RICOVER_1032	0.007788085619075962	0.019338185190611843	0.007655277216643435	0.016243364639605597	0.9489750873340632	0.9489750873340632	4.0	4
DLBCL_RICOVER_151	0.010378619472983769	0.9490942705426959	0.011215717600913075	0.020238397033942392	0.009072995349464808	0.9490942705426959	3.0	1
DLBCL11664	0.014260661868112577	0.9493196253914972	0.016167295654706152	0.011919641668066881	0.008332775417617228	0.9493196253914972	1.0	1
DLBCL_RICOVER_401	0.010166216350604211	0.02202229933008131	0.9501191354137709	0.01079429189065174	0.006898057014891842	0.9501191354137709	1.0	2
DLBCL10987	0.0120133022305733	0.016776855507153104	0.011060474639861005	0.009492896638682446	0.9506564709837302	0.9506564709837302	4.0	4
DLBCL_C_D_1113_NULLPAIR	0.01031280862992884	0.012861360299054572	0.9509695072146624	0.01594246463756651	0.009913859218787614	0.9509695072146624	2.0	2
DLBCL_C_D_1125_NULLPAIR	0.006906768681859496	0.02619970332495128	0.008506537666624818	0.007310980707025056	0.9510760096195393	0.9510760096195393	4.0	4
DLBCL_C_D_1131_NULLPAIR	0.01938538583721705	0.9514012528561316	0.009680769454005877	0.009540991418947485	0.009991600433697918	0.9514012528561316	1.0	1
DLBCL_RICOVER_977	0.9518127356472263	0.004561989443974303	0.005995019484038223	0.02763439393409817	0.009995861490662911	0.9518127356472263	0.0	0
DLBCL11509	0.9526822835001646	0.006966996277277869	0.009630735472143383	0.025570011441457572	0.0051499733089565465	0.9526822835001646	0.0	0
DLBCL10838	0.013586371920222131	0.9534007868188742	0.011415459741240705	0.006848531583756384	0.014748849935906647	0.9534007868188742	4.0	1
DLBCL10565	0.009143033339422749	0.005961427189507106	0.9535039023974696	0.020050030026594327	0.011341607047006224	0.9535039023974696	3.0	2
DLBCL11679	0.01681849860071708	0.9535912683398982	0.01439563618452017	0.0071276878980274135	0.008066908976837144	0.9535912683398982	1.0	1
DLBCL_RICOVER_408	0.012385079986360195	0.9536487166782995	0.011844796798386804	0.01038043881880174	0.011740967718151736	0.9536487166782995	2.0	1
DLBCL_LS4054	0.013698566230136681	0.9547788419902398	0.011207574478585024	0.0076822839597769955	0.012632733341261566	0.9547788419902398	1.0	1
DLBCL11685	0.006115503833345329	0.007967473708449165	0.9547811586202829	0.013626011048946536	0.017509852788976037	0.9547811586202829	2.0	2
DLBCL10887	0.006994354269604761	0.008783506734280558	0.012650107288563243	0.016462378395279375	0.955109653312272	0.955109653312272	4.0	4
DLBCL_MC_F089_HCZ	0.007482364654154193	0.9551886537171606	0.010486708683268136	0.01560543399847455	0.011236838946942544	0.9551886537171606	1.0	1
DLBCL_MC_F362_MJB1	0.007933614978676713	0.9553170868438764	0.021617645070967372	0.007443772922071009	0.007687880184408564	0.9553170868438764	2.0	1
DLBCL11205	0.9568361869831874	0.008612027477592394	0.01632434033670212	0.012496805275144178	0.005730639927373913	0.9568361869831874	0.0	0
DLBCL_MAYO_DLBCL_5613	0.9570775858359752	0.011880558601155746	0.00845892782611673	0.016546496049773485	0.006036431686978782	0.9570775858359752	0.0	0
DLBCL_LS3749	0.008351847122564687	0.9578132416674241	0.013511347284191209	0.013586828362182106	0.006736735563637904	0.9578132416674241	1.0	1
DLBCL10525	0.9587222718436332	0.004609739754812665	0.017775247329172548	0.01209156771029698	0.006801173362084606	0.9587222718436332	0.0	0
DLBCL10517	0.008443587309865672	0.9587423341918484	0.015451204240131114	0.007805679327278945	0.009557194930875828	0.9587423341918484	1.0	1
DLBCL10897	0.9590613522833772	0.010348516611091997	0.004349163314162978	0.02023222574958016	0.006008742041787633	0.9590613522833772	0.0	0
DLBCL10967	0.00540911262539049	0.009753841822720618	0.015534402957915045	0.010239428960934048	0.9590632136330398	0.9590632136330398	4.0	4
DLBCL11000	0.005055788262296959	0.007659559395611831	0.013910545481084783	0.013275087579835755	0.9600990192811707	0.9600990192811707	4.0	4
DLBCL11669	0.01115234847478483	0.00853939690766469	0.9603942172053542	0.014994326879646459	0.004919710532549826	0.9603942172053542	2.0	2
DLBCL11440	0.014510799186990709	0.007892228249407123	0.006928958458659634	0.008467327998430639	0.9622006861065119	0.9622006861065119	4.0	4
DLBCL_DFCI_DLBCL_GOE16	0.0069558299168667745	0.005776369028868488	0.9624513444555112	0.018013809073811317	0.006802647524942286	0.9624513444555112	2.0	2
DLBC_FF_A7CW_TP_NB	0.006045748162355795	0.017611280719327355	0.0073323806983735165	0.006195528023700184	0.9628150623962431	0.9628150623962431	4.0	4
DLBCL10518	0.006049776554835854	0.0050665356321296685	0.9629760637144472	0.01762906857331067	0.008278555525276614	0.9629760637144472	2.0	2
DLBCL10850	0.014581329938615856	0.9629836278818923	0.00816601535819054	0.0055884269318786746	0.00868059988942268	0.9629836278818923	1.0	1
DLBCL_RICOVER_826	0.9634511369785588	0.004619871623586856	0.004100481089634783	0.016069739945539088	0.011758770362680493	0.9634511369785588	0.0	0
DLBCL10858	0.009779416658313682	0.004935024261760153	0.00752325798378591	0.01382647121962221	0.963935829876518	0.963935829876518	3.0	4
DLBCL11671	0.9655268681472126	0.005615627539458367	0.005187696053645671	0.018096486624883102	0.005573321634800328	0.9655268681472126	0.0	0
DLBCL_C_D_1163_NULLPAIR	0.006139223909110444	0.005831614139245184	0.00612511673983101	0.016346993827139843	0.9655570513846735	0.9655570513846735	4.0	4
DLBC_FF_8043_TP_NB	0.013115274779091938	0.9658605497151224	0.008185714439387547	0.006021507652773654	0.006816953413624468	0.9658605497151224	1.0	1
DLBCL10997	0.9661794247732638	0.006096482688858253	0.004332839023927934	0.018712613231150046	0.004678640282799931	0.9661794247732638	0.0	0
DLBCL10484	0.004392809302745421	0.9678758824817587	0.016401750492558504	0.005839725911856449	0.00548983181108089	0.9678758824817587	1.0	1
DLBCL11242	0.0062706752728244565	0.0058472289224600444	0.006819726724448617	0.012913679784879284	0.9681486892953876	0.9681486892953876	4.0	4
DLBCL_C_D_1152_NULLPAIR	0.006369289005502386	0.9688112620898116	0.013423482941522938	0.0052527383674484725	0.006143227595714553	0.9688112620898116	1.0	1
DLBCL_RICOVER_712	0.00418361136204104	0.011730271604122672	0.007268095560621196	0.007533756910700402	0.9692842645625147	0.9692842645625147	4.0	4
DLBCL10836	0.005515338746430291	0.005313565820920149	0.006640401438254468	0.012504497372015328	0.9700261966223798	0.9700261966223798	4.0	4
DLBCL11670	0.0034124468933871147	0.006266204833826004	0.9717152159561856	0.011306224157142301	0.0072999081594589885	0.9717152159561856	2.0	2
DLBCL10498	0.007881227883198056	0.004723858429186907	0.9717553993984717	0.012550138626782647	0.003089375662360757	0.9717553993984717	2.0	2
DLBCL_RICOVER_221	0.0037045920128138945	0.006134562008541225	0.009912513179226125	0.006256086615087698	0.9739922461843311	0.9739922461843311	4.0	4
DLBCL_LS146	0.0044766350211508195	0.9740433480547063	0.012100276683347443	0.003885444328178903	0.005494295912616573	0.9740433480547063	1.0	1
DLBCL_RICOVER_335	0.008364001910617357	0.9745263635030725	0.005260991333545884	0.006425114232336451	0.005423529020427716	0.9745263635030725	1.0	1
DLBCL10903	0.003283573054051437	0.9747458833559162	0.011346037848406775	0.004348267373996394	0.0062762383676292265	0.9747458833559162	1.0	1
DLBCL_RICOVER_469	0.004673540625130112	0.004018268169083516	0.9762234310190899	0.011576418771794238	0.003508341414902207	0.9762234310190899	2.0	2
DLBCL11656	0.004635632540132654	0.0037527238020584742	0.9772634082615074	0.006719028443387278	0.007629206952914195	0.9772634082615074	2.0	2
DLBCL10519	0.003885066735268116	0.978573719883285	0.009110598019263085	0.0033602829439797915	0.005070332418203945	0.978573719883285	1.0	1
DLBCL_LS4616	0.0034407331148060025	0.006630143149174816	0.978605114434746	0.006294223472936436	0.005029785828336819	0.978605114434746	2.0	2
DLBCL_RICOVER_577	0.0032145242726085315	0.004712119912023466	0.9790049955579098	0.007195122102544969	0.005873238154913328	0.9790049955579098	2.0	2
DLBCL11511	0.9796084655518481	0.002655807726607724	0.003620960198822786	0.009624338706702968	0.004490427816018371	0.9796084655518481	0.0	0
DLBCL11565	0.003993402477121433	0.9811912991975635	0.006080792526321485	0.004103341958632683	0.004631163840360873	0.9811912991975635	1.0	1
DLBCL_RICOVER_267	0.0031130509018280337	0.003454482501273741	0.9819761074309419	0.008396183290941087	0.003060175875015295	0.9819761074309419	2.0	2
DLBCL10900	0.004105418302096531	0.00367866535360801	0.0036656909453195627	0.006191814626520503	0.9823584107724554	0.9823584107724554	4.0	4
DLBCL10464	0.005502577019993257	0.0035096635462504517	0.9823941576255629	0.005440646672415155	0.0031529551357782465	0.9823941576255629	2.0	2
DLBCL10471	0.003238211169779431	0.006301276913326235	0.0031100180370439694	0.003565953392841185	0.9837845404870091	0.9837845404870091	4.0	4
DLBCL_RICOVER_948	0.003272338690680247	0.9845011613841732	0.0053318510227410645	0.0027914870620009075	0.004103161840404525	0.9845011613841732	1.0	1
DLBCL_RICOVER_451	0.9845470917036335	0.002744794481273903	0.0036487808352453077	0.007137520764535892	0.0019218122153113629	0.9845470917036335	0.0	0
DLBCL11523	0.002615479921607596	0.0034503128622229294	0.003650000906067366	0.005507420226858964	0.9847767860832431	0.9847767860832431	0.0	4
DLBCL10990	0.002815412594311264	0.004871521113600266	0.003149020250361496	0.004242046588961248	0.9849219994527657	0.9849219994527657	4.0	4
DLBCL11187	0.0026281364006723634	0.0031170329511861646	0.0031683457568646477	0.005397737085923792	0.985688747805353	0.985688747805353	4.0	4
DLBCL10842	0.0021833761948784353	0.00350090395139067	0.0034345598221408305	0.005168318762955077	0.985712841268635	0.985712841268635	4.0	4
DLBCL10875	0.9863835395088416	0.0029707339546623237	0.0031222154619146305	0.005195897561789638	0.0023276135127917835	0.9863835395088416	0.0	0
DLBCL_MC_F519_ALT	0.0018545128138513437	0.002804514172476847	0.003032364979788662	0.0037832169803304794	0.9885253910535526	0.9885253910535526	4.0	4
DLBCL10917	0.002539698996460316	0.9886778346331022	0.00402147942861568	0.0016351613492512343	0.0031258255925705083	0.9886778346331022	1.0	1
DLBCL11203	0.0020851759279517765	0.9888426729496329	0.003575415087372667	0.002611231437430393	0.002885504597612206	0.9888426729496329	1.0	1
DLBCL_RICOVER_780	0.0019982363264079116	0.9900366364888503	0.0030937749103561157	0.0024680874778924946	0.002403264796493113	0.9900366364888503	1.0	1
DLBCL10852	0.001663883687169156	0.002838342089481717	0.00246728457526137	0.002873183425042128	0.9901573062230457	0.9901573062230457	4.0	4
DLBCL10996	0.9901999953037797	0.0012266531657866876	0.0024779926491448694	0.003414659564409597	0.002680699316879191	0.9901999953037797	0.0	0
DLBCL_RICOVER_253	0.002436851967683674	0.9902156600138728	0.002734956968834754	0.0016396144138533578	0.0029729166357553762	0.9902156600138728	1.0	1
DLBCL_LS1757	0.9902258543354381	0.0017729076761129946	0.0016077679552100508	0.004439198620730416	0.0019542714125084805	0.9902258543354381	0.0	0
DLBCL_C_D_1130_NULLPAIR	0.9905336864498182	0.0025515243788976454	0.001666845518309624	0.0032215918943348017	0.0020263517586397743	0.9905336864498182	0.0	0
DLBCL_RICOVER_174	0.0025448517113529664	0.9907138472179792	0.0027811476835148583	0.0018959544709022114	0.00206419891625083	0.9907138472179792	1.0	1
DLBCL_C_D_1136_NULLPAIR	0.001925501906826558	0.9913858755409806	0.0024945352473697293	0.0021305556651474373	0.0020635316396757303	0.9913858755409806	1.0	1
DLBCL10911	0.0021982466962620815	0.9917433415178889	0.0025311503796600233	0.0015270314261594906	0.002000229980029516	0.9917433415178889	1.0	1
DLBCL10975	0.9920965382035987	0.0009501558574382536	0.0012349292774424296	0.0041651576745494415	0.0015532189869711585	0.9920965382035987	0.0	0
DLBCL_MAYO_DLBCL_7359	0.0015496078241470734	0.9923422982976199	0.0025133095433994526	0.0013741229008503806	0.0022206614339832466	0.9923422982976199	1.0	1
DLBCL11482	0.9923499065244566	0.0011258470592927256	0.001318746716551389	0.0040261232057449215	0.0011793764939543063	0.9923499065244566	0.0	0
DLBCL11666	0.00128039250126198	0.0017728680077074466	0.9926023374657933	0.0029435626041934013	0.0014008394210438641	0.9926023374657933	2.0	2
DLBCL_C_D_1108_NULLPAIR	0.0011456440607468645	0.9941939855440101	0.001695427945593569	0.0011976992059085426	0.001767243243740926	0.9941939855440101	1.0	1
DLBCL11457	0.9952304207944626	0.0006750747980687502	0.000793475201094515	0.002391014740509353	0.0009100144658647922	0.9952304207944626	0.0	0
DLBCL10918	0.99568755358512	0.0005381932877127835	0.000932795494474837	0.0021398241869445985	0.0007016334457478232	0.99568755358512	0.0	0
DLBCL_RICOVER_685	0.000578562110154933	0.0008725213690750729	0.0007717525142587431	0.0011401356392556833	0.9966370283672555	0.9966370283672555	4.0	4
DLBCL_RICOVER_1293	0.0005555212636849689	0.0007428246039671697	0.0004740125753940334	0.0007028841330065423	0.9975247574239473	0.9975247574239473	4.0	4
DLBCL10534	0.00032860682701934407	0.0004920495116467911	0.0003635367245335662	0.00042652634619087684	0.9983892805906094	0.9983892805906094	4.0	4
DLBCL10884	0.9988342881089711	0.00019907469448840253	0.00022026292493687136	0.0005347624968630538	0.00021161177474054258	0.9988342881089711	0.0	0
