	C1	C2	C3	C4	C5	Confidence	True Cluster	Predicted Cluster
DLBCL11431	0.21450357168954032	0.18969703979457178	0.2403169594042094	0.14956356137687468	0.20591886773480375	0.2403169594042094	4.0	2
DLBCL11471	0.3269558242218519	0.21506978824669729	0.10737547338923688	0.20116977251582016	0.14942914162639379	0.3269558242218519	3.0	0
DLBCL_RICOVER_1150	0.17679413477678124	0.2026243394826376	0.025073228596629134	0.23465883656170197	0.36084946058225	0.36084946058225	0.0	4
DLBCL10969	0.3642524881055797	0.19240810714471313	0.28193345345101056	0.049671668343278644	0.11173428295541787	0.3642524881055797	0.0	0
DLBCL_C_D_1138_NULLPAIR	0.03746280612841289	0.3707937347449463	0.2608965180591167	0.177937279009808	0.15290966205771608	0.3707937347449463	1.0	1
DLBCL11480	0.39027380176994336	0.048363396259042346	0.18171072323214543	0.11071555827668052	0.2689365204621883	0.39027380176994336	0.0	0
DLBCL_MC_F496DMP	0.3924062753883485	0.3147275511982708	0.20980745935299921	0.06236193996617394	0.02069677409420747	0.3924062753883485	1.0	0
DLBCL11495	0.22208274909795672	0.014979660835916337	0.038486228416617974	0.3301426159506065	0.3943087456989025	0.3943087456989025	4.0	4
DLBCL10955	0.21301526193526146	0.05819876564120764	0.09535821018313337	0.3993969967443377	0.23403076549605994	0.3993969967443377	3.0	3
DLBCL11436	0.24876957361336374	0.24067991800109606	0.03620223011931122	0.4053849399274051	0.06896333833882398	0.4053849399274051	1.0	3
DLBCL10971	0.41206734731547195	0.29994041475933164	0.027707050546851738	0.11498318424792009	0.1453020031304245	0.41206734731547195	0.0	0
DLBCL10908	0.13335361724119407	0.41232299091256946	0.10980685269463936	0.07464640388420576	0.2698701352673913	0.41232299091256946	4.0	1
DLBCL_MC_F927_JHS	0.11311415085205172	0.2305220471240561	0.1544609095886648	0.08821823907988138	0.413684653355346	0.413684653355346	4.0	4
DLBCL10513	0.12422468866999456	0.09207015612270207	0.355284304113179	0.4161015652104076	0.012319285883716766	0.4161015652104076	3.0	3
DLBCL11574	0.06474395632898701	0.20974691792345965	0.42380313916764384	0.07589289221756207	0.22581309436234745	0.42380313916764384	2.0	2
DLBCL11446	0.14243166250676553	0.18117109660589248	0.20334174609691646	0.42420583767769304	0.0488496571127324	0.42420583767769304	1.0	3
DLBCL11528	0.27898702978736023	0.2300296220022079	0.4263233564717323	0.03615338753555502	0.02850660420314459	0.4263233564717323	2.0	2
DLBCL11681	0.4289075932110692	0.013031331239714998	0.3791726716774455	0.1088516151050996	0.07003678876667076	0.4289075932110692	0.0	0
DLBCL_C_D_1115_NULLPAIR	0.1606838497792827	0.29779040055607986	0.057186883176189064	0.433836395603014	0.05050247088543434	0.433836395603014	3.0	3
DLBCL11534	0.05028577894603917	0.02832458395989692	0.437767175559224	0.1740265169746621	0.30959594456017786	0.437767175559224	2.0	2
DLBCL10874	0.09583343248277719	0.4378477709720011	0.027916429721788687	0.16009473546014627	0.27830763136328684	0.4378477709720011	1.0	1
DLBCL_BWH_DLBCL64	0.2583752807408996	0.21842689281795163	0.06256071875852455	0.44468260414662125	0.01595450353600283	0.44468260414662125	1.0	3
DLBCL10915	0.07361506830435793	0.0674023472370676	0.04983703465751996	0.36051268232991057	0.44863286747114395	0.44863286747114395	4.0	4
DLBCL11457	0.459117573465846	0.010798336303117355	0.08610347156971658	0.35008013723829473	0.09390048142302533	0.459117573465846	0.0	0
DLBCL_RICOVER_1081	0.08391953543763035	0.012888840116485861	0.10617678320571762	0.33501755578723214	0.46199728545293406	0.46199728545293406	4.0	4
DLBCL10909	0.08489503218258507	0.015850298498491885	0.0992836700845379	0.3378395016768789	0.46213149755750627	0.46213149755750627	4.0	4
DLBCL_RICOVER_216	0.054284470014822846	0.07422360973546341	0.3622003286953445	0.046977524462044104	0.4623140670923249	0.4623140670923249	2.0	4
DLBCL10873	0.08166832185561111	0.3150527923706192	0.1035837792517172	0.4641696875688666	0.03552541895318604	0.4641696875688666	1.0	3
DLBCL10972	0.46685112741189144	0.052567119189934196	0.04696079209397158	0.09116893789133348	0.34245202341286934	0.46685112741189144	0.0	0
DLBCL10907	0.12716176176529212	0.29183009428830636	0.02430672256067189	0.08531468215009788	0.47138673923563174	0.47138673923563174	1.0	4
DLBCL11448	0.02777795342202289	0.08123782474088895	0.23944148051794295	0.17862630761551682	0.4729164337036284	0.4729164337036284	3.0	4
DLBCL_RICOVER_773	0.01921588175438702	0.15026663007981916	0.3289065664297664	0.028350711716106747	0.4732602100199207	0.4732602100199207	4.0	4
DLBCL_RICOVER_711	0.2759324019514633	0.4761527743413102	0.01883974544813979	0.199328779384757	0.02974629887432986	0.4761527743413102	3.0	1
DLBCL11441	0.12881190402103587	0.013469281476789136	0.06971196437333146	0.3092561749862647	0.4787506751425789	0.4787506751425789	2.0	4
DLBCL10856	0.03817249908751492	0.4801223069390481	0.1623049312756447	0.04855964990637395	0.27084061279141836	0.4801223069390481	2.0	1
DLBCL11590	0.18910101130936818	0.01928484679794046	0.24517652279482208	0.48326955504150876	0.06316806405636059	0.48326955504150876	2.0	3
DLBCL_LS1668	0.11201397041715136	0.31922841596797763	0.040189975358768164	0.4834274834769183	0.04514015477918448	0.4834274834769183	1.0	3
DLBCL10865	0.28385916312095194	0.09506944617823926	0.02844517539784503	0.10710320862410426	0.48552300667885956	0.48552300667885956	4.0	4
DLBCL10936	0.1542521016112587	0.4879723508055697	0.14223942895090788	0.10797007710700501	0.10756604152525862	0.4879723508055697	2.0	1
DLBCL_RICOVER_978	0.4902829768681343	0.0283993479361875	0.0787118219634323	0.3790265174201066	0.023579335812139134	0.4902829768681343	2.0	0
DLBCL11206	0.029026163166215837	0.4908355602838027	0.08837338640531	0.01530060846198629	0.3764642816826852	0.4908355602838027	4.0	1
DLBCL11002	0.49172342344899805	0.028205796682682728	0.05218957040023642	0.4094495831175686	0.018431626350514287	0.49172342344899805	3.0	0
DLBCL11683	0.06824638871416651	0.031969020111220124	0.3816448440004073	0.4939414940655382	0.024198253108667845	0.4939414940655382	2.0	3
DLBCL10838	0.039427714501004095	0.4040653124736426	0.02117172177828742	0.04107422060579651	0.49426103064126936	0.49426103064126936	4.0	4
DLBCL11470	0.40124551856617363	0.014182120169452403	0.0652014768021324	0.49448736003914434	0.02488352442309728	0.49448736003914434	0.0	3
DLBCL11678	0.08479082361128759	0.03169866510766431	0.49475996438163766	0.3670947833296712	0.021655763569739115	0.49475996438163766	3.0	2
DLBCL10539	0.06893961733476438	0.5035339557647414	0.04282148698069164	0.19858896492366773	0.18611597499613497	0.5035339557647414	3.0	1
DLBCL10491	0.06516548596395423	0.3298434081021385	0.0809965291661777	0.506831394078622	0.0171631826891077	0.506831394078622	3.0	3
DLBCL10973	0.054713987361058106	0.019366474736072354	0.2851409074782254	0.5081173950599329	0.13266123536471125	0.5081173950599329	3.0	3
DLBCL11467	0.08629019155004966	0.055593889725134175	0.09900704731545233	0.510015139719337	0.24909373169002694	0.510015139719337	3.0	3
DLBCL10927	0.3953814619217685	0.02214525612853702	0.028709252572533345	0.5146974141071156	0.03906661527004556	0.5146974141071156	3.0	3
DLBCL_C_D_PAIR13	0.13724314268802054	0.13515750900359266	0.12749636757492863	0.08538618121626143	0.5147167995171967	0.5147167995171967	4.0	4
DLBCL11466	0.09600860441337689	0.27695636985943245	0.055811696462179525	0.5154659808961329	0.05575734836887812	0.5154659808961329	1.0	3
DLBCL_RICOVER_866	0.04214707599997511	0.029399494392505096	0.522111621956179	0.3833556375288992	0.022986170122441623	0.522111621956179	2.0	2
DLBCL_MAYO_DLBCL_3653	0.0590728503298632	0.06026359256751598	0.10967320967005585	0.24544762712480564	0.5255427203077593	0.5255427203077593	0.0	4
DLBCL11486	0.5271606219559078	0.02801005846164115	0.044912851182267136	0.040248472656962124	0.3596679957432217	0.5271606219559078	0.0	0
DLBC_FF_8042_TP_NB	0.02641715021745746	0.1332918231151688	0.20947737441044967	0.10358701232732752	0.5272266399295966	0.5272266399295966	4.0	4
DLBCL_MAYO_DLBCL_234	0.11967151245152324	0.015288772226950265	0.5277168040267682	0.31144060540710305	0.025882305887655263	0.5277168040267682	2.0	2
DLBCL10970	0.05780805340020505	0.2833723190280909	0.09269423238283646	0.5280505605813639	0.038074834607503646	0.5280505605813639	3.0	3
DLBCL_C_D_1153_NULLPAIR	0.0700968344106627	0.08411941929375293	0.026196297421209658	0.5280669724748858	0.291520476399489	0.5280669724748858	3.0	3
DLBCL10877	0.14133011787319524	0.5321838827555665	0.11037091766883794	0.07099400748796501	0.14512107421443537	0.5321838827555665	0.0	1
DLBCL_C_D_1117_NULLPAIR	0.15242224988706368	0.5373940448443182	0.020848493018789944	0.2588884183171997	0.030446793932628464	0.5373940448443182	1.0	1
DLBCL11003	0.060799287747524466	0.537500022632003	0.01892289442807417	0.030001405036780178	0.3527763901556182	0.537500022632003	1.0	1
DLBCL10462	0.537581539915884	0.012223099831033063	0.06092982744167677	0.2126250426904725	0.17664049012093377	0.537581539915884	0.0	0
DLBC_FF_A7CX_TP_NB	0.5386027373322458	0.02741143015851102	0.0734417477086869	0.056470841168832046	0.30407324363172417	0.5386027373322458	4.0	0
DLBCL11536	0.062231012352503196	0.288509226197744	0.050918090753348404	0.5389578431451303	0.05938382755127415	0.5389578431451303	3.0	3
DLBCL10486	0.1298525378257015	0.22687286885440527	0.01753564190643428	0.08640020609984192	0.5393387453136171	0.5393387453136171	0.0	4
DLBCL_C_D_1148_NULLPAIR	0.2761063754009897	0.01373579146997653	0.14177308865368768	0.5420254877214444	0.02635925675390169	0.5420254877214444	0.0	3
DLBCL10456	0.05583398957394555	0.022625655400685136	0.10913596668767898	0.5441455584306109	0.2682588299070795	0.5441455584306109	3.0	3
DLBCL11433	0.04832715250285875	0.01894563480934722	0.04533725954596535	0.3422513702092377	0.545138582932591	0.545138582932591	3.0	4
DLBCL_LS4593	0.028058131703640563	0.5490214817943471	0.22088327471147956	0.170485345506442	0.03155176628409075	0.5490214817943471	2.0	1
DLBCL10501	0.01059901029575398	0.5536854302133388	0.35300302437224196	0.04165943463543225	0.04105310048323301	0.5536854302133388	2.0	1
DLBCL11516	0.08873864799547648	0.5543540247528276	0.027133014796395703	0.18294697089041984	0.14682734156488042	0.5543540247528276	1.0	1
DLBCL_RICOVER_522	0.17377439595877273	0.036087789143971975	0.2192223979845636	0.5578281874957739	0.01308722941691777	0.5578281874957739	2.0	3
DLBCL10464	0.34903423204399125	0.03161445414261262	0.5581271001327957	0.04293268654852144	0.018291527132079054	0.5581271001327957	2.0	2
DLBCL11652	0.5582944391471886	0.30525705927588365	0.04168142335347691	0.04636583208089857	0.04840124614255229	0.5582944391471886	0.0	0
DLBCL11202	0.11972967424625232	0.09200546837940378	0.5598407607151621	0.2180303713161657	0.010393725343016134	0.5598407607151621	0.0	2
DLBCL_LS4619	0.02114658187510059	0.09216216558647801	0.5601135041361168	0.08197513350658735	0.24460261489571722	0.5601135041361168	4.0	2
DLBCL10514	0.06348841854836594	0.5601677036158831	0.24546615523666915	0.11681371681520096	0.014064005783880899	0.5601677036158831	2.0	1
DLBCL_LS2328	0.047930362914338734	0.3379569314996483	0.5631330744005253	0.038889843109206325	0.012089788076281293	0.5631330744005253	2.0	2
DLBCL10986	0.5649945695131783	0.05603125992102919	0.17850624218048797	0.15394933777026054	0.04651859061504396	0.5649945695131783	0.0	0
DLBCL10934	0.053969756887323174	0.27955399481512	0.022177472853159783	0.07715151354332078	0.5671472619010762	0.5671472619010762	1.0	4
DLBCL11483	0.12762726601662716	0.11717109051944534	0.11003393625851722	0.07607382250397092	0.5690938847014393	0.5690938847014393	1.0	4
DLBCL10919	0.5728712752447007	0.013730511046447928	0.045609607561292426	0.3323013003057714	0.035487305841787574	0.5728712752447007	3.0	0
DLBCL11591	0.01820666910745582	0.3543073777180446	0.5740103613441138	0.020378983964662936	0.03309660786572295	0.5740103613441138	1.0	2
DLBCL_C_D_1118_NULLPAIR	0.3323845654689633	0.5756429734767283	0.016115921662752976	0.04649393747912686	0.029362601912428607	0.5756429734767283	1.0	1
DLBCL_MC_F064AB	0.09669377617113019	0.07703890237352276	0.22732402316229153	0.5811401981936536	0.017803100099401902	0.5811401981936536	2.0	3
DLBCL10906	0.04488467267592346	0.5829322643380896	0.01828119430019586	0.022871631942704296	0.33103023674308674	0.5829322643380896	1.0	1
DLBCL10869	0.05827987785674615	0.1916375329194093	0.5831617946045295	0.09001793753019212	0.07690285708912291	0.5831617946045295	0.0	2
DLBCL11430	0.2823720684666365	0.01849750385880865	0.09093312002711076	0.584250395381173	0.023946912266271117	0.584250395381173	0.0	3
DLBCL11525	0.2247613031735167	0.019877352123840352	0.5866578714929406	0.15318575936597023	0.015517713843732238	0.5866578714929406	2.0	2
DLBCL11204	0.14376807073310446	0.5929196499660833	0.0509882889515327	0.07304337394207934	0.1392806164072002	0.5929196499660833	1.0	1
DLBCL_LS1304	0.02187710893863208	0.027482190078868072	0.6005616732568573	0.0352549704676512	0.3148240572579914	0.6005616732568573	2.0	2
DLBCL11432	0.6030708274726394	0.00768556533523389	0.1591760052357212	0.09065699833133914	0.13941060362506633	0.6030708274726394	0.0	0
DLBCL_RICOVER_258	0.05184197094463792	0.018059182832751416	0.2644739100315567	0.05844176818129348	0.6071831680097606	0.6071831680097606	2.0	4
DLBCL11488	0.6088554058346564	0.01207916022709673	0.018008529503942144	0.09374609487670273	0.267310809557602	0.6088554058346564	0.0	0
DLBCL_MC_F362_MJB1	0.018838987783054328	0.210075774181058	0.6141164788961265	0.020907001059232704	0.13606175808052837	0.6141164788961265	2.0	2
DLBCL10454	0.16118772607471454	0.16100031150685934	0.0458463928798773	0.016973466937520162	0.6149921026010287	0.6149921026010287	4.0	4
DLBCL_RICOVER_1045	0.6165061592360505	0.03592574509644335	0.018731820985302395	0.2794241371810642	0.049412137501139666	0.6165061592360505	3.0	0
DLBCL10858	0.05825325150520206	0.013315157687590853	0.031021890490878317	0.2807010003705568	0.6167086999457719	0.6167086999457719	3.0	4
DLBCL_RICOVER_910	0.1345784810726669	0.17304722311719123	0.04435518399139753	0.6195113959249743	0.028507715893770116	0.6195113959249743	0.0	3
DLBCL11468	0.07123028460223227	0.027232350657319822	0.6218234524634959	0.2517375104129447	0.027976401864007353	0.6218234524634959	2.0	2
DLBCL_C_D_1112_NULLPAIR	0.03568024840174166	0.18882876102383875	0.625778411750045	0.04957270001960205	0.10013987880477263	0.625778411750045	2.0	2
DLBCL_RICOVER_787	0.13045731375149097	0.6258520433169101	0.055204807711361555	0.17070777183568975	0.01777806338454756	0.6258520433169101	1.0	1
DLBCL10503	0.039203638508475594	0.626324052753126	0.1477517225941303	0.039353730165688834	0.1473668559785793	0.626324052753126	1.0	1
DLBCL_MC_F210_GWC	0.07114136077631267	0.632084970947554	0.02753425857258306	0.22208897997964008	0.047150429723910196	0.632084970947554	1.0	1
DFCIDL004_DT	0.176448647956226	0.013119094622892893	0.028775636591022936	0.14917449799911792	0.6324821228307402	0.6324821228307402	4.0	4
DLBCL11437	0.051678436820168906	0.014164347223646581	0.07012655157278744	0.6374499240299145	0.2265807403534825	0.6374499240299145	3.0	3
DLBCL_RICOVER_151	0.06986553051418566	0.18779572762094077	0.04768264679828949	0.6406716205470538	0.05398447451953018	0.6406716205470538	3.0	3
DLBCL11491	0.1925450849037045	0.022206007539072883	0.03976934520250803	0.6420718218537915	0.10340774050092305	0.6420718218537915	3.0	3
DLBCL10894	0.21515867164631236	0.6422145509661701	0.02265774959264385	0.09653660264358987	0.023432425151283867	0.6422145509661701	1.0	1
DLBCL_RICOVER_956	0.016163980087258032	0.28150967432883506	0.029703802518126723	0.02727798083551856	0.6453445622302616	0.6453445622302616	4.0	4
DLBCL_DFCI_DLBCL_GOE05	0.010334255254479943	0.6499262204955657	0.07088541221029397	0.022675522318327583	0.24617858972133283	0.6499262204955657	1.0	1
DLBCL10980	0.011797413211329873	0.14189354363215728	0.11526402487416336	0.07990915905726843	0.651135859225081	0.651135859225081	4.0	4
DLBCL10542	0.6512487398133942	0.011644872121244947	0.04369468883304746	0.050235832828818536	0.24317586640349492	0.6512487398133942	0.0	0
DLBCL10981	0.050380216458132655	0.6514008851409266	0.06263253281384831	0.14592625999356154	0.08966010559353091	0.6514008851409266	1.0	1
DLBCL11474	0.6542772339615532	0.017311547977627944	0.01773133571272083	0.254057940095156	0.05662194225294196	0.6542772339615532	0.0	0
DLBCL11455	0.17687702975098568	0.01665226448993818	0.07665638072519591	0.6543490679869328	0.07546525704694733	0.6543490679869328	2.0	3
DLBCL10512	0.020834708274857033	0.08212305762287019	0.6564751345495683	0.03496048541170618	0.20560661414099826	0.6564751345495683	2.0	2
DLBCL11469	0.021014533529096074	0.057532356848637604	0.6584759546069824	0.028500074961377273	0.23447708005390663	0.6584759546069824	2.0	2
DLBCL10962	0.03165399640664653	0.6589104535025194	0.20297854948377816	0.0228178913645022	0.08363910924255377	0.6589104535025194	1.0	1
DLBCL11664	0.21920726268353496	0.6597313374491113	0.03593652007698151	0.0686402356812022	0.016484644109170065	0.6597313374491113	1.0	1
DLBCL10959	0.6599474164785939	0.021353097774511616	0.015307123522516706	0.24479388272062055	0.05859847950375717	0.6599474164785939	0.0	0
DLBCL_RICOVER_1018	0.07105772895216651	0.2067578234777957	0.02866123250218699	0.6603392113007653	0.033184003767085475	0.6603392113007653	3.0	3
DLBCL_RICOVER_338	0.6634526223756099	0.01685969430916004	0.060439258192319635	0.24260716870652974	0.01664125641638071	0.6634526223756099	0.0	0
DLBCL10450	0.6645333891927474	0.11708372068252659	0.014334337846416745	0.16375703256773205	0.040291519710577234	0.6645333891927474	0.0	0
DLBCL_LS2245	0.0746341428669633	0.6649486230223514	0.20957251793537657	0.030587093352475496	0.02025762282283327	0.6649486230223514	1.0	1
DLBCL_MC_F815_BAT	0.04574030285246038	0.040383287280968974	0.6657383467254153	0.21484506762124317	0.03329299551991219	0.6657383467254153	2.0	2
DLBCL10921	0.030251144797687098	0.2614629900773753	0.016846126682652302	0.020616607273532768	0.6708231311687525	0.6708231311687525	4.0	4
DLBCL10925	0.0869492550246773	0.07939466981843786	0.018236320165184148	0.1412780716998181	0.6741416832918826	0.6741416832918826	4.0	4
DLBCL10867	0.029042418816826402	0.23606414761230796	0.017653076713866907	0.040410850044521975	0.6768295068124768	0.6768295068124768	4.0	4
DLBCL_C_D_1140_NULLPAIR	0.07259789268903466	0.04126125657211743	0.09723672728416118	0.11017698677016623	0.6787271366845204	0.6787271366845204	4.0	4
DLBCL11581	0.03169219095751634	0.018368165590776513	0.14606908800331625	0.12081641379668694	0.683054141651704	0.683054141651704	4.0	4
DLBCL11518	0.685384002773547	0.09570227298460096	0.152402339199184	0.04837819128839661	0.018133193754271363	0.685384002773547	2.0	0
DLBCL11576	0.06677581820330186	0.174830237520563	0.04265534805156751	0.6870210559703912	0.02871754025417642	0.6870210559703912	3.0	3
DLBCL10837	0.12376526335009971	0.10528986564347106	0.025009258414179444	0.05819989258013625	0.6877357200121135	0.6877357200121135	4.0	4
DLBCL_RICOVER_780	0.014515958327910607	0.6877471422276799	0.23914119858768215	0.03737178171521562	0.02122391914151175	0.6877471422276799	1.0	1
DLBCL_RICOVER_401	0.023668173491042603	0.24900773784249589	0.6895931781183959	0.01949173455567421	0.018239175992391388	0.6895931781183959	1.0	2
DLBCL_MC_F739_AMA3	0.01612022224287473	0.6905724744966188	0.24498109970350895	0.029369015555560346	0.018957188001437045	0.6905724744966188	1.0	1
DLBCL10863	0.13358927826315223	0.018355803948012363	0.024808100519942866	0.6926817843273552	0.13056503294153732	0.6926817843273552	3.0	3
DLBCL_LS2208	0.0202510634314128	0.08068057285979567	0.16716393247012504	0.037729624702855485	0.694174806535811	0.694174806535811	4.0	4
DLBCL10845	0.016868257070471973	0.6944939330205991	0.025957916767177062	0.06071370385326862	0.20196618928848314	0.6944939330205991	1.0	1
DLBCL11429	0.6945260942797661	0.012310596441271734	0.030895272811490373	0.20060549994557866	0.06166253652189314	0.6945260942797661	0.0	0
DLBCL10846	0.11734048607588615	0.7033779684105858	0.02389324116052399	0.07435046538505687	0.08103783896794722	0.7033779684105858	1.0	1
DLBCL10835	0.025215277420540628	0.13581606499385004	0.022824461166639633	0.11246200451106937	0.7036821919079003	0.7036821919079003	4.0	4
DLBCL10965	0.14281675442491518	0.017641260401064233	0.05968100181480267	0.7061823420634216	0.07367864129579642	0.7061823420634216	3.0	3
DLBCL11519	0.7071289526217046	0.044797972825454564	0.017220935342004955	0.2149245697851137	0.015927569425722175	0.7071289526217046	0.0	0
DLBCL_C_D_1159_NULLPAIR	0.21792793287079582	0.01721659242789099	0.029911434176031027	0.7094117693425782	0.025532271182704017	0.7094117693425782	3.0	3
DLBCL_LS3499	0.1255897222352353	0.09160653313786929	0.04073438285290602	0.710310792363571	0.03175856941041842	0.710310792363571	3.0	3
DLBCL11663	0.7126121962222602	0.046288316277029416	0.0885807305909697	0.11785103554545821	0.03466772136428249	0.7126121962222602	0.0	0
DLBCL_RICOVER_1190	0.12239106816951958	0.05589046205654609	0.08092750532457532	0.02627517846194163	0.7145157859874174	0.7145157859874174	4.0	4
DLBCL10964	0.03616168861524665	0.04712285360080228	0.017613670009901834	0.18405870056492477	0.7150430872091246	0.7150430872091246	4.0	4
DLBCL_RICOVER_120	0.7184625861629886	0.04424682561644844	0.13360630407409593	0.040875782413029686	0.0628085017334373	0.7184625861629886	4.0	0
DLBCL_LS2590	0.04195173292500412	0.01991946280400381	0.04410182070083695	0.7211115931389948	0.17291539043116042	0.7211115931389948	3.0	3
DLBCL10548	0.7227164210942288	0.11674005102903545	0.01468882277584271	0.11148240230631186	0.03437230279458114	0.7227164210942288	0.0	0
DLBCL10487	0.07504357370106043	0.723677591389262	0.03637777622072538	0.13794549031190004	0.02695556837705207	0.723677591389262	1.0	1
DLBCL_RICOVER_826	0.7266184133965561	0.03735115845655521	0.020062095922107327	0.11939879632531614	0.09656953589946526	0.7266184133965561	0.0	0
DLBCL10985	0.08182240523124618	0.728049761293	0.019839854769937087	0.14275221447419065	0.027535764231626035	0.728049761293	1.0	1
DLBCL_C_D_1103_NULLPAIR	0.062058617097775	0.12752083546002843	0.05629070834241603	0.729190278662197	0.024939560437583632	0.729190278662197	3.0	3
DLBCL_RICOVER_1269	0.015453033807733526	0.125857328720039	0.7360106729205115	0.06985768998868133	0.05282127456303464	0.7360106729205115	2.0	2
DLBCL_C_D_1144_NULLPAIR	0.05408335065398651	0.14173896968153424	0.017273513588154585	0.04920130598625251	0.7377028600900721	0.7377028600900721	4.0	4
DLBCL11657	0.029905537657335807	0.060045384606195275	0.7393566150859984	0.14530864436823476	0.025383818282235824	0.7393566150859984	3.0	2
DLBCL10544	0.04125953224275332	0.015178210110461833	0.04877358151811776	0.7400053259303015	0.15478335019836556	0.7400053259303015	3.0	3
DLBCL10999	0.014706640726748222	0.020625910491176437	0.06658986530637157	0.15782655766139048	0.7402510258143132	0.7402510258143132	4.0	4
DLBCL_RICOVER_473	0.7406406776215604	0.05862620650168697	0.03277189737554281	0.14273291515928677	0.025228303341923042	0.7406406776215604	0.0	0
DLBCL10974	0.07464062138814127	0.022706790722759863	0.04935746227277283	0.7411981209244966	0.11209700469182944	0.7411981209244966	3.0	3
DLBCL10472	0.042578108857015386	0.022150915351883977	0.7422364292782915	0.17888921788997308	0.014145328622836042	0.7422364292782915	2.0	2
DLBCL10553	0.043246889808255806	0.02652561003690517	0.14074588706946758	0.7428151477754728	0.04666646530989869	0.7428151477754728	3.0	3
DLBCL_RICOVER_1046	0.011059442024143657	0.17197702905386406	0.7440156660697128	0.02218032467984545	0.05076753817243398	0.7440156660697128	1.0	2
DLBCL11472	0.7469792521728642	0.00794164954153124	0.031967423714790257	0.17569346282402293	0.03741821174679131	0.7469792521728642	0.0	0
DLBCL11439	0.7526561406214779	0.01181740491726462	0.12131183041809311	0.07542878882720983	0.03878583521595451	0.7526561406214779	2.0	0
DLBCL11510	0.10258857509193917	0.7533081112362973	0.04263741878381577	0.03350423790201205	0.06796165698593581	0.7533081112362973	4.0	1
DLBCL11504	0.09301630730984875	0.022867703355558735	0.026956312515389023	0.10170106995200943	0.755458606867194	0.755458606867194	4.0	4
DLBC_FF_8062_TP_NB	0.0914962075194241	0.020869960647720984	0.10936164776091631	0.7563111568837733	0.021961027188165366	0.7563111568837733	3.0	3
DFCIDL009_DT	0.014811649690531082	0.17650103802975192	0.7568755128307905	0.03104893526689397	0.02076286418203263	0.7568755128307905	2.0	2
DLBCL_RICOVER_1278	0.03644090966332841	0.03166844822838407	0.0203240484474461	0.15223980230610873	0.7593267913547327	0.7593267913547327	4.0	4
DLBCL_RICOVER_720	0.023377953843425236	0.7613798412487695	0.030653102955406235	0.013371794629129866	0.17121730732326923	0.7613798412487695	4.0	1
DLBCL10527	0.028186522261888485	0.022287938332337876	0.0935569039919879	0.762150878903194	0.09381775651059171	0.762150878903194	3.0	3
DLBCL_MC_F218_RAP	0.15441244239907786	0.018370053430695955	0.04657871426611455	0.7622733540001684	0.01836543590394325	0.7622733540001684	3.0	3
DLBCL10566	0.06154338964131074	0.13375182768573315	0.019646601888302643	0.018576963794160305	0.7664812169904932	0.7664812169904932	4.0	4
DLBCL11001	0.06723517185702316	0.014771379951147325	0.05730109953835389	0.09404956980276538	0.7666427788507103	0.7666427788507103	4.0	4
DLBCL_RICOVER_1060	0.0885230766319942	0.7682334662097634	0.02514192452661586	0.025221901639783717	0.09287963099184281	0.7682334662097634	1.0	1
DLBCL10517	0.010353615856796677	0.7683903571928821	0.16978855379849364	0.02504142298992261	0.02642605016190504	0.7683903571928821	1.0	1
DLBCL10536	0.02156654236763524	0.1284685366582554	0.7691271469349206	0.06076974724651616	0.0200680267926726	0.7691271469349206	2.0	2
DLBCL10957	0.7691706029210644	0.019012822429840294	0.07655867555261041	0.12157791361020474	0.01367998548628014	0.7691706029210644	0.0	0
DLBCL11449	0.042547795714696204	0.7731435003126086	0.0306342199774413	0.03994597066705841	0.11372851332819549	0.7731435003126086	1.0	1
DLBCL_RICOVER_1106	0.016316529333892122	0.11818431641581256	0.02117832549795204	0.07091953111105041	0.7734012976412928	0.7734012976412928	4.0	4
DLBCL11496	0.08666671242270843	0.02324376619358431	0.06978033721092346	0.04608689208420363	0.7742222920885802	0.7742222920885802	0.0	4
DLBCL_RICOVER_506	0.012491791276424058	0.16365739863308923	0.027739732153080683	0.017887863670987433	0.7782232142664186	0.7782232142664186	4.0	4
DLBCL11538	0.027444793896597732	0.011195223299141677	0.7805732551014742	0.12060015807515269	0.06018656962763367	0.7805732551014742	4.0	2
DLBCL11535	0.059305147607437464	0.021894143809397772	0.03430855746065239	0.7838510038902131	0.10064114723229921	0.7838510038902131	3.0	3
DLBCL11527	0.07344686186250636	0.020276609332802707	0.06174989653074313	0.7856140218467991	0.05891261042714872	0.7856140218467991	3.0	3
DLBCL10451	0.7859585979436279	0.018607407042968857	0.1457945329314059	0.035928983211258245	0.013710478870739147	0.7859585979436279	0.0	0
DLBCL11533	0.08231743331177144	0.7904794081118902	0.07964105579517326	0.03339841099884897	0.014163691782316115	0.7904794081118902	1.0	1
DLBCL11515	0.02131075703428786	0.02931608231143494	0.7914625435954535	0.03310868812501429	0.1248019289338094	0.7914625435954535	2.0	2
DLBCL_C_D_1156_NULLPAIR	0.793915564093003	0.02348050027796508	0.01653147993014364	0.14860092785260703	0.017471527846281282	0.793915564093003	0.0	0
DLBCL10878	0.10170448594338308	0.013234751860555474	0.01961760809607543	0.06513733447093042	0.8003058196290556	0.8003058196290556	4.0	4
DLBCL10866	0.015967490096780855	0.019664792374272162	0.04073645912838463	0.12320718651576508	0.8004240718847973	0.8004240718847973	4.0	4
DLBCL10521	0.017984640165894093	0.15134469951566562	0.012855896297686084	0.01599228964082784	0.8018224743799264	0.8018224743799264	4.0	4
DLBCL11346	0.019954818915759395	0.8025387735461637	0.026913999013929157	0.018868820988051767	0.131723587536096	0.8025387735461637	1.0	1
DLBCL_RICOVER_467	0.013697104266513539	0.8028925589868732	0.025647952110128824	0.011336215089070716	0.14642616954741378	0.8028925589868732	1.0	1
DLBCL_RICOVER_320	0.03228413901523111	0.07297234986470405	0.8029030657613332	0.048721103966077386	0.04311934139265424	0.8029030657613332	2.0	2
DLBCL11479	0.034400688024042635	0.8037133991142237	0.08894731560170445	0.020679574522942997	0.05225902273708619	0.8037133991142237	1.0	1
DLBCL10482	0.8053167448359911	0.01651027962344041	0.016483562981158634	0.03375968682368658	0.1279297257357232	0.8053167448359911	0.0	0
DLBCL10509	0.12258826610129953	0.8055288213905707	0.011799225896644384	0.029249836070898507	0.030833850540586925	0.8055288213905707	0.0	1
DLBCL10843	0.8075966853634753	0.009663932810801119	0.03052038490112632	0.13183922501247106	0.020379771912126157	0.8075966853634753	0.0	0
DLBCL_RICOVER_575	0.06872619837584375	0.03228574436362833	0.07820577432746445	0.8079150267535234	0.012867256179540015	0.8079150267535234	3.0	3
DLBCL_LS155	0.03566272818143621	0.011481636124479314	0.8093162447936716	0.12695095129499792	0.016588439605414982	0.8093162447936716	2.0	2
DLBCL10552	0.11195022661496222	0.020140325555739764	0.04254021585148156	0.8097229467312161	0.015646285246600382	0.8097229467312161	3.0	3
DLBCL_C_D_1119_NULLPAIR	0.13410408181827885	0.8109607278921624	0.01872977377126113	0.01942064712409422	0.01678476939420329	0.8109607278921624	1.0	1
DLBCL_C_D_1149_NULLPAIR	0.02997375482429644	0.8127019676858206	0.052041963814364954	0.011669493272246822	0.09361282040327125	0.8127019676858206	1.0	1
DLBCL11473	0.07075485529984733	0.030713881477335097	0.03327207319956855	0.8136371985776556	0.051621991445593436	0.8136371985776556	0.0	3
DLBCL_C_D_1139_NULLPAIR	0.09748289310677596	0.043596107828600544	0.02839615216696024	0.8137623577619251	0.016762489135738228	0.8137623577619251	3.0	3
DLBCL10868	0.08744609276208937	0.0172704967111613	0.022726344251949613	0.8147473854111329	0.05780968086366683	0.8147473854111329	3.0	3
DLBCL_MC_F502_RFK	0.011563735832136577	0.8152385079748253	0.13098996221378906	0.01120423677894732	0.031003557200301693	0.8152385079748253	1.0	1
DLBCL_MC_F606_DMJ	0.013796122217922962	0.13112506475778773	0.8165435199180993	0.021590496146409843	0.016944796959780184	0.8165435199180993	2.0	2
DLBCL_LS762	0.022704127158803333	0.021296182426939713	0.1089300788346653	0.030139634530960868	0.8169299770486308	0.8169299770486308	2.0	4
DLBCL11478	0.10016973654803116	0.03349591030057259	0.8179781205993832	0.03534955652142977	0.013006676030583251	0.8179781205993832	0.0	2
DLBCL10993	0.8183335527544796	0.006867192236544293	0.03084764720042122	0.0999906487747276	0.04396095903382724	0.8183335527544796	0.0	0
DLBCL11675	0.020983541488752724	0.00938617022448379	0.818478802743356	0.062424005966307095	0.08872747957710037	0.818478802743356	2.0	2
DLBCL11595	0.012634540692674119	0.11441206211855194	0.031871246230933466	0.02077469411491743	0.820307456842923	0.820307456842923	4.0	4
DLBCL10910	0.013481296621453299	0.09328901472931449	0.8205146300879068	0.045952914335018594	0.026762144226306853	0.8205146300879068	2.0	2
DLBCL10782	0.09445061915541697	0.033288042999758266	0.03127689845688594	0.8226790049871904	0.0183054344007484	0.8226790049871904	3.0	3
DLBCL11659	0.8230857110526344	0.009175629473530537	0.0650091481518609	0.08404344705085098	0.018686064271123157	0.8230857110526344	3.0	0
DLBCL10488	0.825729277615808	0.026756104592009257	0.0625691332778287	0.07781769983544973	0.0071277846789042625	0.825729277615808	0.0	0
DLBCL11656	0.01644215780393918	0.011019229645234722	0.8303765888532222	0.029705079204784098	0.11245694449281983	0.8303765888532222	2.0	2
DLBCL_RICOVER_496	0.03581639654616756	0.8307525592137298	0.08952369111340364	0.02953018298792211	0.014377170138776891	0.8307525592137298	1.0	1
DLBCL11458	0.08842830157432291	0.033250556178281446	0.833298214857518	0.02142225913637391	0.0236006682535038	0.833298214857518	2.0	2
DLBCL_RICOVER_1235	0.012987935086752235	0.8374856590339875	0.11627200142390863	0.017674166145490954	0.015580238309860658	0.8374856590339875	1.0	1
DLBCL_RICOVER_111	0.024577055750116674	0.017727486375645956	0.06432501040034926	0.05560906729510415	0.837761380178784	0.837761380178784	4.0	4
DLBCL_LS4592	0.010519975684203686	0.015786313204652867	0.8413812264194412	0.06727197597143161	0.06504050872027056	0.8413812264194412	2.0	2
DLBCL10902	0.011096786581783537	0.08214354178221325	0.039279700039360176	0.025320509101035414	0.8421594624956076	0.8421594624956076	4.0	4
DLBCL10984	0.01387954921564517	0.11368962581497913	0.012948770120387702	0.016880899799062737	0.8426011550499253	0.8426011550499253	4.0	4
DLBCL_RICOVER_617	0.08498926981250102	0.01973734316246559	0.038299713387205864	0.8426897721622549	0.014283901475572618	0.8426897721622549	3.0	3
DLBCL11464	0.09391722383023043	0.019502276013862667	0.023343816729951665	0.8437056691968381	0.019531014229117117	0.8437056691968381	3.0	3
DLBCL10885	0.0372020066592129	0.8443597199554964	0.012979243746938398	0.026134065164117586	0.07932496447423466	0.8443597199554964	1.0	1
DLBCL11658	0.04035435987744228	0.011680221705340506	0.04424252761711103	0.8472559727138931	0.05646691808621308	0.8472559727138931	3.0	3
DLBCL11501	0.8485492080773014	0.04702599340069499	0.021056887247972274	0.03980536088810339	0.043562550385927996	0.8485492080773014	0.0	0
DLBCL_RICOVER_1204	0.035011153395198155	0.036345926420428304	0.04491964250789824	0.8498880208496878	0.033835256826787494	0.8498880208496878	3.0	3
DLBCL10968	0.8499189607268862	0.006472832792714859	0.01758142859004489	0.06969339357353443	0.056333384316819585	0.8499189607268862	0.0	0
DLBCL_RICOVER_274	0.045351194480256284	0.044607143918491014	0.025481174383836926	0.850179476912481	0.034381010304934845	0.850179476912481	3.0	3
DLBCL_C_D_1123_NULLPAIR	0.8528747089013974	0.0435064918273535	0.020797219985326423	0.07097970935993331	0.011841869925989415	0.8528747089013974	0.0	0
DLBCL_MC_F307_JPS	0.8529154315829822	0.020368750913728237	0.015177214226232447	0.0915711348481297	0.019967468428927406	0.8529154315829822	0.0	0
DLBCL_RICOVER_1061	0.07278063053481101	0.01170431182764709	0.04505059789391482	0.8537329497037928	0.016731510039834304	0.8537329497037928	3.0	3
DLBCL_RICOVER_985	0.0292388304386929	0.023724209188631117	0.061717340619176	0.8545582358964819	0.03076138385701798	0.8545582358964819	3.0	3
DLBCL_RICOVER_701	0.07719252648557572	0.01916504755119668	0.022816341919566427	0.8569183059397738	0.023907778103887334	0.8569183059397738	3.0	3
DLBCL11447	0.050797201962631156	0.016017699658865733	0.02236371307567975	0.8586625930758869	0.052158792226936534	0.8586625930758869	3.0	3
DLBCL10833	0.05726259379555023	0.013403822920288777	0.014295451204928547	0.055770778858069914	0.8592673532211625	0.8592673532211625	4.0	4
DLBCL10994	0.8596124475281494	0.0306352596519747	0.01522316546103747	0.04518215461353896	0.04934697274529954	0.8596124475281494	0.0	0
DLBCL_RICOVER_1032	0.011907754821533258	0.09884438844162562	0.014843103642279453	0.014579219581629109	0.8598255335129326	0.8598255335129326	4.0	4
DLBCL_RICOVER_583	0.011215191886691105	0.8602102397789964	0.037988240262622285	0.010921174502617006	0.07966515356907326	0.8602102397789964	1.0	1
DLBCL10549	0.023351713641634523	0.8635019475363362	0.08447057713932428	0.015742728733591345	0.012933032949113582	0.8635019475363362	1.0	1
DLBCL_C_D_1105_NULLPAIR	0.08115788983256227	0.8651417013320737	0.016313495716026548	0.01877677452226554	0.01861013859707194	0.8651417013320737	1.0	1
DLBCL_C_D_1166_NULLPAIR	0.011207928133575837	0.09514163020147473	0.014448955938564637	0.012385227959995002	0.8668162577663898	0.8668162577663898	4.0	4
DLBCL_C_D_1151_NULLPAIR	0.06309711979783306	0.02627869109184021	0.030760294259476757	0.8668821530144497	0.012981741836400206	0.8668821530144497	3.0	3
DLBCL_LS2367	0.8684209799838895	0.029292425102421006	0.010353323582649813	0.06590348576877399	0.026029785562265793	0.8684209799838895	0.0	0
DLBCL_LS2154	0.044155817402846374	0.8691112600467145	0.0353938581339779	0.02979118542779577	0.02154787898866549	0.8691112600467145	0.0	1
DLBCL_RICOVER_950	0.036655320723566115	0.01564571802605873	0.05949053029384521	0.8693848972373031	0.01882353371922684	0.8693848972373031	3.0	3
DLBCL11194	0.02070164249555215	0.010797642482324194	0.02228215860704371	0.07628274462426415	0.8699358117908158	0.8699358117908158	4.0	4
DLBCL_LS1683	0.008099930190538384	0.8701852321824387	0.030290551583271024	0.01545349151664221	0.07597079452710967	0.8701852321824387	1.0	1
DLBCL10469	0.04709313802909016	0.012081245306395006	0.03247631293109856	0.8704636170925634	0.03788568664085294	0.8704636170925634	3.0	3
DLBCL10963	0.02044624211036371	0.04849578379642161	0.01562451146942841	0.04315598772880289	0.8722774748949834	0.8722774748949834	4.0	4
DLBCL_RICOVER_1287	0.01547182663337873	0.06715638003422628	0.017790495436885014	0.02411834610286672	0.8754629517926433	0.8754629517926433	4.0	4
DLBCL10492	0.055857139794164075	0.014687775356541559	0.011140249584500345	0.03997565737715273	0.8783391778876413	0.8783391778876413	0.0	4
DLBCL11679	0.06934809747765071	0.8786524864155542	0.023570385871256764	0.017166332251327472	0.011262697984210908	0.8786524864155542	1.0	1
DLBCL10495	0.8791162571993434	0.06337027823753737	0.00829149323712996	0.03251793182408357	0.016704039501905743	0.8791162571993434	0.0	0
DLBCL11454	0.8792739950369298	0.01809838022052908	0.008968727506139086	0.08130444468786124	0.012354452548540756	0.8792739950369298	0.0	0
DLBCL11655	0.05553076379341634	0.012449862710598	0.022243259053483223	0.8794321755123595	0.030343938930142866	0.8794321755123595	3.0	3
DLBCL10891	0.012156173076190355	0.010493424691849228	0.04870236554518188	0.04893404153434372	0.8797139951524349	0.8797139951524349	4.0	4
DLBCL11434	0.880396149286244	0.016478096215761656	0.012213180434995937	0.08038560515699615	0.0105269689060023	0.880396149286244	0.0	0
DLBCL_C_D_1109_NULLPAIR	0.06313037912756844	0.01227497809795674	0.023000409756028514	0.880701450006574	0.0208927830118724	0.880701450006574	3.0	3
DLBCL_RICOVER_1289	0.01597670728608434	0.012452600630929948	0.01813881418525513	0.07064304562155856	0.882788832276172	0.882788832276172	4.0	4
DLBCL_MC_F139_LJF	0.06152801635488166	0.014486620393420092	0.022151786349201313	0.8828774944778658	0.018956082424631128	0.8828774944778658	3.0	3
DLBCL_RICOVER_314	0.010405977674149245	0.04357799857116405	0.03703302571093612	0.025913447324089258	0.8830695507196613	0.8830695507196613	4.0	4
DLBCL11196	0.03723571003188693	0.011828429414742424	0.027202683685165152	0.8854391177896789	0.03829405907852659	0.8854391177896789	3.0	3
DLBCL_RICOVER_478	0.0341174760545238	0.885611693838469	0.019083841087562392	0.011568868488452054	0.0496181205309927	0.885611693838469	1.0	1
DLBCL10914	0.8858902743475259	0.02955528872344696	0.044197945344152265	0.023376818553215245	0.016979673031659714	0.8858902743475259	0.0	0
DLBCL10888	0.013498886903144115	0.009087046781995007	0.033911213561575754	0.0550580734979429	0.8884447792553423	0.8884447792553423	4.0	4
DLBCL11669	0.025139508036578398	0.01826622498387379	0.8901321299555266	0.05820354082625782	0.008258596197763387	0.8901321299555266	2.0	2
DLBCL_LS3204	0.029499994384276307	0.8908560981240536	0.025496381795382394	0.04408939416830218	0.010058131527985494	0.8908560981240536	1.0	1
DLBCL10844	0.8909671068686894	0.021578614928137122	0.010099047341133682	0.024606499501162213	0.05274873136087763	0.8909671068686894	0.0	0
DLBCL_LS951	0.8914840837373432	0.0238094353293455	0.023641469993868146	0.05348559589430152	0.007579415045141653	0.8914840837373432	0.0	0
DLBCL10564	0.04272128825906196	0.019102870153469106	0.029212999875776156	0.8917295864347691	0.017233255276923747	0.8917295864347691	3.0	3
DLBCL_RICOVER_134	0.010320200319507054	0.06485834026951949	0.014150525728678231	0.01664162963580035	0.8940293040464948	0.8940293040464948	4.0	4
DLBCL10852	0.01640840920855223	0.022400618756497546	0.013798087833134704	0.05292200921527418	0.8944708749865413	0.8944708749865413	4.0	4
DLBCL10532	0.013541738356876267	0.01398990399280566	0.049466854626270075	0.028421703564609452	0.8945797994594386	0.8945797994594386	4.0	4
DLBCL_RICOVER_850	0.011288929746466177	0.031395587667139194	0.018576802529635814	0.042982389218666726	0.895756290838092	0.895756290838092	4.0	4
DLBCL11459	0.03662593339522968	0.011869567327799986	0.026371435394518923	0.896250272766045	0.028882791116406386	0.896250272766045	3.0	3
DLBCL10939	0.04146401789960159	0.012242547097985418	0.02345144947745109	0.8966858576166925	0.026156127908269385	0.8966858576166925	3.0	3
DLBCL_LS1395	0.01569320757559756	0.04798927572385188	0.8973388703673811	0.014994534351335635	0.0239841119818338	0.8973388703673811	2.0	2
DLBCL10851	0.011938828984105674	0.8989022818363764	0.018873521135127976	0.008400647970414404	0.06188472007397553	0.8989022818363764	1.0	1
DLBCL10975	0.8994338219346183	0.007427885151044486	0.008357405648215544	0.06837902145218822	0.016401865813933485	0.8994338219346183	0.0	0
DLBCL10935	0.8999037750418002	0.04273910416007846	0.007113640229262667	0.030260654827145066	0.01998282574171363	0.8999037750418002	0.0	0
DLBCL11460	0.0407215562976749	0.014765365094128607	0.02654086562998643	0.9003595910456391	0.01761262193257091	0.9003595910456391	3.0	3
DLBCL11511	0.9003965700398691	0.005757648903432712	0.031435035236470184	0.03395211460214544	0.028458631218082606	0.9003965700398691	0.0	0
DLBCL10547	0.03696336021664092	0.014644513194711774	0.026714337899532026	0.9005781303032494	0.021099658385865878	0.9005781303032494	3.0	3
DLBCL_RICOVER_945	0.900964767791238	0.02830758475984397	0.007833934028761506	0.048146078901153695	0.01474763451900285	0.900964767791238	0.0	0
DLBCL10565	0.02201364358266643	0.018160740950513034	0.9013130647132087	0.05150020082842108	0.007012349925190733	0.9013130647132087	3.0	2
DLBCL11512	0.901406386995956	0.02075747451844516	0.013848094260949278	0.055081059765007066	0.008906984459642489	0.901406386995956	0.0	0
DLBCL_LS2325	0.01777289482174512	0.052090294415615836	0.9020559742250853	0.01882594777110173	0.009254888766452016	0.9020559742250853	2.0	2
DLBCL11526	0.03798356619995654	0.014316796193703369	0.9040908210347293	0.036508026142514936	0.00710079042909591	0.9040908210347293	2.0	2
DLBCL10978	0.03577099241177422	0.012693970696123836	0.02905772920600777	0.9042156341104985	0.01826167357559567	0.9042156341104985	3.0	3
DLBCL10932	0.04501876030700317	0.012315688786176122	0.020310301355616685	0.9053242234468526	0.017031026104351466	0.9053242234468526	3.0	3
DLBCL11456	0.016067548409562336	0.9062638305472648	0.0288649938013536	0.03943447612806944	0.009369151113749795	0.9062638305472648	1.0	1
DLBCL10950	0.9078074433399286	0.008569755057277403	0.009596218200319915	0.04333690688359775	0.03068967651887638	0.9078074433399286	0.0	0
DLBCL10930	0.04605293269134973	0.014267177295038404	0.016766481358817704	0.015045335996499674	0.9078680726582945	0.9078680726582945	4.0	4
DLBCL11564	0.03562790205169676	0.014035103318285318	0.023144138960157407	0.909472569428973	0.01772028624088751	0.909472569428973	3.0	3
DLBCL10961	0.007009396958582753	0.03533105131351504	0.01682063358011047	0.031016114224308628	0.9098228039234831	0.9098228039234831	4.0	4
DLBCL10904	0.015088253862377797	0.023044231043762888	0.03501085910144697	0.016324410931486552	0.9105322450609258	0.9105322450609258	4.0	4
DLBCL_C_D_1126_NULLPAIR	0.044055140222389794	0.9122340802430762	0.011638365641730812	0.015163324403399065	0.01690908948940418	0.9122340802430762	1.0	1
DLBCL11541	0.007556089046542957	0.02214540329951433	0.9126486559902338	0.017736883273981555	0.03991296838972733	0.9126486559902338	2.0	2
DLBCL10871	0.03581612246427761	0.914639844864187	0.021348607880792025	0.01036300380785277	0.017832420982890573	0.914639844864187	1.0	1
DLBCL_LS2357	0.03342461978918131	0.01248860567590986	0.02298710746038482	0.9154996641118616	0.015600002962662438	0.9154996641118616	3.0	3
DLBCL11481	0.9160651965102485	0.007156977110270128	0.026342973780783076	0.02476278778644096	0.02567206481225728	0.9160651965102485	0.0	0
DLBCL_DFCI_DLBCL_GOE16	0.013831641528036492	0.0207533401452366	0.9161474985713388	0.040598899245557714	0.008668620509830438	0.9161474985713388	2.0	2
DLBCL11435	0.9168286597865423	0.006199177574393981	0.009157340437767182	0.05044395681513742	0.0173708653861591	0.9168286597865423	0.0	0
DLBCL_RICOVER_361	0.02902374435513068	0.012413760054408828	0.023217911700808346	0.9168505084412932	0.01849407544835894	0.9168505084412932	3.0	3
DLBCL10497	0.032021118324220714	0.012655356203927645	0.021105449734486886	0.9172560834622625	0.016961992275102228	0.9172560834622625	3.0	3
DLBCL10854	0.00979982797461251	0.01264402871942084	0.014624779787638818	0.04542376396159741	0.9175075995567304	0.9175075995567304	4.0	4
DLBCL10453	0.008715871091009676	0.04076110055399156	0.014676525309719581	0.018308024894782123	0.917538478150497	0.917538478150497	1.0	4
DLBCL_LS3245	0.006286682902331647	0.9188508187031138	0.04892707508401804	0.012174492461253409	0.01376093084928314	0.9188508187031138	1.0	1
DLBCL11676	0.9192733994000776	0.008554960157462007	0.027284492904286202	0.03883236804317923	0.0060547794949949284	0.9192733994000776	0.0	0
DLBCL10523	0.019795588841662867	0.008220370011681332	0.9193040735040516	0.04548311168480669	0.007196855957797522	0.9193040735040516	2.0	2
DLBCL10522	0.022240558061939617	0.009096203839861965	0.9212656558123589	0.018111871623702747	0.029285710662136828	0.9212656558123589	2.0	2
DLBCL10781	0.013298826690622942	0.01487304001182178	0.011492568230768122	0.036953131259591716	0.9233824338071954	0.9233824338071954	4.0	4
DLBCL11542	0.00946272945064046	0.03137205826467959	0.9239935591735666	0.02804344723806919	0.007128205873044167	0.9239935591735666	2.0	2
DLBCL10494	0.009797314081126093	0.9244106592900603	0.04590214189067236	0.010931371018664742	0.008958513719476542	0.9244106592900603	1.0	1
DLBCL10989	0.011832967544818686	0.924435471776683	0.019418977423944977	0.010786624466899413	0.03352595878765393	0.924435471776683	1.0	1
DLBCL10857	0.020788095561907412	0.01000039911020726	0.008543057428209504	0.03542743811924851	0.9252410097804273	0.9252410097804273	4.0	4
DLBCL10485	0.013005452874601257	0.04238608065759547	0.009824613802355466	0.009267573586458747	0.925516279078989	0.925516279078989	4.0	4
DLBCL11203	0.009959558929032443	0.9255214821375979	0.01775360624987471	0.03167916672152477	0.015086185961970231	0.9255214821375979	1.0	1
DLBCL_C_D_1108_NULLPAIR	0.011940370133983667	0.9274283342135169	0.01010877736123602	0.007959023744620212	0.042563494546643196	0.9274283342135169	1.0	1
DLBCL10916	0.00816786903934836	0.03949662404478872	0.011322025012429834	0.013389406503951583	0.9276240753994814	0.9276240753994814	4.0	4
DLBCL11537	0.9279255308226216	0.005515399733288239	0.010886858454531079	0.021524618470786648	0.03414759251877237	0.9279255308226216	0.0	0
DLBCL_LS4616	0.0062201492263817305	0.03564224461240863	0.928979279425892	0.018890501575259334	0.010267825160058293	0.928979279425892	2.0	2
DLBCL10881	0.030607908170204493	0.008398587454837562	0.010227277908678025	0.021762036119237552	0.9290041903470424	0.9290041903470424	4.0	4
DLBCL_RICOVER_1165	0.010020930967713886	0.929202025965729	0.03078148831679731	0.00824372864781485	0.021751826101944937	0.929202025965729	1.0	1
DLBCL10490	0.9294507300080159	0.012711069522714877	0.006582233701870405	0.03371259622067336	0.017543370546725463	0.9294507300080159	0.0	0
DLBCL11191	0.9300540403079598	0.010352827623368302	0.013967387560005984	0.03794143658064907	0.007684307928016887	0.9300540403079598	0.0	0
DLBCL10947	0.008663311671158613	0.9303957408464607	0.01137072527802136	0.007079415019072218	0.04249080718528714	0.9303957408464607	1.0	1
DLBCL10875	0.9308396043584073	0.006781894336539288	0.018979164163196692	0.03599164529536046	0.007407691846496251	0.9308396043584073	0.0	0
DLBCL11513	0.009712789035591779	0.008736528247693744	0.02752515688389619	0.02272104695379005	0.9313044788790282	0.9313044788790282	4.0	4
DLBCL_LS3809	0.9321475363143119	0.011421889518657413	0.016023260940708058	0.019516661879927354	0.020890651346395298	0.9321475363143119	0.0	0
DLBCL10848	0.013938381222913295	0.006568641456330731	0.01674901242915482	0.03042267258429115	0.93232129230731	0.93232129230731	4.0	4
DLBCL_RICOVER_440	0.007555710596521871	0.9324172666067483	0.04152139440633087	0.006256473706041164	0.012249154684357763	0.9324172666067483	2.0	1
DLBCL11651	0.009919566334176603	0.010108463997148504	0.932578751306997	0.016784221631628578	0.030608996730049305	0.932578751306997	2.0	2
DLBCL10836	0.012361527724347211	0.007178378570981519	0.011927117152020961	0.034201498777689875	0.9343314777749604	0.9343314777749604	4.0	4
DLBCL10995	0.008764778886502253	0.016365680512233267	0.9348175411214669	0.026280422859649953	0.01377157662014772	0.9348175411214669	2.0	2
DLBCL_RICOVER_744	0.03146996698388999	0.011469408738747536	0.9348548668592583	0.013071551607277231	0.009134205810826848	0.9348548668592583	2.0	2
DLBCL10956	0.018872449324752922	0.9349321684463482	0.008429507550586236	0.009807768175331284	0.02795810650298135	0.9349321684463482	1.0	1
DLBCL11670	0.005980071375262487	0.01607437681568201	0.9349365808534291	0.03209876004208675	0.0109102109135397	0.9349365808534291	2.0	2
DLBC_FF_A7CW_TP_NB	0.007716990022389067	0.024647851460071906	0.009469353504341839	0.02058274012420979	0.9375830648889875	0.9375830648889875	4.0	4
DLBCL_RICOVER_173	0.00893481716319254	0.00926510907868998	0.011218226064040425	0.03254197801054474	0.9380398696835324	0.9380398696835324	4.0	4
DLBCL_RICOVER_299	0.007474136575016072	0.938078657967885	0.037331209389886454	0.006839915708440513	0.010276080358771929	0.938078657967885	1.0	1
DLBC_FF_8046_TP_NB	0.02005891893817814	0.008478640535343931	0.9384747959754374	0.022514300911384667	0.010473343639655878	0.9384747959754374	2.0	2
DLBCL10870	0.0064379030339467335	0.011645226968603359	0.0276969071306008	0.015128342483425202	0.9390916203834239	0.9390916203834239	4.0	4
DLBCL10515	0.9393574863268265	0.00937965608945997	0.005154720195771302	0.03285754283081323	0.01325059455712906	0.9393574863268265	0.0	0
DLBCL11484	0.009883105764722337	0.9397988515069573	0.025092194897858102	0.012524698603467341	0.01270114922699491	0.9397988515069573	1.0	1
DLBCL_RICOVER_288	0.02658044614495272	0.9419510894289921	0.009578025325044074	0.01399520639467347	0.007895232706337657	0.9419510894289921	1.0	1
DLBCL10879	0.008231397544333684	0.007306381725391158	0.9423977294296775	0.025577854762767194	0.01648663653783052	0.9423977294296775	2.0	2
DLBCL_LS2089	0.007440103214088016	0.9424266094850038	0.010224770963000587	0.0060572952662393854	0.03385122107166817	0.9424266094850038	1.0	1
DLBCL11208	0.011452699094591387	0.9424443702490841	0.023541486575435516	0.013089696042631254	0.009471748038257765	0.9424443702490841	1.0	1
DLBCL11671	0.9440769608689913	0.008534152585747513	0.007839543391772848	0.034140248429342136	0.005409094724146174	0.9440769608689913	0.0	0
DLBCL10498	0.01042378633503001	0.01089386012352598	0.9445092091066851	0.02946678235807193	0.0047063620766869315	0.9445092091066851	2.0	2
DLBCL11662	0.9447472561824747	0.009402111513245128	0.004273322289641632	0.02603278740432042	0.015544522610318152	0.9447472561824747	0.0	0
DFCIDL008_DT	0.009046104105276577	0.017655210623840095	0.020336438075268557	0.0076425377148729825	0.9453197094807418	0.9453197094807418	4.0	4
DLBCL11566	0.011148254782252344	0.02267833596013712	0.9458477605512775	0.015465286665194353	0.0048603620411387365	0.9458477605512775	2.0	2
DLBCL10502	0.0071642896051095275	0.946048370118457	0.027832993542386074	0.009764952880693177	0.009189393853354195	0.946048370118457	1.0	1
DLBCL11353	0.005631363973908238	0.01768332750037024	0.01987631940365884	0.010323394424247317	0.9464855946978153	0.9464855946978153	4.0	4
DLBCL_LS2599	0.009865582057438125	0.019786683656952138	0.9467824440201269	0.01705091324760579	0.006514377017877003	0.9467824440201269	2.0	2
DLBCL10535	0.011283865905316735	0.00805554526468092	0.021693906524760456	0.012163429225987496	0.9468032530792544	0.9468032530792544	4.0	4
DLBCL10518	0.010606487509425364	0.005538962542486946	0.9479734668752952	0.027348700017682217	0.008532383055110344	0.9479734668752952	2.0	2
DLBCL10529	0.006052972253573215	0.027260399506790597	0.006868469906673873	0.01172928046693419	0.9480888778660281	0.9480888778660281	4.0	4
DLBCL11573	0.008698906361287412	0.021624805545759268	0.9484103085125881	0.011377650326967607	0.009888329253397629	0.9484103085125881	2.0	2
DLBCL10954	0.0053746384155363555	0.9492673385702944	0.01849135178187569	0.005839185947722132	0.021027485284571382	0.9492673385702944	1.0	1
DLBCL10452	0.006831112080017125	0.9509229095244889	0.016725994249318175	0.006826450487045037	0.018693533659130762	0.9509229095244889	1.0	1
DLBCL_RICOVER_577	0.009614433794241444	0.010301865539471808	0.9520908637718257	0.009964456934533433	0.018028379959927555	0.9520908637718257	2.0	2
DLBCL10898	0.0085241071319711	0.019868422583293358	0.006569376158859839	0.012554906525675435	0.9524831876002002	0.9524831876002002	4.0	4
DLBC_FF_A7CR_TP_NB	0.011087349897454668	0.0056661577030209295	0.01136477371838516	0.019096152913485497	0.9527855657676537	0.9527855657676537	4.0	4
DLBCL10880	0.014717286997451097	0.007002781842392825	0.01660442691889121	0.008201562960129085	0.9534739412811358	0.9534739412811358	4.0	4
DLBCL10467	0.008208814683105964	0.010756759062034877	0.01175892682229137	0.01571341987544943	0.9535620795571184	0.9535620795571184	4.0	4
DLBCL11004	0.005728947361979456	0.009340020325972191	0.008073335600680204	0.023215611475428513	0.9536420852359396	0.9536420852359396	4.0	4
DLBCL11462	0.9537565963445723	0.0042604959547970726	0.010716565202189637	0.01386892959700652	0.017397412901434418	0.9537565963445723	0.0	0
DLBCL_C_D_1157_NULLPAIR	0.01526963401463831	0.00616469999192485	0.9538043383605648	0.018499982072931298	0.006261345559940755	0.9538043383605648	2.0	2
DLBCL_LS3200	0.005694251076646504	0.025412876803292492	0.007197501769365397	0.007089117647123865	0.9546062527035717	0.9546062527035717	4.0	4
DLBCL10463	0.004513269155538623	0.007496755367459393	0.012836178781589044	0.020373126264793262	0.9547806704306196	0.9547806704306196	4.0	4
DLBCL10780	0.010814630073314692	0.954878121883033	0.011920925816084938	0.015927584624000474	0.006458737603566948	0.954878121883033	1.0	1
DLBCL_C_D_1128_NULLPAIR	0.9558501545869483	0.006110097668378971	0.007230490465794504	0.01798058310173106	0.012828674177147184	0.9558501545869483	0.0	0
DLBCL11498	0.019972912213690536	0.9558793858312666	0.008252557445087868	0.006729067511161638	0.009166076998793318	0.9558793858312666	1.0	1
DLBCL11523	0.008480181286067727	0.007251682580912189	0.009510084589032158	0.01808125967107687	0.9566767918729111	0.9566767918729111	0.0	4
DLBCL_LS1921	0.00943910629844678	0.9569228680308426	0.009890337936611949	0.016932310540937544	0.00681537719316112	0.9569228680308426	1.0	1
DLBCL_C_D_1152_NULLPAIR	0.004739253898683658	0.957497519276851	0.01819944322160287	0.008595134490996838	0.010968649111865604	0.957497519276851	1.0	1
DLBCL11677	0.9580359555075757	0.0041656293640863614	0.005964399423562748	0.019599589011496093	0.012234426693279087	0.9580359555075757	0.0	0
DLBCL10900	0.007703683583673853	0.006260401176263834	0.008557139760822124	0.01871317435361201	0.9587656011256281	0.9587656011256281	4.0	4
DLBCL10896	0.9592096068913436	0.006459604536070784	0.0038822428164597723	0.020722675260800773	0.009725870495325098	0.9592096068913436	0.0	0
DLBCL11520	0.9598612294924783	0.003628586453218042	0.005778952200831775	0.016227102901004774	0.014504128952467108	0.9598612294924783	0.0	0
DLBCL10466	0.00434694050720732	0.01221609583972371	0.9602272389138579	0.013245572883402949	0.009964151855808187	0.9602272389138579	2.0	2
DLBCL_LS3820	0.005425269696778063	0.009667958884718907	0.9605938186204357	0.01680153995104355	0.007511412847023776	0.9605938186204357	2.0	2
DLBCL_RICOVER_1283	0.005177547570994239	0.006350706643840584	0.9605969456631049	0.01723527473082759	0.01063952539123261	0.9605969456631049	2.0	2
DLBCL11509	0.9606856123102291	0.00485585863220068	0.006683025579300132	0.02267496388523343	0.0051005395930366825	0.9606856123102291	0.0	0
DLBCL_RICOVER_221	0.005574427856966168	0.016851097257870887	0.010705583849694705	0.006179898293044083	0.9606889927424241	0.9606889927424241	4.0	4
DLBCL_RICOVER_1329	0.008847854765452882	0.016610812591395775	0.00529111800426573	0.007339368712198194	0.9619108459266874	0.9619108459266874	4.0	4
DLBCL_C_D_1133_NULLPAIR	0.0078103130831367875	0.014788211464421212	0.962116861137084	0.010264108767351877	0.005020505548006143	0.962116861137084	2.0	2
DLBCL_RICOVER_948	0.006145205455467537	0.9621325115919056	0.020285569437456047	0.004610048235307457	0.006826665279863368	0.9621325115919056	1.0	1
DLBCL10541	0.00972556794546775	0.9624504138369484	0.0072552759946008325	0.007232664109374978	0.013336078113608039	0.9624504138369484	1.0	1
DLBCL_RICOVER_1263	0.009851581342995637	0.011306383843634162	0.9626516578305345	0.008696665353762508	0.0074937116290731305	0.9626516578305345	2.0	2
DLBCL_RICOVER_1210	0.005575833122285553	0.9629999395110301	0.018956481538507836	0.005565919758220924	0.006901826069955508	0.9629999395110301	1.0	1
DLBCL11569	0.005761101108122094	0.015662927361121952	0.9630124883256411	0.011101684352648213	0.004461798852466596	0.9630124883256411	2.0	2
DLBC_FF_8043_TP_NB	0.011972067464371166	0.9633073257732216	0.009587406455430466	0.005182429140929765	0.009950771166047012	0.9633073257732216	1.0	1
DLBCL_RICOVER_1192	0.006318541354921054	0.017600403752651938	0.0060380753349264064	0.0063234055374021885	0.9637195740200984	0.9637195740200984	4.0	4
DLBCL_RICOVER_839	0.0064193160267566165	0.9637294835192477	0.006487934008632776	0.00921252822393289	0.014150738221430072	0.9637294835192477	1.0	1
DLBCL10510	0.009570275316661096	0.9641556142098185	0.005908902996105659	0.0060282298681990625	0.01433697760921559	0.9641556142098185	1.0	1
DLBCL_LS4054	0.011346531557637327	0.9647724252815143	0.008143342894172003	0.0064493360982484016	0.009288364168427932	0.9647724252815143	1.0	1
DLBCL11205	0.9647791804303512	0.008547963544769797	0.008757151708805786	0.013618262841717198	0.004297441474356031	0.9647791804303512	0.0	0
DFCIDL010_DT	0.9648583332216207	0.0051626270317210905	0.004377720895142052	0.021211653618970504	0.004389665232545616	0.9648583332216207	0.0	0
DLBCL_RICOVER_408	0.008078314330466291	0.9650870290172915	0.015150445185078652	0.005181513360773047	0.006502698106390512	0.9650870290172915	2.0	1
DLBCL10931	0.9651153883222139	0.0026085401124649864	0.0059450908096468375	0.017228269023575195	0.009102711732099061	0.9651153883222139	0.0	0
DLBCL10847	0.009410141753093007	0.014452210931111096	0.005127774699562788	0.005642002906119618	0.9653678697101135	0.9653678697101135	4.0	4
DLBCL10987	0.01163538302939274	0.010017500684247635	0.005847845350785195	0.005655018580063373	0.9668442523555111	0.9668442523555111	4.0	4
DLBCL10554	0.011694276133560368	0.005344849102779155	0.9674576417160162	0.010281192427937503	0.005222040619706719	0.9674576417160162	2.0	2
DLBCL11672	0.005222535189501454	0.005067757289209916	0.9675912097491858	0.01585025149365434	0.006268246278448532	0.9675912097491858	2.0	2
DLBCL10897	0.968069413574962	0.0060470682271867955	0.0030614771565791476	0.014821806651254946	0.008000234390017123	0.968069413574962	0.0	0
DLBCL11500	0.006466145341194078	0.005191258134265745	0.009494264725741856	0.010748860129486447	0.9680994716693119	0.9680994716693119	4.0	4
DLBCL10903	0.003783271773283518	0.9686951650420066	0.016515343827462923	0.004167271337099728	0.0068389480201472745	0.9686951650420066	1.0	1
DLBCL10928	0.9687425184003805	0.007079471620111592	0.004169891234517519	0.01330770616073237	0.006700412584257999	0.9687425184003805	0.0	0
DLBCL11666	0.005474099922704253	0.012331389237078293	0.9689804308431387	0.008215506111563846	0.00499857388551488	0.9689804308431387	2.0	2
DLBCL10457	0.004446709678203936	0.012238448149435808	0.006567569431733221	0.007370613711207481	0.9693766590294196	0.9693766590294196	4.0	4
DLBCL11450	0.005573281123204118	0.012249174281340562	0.004174009971785467	0.008449314312935031	0.9695542203107348	0.9695542203107348	4.0	4
DLBCL10917	0.007769651697200431	0.9697471437289652	0.00632178949364478	0.008238986281966097	0.007922428798223493	0.9697471437289652	1.0	1
DLBCL11242	0.012204712474097412	0.005941512293759235	0.005094427198573925	0.006615896100578422	0.970143451932991	0.970143451932991	4.0	4
DLBCL10889	0.004310315418507881	0.005734699288755839	0.006788587725754221	0.012777184466547764	0.9703892131004342	0.9703892131004342	4.0	4
DLBCL11661	0.004730578418954564	0.971558626719025	0.011471454936909457	0.007764022270082555	0.004475317655028376	0.971558626719025	1.0	1
DLBCL_C_D_1113_NULLPAIR	0.005826036105213021	0.008115893391422952	0.9716551344700967	0.009166278787105417	0.005236657246161955	0.9716551344700967	2.0	2
DLBCL10918	0.9718745183594597	0.0027812758219633036	0.004833171581005068	0.012202351787885193	0.008308682449686704	0.9718745183594597	0.0	0
DLBCL10884	0.9721485423024824	0.002813321184605862	0.004984151333141893	0.015677687473605866	0.0043762977061639575	0.9721485423024824	0.0	0
DLBCL10899	0.006829868071294056	0.0072302569685233084	0.003627966010330455	0.009256245481300326	0.9730556634685519	0.9730556634685519	4.0	4
DLBCL10525	0.9735244188498049	0.002284125803553472	0.006657968189766754	0.010166638780889177	0.0073668483759857534	0.9735244188498049	0.0	0
DLBCL_RICOVER_451	0.9748697375094019	0.0033940739602568784	0.007466960489571522	0.010162659800577638	0.004106568240192094	0.9748697375094019	0.0	0
DLBCL11685	0.0035196047949976996	0.003725324836795078	0.9753753321713619	0.007994421498025787	0.00938531669881963	0.9753753321713619	2.0	2
DLBCL10895	0.004089129767801785	0.008364145348495262	0.006561104696348983	0.004922328467771836	0.9760632917195822	0.9760632917195822	4.0	4
DLBCL11673	0.006377076618489283	0.9765080646395512	0.006068498136438968	0.006646314150649363	0.0044000464548711845	0.9765080646395512	1.0	1
DLBCL_RICOVER_1299	0.005388020708848024	0.004655861461068188	0.004179262236739055	0.008918419286006292	0.9768584363073385	0.9768584363073385	4.0	4
DLBCL10460	0.0043331794459921524	0.9769541578523125	0.01103392667437824	0.0032606176934970375	0.004418118333820043	0.9769541578523125	1.0	1
DLBCL_RICOVER_449	0.006217985762433457	0.005189687412149766	0.004659146644047821	0.006879891774121359	0.9770532884072476	0.9770532884072476	4.0	4
DLBCL11476	0.005919813787214761	0.008074417708269124	0.0037836928213549705	0.004980363903246682	0.9772417117799145	0.9772417117799145	4.0	4
DLBCL10876	0.0032450078662989283	0.010103094562148052	0.004014593372230545	0.004965792343674033	0.9776715118556485	0.9776715118556485	4.0	4
DLBCL11507	0.004989906099098598	0.9777240917699055	0.009165568204806646	0.0037059064552600286	0.00441452747092926	0.9777240917699055	1.0	1
DLBCL_C_D_1131_NULLPAIR	0.004153349608658464	0.9777598571616697	0.007222935311762419	0.0032428690100257443	0.0076209889078836385	0.9777598571616697	1.0	1
DLBCL10849	0.0062049939579935124	0.977801238401997	0.004653574192002537	0.003616387935341993	0.007723805512664976	0.977801238401997	1.0	1
DLBCL_RICOVER_977	0.9782176863103628	0.002330512988939983	0.003304321893504292	0.011367167693064754	0.004780311114128241	0.9782176863103628	0.0	0
DLBCL_RICOVER_678	0.004384445908748411	0.978233233250165	0.004415319339855287	0.004726873409518027	0.008240128091713293	0.978233233250165	1.0	1
DLBCL_MC_F349_BJJ	0.003710897468028216	0.004212956715168285	0.9782841728006497	0.0072956221013486195	0.00649635091480515	0.9782841728006497	2.0	2
DLBCL11195	0.002761889748428662	0.00794375841001619	0.004530587570702838	0.006288516080844658	0.9784752481900076	0.9784752481900076	4.0	4
DLBCL_RICOVER_533	0.005959941222741683	0.9787509810834412	0.007003962992663119	0.004613607319815049	0.0036715073813389596	0.9787509810834412	1.0	1
DLBCL11443	0.978950337674344	0.0018965566875719492	0.0054302021120316455	0.008421323727407686	0.005301579798644674	0.978950337674344	0.0	0
DLBCL11558	0.004812269542551347	0.004708933433188293	0.9790280285541137	0.009043511646571818	0.0024072568235747487	0.9790280285541137	2.0	2
DLBCL11461	0.9790367390572112	0.002573201347393783	0.004278168993686706	0.011471887528090727	0.0026400030736175952	0.9790367390572112	0.0	0
DLBCL_C_D_1129_NULLPAIR	0.979221262517402	0.0023635286294742598	0.005465171855576574	0.00821098121590262	0.004739055781644517	0.979221262517402	0.0	0
DLBCL_RICOVER_829	0.9792290820292596	0.0036340492142453	0.0026891887430866646	0.010421152924044172	0.0040265270893642315	0.9792290820292596	0.0	0
DLBCL10893	0.002939071439425615	0.003911166108379845	0.005577448632357029	0.00811824665906561	0.9794540671607719	0.9794540671607719	4.0	4
DLBCL10842	0.00334395166340255	0.003998393861508846	0.00526388085890956	0.00711828048385219	0.9802754931323269	0.9802754931323269	4.0	4
DLBCL10977	0.004899333545420148	0.003691871594788226	0.00586334660016303	0.004669593417754575	0.980875854841874	0.980875854841874	4.0	4
DLBCL10530	0.0031801016109823574	0.0077976543985696575	0.004014036039133941	0.004014842605493239	0.9809933653458208	0.9809933653458208	4.0	4
DLBC_FF_A7CQ_TP_NB	0.0036409057500162135	0.004306605689349375	0.0032797487998989677	0.007603228685611752	0.9811695110751237	0.9811695110751237	4.0	4
DLBCL_RICOVER_712	0.0036662700430201986	0.005922491228803721	0.0032226528267331766	0.0057139411271554304	0.9814746447742875	0.9814746447742875	4.0	4
DLBCL10913	0.9815871814768157	0.0025747058047337784	0.002834636650785618	0.0079011907317728	0.00510228533589214	0.9815871814768157	0.0	0
DLBCL_MC_F132_MLM	0.9816427880940298	0.002316658649610899	0.002390677383812765	0.009454061136824576	0.004195814735721885	0.9816427880940298	0.0	0
DLBCL_MC_F500_ECU	0.0028295320413109105	0.9817201436613445	0.006086933681972364	0.0034756050365498995	0.0058877855788223524	0.9817201436613445	1.0	1
DLBCL_MC_F262_WLC	0.9817677262769084	0.0021899973819374265	0.002812785232593662	0.007961302674674745	0.005268188433885764	0.9817677262769084	0.0	0
DLBCL11539	0.9819563541393681	0.0015616073314443169	0.004610111265789656	0.009299344768153257	0.0025725824952447084	0.9819563541393681	0.0	0
DLBCL_C_D_1141_NULLPAIR	0.0031043963491455186	0.004113080995398799	0.9819837475157974	0.00539077651425881	0.005407998625399411	0.9819837475157974	2.0	2
DLBCL10484	0.0031626109301326494	0.9821374127041885	0.0074483209118760395	0.0039755779602214485	0.003276077493581318	0.9821374127041885	1.0	1
DLBCL11477	0.9825406500638935	0.0021146610992527136	0.003104863626451244	0.009047006792221748	0.0031928184181808034	0.9825406500638935	0.0	0
DLBCL_DFCI_DLBCL_GOE07	0.0037390025319865676	0.9826411053570513	0.005665868692973562	0.0029526642123808688	0.0050013592056077595	0.9826411053570513	1.0	1
DLBCL10922	0.004227133664963568	0.9827395652870761	0.004952262595266885	0.003554969533296268	0.004526068919397269	0.9827395652870761	1.0	1
DLBCL10853	0.0039965500554489716	0.003567235338229357	0.004062298831557899	0.005206549585455604	0.9831673661893082	0.9831673661893082	4.0	4
DLBCL10966	0.9833171733792803	0.0018759202378154306	0.003395689215465336	0.008904464311047341	0.002506752856391639	0.9833171733792803	0.0	0
DLBCL11440	0.004127423179453173	0.003664272942286849	0.004406916140383558	0.004316485733992554	0.9834849020038838	0.9834849020038838	4.0	4
DLBCL_C_D_1106_NULLPAIR	0.005457634642495991	0.9834863404181093	0.00352605330872397	0.003800444589000502	0.0037295270416702504	0.9834863404181093	1.0	1
DLBCL_LS297	0.0035383882300853726	0.002918604621989492	0.9834959622344135	0.00749192523462092	0.002555119678890731	0.9834959622344135	2.0	2
DLBCL_RICOVER_1219	0.002351376228967389	0.005063572947186547	0.0031946572053376666	0.005687978616346737	0.9837024150021617	0.9837024150021617	4.0	4
DLBCL10912	0.9840857298485488	0.002854501984470847	0.004303621131072961	0.006486692389966611	0.0022694546459408062	0.9840857298485488	0.0	0
DLBCL10859	0.003223145735104808	0.9841939163800199	0.003697271972800338	0.002758118386546642	0.006127547525528316	0.9841939163800199	1.0	1
DLBCL10945	0.98439407632368	0.0019284336571947162	0.0024332485785124214	0.006880379217791516	0.004363862222821339	0.98439407632368	0.0	0
DLBCL10550	0.002750148180480449	0.003659038874907852	0.00451747577824426	0.0045321958481350025	0.9845411413182324	0.9845411413182324	4.0	4
DLBCL_LS1098	0.003387340084864196	0.002924763378715269	0.9845766088661682	0.006636312540680209	0.0024749751295721637	0.9845766088661682	2.0	2
DLBCL11482	0.9850709845322314	0.0018986379441286397	0.0021426992545318818	0.008206701695205747	0.0026809765739023023	0.9850709845322314	0.0	0
DLBCL10901	0.002249098103112742	0.003626974392872515	0.0033977760242775244	0.00550696328774095	0.9852191881919963	0.9852191881919963	4.0	4
DLBCL10480	0.004267012128550055	0.9854074369227593	0.0035770151423707127	0.0025585525177997067	0.004189983288520138	0.9854074369227593	1.0	1
DLBCL10555	0.00428930244624789	0.0032594629802010842	0.9856910820470248	0.00457910692276457	0.0021810456037616335	0.9856910820470248	2.0	2
DLBCL10924	0.0025419256763154815	0.003293512261468451	0.0028743371158606213	0.005488520907128985	0.9858017040392265	0.9858017040392265	4.0	4
DLBCL_MC_F089_HCZ	0.0019147171722484083	0.9858095445081124	0.005513749520499625	0.003153677595648319	0.003608311203491247	0.9858095445081124	1.0	1
DLBCL_RICOVER_469	0.003352640897718641	0.002354260481555694	0.9858396330854128	0.006165394567582274	0.0022880709677305998	0.9858396330854128	2.0	2
DFCIDL003_DT	0.0027199706210308955	0.9859160297099104	0.006206790446970773	0.0021329030154892486	0.0030243062065986024	0.9859160297099104	1.0	1
DLBCL_C_D_1163_NULLPAIR	0.002236489353293287	0.0030339739206189354	0.0028860213244845203	0.00550204213763041	0.9863414732639728	0.9863414732639728	4.0	4
DLBCL10887	0.0021121930751900053	0.003121895581839992	0.0041531768839495175	0.004168252319726443	0.986444482139294	0.986444482139294	4.0	4
DLBCL11187	0.003153328597457228	0.0029824140660438536	0.0025858579960660252	0.004785271492677192	0.9864931278477557	0.9864931278477557	4.0	4
DLBCL_C_D_1114_NULLPAIR	0.9868040793450295	0.0017856589264710569	0.00210788108642528	0.007152468501387965	0.0021499121406862534	0.9868040793450295	0.0	0
DLBCL_RICOVER_417	0.0019503269212525487	0.0037898489776941597	0.0032972214537286735	0.004039874133135862	0.9869227285141887	0.9869227285141887	4.0	4
DLBCL_LS378	0.9869513475592516	0.0018241620904430901	0.003089478323236291	0.0060860225765470045	0.0020489894505219667	0.9869513475592516	0.0	0
DLBCL10890	0.002512435000671458	0.0033259090275217793	0.0041139150466800575	0.0026625149253924653	0.9873852259997342	0.9873852259997342	4.0	4
DLBCL10471	0.003218160290327476	0.00460634820652347	0.00232975583574328	0.0024305627090785787	0.9874151729583271	0.9874151729583271	4.0	4
DLBCL10996	0.987437957693682	0.001557749657903092	0.003113990064942778	0.005005507503489192	0.0028847950799828536	0.987437957693682	0.0	0
DLBCL10997	0.9874513625711522	0.0017528141750921893	0.0020749973347433063	0.005478955936910189	0.00324186998210214	0.9874513625711522	0.0	0
DLBCL11000	0.00207970173821685	0.0032822136329208594	0.002461918492827358	0.004692573560311783	0.9874835925757232	0.9874835925757232	4.0	4
DLBCL11428	0.0028571654836060554	0.0024565120404998544	0.9878100154404844	0.004886872332492731	0.001989434702916893	0.9878100154404844	2.0	2
DLBCL10461	0.001813865898613139	0.9879259789346948	0.004035494282960119	0.0019354746739020789	0.004289186209829833	0.9879259789346948	1.0	1
DLBCL_RICOVER_1248	0.0026334168346232307	0.003976596604615591	0.002004313723553835	0.0034118426559475138	0.9879738301812598	0.9879738301812598	4.0	4
DLBCL_RICOVER_685	0.0018584763041820415	0.0033957897314789197	0.00244988741536381	0.003994118255163616	0.9883017282938116	0.9883017282938116	4.0	4
DLBCL11667	0.002302274987548894	0.0030157475864206655	0.9886064549185742	0.00411596777636416	0.0019595547310919956	0.9886064549185742	2.0	2
DLBCL10459	0.0018574665476819641	0.00280024114582143	0.9888867500935952	0.004488321528524842	0.0019672206843766296	0.9888867500935952	2.0	2
DLBCL10458	0.9888984530063306	0.0013192228238624558	0.0029039244758688257	0.004944616656922815	0.001933783037015295	0.9888984530063306	0.0	0
DLBCL_RICOVER_267	0.002025159944925873	0.0020764182020223064	0.989057716896625	0.004420307540454014	0.0024203974159727392	0.989057716896625	2.0	2
DLBCL10519	0.002661858576053572	0.9890841887988642	0.003395216329218857	0.0026233344022472626	0.0022354018936161387	0.9890841887988642	1.0	1
DLBCL10862	0.001770863516540123	0.0031670099546648126	0.002978947783115468	0.0029939920130609946	0.9890891867326186	0.9890891867326186	4.0	4
DLBCL_LS3749	0.0025201161926355063	0.9892179422699824	0.0032315145316239263	0.003021850437356556	0.00200857656840164	0.9892179422699824	1.0	1
DLBCL_RICOVER_335	0.0023659347250941563	0.9893384166058011	0.002599515807660136	0.003225223323080025	0.002470909538364596	0.9893384166058011	1.0	1
DLBCL10860	0.0016220708229790228	0.0026422344072103985	0.003245873336513251	0.002968128628028805	0.9895216928052685	0.9895216928052685	4.0	4
DLBCL10992	0.0022548383964886565	0.002170162252387527	0.0029734548605299623	0.0030262505922276	0.9895752938983663	0.9895752938983663	4.0	4
DLBCL_RICOVER_1293	0.0026426792213874993	0.0027030653548496928	0.0018996957502017207	0.003140655308053133	0.989613904365508	0.989613904365508	4.0	4
DLBCL_LS843	0.001538657998888208	0.0019307071343382441	0.9897686529687638	0.004021267461307064	0.0027407144367027204	0.9897686529687638	2.0	2
DLBCL_C_D_1125_NULLPAIR	0.0015851009666490218	0.003616480290080167	0.0021462727819280734	0.002773048182527017	0.9898790977788158	0.9898790977788158	4.0	4
DLBCL10834	0.0031844433896930503	0.9900621256692491	0.002484340143283341	0.0019046819165461685	0.0023644088812283456	0.9900621256692491	1.0	1
DLBCL10883	0.0024915594895514076	0.002218981101626353	0.0022981582531977763	0.002898522974491313	0.9900927781811332	0.9900927781811332	4.0	4
DLBCL10465	0.001576675195514651	0.002344093107647497	0.9905058907466681	0.0036979761315371895	0.0018753648186325517	0.9905058907466681	2.0	2
DLBCL11565	0.0019036882706040565	0.9905505044498684	0.0024667883100624546	0.0023209747519901953	0.0027580442174749355	0.9905505044498684	1.0	1
DLBCL_MC_F519_ALT	0.0020206045251433035	0.003261813224374007	0.001844848765292594	0.0022944393805361873	0.9905782941046539	0.9905782941046539	4.0	4
DLBCL10983	0.0023609075030616715	0.9905867645545163	0.0023846482086335467	0.0018728441423392468	0.0027948355914491534	0.9905867645545163	1.0	1
DLBCL_LS1757	0.9907471067791839	0.0014930451578417279	0.001650205465571293	0.004592679381028995	0.001516963216374165	0.9907471067791839	0.0	0
DLBCL_C_D_1135_NULLPAIR	0.0023918799565529514	0.9909403496333327	0.0024634537313549237	0.0019014476834816926	0.0023028689952777842	0.9909403496333327	1.0	1
DLBCL_LS1065	0.0023997898076786985	0.991246032025605	0.0025825012067793116	0.0017276529689734471	0.0020440239909635797	0.991246032025605	1.0	1
DLBCL_C_D_1130_NULLPAIR	0.9913136590862887	0.0013026311139875074	0.001599042335577317	0.003912465929310367	0.0018722015348361979	0.9913136590862887	0.0	0
DLBCL_MAYO_DLBCL_5613	0.9913575462791693	0.0015628490664345795	0.00176258769804333	0.003484349955885819	0.0018326670004669642	0.9913575462791693	0.0	0
DLBCL10850	0.002350515066707027	0.9913853803882577	0.002869848825137277	0.0014622584386711497	0.0019319972812268473	0.9913853803882577	1.0	1
DLBCL11680	0.001966940000891966	0.0018087498348404003	0.9922702572562816	0.002559435910091247	0.0013946169978947404	0.9922702572562816	2.0	2
DLBCL11188	0.0014949913415436803	0.9923596199307749	0.0026376196549417696	0.0014471288410807584	0.002060640231658881	0.9923596199307749	1.0	1
DLBCL10864	0.001291349930373635	0.0018105369496690961	0.0021090335660162883	0.0023876389203027334	0.9924014406336382	0.9924014406336382	4.0	4
DLBCL10483	0.001343369562478821	0.9925928360939761	0.002993514293173462	0.0012189876934527268	0.0018512923569189228	0.9925928360939761	1.0	1
DLBCL10990	0.0013799089129201882	0.0027465697461295795	0.0015069269647448843	0.0015801623339041185	0.9927864320423012	0.9927864320423012	4.0	4
DLBCL_MC_F729_MAN	0.0015498459069695103	0.9929341956044686	0.0019931577379697545	0.001198736423895241	0.002324064326696847	0.9929341956044686	1.0	1
DLBCL10967	0.001158389986657323	0.0019511323309200697	0.0018435762371250015	0.001947226603945474	0.9930996748413521	0.9930996748413521	4.0	4
DLBCL10951	0.0011929237394523594	0.0018341883353682033	0.0011758668706610316	0.0014247630487029277	0.9943722580058155	0.9943722580058155	4.0	4
DLBCL_C_D_1136_NULLPAIR	0.0012482096343489522	0.9950116194751844	0.0013437134974377423	0.001155941210181866	0.0012405161828470544	0.9950116194751844	1.0	1
DLBCL_RICOVER_174	0.0012512816682742846	0.9955693114046853	0.0012568528943582263	0.0009123742796865922	0.00101017975299557	0.9955693114046853	1.0	1
DLBCL10988	0.0008651320889613377	0.9957011774731201	0.0013793784001874317	0.0009769803091934151	0.0010773317285377238	0.9957011774731201	1.0	1
DLBCL10534	0.0007312162841264677	0.0010773578855753742	0.0009143101206768497	0.0010959282959094295	0.9961811874137119	0.9961811874137119	4.0	4
DLBCL_LS146	0.000747247605222472	0.9964807871872421	0.0012917765408101646	0.0006023163977389403	0.0008778722689862981	0.9964807871872421	1.0	1
DLBCL_RICOVER_253	0.0009220540955070337	0.9965762369259078	0.0009972452454422166	0.0005734589972115977	0.0009310047359313944	0.9965762369259078	1.0	1
DLBCL10911	0.0001676062169587424	0.9992712123499911	0.00022704717681932193	0.00013983953838471764	0.00019429471784620776	0.9992712123499911	1.0	1
DLBCL_MAYO_DLBCL_7359	-0.00019915855063170165	1.000913444473108	-0.00029241191812501115	-0.00016958522595629787	-0.00025228877839498896	1.000913444473108	1.0	1
