	C1	C2	C3	C4	C5	Confidence	True Cluster	Predicted Cluster
DLBCL11205	0.21609041965003947	0.18103328554921605	0.2350358911942658	0.1526082735674553	0.2152321300390234	0.2350358911942658	0.0	2
DLBCL11525	0.21287522963071293	0.18430775846629344	0.21683192439132826	0.15033283105885448	0.23565225645281082	0.23565225645281082	2.0	4
DLBCL_C_D_1151_NULLPAIR	0.20936766505083623	0.18246150075895023	0.23568352822900904	0.1588776897441757	0.21360961621702895	0.23568352822900904	3.0	2
DLBCL_LS2154	0.20639672795460492	0.1902570902816556	0.23640671519254747	0.14920240058224532	0.21773706598894654	0.23640671519254747	0.0	2
DLBCL_RICOVER_320	0.23681373648662785	0.18649549863432804	0.2124929478761698	0.1477764443250537	0.21642137267782052	0.23681373648662785	2.0	0
DLBCL10951	0.23759459989147066	0.1822178578957977	0.21417076317849557	0.14848319222076325	0.2175335868134728	0.23759459989147066	4.0	0
DLBCL10513	0.20893698835550395	0.1881548044255106	0.21782594587064522	0.1473608340455059	0.23772142730283433	0.23772142730283433	3.0	4
DLBC_FF_8046_TP_NB	0.21441127057491574	0.18591085133428303	0.21312274257639047	0.148624600966274	0.23793053454813673	0.23793053454813673	2.0	4
DLBCL11500	0.20812476722772952	0.18114233981230463	0.2194781737451258	0.15273532646059068	0.23851939275424952	0.23851939275424952	4.0	4
DLBCL10932	0.2197237235917828	0.18258367103096237	0.2102092325661232	0.14883402266568996	0.23864935014544172	0.23864935014544172	3.0	4
DLBCL_DFCI_DLBCL_GOE16	0.21285486995792596	0.18220257279797888	0.23867951699406803	0.15232810047890258	0.21393493977112443	0.23867951699406803	2.0	2
DLBCL_LS951	0.21289640627814457	0.18603746872165544	0.23882165343533138	0.14338345798387836	0.21886101358099014	0.23882165343533138	0.0	2
DLBCL10994	0.2109080105834427	0.18348852524383383	0.21885107691059125	0.14713426481835282	0.23961812244377956	0.23961812244377956	0.0	4
DLBCL10854	0.2121318587430132	0.18003270768974408	0.21913814796648645	0.1486944551444939	0.2400028304562624	0.2400028304562624	4.0	4
DLBCL_RICOVER_945	0.21351275577622875	0.1816177034161828	0.22035263986773124	0.14430348163988713	0.24021341929997006	0.24021341929997006	0.0	4
DLBCL10462	0.2004153053027833	0.18496599819256748	0.22112598346219783	0.15322199127299901	0.24027072176945236	0.24027072176945236	0.0	4
DLBCL11431	0.21450357168954032	0.18969703979457178	0.2403169594042094	0.14956356137687468	0.20591886773480375	0.2403169594042094	4.0	2
DLBC_FF_8062_TP_NB	0.2163954644630536	0.18712407533019013	0.2091962284305994	0.14649455722367521	0.24078967455248168	0.24078967455248168	3.0	4
DLBCL_C_D_1138_NULLPAIR	0.2129819735667147	0.18516702977915886	0.24082944646766596	0.14463160873464304	0.21638994145181734	0.24082944646766596	1.0	2
DLBCL_LS2357	0.2129556783011332	0.1785967124785193	0.22102840326470885	0.14649280195461623	0.24092640400102236	0.24092640400102236	3.0	4
DLBCL11466	0.21931674393654188	0.17670900181859964	0.2409933113782973	0.15522830279554084	0.20775264007102026	0.2409933113782973	1.0	2
DLBCL_LS1395	0.20760089430973303	0.18263856318845265	0.24104833612044135	0.15188804250284638	0.21682416387852663	0.24104833612044135	2.0	2
DLBCL11541	0.20501408558407117	0.1883297501090739	0.24142998377170907	0.1498457355234837	0.21538044501166217	0.24142998377170907	2.0	2
DLBCL10974	0.21720009553808575	0.18032888691563365	0.2415051656823835	0.14681744202916452	0.21414840983473254	0.2415051656823835	3.0	2
DLBCL_C_D_1113_NULLPAIR	0.2086702293833894	0.18484132735678258	0.2177299142031566	0.14693465849093215	0.24182387056573942	0.24182387056573942	2.0	4
DLBCL10865	0.20189544859505668	0.1853172303515013	0.24183285247823175	0.15156831485435013	0.2193861537208602	0.24183285247823175	4.0	2
DLBCL10456	0.21820963825907938	0.18382651919062545	0.2132861848203094	0.14257236927993244	0.2421052884500533	0.2421052884500533	3.0	4
DLBCL_RICOVER_1192	0.20650436119366125	0.1861036309297225	0.2421186104520018	0.14709104213196866	0.21818235529264585	0.2421186104520018	4.0	2
DLBCL_RICOVER_787	0.21049406864109213	0.18933202881280745	0.2154990698312554	0.1425482350153755	0.24212659769946962	0.24212659769946962	1.0	4
DLBCL_C_D_1128_NULLPAIR	0.20721743955626712	0.18600698756410744	0.2160266365380452	0.14855697708383173	0.24219195925774836	0.24219195925774836	0.0	4
DLBCL_C_D_1166_NULLPAIR	0.21390058576653967	0.18204619043634906	0.24238337122968442	0.14767935717298436	0.21399049539444254	0.24238337122968442	4.0	2
DLBCL11659	0.2092437236706543	0.1850099899967042	0.24248851232388502	0.15022960402169047	0.21302816998706592	0.24248851232388502	3.0	2
DLBCL10486	0.20633862574268075	0.1857361850831475	0.21759863161371182	0.14698720329719708	0.24333935426326286	0.24333935426326286	0.0	4
DLBCL_MC_F064AB	0.2086777862024451	0.18313929776217414	0.24359917037297166	0.1509049272155127	0.21367881844689646	0.24359917037297166	2.0	2
DLBCL_C_D_1144_NULLPAIR	0.21225704808497725	0.18065412563774405	0.24366828998687096	0.14632151810139546	0.2170990181890124	0.24366828998687096	4.0	2
DLBCL10515	0.21203128828157142	0.1851348385405479	0.2086727866329778	0.1503992473995752	0.2437618391453277	0.2437618391453277	0.0	4
DLBCL11534	0.21265809614683734	0.18274659590257222	0.21143925896256732	0.14929082612234257	0.24386522286568055	0.24386522286568055	2.0	4
DLBCL10454	0.20689680588627737	0.18286259524251924	0.243919124025322	0.14783009612808534	0.21849137871779606	0.243919124025322	4.0	2
DLBCL11663	0.2023261645815597	0.1804902263575352	0.22189911750142594	0.15117188835775955	0.24411260320171965	0.24411260320171965	0.0	4
DLBCL11528	0.20366093121070533	0.18676074517623983	0.2189168186694543	0.1463038845489474	0.24435762039465306	0.24435762039465306	2.0	4
DLBCL11504	0.20989176294361458	0.1830246930847024	0.24470951438416227	0.14585877597128397	0.21651525361623672	0.24470951438416227	4.0	2
DLBCL11481	0.20706809875975735	0.1839642153982525	0.24502758206271752	0.14876685882274587	0.2151732449565268	0.24502758206271752	0.0	2
DLBCL_LS146	0.20912867808645785	0.18466340914457058	0.2453345783971675	0.1499296336782404	0.21094370069356366	0.2453345783971675	1.0	2
DLBCL10993	0.2039453672246832	0.18454751604539799	0.24540032488207864	0.15053010722012772	0.21557668462771248	0.24540032488207864	0.0	2
DLBCL_LS155	0.2069350573549826	0.18031055129592002	0.2455167595918984	0.14744806331768123	0.21978956843951764	0.2455167595918984	2.0	2
DLBCL_C_D_1149_NULLPAIR	0.20426224794852724	0.18105608917919774	0.2455317786368552	0.1504129892434501	0.2187368949919697	0.2455317786368552	1.0	2
DLBCL11208	0.21714496563842794	0.1824921847486201	0.2456206545367331	0.14882133588124283	0.2059208591949759	0.2456206545367331	1.0	2
DLBCL11511	0.20951654545103224	0.18237390625554972	0.24569566323439207	0.14629311729034475	0.21612076776868125	0.24569566323439207	0.0	2
DLBCL_C_D_PAIR13	0.20781758113768806	0.1822024978538083	0.24589373168248943	0.15517936130499793	0.20890682802101632	0.24589373168248943	4.0	2
DLBCL11501	0.20687336898659292	0.18460527526644083	0.24696412548498858	0.14247664907005672	0.219080581191921	0.24696412548498858	0.0	2
DLBCL_C_D_1140_NULLPAIR	0.2135807249057765	0.18236682365990525	0.24725341852842117	0.15203152721423532	0.20476750569166183	0.24725341852842117	4.0	2
DLBCL10844	0.20900315318168775	0.1802227015323162	0.2475376784715705	0.1468873366769072	0.21634913013751844	0.2475376784715705	0.0	2
DLBCL_LS762	0.2127257266282284	0.18313064652299285	0.21103529961895412	0.144977724412326	0.24813060281749857	0.24813060281749857	2.0	4
DLBCL11437	0.203150891498466	0.18479453537041232	0.24819640352078254	0.14920861260166854	0.21464955700867056	0.24819640352078254	3.0	2
DLBCL_RICOVER_216	0.21120148561280258	0.18108472502607564	0.2034866221394617	0.15602937688539634	0.24819779033626366	0.24819779033626366	2.0	4
DLBCL_MC_F927_JHS	0.21070997906353547	0.18768762774632106	0.2482555728328332	0.15147009194418892	0.20187672841312143	0.2482555728328332	4.0	2
DLBC_FF_8043_TP_NB	0.20542154658426023	0.17843496277489493	0.24835909150374802	0.14540847108037505	0.2223759280567216	0.24835909150374802	1.0	2
DLBCL_C_D_1152_NULLPAIR	0.2153996220536645	0.18013203971930655	0.20835206359258227	0.14678006152047351	0.2493362131139732	0.2493362131139732	1.0	4
DLBCL10453	0.20864443242962025	0.1768553725628469	0.21643427302511134	0.14792133769672916	0.2501445842856924	0.2501445842856924	1.0	4
DLBCL10522	0.214251846462914	0.17964518165778012	0.2505237731377208	0.1458363937856097	0.2097428049559754	0.2505237731377208	2.0	2
DLBCL11467	0.2160688921754718	0.175308145247624	0.21309535962756365	0.14399310551146008	0.25153449743788037	0.25153449743788037	3.0	4
DLBCL10869	0.19691156139053492	0.18871962538954576	0.25158339097908	0.1456915515058926	0.2170938707349467	0.25158339097908	0.0	2
DLBCL_RICOVER_120	0.20275148094388049	0.1830023759146256	0.25343112677058094	0.13939772628926428	0.22141729008164857	0.25343112677058094	4.0	2
DLBCL10514	0.14802381756051036	0.30244975936165114	0.2448170025253938	0.14788363419742814	0.15682578635501643	0.30244975936165114	2.0	1
DLBCL11515	0.15200847394491468	0.3030446450949237	0.23862831292925343	0.141316150988327	0.1650024170425811	0.3030446450949237	2.0	1
DLBCL10955	0.15354981079983204	0.3039609047955202	0.23888204011248584	0.14116138452124505	0.16244585977091683	0.3039609047955202	3.0	1
DLBCL_DFCI_DLBCL_GOE05	0.1587455440471764	0.30414894347970267	0.2357905606763186	0.13627614318222347	0.1650388086145788	0.30414894347970267	1.0	1
DLBCL_MC_F496DMP	0.15199048390207048	0.30753092490721196	0.22521787245829275	0.14639197838024043	0.16886874035218433	0.30753092490721196	1.0	1
DLBCL10877	0.14536665661577985	0.3089676859088452	0.23833541749463275	0.14606102441445468	0.16126921556628737	0.3089676859088452	0.0	1
DLBCL10954	0.15144817683731446	0.3112830395277442	0.23655643572280322	0.14119952067677582	0.15951282723536242	0.3112830395277442	1.0	1
DLBCL_RICOVER_1190	0.15601662364837274	0.31411343688818794	0.22280193458078895	0.14593913138795397	0.16112887349469635	0.31411343688818794	4.0	1
DLBCL11574	0.14580378354904705	0.31578683147754794	0.22430525348119304	0.1441590832201223	0.16994504827208975	0.31578683147754794	2.0	1
DLBCL11680	0.14771294265101562	0.3158576222557007	0.23405641710157724	0.14397665955603564	0.15839635843567088	0.3158576222557007	2.0	1
DLBCL10539	0.14535027502589568	0.19744684985833622	0.061349985044324214	0.3219886491932853	0.2738642408781587	0.3219886491932853	3.0	3
DLBCL_RICOVER_1263	0.32526622572160085	0.18833966283967832	0.10964952857898436	0.08179453138329294	0.2949500514764435	0.32526622572160085	2.0	0
DLBCL11457	0.2986184480417774	0.09173699937780291	0.3313556751054818	0.249413868272487	0.028875009202450813	0.3313556751054818	0.0	2
DLBCL_RICOVER_473	0.2696325458224615	0.3349162185917975	0.1803569240705946	0.12421508132190912	0.09087923019323742	0.3349162185917975	0.0	1
DLBCL_C_D_1115_NULLPAIR	0.3399008305030956	0.2751352743079119	0.11161139628642708	0.23162692496667397	0.04172557393589142	0.3399008305030956	3.0	0
DLBCL10971	0.25464715667587823	0.35441642492422115	0.05865015566949563	0.2473881993115198	0.08489806341888526	0.35441642492422115	0.0	1
DLBCL_RICOVER_151	0.3141082192289743	0.10777249935017433	0.10867702362176418	0.11273536652107773	0.3567068912780095	0.3567068912780095	3.0	4
DLBCL10962	0.1479103102629699	0.35740040443876897	0.2522222969274593	0.12059701804088174	0.12186997032992011	0.35740040443876897	1.0	1
DLBCL11518	0.15433000786262707	0.35801919245681507	0.24490341380017153	0.11794830943817561	0.12479907644221078	0.35801919245681507	2.0	1
DLBCL11667	0.1406281609299511	0.35808252570814714	0.26430473425482454	0.11346262303515	0.12352195607192722	0.35808252570814714	2.0	1
DLBCL11003	0.07902609965352708	0.365836381418281	0.08911303059548281	0.30510870218361275	0.16091578614909632	0.365836381418281	1.0	1
DLBCL11651	0.25895508929981764	0.12746991829289703	0.13384641878284154	0.3670868023663937	0.11264177125804996	0.3670868023663937	2.0	3
DLBCL11439	0.0518734359604214	0.02822362140843908	0.36793158161208295	0.3117387562748838	0.24023260474417282	0.36793158161208295	2.0	2
DLBCL11434	0.2497484337484981	0.03909283551581445	0.038327464231944504	0.3040629966466059	0.36876826985713707	0.36876826985713707	0.0	4
DLBCL10856	0.2520978156838893	0.13196547046495768	0.12622084391592062	0.37574285418214615	0.11397301575308634	0.37574285418214615	2.0	3
DLBCL10536	0.050742389368253385	0.02889946741069534	0.3770949648241453	0.29934153002734676	0.24392164836955918	0.3770949648241453	2.0	2
DLBCL10866	0.2401048509339006	0.05968775793155131	0.05791499715178307	0.2642273140228075	0.37806507995995753	0.37806507995995753	4.0	4
DLBCL10921	0.17834796250557852	0.37958597533378197	0.15365010209514618	0.21717128591739496	0.07124467414809835	0.37958597533378197	4.0	1
DLBCL_C_D_1159_NULLPAIR	0.06612004383846741	0.09697927050743199	0.25135124973222894	0.3803308481381874	0.2052185877836844	0.3803308481381874	3.0	3
DLBCL10465	0.17955405777713812	0.31983287140710287	0.07976854847457394	0.38207467509288406	0.0387698472483012	0.38207467509288406	2.0	3
DLBCL_RICOVER_1081	0.38329133799915066	0.01217723834791693	0.13430693679414907	0.306083601499852	0.1641408853589313	0.38329133799915066	4.0	0
DLBCL_BWH_DLBCL64	0.38654543122449636	0.1896628803115716	0.0659054741591312	0.3141587471162817	0.043727467188519165	0.38654543122449636	1.0	0
DLBCL11440	0.3894870316583851	0.08370850082467197	0.09739804502677747	0.13135471701841817	0.29805170547174736	0.3894870316583851	4.0	0
DLBCL_RICOVER_258	0.31103850009984774	0.11415524069001147	0.38961184155884704	0.09458957170914979	0.090604845942144	0.38961184155884704	2.0	2
DLBCL_C_D_1103_NULLPAIR	0.03135446398159988	0.3908015390407311	0.19512786950019784	0.06693532787886038	0.3157807995986108	0.3908015390407311	3.0	1
DLBCL10885	0.28812093076184164	0.3909879110060905	0.03773051048210946	0.06072630771752061	0.22243434003243778	0.3909879110060905	1.0	1
DLBCL10542	0.2888740266200814	0.04940832390361463	0.39355281885581683	0.05010875133267699	0.21805607928781015	0.39355281885581683	0.0	2
DLBCL10487	0.19131222719116772	0.1815341561712516	0.10170739002632519	0.1294356595427894	0.39601056706846605	0.39601056706846605	1.0	4
DLBCL10863	0.3964753896728119	0.08204580261150785	0.09893449599802716	0.128034817094475	0.2945094946231781	0.3964753896728119	3.0	0
DLBCL_RICOVER_522	0.3967798835475465	0.29428175532314504	0.10016272290473989	0.07747581761041694	0.13129982061415152	0.3967798835475465	2.0	0
DLBCL_LS3820	0.1330923014495184	0.3977070691631721	0.10620813437423329	0.07322137347308175	0.28977112153999446	0.3977070691631721	2.0	1
DLBCL11482	0.25474103394280956	0.0699327080820276	0.18569127267938854	0.39809993215873307	0.09153505313704131	0.39809993215873307	0.0	3
DLBCL10999	0.14575432641326588	0.03990435687387075	0.3195536416655927	0.4018772868210216	0.09291038822624911	0.4018772868210216	4.0	3
DLBCL_C_D_1123_NULLPAIR	0.12938860022455848	0.401922026901454	0.1066042587923292	0.07406809167825985	0.28801702240339855	0.401922026901454	0.0	1
DLBCL10518	0.04219154314423478	0.03459947460964442	0.40200418988408265	0.3096990247441793	0.21150576761785883	0.40200418988408265	2.0	2
DLBCL10485	0.40368264543704785	0.20848517918194645	0.15795789629332185	0.12078651856008096	0.109087760527603	0.40368264543704785	4.0	0
DLBCL10502	0.038961304129636776	0.19874975025186067	0.40544147230547456	0.16931435559140334	0.1875331177216247	0.40544147230547456	1.0	2
DLBCL11000	0.1398715648545421	0.21079925425506923	0.040559986472514936	0.20071535603977406	0.4080538383780998	0.4080538383780998	4.0	4
DLBCL11486	0.40914135153259634	0.19852644680731082	0.15328728218136334	0.12459300432183895	0.11445191515689065	0.40914135153259634	0.0	0
DLBCL10483	0.12852095270971914	0.4104877253468228	0.1050690441622698	0.07065189942700069	0.28527037835418756	0.4104877253468228	1.0	1
DLBCL10908	0.13335361724119407	0.41232299091256946	0.10980685269463936	0.07464640388420576	0.2698701352673913	0.41232299091256946	4.0	1
DLBCL_RICOVER_773	0.13065116816984212	0.41671384527729327	0.10168896634123996	0.0721002628434311	0.27884575736819345	0.41671384527729327	4.0	1
DLBCL_RICOVER_978	0.15392080874685526	0.0411011792261252	0.3453774031522725	0.417119028147806	0.04248158072694106	0.417119028147806	2.0	3
DLBCL_LS1683	0.11932979436931747	0.4187975214869285	0.2224772067606722	0.13351594594726696	0.10587953143581494	0.4187975214869285	1.0	1
DLBCL10523	0.41880485120762867	0.025968095503810663	0.220575192054942	0.31056454759174995	0.024087313641868648	0.41880485120762867	2.0	0
DLBCL11479	0.18310120905974836	0.24391066294217525	0.07702644845793168	0.07649242607192658	0.4194692534682182	0.4194692534682182	1.0	4
DLBCL11435	0.14928799341519378	0.04293439479907542	0.34706918601872816	0.41975548551537417	0.04095294025162841	0.41975548551537417	0.0	3
DLBCL_MC_F218_RAP	0.14551813043897735	0.0421441444483715	0.3499509422606256	0.4216442546922832	0.04074252815974224	0.4216442546922832	3.0	3
DLBCL10457	0.1000336019610934	0.42177214162432386	0.23130942918038716	0.12775747251196964	0.11912735472222592	0.42177214162432386	4.0	1
DLBCL11671	0.2704813413396445	0.19403279552218491	0.42257461704413796	0.08288923993577611	0.03002200615825651	0.42257461704413796	0.0	2
DLBCL_C_D_1133_NULLPAIR	0.30120132671271854	0.42391524402837366	0.16649133547347997	0.06972602965625402	0.03866606412917394	0.42391524402837366	2.0	1
DLBCL10846	0.09386453666371675	0.4250620267552501	0.15052886562545806	0.12177877436619346	0.20876579658938152	0.4250620267552501	1.0	1
DLBCL10963	0.3312502479070977	0.08371709988278538	0.07363877130523928	0.4265763308260965	0.0848175500787812	0.4265763308260965	4.0	3
DLBCL10973	0.42808252643211725	0.29598019057731717	0.10091090612843867	0.09471509893123102	0.08031127793089592	0.42808252643211725	3.0	0
DLBCL10959	0.1602035846464869	0.28585504726290245	0.08079062789981849	0.42950875890843504	0.043641981282357044	0.42950875890843504	0.0	3
DLBCL_DFCI_DLBCL_GOE07	0.09785225914979076	0.4314005679658269	0.2378039497896582	0.12290470060063877	0.11003852249408533	0.4314005679658269	1.0	1
DLBCL_RICOVER_451	0.1098754951538552	0.2346225079061414	0.13697389019791248	0.08683265639808467	0.43169545034400625	0.43169545034400625	0.0	4
DLBCL_LS3204	0.11264301771118641	0.3192233513017993	0.43175480445894415	0.09698230164398901	0.03939652488408113	0.43175480445894415	1.0	2
DLBCL10894	0.43256376814301317	0.1956752442347748	0.05268248284658356	0.30091219517851514	0.01816630959711339	0.43256376814301317	1.0	0
DLBCL_LS2208	0.11388466841318563	0.2258002233795736	0.1443021010300527	0.08251245017779298	0.433500556999395	0.433500556999395	4.0	4
DLBCL10517	0.024810723210403323	0.18909549779961032	0.43394373281915416	0.18819836696022058	0.1639516792106117	0.43394373281915416	1.0	2
DLBCL11484	0.06632091574607142	0.4343992801126095	0.13000233339764145	0.09652782709736202	0.2727496436463156	0.4343992801126095	1.0	1
DLBCL10989	0.4346752254341041	0.10968174947308304	0.05807953579624199	0.05041735339942408	0.3471461358971469	0.4346752254341041	1.0	0
DLBCL_LS2590	0.052844172630839834	0.044546006282145376	0.4352631967768766	0.22705303963571646	0.2402935846744218	0.4352631967768766	3.0	2
DLBCL10835	0.07589167354704027	0.2009799248075945	0.15317055144559577	0.1342613674947599	0.4356964827050094	0.4356964827050094	4.0	4
DLBCL10497	0.06341582690255161	0.0409918294079374	0.08175750744383586	0.43615296345944016	0.37768187278623494	0.43615296345944016	3.0	3
DLBCL_RICOVER_575	0.05003298168967138	0.2806951891159607	0.43825779277275323	0.07084474507554313	0.16016929134607152	0.43825779277275323	3.0	2
DLBCL_LS1304	0.10873037646826245	0.22560561995215828	0.14250540711462117	0.08477720406013586	0.43838139240482216	0.43838139240482216	2.0	4
DLBCL11491	0.13676587404578672	0.030414435130957346	0.4402119716932299	0.30182377600323396	0.0907839431267921	0.4402119716932299	3.0	2
DLBCL11661	0.08682615583547795	0.30541791801370505	0.10522172192372432	0.44078422494713454	0.06174997927995825	0.44078422494713454	1.0	3
DLBCL10782	0.23420278079201656	0.25831101818511354	0.045399193047490065	0.44259698885617565	0.019490019119204168	0.44259698885617565	3.0	3
DLBCL10452	0.023687890971215184	0.44516683065721363	0.2146482274855581	0.08143196362007755	0.23506508726593547	0.44516683065721363	1.0	1
DLBCL10859	0.10681948654319694	0.22196460653875794	0.14079800342463333	0.08152849254306999	0.4488894109503419	0.4488894109503419	1.0	4
DLBCL10925	0.083425813698803	0.44965125958285285	0.14298651043122432	0.28978269172741516	0.0341537245597047	0.44965125958285285	4.0	1
DLBCL_RICOVER_314	0.10723070978113411	0.22105754845421394	0.1349947590976312	0.08489018824970411	0.4518267944173166	0.4518267944173166	4.0	4
DLBCL10491	0.3031911640265781	0.13590755635077434	0.45376805507617324	0.06926235001366958	0.03787087453280473	0.45376805507617324	3.0	2
DLBCL_C_D_1109_NULLPAIR	0.394662467797939	0.07044016537284274	0.06092284389248437	0.4538621903963651	0.020112332540368826	0.4538621903963651	3.0	3
DLBCL11483	0.1673903852637336	0.45534470471900323	0.1441587882877282	0.11084513522012507	0.12226098650940992	0.45534470471900323	1.0	1
DLBCL_RICOVER_299	0.2319000748593871	0.45646151048063244	0.08775892622034141	0.07071451345999347	0.15316497497964554	0.45646151048063244	1.0	1
DLBCL_RICOVER_977	0.3538505522196778	0.013210272385934783	0.032742455991572265	0.14365087466439436	0.45654584473842075	0.45654584473842075	0.0	4
DLBCL_RICOVER_533	0.06937109184831444	0.357493034188928	0.06978405528278238	0.04462765245736832	0.4587241662226068	0.4587241662226068	1.0	4
DLBCL10966	0.2795625637349444	0.09310011166961561	0.07657464798986624	0.4612423548228352	0.08952032178273854	0.4612423548228352	0.0	3
DLBCL_LS3200	0.07333131554655291	0.3542676311693132	0.06790225531480326	0.04266881918234601	0.46182997878698456	0.46182997878698456	4.0	4
DLBCL11523	0.11140923006997622	0.04396265017577006	0.08392612788991424	0.2985588064768077	0.4621431853875318	0.4621431853875318	0.0	4
DLBCL11449	0.05240530130782101	0.06912911555060967	0.10815400760076803	0.3068466198904429	0.46346495565035856	0.46346495565035856	1.0	4
DLBCL11658	0.06954044423833308	0.08017007782401822	0.27350873556193805	0.11244906785235675	0.46433167452335394	0.46433167452335394	3.0	4
DLBCL10482	0.46580990075219364	0.044430314613030174	0.05410769145773515	0.07780105743871955	0.3578510357383216	0.46580990075219364	0.0	0
DLBCL_LS3245	0.04856064915172341	0.40747592311635633	0.4661441588465838	0.04844307538537145	0.02937619349996509	0.4661441588465838	1.0	2
DLBCL11450	0.05563970604338124	0.07882991407766317	0.09040936848837086	0.4665682147913382	0.3085527965992465	0.4665682147913382	4.0	3
DLBCL_RICOVER_720	0.413487893191481	0.03279421460169224	0.02540370419160183	0.060518890308433174	0.4677952977067918	0.4677952977067918	4.0	4
DLBCL10871	0.16679412931813486	0.46816803163529236	0.15018700509163058	0.10402056777287541	0.1108302661820668	0.46816803163529236	1.0	1
DLBCL_MAYO_DLBCL_3653	0.4690594553519917	0.037115206778376424	0.06719606469240018	0.10203970829637528	0.3245895648808564	0.4690594553519917	0.0	0
DLBCL11576	0.034979541175663424	0.2949593543459605	0.13701615341541867	0.46953453705682513	0.06351041400613233	0.46953453705682513	3.0	3
DLBCL11477	0.27449704759068577	0.08033629346109558	0.07230341605492066	0.10250121518666222	0.47036202770663577	0.47036202770663577	0.0	4
DLBCL10956	0.1591885679991623	0.4736610993192298	0.15325891711718484	0.1050544882689751	0.10883692729544799	0.4736610993192298	1.0	1
DLBCL_C_D_1153_NULLPAIR	0.1630374949508126	0.47417637358808745	0.1465532465616971	0.1022754683463733	0.11395741655302966	0.47417637358808745	3.0	1
DLBCL11527	0.06768182112240201	0.08345069352227595	0.0813624810219755	0.4741801693504827	0.2933248349828638	0.4741801693504827	3.0	3
DLBCL11448	0.16035445296973905	0.4748921862972402	0.14501448053650864	0.11068804520430894	0.10905083499220317	0.4748921862972402	3.0	1
DLBCL_MC_F519_ALT	0.2611879880213129	0.4758275735729618	0.04114771631328745	0.035502890948437935	0.18633383114399998	0.4758275735729618	4.0	1
DLBCL11456	0.16004855471565213	0.47618202439932455	0.14904097158142945	0.10628258070461553	0.10844586859897828	0.47618202439932455	1.0	1
DLBCL11535	0.16371597559498396	0.4763316788570134	0.1496096863528582	0.10123683155921563	0.10910582763592885	0.4763316788570134	3.0	1
DLBCL_RICOVER_1060	0.1677209520255987	0.4765797186250046	0.14055781220411653	0.10494287429345378	0.1101986428518265	0.4765797186250046	1.0	1
DLBCL_MC_F089_HCZ	0.15941703021774667	0.4767335524222155	0.15050636271364148	0.10607965289079159	0.10726340175560477	0.4767335524222155	1.0	1
DLBCL10549	0.09413503046915479	0.4789651727102404	0.24158713432154405	0.10145063696843402	0.08386202553062676	0.4789651727102404	1.0	1
DLBCL10566	0.16004833005526295	0.4792949858506495	0.1448112792323602	0.10676919317341653	0.10907621168831079	0.4792949858506495	4.0	1
DLBCL10901	0.1627307615888542	0.4793328837788238	0.14852218790483795	0.10415527264995553	0.10525889407752853	0.4793328837788238	4.0	1
DLBCL_RICOVER_478	0.1602043065862895	0.47964242702729193	0.14551455079763623	0.10720884269070953	0.10742987289807286	0.47964242702729193	1.0	1
DLBCL10987	0.16312201789731706	0.48064208236482675	0.13906403254096317	0.10640956735089287	0.11076229984600014	0.48064208236482675	4.0	1
DLBCL11595	0.10703115241352067	0.23422531334262642	0.1008493061315666	0.4810129785842038	0.07688124952808255	0.4810129785842038	4.0	3
DLBCL_RICOVER_449	0.16040272388495494	0.48167636601656705	0.14426216803233277	0.10973175487260593	0.10392698719353934	0.48167636601656705	4.0	1
DLBC_FF_A7CR_TP_NB	0.15695644743186882	0.01048727536303216	0.19334740380289514	0.15706711703633847	0.4821417563658655	0.4821417563658655	4.0	4
DLBCL_MC_F729_MAN	0.15885951557763195	0.48236290906018275	0.1441068190292345	0.10537256907895805	0.10929818725399273	0.48236290906018275	1.0	1
DLBCL_RICOVER_780	0.02104056352773979	0.483844592087359	0.3752531744218605	0.04186149640824588	0.07800017355479477	0.483844592087359	1.0	1
DLBCL11002	0.4838915493261422	0.035179002253141176	0.06823648063836944	0.09893049334075692	0.3137624744415902	0.4838915493261422	3.0	0
DLBCL_RICOVER_408	0.16279141454745225	0.4841041142429907	0.14505464293233697	0.10334366035261378	0.10470616792460623	0.4841041142429907	2.0	1
DLBCL_LS2599	0.3411129359847801	0.4850831273837989	0.06456796088165714	0.08840989045868843	0.02082608529107553	0.4850831273837989	2.0	1
DLBCL_RICOVER_829	0.4866572312239684	0.3713144570620292	0.049586149931380705	0.05305537471571534	0.03938678706690623	0.4866572312239684	0.0	0
DLBCL10936	0.1542521016112587	0.4879723508055697	0.14223942895090788	0.10797007710700501	0.10756604152525862	0.4879723508055697	2.0	1
DLBCL10950	0.08798886799257477	0.04580107718513886	0.12578849973440326	0.2504862618311067	0.4899352932567764	0.4899352932567764	0.0	4
DLBCL_RICOVER_712	0.06395379237782656	0.48997803575136073	0.3145269300826235	0.07902118145661109	0.05252006033157812	0.48997803575136073	4.0	1
DLBCL11455	0.15555496396058605	0.4918700224671983	0.14260338969161804	0.10306529776006478	0.1069063261205329	0.4918700224671983	2.0	1
DLBCL_LS3499	0.492068044158895	0.03974316420371002	0.10857456069206184	0.20393353968513717	0.155680691260196	0.492068044158895	3.0	0
DLBCL_RICOVER_910	0.08655022324216038	0.4927802481312549	0.08070542914517524	0.28772381321595386	0.05224028626545557	0.4927802481312549	0.0	1
DLBCL_RICOVER_985	0.14337337110055504	0.16733000644157817	0.16628593316920345	0.49532055687501186	0.027690132413651553	0.49532055687501186	3.0	3
DLBCL11513	0.12460342855985357	0.08604412652030337	0.15607003612815315	0.1357540997788728	0.4975283090128172	0.4975283090128172	4.0	4
DLBCL_RICOVER_111	0.13052895112818388	0.08786757526296995	0.14506004806529305	0.13787874341391484	0.4986646821296382	0.4986646821296382	4.0	4
DLBCL10935	0.5001260500167439	0.25920675149555583	0.06399457299283426	0.062568518967992	0.11410410652687408	0.5001260500167439	0.0	0
DLBCL10564	0.09432369443840047	0.5001606000596235	0.07670748288615378	0.27651898620636367	0.05228923640945861	0.5001606000596235	3.0	1
DLBCL11569	0.05786183387315046	0.34360151749753653	0.5003934445531004	0.066613725508389	0.03152947856782354	0.5003934445531004	2.0	2
DLBCL10896	0.18573713402879566	0.12837754024194795	0.0634086968370039	0.5022963340042235	0.12018029488802903	0.5022963340042235	0.0	3
DLBCL11678	0.5026475087072373	0.18810828744556188	0.05276219967806086	0.09082688956577781	0.16565511460336219	0.5026475087072373	3.0	0
DLBC_FF_A7CQ_TP_NB	0.5029585249807808	0.027063081951927387	0.03662218694974943	0.3343579511969007	0.09899825492064164	0.5029585249807808	4.0	0
DLBCL10532	0.11628412461956666	0.024636075262036067	0.5052726723004209	0.0959825158833194	0.2578246119346569	0.5052726723004209	4.0	2
DLBCL10463	0.061082470375202966	0.5057966076963469	0.15399235879611617	0.07661718607862406	0.20251137705370986	0.5057966076963469	4.0	1
DLBCL10899	0.5093325048439964	0.2624119012772431	0.06175288798696697	0.059592330603812436	0.10691037528798107	0.5093325048439964	4.0	0
DLBCL_RICOVER_274	0.06816718285380743	0.025625069362298702	0.05064798792430303	0.34370497788963394	0.5118547819699569	0.5118547819699569	3.0	4
DLBCL_MAYO_DLBCL_5613	0.5133459518628753	0.063070056994224	0.03146136471718289	0.05317218171620442	0.3389504447095133	0.5133459518628753	0.0	0
DLBCL11679	0.33887130380164343	0.5154230452634797	0.07389008945106386	0.05144377052837107	0.02037179095544199	0.5154230452634797	1.0	1
DLBCL10509	0.06379919040170928	0.2589758541644636	0.087078313109757	0.07093893165006313	0.5192077106740071	0.5192077106740071	0.0	4
DLBCL11510	0.5224524114990039	0.034490513291718455	0.0663156345169432	0.1061387240369339	0.2706027166554005	0.5224524114990039	4.0	0
DLBCL10924	0.13249402387630393	0.13764715793636637	0.12442718661307565	0.08282148636556322	0.5226101452086908	0.5226101452086908	4.0	4
DLBCL11202	0.062088767713477024	0.2711106365226146	0.5231778050629962	0.050826070104737185	0.0927967205961751	0.5231778050629962	0.0	2
DLBCL10992	0.5235947721341122	0.027207389192509115	0.0891884997916108	0.1844675037475328	0.17554183513423507	0.5235947721341122	4.0	0
DLBCL10916	0.08205534865548528	0.036237182769193535	0.060667066403956485	0.2973848324275975	0.5236555697437673	0.5236555697437673	4.0	4
DLBCL10965	0.5245236586031148	0.022271075274384364	0.13297031685141225	0.22775745844406498	0.0924774908270236	0.5245236586031148	3.0	0
DLBCL10928	0.04621793035305257	0.30452408514572965	0.0605159785435398	0.06242188690229811	0.5263201190553798	0.5263201190553798	0.0	4
DLBCL11469	0.14074814055724377	0.13273993735751055	0.11986357194535611	0.08021073455191524	0.5264376155879744	0.5264376155879744	2.0	4
DLBCL11533	0.05690584315533417	0.5276064898806133	0.33640484091810813	0.04407252648384126	0.03501029956210306	0.5276064898806133	1.0	1
DLBCL_RICOVER_1293	0.5303906319039616	0.10916838143640799	0.04770772231916211	0.06512607698515324	0.24760718735531514	0.5303906319039616	4.0	0
DLBCL10838	0.13248273238433944	0.13340270370290458	0.12312288799845214	0.08013589069773676	0.5308557852165671	0.5308557852165671	4.0	4
DLBCL10930	0.12982542331801833	0.13524325618367147	0.11746467173874688	0.08332843720901363	0.5341382115505497	0.5341382115505497	4.0	4
DLBCL10527	0.08560914436489868	0.05801347457341297	0.09741984545821906	0.5351988035762011	0.2237587320272682	0.5351988035762011	3.0	3
DLBCL_RICOVER_173	0.06431610064858152	0.023420127796368893	0.051242109944446015	0.323900861647652	0.5371207999629516	0.5371207999629516	4.0	4
DLBCL_RICOVER_583	0.13316272412220376	0.12994741086250952	0.11995690677538197	0.0783297228607025	0.5386032353792023	0.5386032353792023	1.0	4
DLBCL11460	0.09580096370053302	0.08463442584565745	0.11202154844164018	0.5392891147835837	0.1682539472285857	0.5392891147835837	3.0	3
DLBCL11652	0.13298651981361478	0.1297513391518549	0.1163550107423811	0.08160616907193838	0.5393009612202108	0.5393009612202108	0.0	4
DLBCL11196	0.13156028676529602	0.1273598852918901	0.12252224154904792	0.07790748757181917	0.5406500988219468	0.5406500988219468	3.0	4
DLBCL10867	0.2094148021246198	0.5439765908010827	0.038419217872082384	0.05635412175189051	0.1518352674503246	0.5439765908010827	4.0	1
DLBCL_C_D_1106_NULLPAIR	0.13042728855634267	0.5439983788074633	0.2524531473150698	0.04337302456022996	0.029748160760894378	0.5439983788074633	1.0	1
DLBCL10983	0.17192465380608177	0.5440510882742597	0.05198351577507669	0.04019685461988951	0.19184388752469228	0.5440510882742597	1.0	1
DLBCL_C_D_1139_NULLPAIR	0.0955192455221402	0.13631800574199338	0.12986902608245388	0.5450895141144262	0.09320420853898635	0.5450895141144262	3.0	3
DLBCL_MC_F132_MLM	0.2456302789646009	0.033574136503813856	0.07572545778317552	0.09964005901649399	0.5454300677319157	0.5454300677319157	0.0	4
DLBCL10874	0.15511917684447407	0.02342164071393023	0.22253104863795228	0.05340963757265416	0.5455184962309892	0.5455184962309892	1.0	4
DLBCL10996	0.3108306405868383	0.019037921476662143	0.042228348039189234	0.0755854325294294	0.5523176573678809	0.5523176573678809	0.0	4
DLBCL_RICOVER_1045	0.5527282757294996	0.12086566532805025	0.0439609695811751	0.050344689592090444	0.23210039976918465	0.5527282757294996	3.0	0
DLBCL10879	0.22139399853815703	0.0848013385083088	0.5529877888355055	0.06273637425136952	0.0780804998666592	0.5529877888355055	2.0	2
DLBCL11204	0.21414452307091775	0.0448886550350457	0.08058110421622162	0.10583037518488796	0.5545553424929269	0.5545553424929269	1.0	4
DLBCL11573	0.07421597218808287	0.26902872505222847	0.5555143319868784	0.0604702544611062	0.04077071631170411	0.5555143319868784	2.0	2
DLBCL11471	0.30003516101073513	0.034115842104994194	0.053712473724895876	0.5560361648530485	0.05610035830632633	0.5560361648530485	3.0	3
DLBCL10911	0.09003039463467602	0.5563674348244656	0.0964358715635356	0.06444908552885753	0.1927172134484653	0.5563674348244656	1.0	1
DLBCL_LS4054	0.08064341049453264	0.5568595309373887	0.05085653019773293	0.0379941439288778	0.2736463844414679	0.5568595309373887	1.0	1
DLBCL10471	0.12830662370284635	0.125739524909858	0.11571453974128472	0.0732423356251895	0.5569969760208213	0.5569969760208213	4.0	4
DLBCL_RICOVER_1018	0.10843546755560016	0.5570597534346035	0.03906922209022655	0.2692197604547589	0.026215796464810925	0.5570597534346035	3.0	1
DLBCL_RICOVER_1204	0.03293244806770417	0.14343332775358197	0.5588828704332294	0.2022958313399606	0.062455522405523836	0.5588828704332294	3.0	2
DLBCL_RICOVER_711	0.12302248775326463	0.5607716381812501	0.05086225416077062	0.2306148071141921	0.034728812790522486	0.5607716381812501	3.0	1
DLBCL11672	0.11372997098519372	0.09180255404808307	0.11733437491574257	0.5613929680328226	0.11574013201815803	0.5613929680328226	2.0	3
DLBCL11512	0.561426166664898	0.33089402271652113	0.024829989438058545	0.043714071762987416	0.039135749417534935	0.561426166664898	0.0	0
DLBCL10918	0.23044669264839177	0.07979755515567759	0.06873630464356759	0.561588783520979	0.05943066403138411	0.561588783520979	0.0	3
DLBCL11433	0.2267941908625397	0.08250679474160383	0.07116743465255529	0.5616550007452032	0.05787657899809782	0.5616550007452032	3.0	3
DLBCL11655	0.27733590188354457	0.03441394914696917	0.08044660642960726	0.04443340509130895	0.56337013744857	0.56337013744857	3.0	4
DLBCL10985	0.11248696161342167	0.0924235748235489	0.11324927298959468	0.5642575759957912	0.11758261457764355	0.5642575759957912	1.0	3
DLBCL10519	0.08677064230301232	0.5646290463107354	0.09868913806753063	0.06348886641586701	0.1864223069028547	0.5646290463107354	1.0	1
DLBCL_LS1757	0.2728930815159562	0.029604879626681273	0.5652836263931275	0.09471204918358929	0.03750636328064573	0.5652836263931275	0.0	2
DLBCL_RICOVER_1329	0.0895315629240559	0.5667702659162974	0.09982197717032781	0.06173323793944596	0.1821429560498729	0.5667702659162974	4.0	1
DLBCL10488	0.11143706542829755	0.568720420293485	0.05355011082816786	0.23220218495091033	0.03409021849913924	0.568720420293485	0.0	1
DLBCL10939	0.10819293704696153	0.0936605645566214	0.11804466855364863	0.5689684810185046	0.11113334882426379	0.5689684810185046	3.0	3
DLBCL_RICOVER_1248	0.5703964548333682	0.05525818307981229	0.0815794061430579	0.175975385484233	0.11679057045952873	0.5703964548333682	4.0	0
DLBCL_RICOVER_496	0.07750253693670789	0.23018523964953022	0.5712500873122198	0.08107615583101804	0.039985980270524066	0.5712500873122198	1.0	2
DLBCL10836	0.22289838023008623	0.0787961165986147	0.06743244232721972	0.5712629015825245	0.05961015926155487	0.5712629015825245	4.0	3
DLBCL10503	0.08683409376246287	0.5713157818808559	0.09735250840231272	0.06319448949949487	0.1813031264548737	0.5713157818808559	1.0	1
DLBCL10466	0.11463726136132416	0.08847021078234525	0.1144618295531489	0.5721933933281532	0.11023730497502844	0.5721933933281532	2.0	3
DLBCL10843	0.5727594464769442	0.2434767255549746	0.07058593274360256	0.06601857216857239	0.0471593230559062	0.5727594464769442	0.0	0
DLBCL10484	0.11022991251054932	0.5736788386182324	0.0572906352742428	0.2325740051088944	0.02622660848808103	0.5736788386182324	1.0	1
DLBCL_RICOVER_617	0.5782531174692763	0.04692020085411694	0.040013452879115105	0.2910349164538836	0.04377831234360807	0.5782531174692763	3.0	0
DLBCL10868	0.20576896460206426	0.11564276534942061	0.039292374400755996	0.5803165953901511	0.05897930025760797	0.5803165953901511	3.0	3
DLBCL_C_D_1148_NULLPAIR	0.12381710689005246	0.03666161103552481	0.057690731751611594	0.5811774583613486	0.20065309196146255	0.5811774583613486	0.0	3
DLBCL11187	0.2062148133448508	0.5851681738312707	0.05741847162635238	0.05329379308653536	0.09790474811099079	0.5851681738312707	4.0	1
DLBCL10875	0.5863114213297193	0.07299883934480488	0.2371967547164006	0.061128243866861665	0.0423647407422137	0.5863114213297193	0.0	0
DLBCL11430	0.5863758384722121	0.17032944734105074	0.03384267445499712	0.18271317075735963	0.026738868974380388	0.5863758384722121	0.0	0
DLBCL10842	0.1399269886532653	0.021295368884729	0.04810133551453797	0.20412292148282338	0.5865533854646444	0.5865533854646444	4.0	4
DLBCL10895	0.08124912556817056	0.11428031039762415	0.09904302401168562	0.11660750840716579	0.5888200316153539	0.5888200316153539	4.0	4
DFCIDL003_DT	0.09280488173758313	0.1223094411233228	0.5888917513296693	0.09776904947978797	0.09822487632963674	0.5888917513296693	1.0	2
DLBCL11516	0.15885534610856014	0.5891885212692974	0.12847482395570167	0.09830796428827202	0.025173344378168757	0.5891885212692974	1.0	1
DLBCL_RICOVER_1106	0.07819546816453164	0.589884369868606	0.07720979935645705	0.1594100990585232	0.09530026355188209	0.589884369868606	4.0	1
DLBCL11670	0.035611969478876807	0.5914644485258335	0.16003375273509496	0.17570480569137695	0.037185023568817824	0.5914644485258335	2.0	1
DLBCL_LS4592	0.058134424808266194	0.24599031287844092	0.593519446153393	0.05022699494779703	0.0521288212121028	0.593519446153393	2.0	2
DLBCL10547	0.0636905469698021	0.08030870790453293	0.1515506004785466	0.10988529491567735	0.5945648497314411	0.5945648497314411	3.0	4
DLBCL_RICOVER_839	0.04457993084005465	0.5946496245631229	0.04705930550933478	0.1393530683192089	0.17435807076827875	0.5946496245631229	1.0	1
DLBCL_MC_F349_BJJ	0.08076266423886214	0.11150946160560374	0.10174453374798541	0.11089135822198568	0.595091982185563	0.595091982185563	2.0	4
DLBCL10492	0.14044679928363948	0.02684632599309257	0.056590194701027774	0.5951560960862049	0.1809605839360353	0.5951560960862049	0.0	3
DLBCL_C_D_1125_NULLPAIR	0.056931774717755734	0.2122392261565289	0.087494921800601	0.04758659009013087	0.5957474872349835	0.5957474872349835	4.0	4
DLBCL10565	0.05875487757596434	0.08299062216941659	0.23871551301365887	0.5957944873404157	0.023744499900544447	0.5957944873404157	3.0	3
DLBCL11458	0.041586230908012764	0.033841202235090476	0.6024493137707719	0.08727823575573383	0.23484501733039095	0.6024493137707719	2.0	2
DLBCL11478	0.19845772870941303	0.6026755976029866	0.06318179414619264	0.04916713752753202	0.08651774201387567	0.6026755976029866	0.0	1
DLBCL11519	0.3019819913710744	0.03395274309353889	0.038062171323876376	0.6043120541595814	0.021691040051928945	0.6043120541595814	0.0	3
DLBCL10780	0.07903442301179531	0.11081867838234653	0.09367397337814704	0.11174737905336751	0.6047255461743436	0.6047255461743436	1.0	4
DLBCL_RICOVER_1165	0.2495018554692327	0.60496079326412	0.053622835031084844	0.05174987387284749	0.040164642362715	0.60496079326412	1.0	1
DLBCL_RICOVER_267	0.07511230979961152	0.11273319000368745	0.09637740456523232	0.10953424853121056	0.6062428471002582	0.6062428471002582	2.0	4
DLBCL_MC_F500_ECU	0.10350882090412647	0.6065864864814213	0.13249911761220495	0.08448214706624724	0.07292342793599996	0.6065864864814213	1.0	1
DLBCL11520	0.05694563400070471	0.2009470417595783	0.08473925377165784	0.046970348001195615	0.6103977224668635	0.6103977224668635	0.0	4
DLBCL10544	0.046189727647168624	0.023042779067257962	0.06760129955091546	0.6106920801255048	0.2524741136091532	0.6106920801255048	3.0	3
DLBCL10498	0.09806581996523529	0.6116971998494425	0.1314677802523507	0.08422824417960902	0.07454095575336249	0.6116971998494425	2.0	1
DLBCL10906	0.05628026467576276	0.2017542384369862	0.08311336011856835	0.046414726418603454	0.6124374103500793	0.6124374103500793	1.0	4
DLBCL_MAYO_DLBCL_7359	0.10128975246789156	0.615043603863382	0.12527576859107106	0.08458958188693196	0.07380129319072351	0.615043603863382	1.0	1
DLBCL11683	0.09903851119620846	0.6157595594613651	0.1331179094212879	0.0817218380044581	0.07036218191668048	0.6157595594613651	2.0	1
DLBCL11677	0.6174529403877205	0.038815057161500494	0.08401928205098222	0.23921439187956148	0.02049832852023536	0.6174529403877205	0.0	0
DLBCL11591	0.0775882737685275	0.16709974686534065	0.07324715584639288	0.06396109976461384	0.6181037237551251	0.6181037237551251	1.0	4
DLBCL_C_D_1130_NULLPAIR	0.1647826858633293	0.0333457766403231	0.04170552292392842	0.1375677213888965	0.6225982931835227	0.6225982931835227	0.0	4
DLBCL11656	0.055484357014549165	0.04287802201699856	0.6227618199239222	0.04562879424171497	0.23324700680281507	0.6227618199239222	2.0	2
DLBCL_LS2328	0.6245683462592231	0.10644945261527197	0.120900073820829	0.11884982336489333	0.02923230393978255	0.6245683462592231	2.0	0
DLBCL10850	0.6251453116692215	0.1572617573927652	0.05282964481935182	0.05854915577035679	0.1062141303483047	0.6251453116692215	1.0	0
DLBCL10978	0.06430031518516463	0.11162194847705693	0.6251670931662221	0.06885264849926497	0.13005799467229145	0.6251670931662221	3.0	2
DLBCL11664	0.6268565517941848	0.2527697678687604	0.02290732229167872	0.04847791839905012	0.04898843964632607	0.6268565517941848	1.0	0
DLBCL10553	0.06851057971803975	0.028912937500221586	0.6271174836275104	0.23477448412763202	0.04068451502659622	0.6271174836275104	3.0	2
DLBCL10873	0.0594359886109254	0.628669160430697	0.19496310676820391	0.09723996522889967	0.01969177896127404	0.628669160430697	1.0	1
DLBCL11669	0.0421552949706957	0.6296373049707735	0.1364300607920032	0.06432338570951972	0.12745395355700792	0.6296373049707735	2.0	1
DLBCL11462	0.21779972223234909	0.041790619975929914	0.04838945297270191	0.06198549870343312	0.630034706115586	0.630034706115586	0.0	4
DLBCL10467	0.043501090528026067	0.07130916756270479	0.06672308846945958	0.18158382358319758	0.636882829856612	0.636882829856612	4.0	4
DLBCL10889	0.0624937817618355	0.0625680641953486	0.11639667517669407	0.11825727947290818	0.6402841993932137	0.6402841993932137	4.0	4
DLBCL10530	0.02796246828597257	0.6412159784084384	0.05522461148821055	0.03363421986007896	0.24196272195729954	0.6412159784084384	4.0	1
DLBCL11454	0.6441609305379908	0.07472318994919148	0.1116975127045358	0.1356818154713918	0.033736551336890144	0.6441609305379908	0.0	0
DLBCL11436	0.07558911225107293	0.6471442714982324	0.11475604652956606	0.06646364053809407	0.09604692918303455	0.6471442714982324	1.0	1
DLBCL10490	0.6523693299063121	0.040610870945199974	0.03982207752946146	0.0709895768037755	0.19620814481525098	0.6523693299063121	0.0	0
DLBCL10535	0.05485091295871011	0.06086432150509253	0.11681140199420405	0.11486950321277166	0.6526038603292217	0.6526038603292217	4.0	4
DLBCL_RICOVER_506	0.044047529809679235	0.6535026393278454	0.04578258836819275	0.02766472341605444	0.22900251907822816	0.6535026393278454	4.0	1
DLBCL10893	0.07371037698724611	0.6537310363270954	0.11393836845158499	0.06620995013197518	0.09241026810209835	0.6537310363270954	4.0	1
DLBCL11564	0.6540237332999973	0.014971975859872904	0.04340501505536674	0.11382840054602707	0.17377087523873594	0.6540237332999973	3.0	0
DLBCL10915	0.07047967394003765	0.6543469716490264	0.11540705963831416	0.06735516140132333	0.09241113337129843	0.6543469716490264	4.0	1
DLBCL10910	0.0726352216581889	0.6566763847350038	0.10738532512754004	0.07181595114116285	0.09148711733810437	0.6566763847350038	2.0	1
DLBCL_MC_F139_LJF	0.06715028521398735	0.0212110208333584	0.037325404462115075	0.6585945021663068	0.2157187873242324	0.6585945021663068	3.0	3
DLBCL_C_D_1114_NULLPAIR	0.6591498319846769	0.04522593754231257	0.06555212358487693	0.08645636751369873	0.14361573937443486	0.6591498319846769	0.0	0
DLBCL11498	0.16928661853423033	0.07741857870260602	0.03910021807202749	0.054043226319073934	0.6601513583720622	0.6601513583720622	1.0	4
DLBCL10887	0.05793781584658806	0.0611695423373408	0.10864863319163118	0.11192184459619527	0.6603221640282446	0.6603221640282446	4.0	4
DLBCL10847	0.07745648282129639	0.11227053392302588	0.09553163545619274	0.05417324383399369	0.6605681039654913	0.6605681039654913	4.0	4
DLBCL11538	0.10503020528175804	0.02799331461808011	0.1650183043712119	0.6611659054247295	0.040792270304220384	0.6611659054247295	4.0	3
DLBCL_C_D_1112_NULLPAIR	0.6646020055204331	0.08298110438088178	0.0752502758941672	0.10035954678861496	0.07680706741590293	0.6646020055204331	2.0	0
DLBCL_RICOVER_1289	0.07327476306931391	0.11078697719247681	0.09817651125918125	0.05066059858167397	0.667101149897354	0.667101149897354	4.0	4
DLBCL_LS1668	0.04624832668658676	0.08846469703176889	0.1643496447766587	0.03102084647632446	0.6699164850286612	0.6699164850286612	1.0	4
DLBCL10864	0.04958045286986196	0.0638301593354674	0.12018058400918238	0.0956325582523384	0.6707762455331499	0.6707762455331499	4.0	4
DLBCL_LS378	0.1353973456226798	0.10960356334656153	0.6723288641324937	0.05010610373446412	0.03256412316380089	0.6723288641324937	0.0	2
DFCIDL009_DT	0.05495163622226331	0.1534407647703883	0.6733462097422859	0.07962653563167084	0.03863485363339166	0.6733462097422859	2.0	2
DLBCL11537	0.6775279386830727	0.12007263626270309	0.040617014649754105	0.044328371259493016	0.11745403914497711	0.6775279386830727	0.0	0
DLBC_FF_8042_TP_NB	0.034271368304753504	0.15911238120455806	0.06649797735269954	0.06185476466595803	0.6782635084720309	0.6782635084720309	4.0	4
DLBCL_RICOVER_1032	0.059041069198189876	0.1119189066667619	0.027305308418255965	0.12325093014144338	0.6784837855753488	0.6784837855753488	4.0	4
DLBCL11536	0.18169574024416346	0.07453359731422302	0.03699567125062675	0.6792034492972445	0.02757154189374217	0.6792034492972445	3.0	3
DLBCL11191	0.0372030657327722	0.08197752012670774	0.143282136663302	0.05822088853094377	0.6793163889462742	0.6793163889462742	0.0	4
DLBCL11558	0.025713589903153138	0.17439343492905027	0.680130409466049	0.05653520648636468	0.06322735921538296	0.680130409466049	2.0	2
DLBCL10922	0.6812295119366608	0.14117914467963955	0.05875206684928612	0.06974827575348709	0.04909100078092643	0.6812295119366608	1.0	0
DLBCL10848	0.6838995459566432	0.01964330153743494	0.03036451062484829	0.12256680835663637	0.14352583352443718	0.6838995459566432	4.0	0
DLBCL_RICOVER_685	0.051323282156379386	0.18386066869693515	0.04922054466726441	0.03130346672064504	0.684292037758776	0.684292037758776	4.0	4
DLBCL10876	0.06787815049787807	0.041558889859223694	0.10199692789773317	0.10370217987748966	0.6848638518676754	0.6848638518676754	4.0	4
DLBCL11429	0.0727486376323664	0.04169792336052313	0.0985713346923288	0.10194328348670403	0.6850388208280777	0.6850388208280777	0.0	4
DLBCL11001	0.035746974814480484	0.11161672588415339	0.13512622884664008	0.032448261036562204	0.6850618094181639	0.6850618094181639	4.0	4
DLBCL_RICOVER_361	0.04252338581914502	0.03428104761541377	0.17453823632492163	0.6856618694735137	0.06299546076700581	0.6856618694735137	3.0	3
DLBCL10980	0.04158390806181058	0.05875343633118704	0.6886382095161302	0.04437075498831819	0.1666536911025539	0.6886382095161302	4.0	2
DLBCL_RICOVER_1150	0.05594350023264188	0.690088642914877	0.08570667454095535	0.052296360266160836	0.1159648220453649	0.690088642914877	0.0	1
DLBCL11459	0.068202338238681	0.03912946763134371	0.09525887874699637	0.1059591381489766	0.6914501772340024	0.6914501772340024	3.0	4
DLBCL11441	0.0685326588191601	0.04250951454524962	0.0938712971915761	0.10202388478284635	0.6930626446611678	0.6930626446611678	2.0	4
DLBCL11657	0.0677946110905959	0.04154146558576644	0.09256462947959032	0.10501019950779182	0.6930890943362555	0.6930890943362555	3.0	4
DLBCL_RICOVER_1278	0.054334702312891725	0.03437603956513107	0.11051149587865855	0.10709515946334967	0.693682602779969	0.693682602779969	4.0	4
DLBCL10919	0.06920831559223788	0.040329643614034155	0.08995141602517817	0.10620298623581084	0.6943076385327389	0.6943076385327389	3.0	4
DLBCL10853	0.0683737483707828	0.04049444497833773	0.09340521984004016	0.10323078972606572	0.6944957970847735	0.6944957970847735	4.0	4
DLBCL11203	0.05116440340990907	0.07325051107381916	0.13313240477929197	0.6960519478960033	0.04640073284097654	0.6960519478960033	1.0	3
DLBCL10521	0.05096220622859403	0.6962871387828398	0.04895583963471202	0.03223249159605684	0.17156232375779734	0.6962871387828398	4.0	1
DLBCL_RICOVER_956	0.02849147750411953	0.16620774838726057	0.058798092339454516	0.04937701671461735	0.697125665054548	0.697125665054548	4.0	4
DLBCL10851	0.08337486215390032	0.6981142830237662	0.059833011494377385	0.045453087652033	0.11322475567592316	0.6981142830237662	1.0	1
DLBCL11206	0.04047386278044726	0.6985231752883144	0.07417574387194557	0.04212775523402953	0.14469946282526322	0.6985231752883144	4.0	1
DLBCL10931	0.0677716445904537	0.040313216861139596	0.09484184690900131	0.09580130168585935	0.7012719899535461	0.7012719899535461	0.0	4
DLBCL10967	0.06470414728577341	0.04017707675459267	0.09651975174124705	0.09669366396536266	0.7019053602530242	0.7019053602530242	4.0	4
DLBCL_RICOVER_950	0.06721817417244902	0.03952643390847663	0.08811059575254954	0.10055702295784995	0.7045877732086749	0.7045877732086749	3.0	4
DLBCL10837	0.03018655413179193	0.08126845921126272	0.14754743377097887	0.036011287179346034	0.7049862657066205	0.7049862657066205	4.0	4
DLBCL_RICOVER_1210	0.06486529944681192	0.7059296225274714	0.048997743001250045	0.14958914047132127	0.030618194553145406	0.7059296225274714	1.0	1
DLBCL11443	0.06328983361910225	0.03811994629716797	0.09646253021717842	0.09486640535882504	0.7072612845077263	0.7072612845077263	0.0	4
DLBCL11565	0.08125018005819885	0.7077929014484058	0.05997705539437618	0.043073650705128655	0.10790621239389053	0.7077929014484058	1.0	1
DLBCL10469	0.06511891014276755	0.04047252654276535	0.09114779666279127	0.09493569544158244	0.7083250712100934	0.7083250712100934	3.0	4
DLBC_FF_A7CW_TP_NB	0.06924235650494351	0.02942576004963108	0.155164054523207	0.7088422293887963	0.03732559953342214	0.7088422293887963	4.0	3
DLBCL10934	0.09427264924027332	0.07171499453900923	0.056610789564040004	0.0680280689759477	0.7093734976807298	0.7093734976807298	1.0	4
DLBCL10964	0.03090788643212693	0.7116059556148312	0.03408081006250354	0.030453264994242123	0.19295208289629617	0.7116059556148312	4.0	1
DLBCL_LS1065	0.01918701317548575	0.7151305785162364	0.039891197023796184	0.027935152265553938	0.19785605901892775	0.7151305785162364	1.0	1
DLBCL_MC_F210_GWC	0.09610358495746374	0.7161876945329418	0.08061854392287258	0.05824739144757824	0.048842785139143585	0.7161876945329418	1.0	1
DLBCL_C_D_1119_NULLPAIR	0.06143314977254368	0.7172209700246014	0.12325648545830967	0.05535605426790665	0.042733340476638605	0.7172209700246014	1.0	1
DLBCL10512	0.09329545586682847	0.7216667102117731	0.07618883384447357	0.060751416803155996	0.048097583273768924	0.7216667102117731	2.0	1
DLBCL11447	0.14631633209883885	0.033971144650686444	0.02471468720107097	0.7228962422417786	0.07210159380762504	0.7228962422417786	3.0	3
DLBCL_C_D_1135_NULLPAIR	0.10453652271826265	0.03494357678663527	0.11196941316736797	0.7235327557779935	0.025017731549740588	0.7235327557779935	1.0	3
DLBCL11464	0.15898579056518972	0.020577735796195692	0.0418399434955688	0.7237341617122542	0.05486236843079155	0.7237341617122542	3.0	3
DLBCL_MC_F739_AMA3	0.04892915599165693	0.05558266690812592	0.7241215184073554	0.1535141970133602	0.01785246167950161	0.7241215184073554	1.0	2
DLBCL_RICOVER_288	0.16575892057300737	0.724826329946695	0.04704755357202704	0.0400029794889983	0.02236421641927221	0.724826329946695	1.0	1
DLBCL_RICOVER_417	0.13891285608808335	0.725110755561505	0.05590522504806749	0.04802006633209465	0.03205109697024955	0.725110755561505	4.0	1
DLBCL10981	0.08526375153691389	0.07649906633185011	0.04121187223065804	0.07172470239563354	0.7253006075049444	0.7253006075049444	1.0	4
DLBCL10972	0.7259496847797149	0.04304358224370593	0.08669819615849601	0.11147305234385388	0.032835484474229404	0.7259496847797149	0.0	0
DLBCL11676	0.09313814843569936	0.7268415892379455	0.07797239762420122	0.05568812099600729	0.04635974370614662	0.7268415892379455	0.0	1
DLBCL10898	0.1317970222876886	0.018958254211751954	0.043630692001356046	0.07854165933607195	0.7270723721631315	0.7270723721631315	4.0	4
DLBCL10541	0.022799280106615475	0.7273599699099748	0.04298883190898011	0.037492355147721916	0.1693595629267077	0.7273599699099748	1.0	1
DFCIDL010_DT	0.7292806653733076	0.044686160985886084	0.0799594445509167	0.11257898444234904	0.03349474464754058	0.7292806653733076	0.0	0
DLBCL11470	0.7322999396990719	0.028417391491128673	0.019584511887205284	0.1997734455328914	0.019924711389702747	0.7322999396990719	0.0	0
DLBCL_C_D_1129_NULLPAIR	0.7326797226511038	0.04334239068024109	0.07891107586110226	0.11238587833174281	0.032680932475810075	0.7326797226511038	0.0	0
DLBCL11581	0.050613489508684176	0.017695043851211432	0.07573971908812648	0.1226776162575296	0.7332741312944483	0.7332741312944483	4.0	4
DLBCL11461	0.7355790722867499	0.08467265191757677	0.05759570106559525	0.05732591032499109	0.064826664405087	0.7355790722867499	0.0	0
DLBCL_RICOVER_826	0.14345997850146375	0.02075732329198891	0.037912440118804645	0.06014195362488693	0.7377283044628558	0.7377283044628558	0.0	4
DLBCL11507	0.7384613813180207	0.1019500537148163	0.09317103599699424	0.0401126050001146	0.026304923970054177	0.7384613813180207	1.0	0
DLBCL10902	0.042529119008859084	0.1232298515359333	0.7387772793090699	0.04867731033061151	0.046786439815526215	0.7387772793090699	4.0	2
DLBCL11566	0.7390743902767065	0.060504753427158706	0.0659273477309786	0.07249296701563937	0.062000541549516855	0.7390743902767065	2.0	0
DLBCL11509	0.7393663159674553	0.08623057029493847	0.052914650925399244	0.05275731408763109	0.0687311487245759	0.7393663159674553	0.0	0
DLBCL10450	0.11381790001614983	0.023040742690855077	0.039999935050142287	0.08074198856221937	0.7423994336806334	0.7423994336806334	0.0	4
DLBCL_C_D_1105_NULLPAIR	0.15628042135082928	0.7460624771198863	0.024754478401743753	0.022911137114720218	0.049991486012820434	0.7460624771198863	1.0	1
DLBCL10909	0.7465912902641839	0.06196298322185191	0.06287000486978774	0.06805345776193025	0.06052226388224623	0.7465912902641839	4.0	0
DLBC_FF_A7CX_TP_NB	0.749737440345366	0.08095455844530805	0.05651382255427608	0.05436987288840426	0.058424305766645576	0.749737440345366	4.0	0
DLBCL10970	0.05016007694212742	0.03945024436352869	0.09987736605371854	0.7500704243476856	0.060441888292939755	0.7500704243476856	3.0	3
DLBCL_C_D_1157_NULLPAIR	0.15420385806649006	0.016019684698781348	0.7512784112823222	0.06113028772534967	0.017367758227056735	0.7512784112823222	2.0	2
DLBCL10883	0.07206599275753814	0.07863670068790593	0.056741307483984926	0.040713705914617565	0.7518422931559534	0.7518422931559534	4.0	4
DLBCL10878	0.1172090510661238	0.017245161477349044	0.042596065145115596	0.06839583353769137	0.7545538887737202	0.7545538887737202	4.0	4
DLBCL11542	0.033882891863265735	0.15010715314211837	0.7565531873826218	0.037663163094929286	0.02179360451706482	0.7565531873826218	2.0	2
DLBCL10890	0.07439773143797491	0.07082386174423337	0.7570102481069385	0.05133565335776724	0.04643250535308602	0.7570102481069385	4.0	2
DLBCL_MC_F362_MJB1	0.11300120628794882	0.018046077721758726	0.04228496617424244	0.06831842379856218	0.7583493260174878	0.7583493260174878	2.0	4
DLBCL11495	0.09013183219321892	0.01779298368524642	0.043290264003864536	0.08920028999649252	0.7595846301211776	0.7595846301211776	4.0	4
DLBCL_RICOVER_1235	0.024871016408444482	0.0183292959789227	0.7642643155221159	0.12211924976552466	0.0704161223249922	0.7642643155221159	1.0	2
DLBCL10927	0.7666644414324509	0.043631887720515655	0.03815683440344427	0.11706120231324069	0.03448563413034849	0.7666644414324509	3.0	0
DLBCL11673	0.05075126187845783	0.7669206363422856	0.05311395646885006	0.10125733621845999	0.027956809091946522	0.7669206363422856	1.0	1
DLBCL_LS2367	0.05848407093125916	0.07812122465622817	0.054396165174632645	0.7672973189242297	0.041701220313650304	0.7672973189242297	0.0	3
DLBCL11526	0.05426608383444464	0.03970479157376348	0.7679450406602963	0.05364161550193382	0.08444246842956177	0.7679450406602963	2.0	2
DLBCL10548	0.7689213673323286	0.03744530357937468	0.01623172117115024	0.15837830130945468	0.019023306607691776	0.7689213673323286	0.0	0
DLBCL10858	0.09645522097799293	0.018873953363029987	0.020575126768318044	0.09424371438806152	0.7698519845025975	0.7698519845025975	3.0	4
DLBCL_RICOVER_1299	0.09743484764387789	0.05329643418538544	0.05437569271562528	0.7717537402102345	0.0231392852448769	0.7717537402102345	4.0	3
DLBCL_MC_F262_WLC	0.09282069967886071	0.01451604203365188	0.04056169560833334	0.0777501359215137	0.7743514267576403	0.7743514267576403	0.0	4
DLBCL10880	0.06615408899499321	0.07057984153581476	0.05199238742053774	0.03547101218889522	0.7758026698597591	0.7758026698597591	4.0	4
DFCIDL004_DT	0.7764919690701465	0.07079602381765586	0.04818592046810073	0.05264871866938559	0.05187736797471132	0.7764919690701465	4.0	0
DLBCL11480	0.04769501525045327	0.03776376113637813	0.779027763479457	0.049553804290537025	0.08595965584317453	0.779027763479457	0.0	2
DLBCL10995	0.05012922144691733	0.037845651699334876	0.7814516067129129	0.04886996349028848	0.08170355665054639	0.7814516067129129	2.0	2
DLBCL_RICOVER_401	0.0897688210864323	0.7850117133563211	0.0571964423438108	0.0425846198555839	0.025438403357851875	0.7850117133563211	1.0	1
DLBCL_RICOVER_1061	0.7857765756730294	0.02137909604971058	0.03125779453392268	0.14256180420177045	0.019024729541566896	0.7857765756730294	3.0	0
DLBCL10969	0.04580383332426174	0.03692729441270743	0.7863285926932508	0.046808627258169894	0.08413165231161011	0.7863285926932508	0.0	2
DLBCL10903	0.04594574498235512	0.7863888562162112	0.06036832198429086	0.03763446993189956	0.06966260688524324	0.7863888562162112	1.0	1
DLBCL11194	0.08883645108128163	0.039372036489589146	0.042516096928799	0.796318448392825	0.032956967107505265	0.796318448392825	4.0	3
DLBCL10862	0.039949683539836946	0.02432307215881034	0.060218421213362315	0.07771587246677514	0.7977929506212152	0.7977929506212152	4.0	4
DLBCL10834	0.13400241183644912	0.8003107924778821	0.016872699364499862	0.021627120412888383	0.027186975908280595	0.8003107924778821	1.0	1
DLBCL10472	0.040160249410597565	0.07241749078477688	0.8005256979137715	0.052016810009318036	0.034879751881536	0.8005256979137715	2.0	2
DLBCL_RICOVER_1287	0.04980269339774654	0.8011553696152591	0.0506075049425835	0.03380443689045388	0.06462999515395695	0.8011553696152591	4.0	1
DLBCL_RICOVER_850	0.05624622592422344	0.8034145226757058	0.06299978799349956	0.04489574480118145	0.03244371860538982	0.8034145226757058	4.0	1
DLBCL_RICOVER_1046	0.05671294065789062	0.8058097675035963	0.06901964589441639	0.04029527571696641	0.028162370227130168	0.8058097675035963	1.0	1
DLBCL10461	0.020549678744302774	0.8081644312686097	0.04290962195778277	0.021569626882697923	0.10680664114660689	0.8081644312686097	1.0	1
DLBCL_LS2245	0.03610655791179847	0.8091463086954045	0.03402137138514512	0.08395505689274581	0.03677070511490612	0.8091463086954045	1.0	1
DLBCL_LS1921	0.023395746875574764	0.033373387573653754	0.8092875959007196	0.09092390603487693	0.043019363615174895	0.8092875959007196	1.0	2
DLBCL_RICOVER_1283	0.05020615883812512	0.05347344123496604	0.8098612031056743	0.04779684819790632	0.038662348623328235	0.8098612031056743	2.0	2
DLBCL_MC_F606_DMJ	0.03710956038348662	0.8104685454108796	0.04435829642540726	0.029624758718559543	0.0784388390616669	0.8104685454108796	2.0	1
DLBCL10870	0.03832788635700315	0.02326227964071049	0.057514723744843704	0.07033932899292662	0.810555781264516	0.810555781264516	4.0	4
DLBCL11681	0.8114119647852852	0.012255107395020117	0.09008227991680061	0.05757928235774403	0.028671365545150016	0.8114119647852852	0.0	0
DLBCL_C_D_1117_NULLPAIR	0.8119901755508228	0.04074185724645529	0.013186464911774626	0.10864536045787433	0.025436141833073026	0.8119901755508228	1.0	0
DLBCL10852	0.024768393693105743	0.013867626562075039	0.05543521200540535	0.09345686123142062	0.8124719065079933	0.8124719065079933	4.0	4
DLBCL10914	0.8135385652758501	0.05637393034910897	0.047328672319806225	0.04847321774772651	0.034285614307508254	0.8135385652758501	0.0	0
DLBCL_LS843	0.04311138521028966	0.0516443602806563	0.8169080960057451	0.048939711967604604	0.039396446535704316	0.8169080960057451	2.0	2
DLBCL10555	0.03241890849627238	0.060391142856257345	0.8189660253945725	0.04441322774297318	0.04381069550992464	0.8189660253945725	2.0	2
DLBCL10888	0.03736541797294216	0.057082786718047125	0.04198553752962424	0.04451658208822684	0.8190496756911596	0.8190496756911596	4.0	4
DLBCL10947	0.037617431094081735	0.05820598958439061	0.04063234596425993	0.04448871573566242	0.8190555176216053	0.8190555176216053	1.0	4
DLBCL10460	0.06354488274544787	0.8229361566171268	0.07788259862684932	0.018283072131697903	0.017353289878878086	0.8229361566171268	1.0	1
DLBCL_C_D_1118_NULLPAIR	0.038853289510491315	0.029924815607380143	0.05208534369528888	0.0555181416838454	0.8236184095029943	0.8236184095029943	1.0	4
DLBCL_RICOVER_866	0.052519376532741406	0.014935518974843656	0.824562362329033	0.08543434128325667	0.022548400880125226	0.824562362329033	2.0	2
DLBCL11590	0.06725647853932727	0.014916202007909435	0.0328543729687703	0.058166869438804406	0.8268060770451886	0.8268060770451886	2.0	4
DLBCL11468	0.025847093464351666	0.018448012599988087	0.8295315779688623	0.07827277779914404	0.04790053816765386	0.8295315779688623	2.0	2
DLBCL10845	0.029455854232605595	0.8337382092574697	0.026202583954295443	0.06534382221832472	0.04525953033730452	0.8337382092574697	1.0	1
DLBCL_LS4593	0.02082868340303014	0.09763945369021886	0.83445815177135	0.0261467600691399	0.020926951066261103	0.83445815177135	2.0	2
DLBCL10552	0.8349465972334235	0.014295636766881477	0.04108683549782171	0.09430930609188037	0.015361624409992988	0.8349465972334235	3.0	0
DLBCL10986	0.8349894467358651	0.033949514469729124	0.04670347885560746	0.06708536780011841	0.017272192138679945	0.8349894467358651	0.0	0
DLBCL10529	0.03496841665344545	0.014607409107914943	0.08452186528139996	0.027888230199534108	0.8380140787577055	0.8380140787577055	4.0	4
DLBCL10977	0.02913021763741499	0.03414529334343885	0.05060316664088467	0.04491191787211692	0.8412094045061446	0.8412094045061446	4.0	4
DLBCL_LS1098	0.07513423618119397	0.03396808892368722	0.8414034735752635	0.036977284499556805	0.012516916820298495	0.8414034735752635	2.0	2
DLBCL10833	0.05077522045336496	0.014328440097809573	0.05960630002096358	0.032069705797087594	0.8432203336307743	0.8432203336307743	4.0	4
DLBCL10975	0.03768351316493394	0.013688375267937569	0.03777779685392776	0.0665467230779147	0.844303591635286	0.844303591635286	0.0	4
DLBCL_RICOVER_948	0.03292398155186458	0.06775380350335136	0.03201696648231599	0.02265171509600862	0.8446535333664594	0.8446535333664594	1.0	4
DLBCL11539	0.8468650517363018	0.014912458045060192	0.07918506165945917	0.03848813657959423	0.020549291979584647	0.8468650517363018	0.0	0
DLBCL_RICOVER_701	0.045214219007411724	0.0281609841251442	0.03807925509582121	0.8485144067088457	0.04003113506277715	0.8485144067088457	3.0	3
DLBCL_C_D_1131_NULLPAIR	0.05313665834216483	0.8485571311041782	0.04178422220218302	0.032969383922757105	0.02355260442871685	0.8485571311041782	1.0	1
DLBCL_RICOVER_678	0.027167463207011407	0.849309682754326	0.014547541564101237	0.029606687579356132	0.07936862489520526	0.849309682754326	1.0	1
DLBCL_C_D_1126_NULLPAIR	0.8499769424739915	0.03506941183590701	0.03191518872272824	0.04807259939865337	0.034965857568719956	0.8499769424739915	1.0	0
DLBCL10897	0.05339957301011459	0.8502648545762614	0.039969693845934025	0.03350049308505493	0.022865385482635038	0.8502648545762614	0.0	1
DLBCL11428	0.852864293258258	0.03434686804195908	0.030906257239250938	0.047986179892146895	0.03389640156838514	0.852864293258258	2.0	0
DLBCL_RICOVER_335	0.04474381328488329	0.854480501197471	0.03231840756921286	0.02622929434544379	0.042227983602989114	0.854480501197471	1.0	1
DLBCL11472	0.8552535729537781	0.018333878723413948	0.0198135414799082	0.03934010794615897	0.06725889889674073	0.8552535729537781	0.0	0
DLBCL10849	0.017826111629584192	0.03569166590820333	0.04009917429357849	0.050480566866436094	0.8559024813021979	0.8559024813021979	1.0	4
DLBCL10990	0.018068623594618295	0.08691411822217059	0.02385586877239042	0.014913430224509153	0.8562479591863115	0.8562479591863115	4.0	4
DLBCL10554	0.03504265961804589	0.039168782587369375	0.8577577251079064	0.04199631131863387	0.026034521368044503	0.8577577251079064	2.0	2
DLBCL_LS2325	0.032126388384547774	0.8577860990192426	0.041782283411130376	0.025591579652141847	0.04271364953293741	0.8577860990192426	2.0	1
DLBCL11432	0.03336392561156086	0.025252363177534935	0.04150367301403842	0.041704436292290266	0.8581756019045755	0.8581756019045755	0.0	4
DLBCL10912	0.8627002110105403	0.03269157093500282	0.011036909807795163	0.07265801368386347	0.020913294562798196	0.8627002110105403	0.0	0
DLBCL_RICOVER_1219	0.023915916560536498	0.025254783192164367	0.03648322951992071	0.05148873661875276	0.8628573341086256	0.8628573341086256	4.0	4
DLBCL_RICOVER_221	0.02545861362932542	0.016347745529059727	0.038939824775094355	0.053424610207768355	0.8658292058587521	0.8658292058587521	4.0	4
DLBCL_C_D_1156_NULLPAIR	0.8723824229304977	0.01843825846918649	0.01391088017019335	0.08045620398009011	0.014812234450032307	0.8723824229304977	0.0	0
DLBCL_RICOVER_134	0.0165658098816285	0.04626356816238036	0.034086475523051024	0.027896874823628508	0.8751872716093116	0.8751872716093116	4.0	4
DLBCL10900	0.031971420487717554	0.00870644780962453	0.021511984795978288	0.0605666015137881	0.8772435453928915	0.8772435453928915	4.0	4
DLBCL10917	0.03577405181971307	0.8815356438889465	0.02891040056492803	0.03593544171031195	0.017844462016100543	0.8815356438889465	1.0	1
DLBCL_LS2089	0.024504571617956005	0.8820768108839843	0.04755375235995985	0.023371327571987018	0.022493537566112897	0.8820768108839843	1.0	1
DLBCL11473	0.029290769170831378	0.8826867023259226	0.03439294539927074	0.023412012528741404	0.030217570575233825	0.8826867023259226	0.0	1
DLBCL_RICOVER_338	0.8840873361095203	0.015868467848904513	0.03168617213030465	0.056960742546627204	0.011397281364643389	0.8840873361095203	0.0	0
DLBCL11353	0.019934567575063088	0.028392421825791245	0.035744739439681275	0.029040408599482558	0.8868878625599819	0.8868878625599819	4.0	4
DLBCL10451	0.888656595117189	0.017870247328809357	0.02856729465574451	0.04783849294923643	0.01706736994902067	0.888656595117189	0.0	0
DLBCL10525	0.8893283034424391	0.011888632888389915	0.020516694485285952	0.04239339770465311	0.03587297147923199	0.8893283034424391	0.0	0
DLBCL10968	0.8912465015265484	0.012714887165298516	0.01379948252314761	0.07269240562602812	0.009546723158977408	0.8912465015265484	0.0	0
DLBCL10988	0.017246315342251208	0.8919086147080757	0.04202756538992709	0.023671900658736145	0.02514560390100982	0.8919086147080757	1.0	1
DLBCL10957	0.8927602746860073	0.016888993587490596	0.010721833831172667	0.06078647906320391	0.018842418832125604	0.8927602746860073	0.0	0
DLBCL11188	0.029512723615381244	0.8946555756288819	0.035775605225938804	0.023188288043876747	0.016867807485921333	0.8946555756288819	1.0	1
DFCIDL008_DT	0.026002500229959792	0.03915991677078518	0.024671780258966502	0.015479434250938225	0.8946863684893503	0.8946863684893503	4.0	4
DLBCL_LS4619	0.027390839794015347	0.8994423000052183	0.021897925534599922	0.014926366621414574	0.036342568044751826	0.8994423000052183	4.0	1
DLBCL10945	0.899730469307383	0.014225674516205288	0.017420571980189207	0.04588164222763914	0.022741641968583363	0.899730469307383	0.0	0
DLBCL_MAYO_DLBCL_234	0.02020753541117731	0.03610475964638993	0.9020247050685156	0.02084902139752883	0.02081397847638832	0.9020247050685156	2.0	2
DLBCL10510	0.026298277260697278	0.90377730642937	0.025879682318215084	0.018076132916195344	0.025968601075522305	0.90377730642937	1.0	1
DLBCL10480	0.01697009944307957	0.90424959021214	0.021226668153622272	0.01299183235986451	0.044561809831293604	0.90424959021214	1.0	1
DLBCL_C_D_1136_NULLPAIR	0.025928447094628316	0.9046093741259471	0.030046325104391414	0.02110140139396077	0.018314452281072452	0.9046093741259471	1.0	1
DLBCL_C_D_1163_NULLPAIR	0.015778083671079846	0.05345751438756149	0.013629063846931383	0.01057337730586957	0.9065619607885577	0.9065619607885577	4.0	4
DLBCL11685	0.013791844635319503	0.00848767823663901	0.9069166534145744	0.025303017915830804	0.04550080579763627	0.9069166534145744	2.0	2
DLBCL_MC_F502_RFK	0.020463170501516727	0.030572397449312113	0.02019064095998528	0.020744492835721724	0.9080292982534641	0.9080292982534641	1.0	4
DLBCL_RICOVER_577	0.016701595284978915	0.035062260162049434	0.9086829505110512	0.020114643372164103	0.01943855066975635	0.9086829505110512	2.0	2
DLBCL11488	0.9093631642145443	0.018516762121011558	0.023126992160031785	0.03811777335229008	0.010875308152122202	0.9093631642145443	0.0	0
DLBCL_LS3809	0.910872525601984	0.02386413495352464	0.01707348774924551	0.031801335158899	0.016388516536346907	0.910872525601984	0.0	0
DLBCL_MC_F815_BAT	0.010686837279554127	0.019796374950607973	0.9109341373604412	0.028232341915153725	0.030350308494243004	0.9109341373604412	2.0	2
DLBCL11666	0.02087093793750821	0.012543982805342168	0.9126930112234165	0.027539032749080972	0.02635303528465215	0.9126930112234165	2.0	2
DLBCL10781	0.016539088250996797	0.020612169512948156	0.021100748563032352	0.021638446941496484	0.9201095467315262	0.9201095467315262	4.0	4
DLBCL11195	0.016494985837182664	0.020354001052112942	0.020782692001124793	0.020367627372242174	0.9220006937373374	0.9220006937373374	4.0	4
DLBCL10464	0.9229030011374783	0.01354756059949321	0.019951879722180144	0.03252945371323575	0.01106810482761268	0.9229030011374783	2.0	0
DLBCL11675	0.029026022928006382	0.00903429348912844	0.9241804088639154	0.021043957112529564	0.01671531760642022	0.9241804088639154	2.0	2
DLBCL_LS3749	0.018639023925524686	0.9252250011509378	0.026988731534288334	0.01903630682666696	0.010110936562582277	0.9252250011509378	1.0	1
DLBCL10907	0.9274122550922043	0.007059905700928551	0.00920953519570641	0.03623238558577411	0.02008591842538666	0.9274122550922043	1.0	0
DLBCL10550	0.015475290159842527	0.030229773947743975	0.013037154732397024	0.012680703943636233	0.9285770772163803	0.9285770772163803	4.0	4
DLBCL11446	0.019409741961573423	0.9289049003916788	0.020361865147858996	0.015248494908238529	0.01607499759065026	0.9289049003916788	1.0	1
DLBCL10495	0.9291406536254453	0.015303108954980719	0.014000506300694913	0.026356111044702365	0.015199620074176764	0.9291406536254453	0.0	0
DLBCL_RICOVER_467	0.01614981632882781	0.9298217532396865	0.024683821685897424	0.01648445538793869	0.012860153357649519	0.9298217532396865	1.0	1
DLBCL10904	0.014187259815569403	0.012731576794639569	0.018374273264554614	0.02446595122719486	0.9302409388980416	0.9302409388980416	4.0	4
DLBCL11476	0.017578270119678854	0.014989197513509576	0.017995030244533135	0.018845497434264828	0.9305920046880136	0.9305920046880136	4.0	4
DLBCL10501	0.011271645371888933	0.011739565999001115	0.9324892095451697	0.01675281426226527	0.02774676482167498	0.9324892095451697	2.0	2
DLBCL11474	0.9327238927003623	0.01008122808799936	0.011688874966243181	0.03669052803390067	0.008815476211494495	0.9327238927003623	0.0	0
DLBCL_MC_F307_JPS	0.9354776062297594	0.014139331395492647	0.012272695727478387	0.024025009046148692	0.014085357601120828	0.9354776062297594	0.0	0
DLBCL10857	0.013065893875511311	0.012196582604189127	0.018379552291881367	0.0194005860445294	0.9369573851838888	0.9369573851838888	4.0	4
DLBCL10459	0.011062254077368962	0.007547667629570808	0.9415272684569808	0.029279673794814675	0.010583136041264754	0.9415272684569808	2.0	2
DLBCL_RICOVER_440	0.020749708117403988	0.9417381082293511	0.015474559639153528	0.012691042271663766	0.009346581742427631	0.9417381082293511	2.0	1
DLBCL10997	0.9426703295648885	0.009922864760350258	0.010388050052283581	0.024121847813343096	0.012896907809134552	0.9426703295648885	0.0	0
DLBCL10891	0.01215190471860431	0.019172872087440194	0.011498768618916905	0.010974240180856442	0.9462022143941822	0.9462022143941822	4.0	4
DLBCL11662	0.94722201070618	0.013565483230017845	0.009410387121312268	0.018032004990078506	0.011770113952411445	0.94722201070618	0.0	0
DLBCL_RICOVER_744	0.018002853672042782	0.008395320300913485	0.9502342063192892	0.012910243798915179	0.010457375908839278	0.9502342063192892	2.0	2
DLBCL10494	0.00878891033800729	0.9517180598277984	0.01796330004468428	0.007352986486002097	0.014176743303507936	0.9517180598277984	1.0	1
DLBCL_RICOVER_174	0.00869705532882219	0.9537748988160849	0.014591439817056663	0.00925059767701763	0.013686008361018607	0.9537748988160849	1.0	1
DLBCL10984	0.015153627132080467	0.006337232580113588	0.01006752385442447	0.014268760158638013	0.9541728562747435	0.9541728562747435	4.0	4
DLBCL11242	0.009076118124431385	0.00867356816592765	0.013264523460092334	0.014615029769479948	0.9543707604800686	0.9543707604800686	4.0	4
DLBCL10884	0.9545020911916858	0.006318488194753908	0.007448746151865531	0.021597879508600325	0.01013279495309444	0.9545020911916858	0.0	0
DLBCL11496	0.9559132701709623	0.005145035367818139	0.007671062760538145	0.02052328664932764	0.010747345051353835	0.9559132701709623	0.0	0
DLBCL_C_D_1141_NULLPAIR	0.008375206956555647	0.0065185138399381885	0.9570867069039538	0.012779907917476812	0.015239664382075543	0.9570867069039538	2.0	2
DLBCL10860	0.009139724165579293	0.011425738220994606	0.010948031473706056	0.009597200755645968	0.9588893053840741	0.9588893053840741	4.0	4
DLBCL10881	0.008354706826185172	0.00512228344703681	0.008649595609934658	0.013173528731530503	0.9646998853853128	0.9646998853853128	4.0	4
DLBCL10534	0.007066149320471297	0.008998984479369537	0.008595314492689096	0.010147082799557278	0.9651924689079128	0.9651924689079128	4.0	4
DLBCL_LS297	0.007878255397524151	0.004912386089900106	0.9657683680497062	0.01144495080465163	0.009996039658217928	0.9657683680497062	2.0	2
DLBCL_C_D_1108_NULLPAIR	0.00842414654049048	0.9692393727113539	0.007292912359797239	0.005177415757916335	0.009866152630442057	0.9692393727113539	1.0	1
DLBCL11346	0.008425555141299668	0.9696180833620968	0.008692953492759838	0.00598548584131884	0.0072779221625248695	0.9696180833620968	1.0	1
DLBCL_RICOVER_1269	0.006298680881484932	0.004655459380767789	0.9705857373171891	0.008512796466522657	0.009947325954035476	0.9705857373171891	2.0	2
DLBCL10961	0.004345990891625806	0.007968001260986683	0.005997627965498269	0.008230034097355511	0.9734583457845337	0.9734583457845337	4.0	4
DLBCL11004	0.004189803541445087	0.005506747210577503	0.006842358895182488	0.00928801781421904	0.9741730725385759	0.9741730725385759	4.0	4
DLBCL10913	0.9757999056912127	0.003599395417620919	0.003917863060804504	0.009890977477314312	0.006791858353047552	0.9757999056912127	0.0	0
DLBCL_RICOVER_469	0.004277219163137723	0.003967907125380093	0.9759479391545041	0.011398203038862588	0.004408731518115492	0.9759479391545041	2.0	2
DLBCL_LS4616	0.0038249182856395602	0.006027838421155118	0.9764464732030609	0.006519828299613482	0.007180941790530995	0.9764464732030609	2.0	2
DLBCL10458	0.9817829937896646	0.0023850678200798936	0.0035316059291621176	0.008652190212956653	0.0036481422481366944	0.9817829937896646	0.0	0
DLBCL_RICOVER_253	0.0017019555241084275	0.993870746789096	0.0017379041730948286	0.0011730384228448231	0.0015163550908558912	0.993870746789096	1.0	1
