	C1	C2	C3	C4	C5	Confidence	True Cluster	Predicted Cluster
DLBCL_RICOVER_320	0.23681375	0.18649547	0.21249297	0.14777642	0.21642138	0.23681375	2.0	0
DLBCL10936	0.20355321	0.18846218	0.21798864	0.15196861	0.23802736	0.23802736	2.0	4
DLBCL10994	0.21090801	0.18348847	0.21885112	0.14713427	0.23961814	0.23961814	0.0	4
DLBCL11431	0.21450356	0.18969703	0.24031702	0.14956352	0.20591888	0.24031702	4.0	2
DLBCL11534	0.21265806	0.18274654	0.21143928	0.14929079	0.24386533	0.24386533	2.0	4
DLBCL11663	0.2023261	0.18049026	0.2218991	0.15117186	0.24411267	0.24411267	0.0	4
DLBCL_C_D_PAIR13	0.20781757	0.18220249	0.24589376	0.15517938	0.20890681	0.24589376	4.0	2
DLBCL11569	0.21396026	0.17973611	0.21343891	0.14582868	0.24703604	0.24703604	2.0	4
DLBCL_C_D_1140_NULLPAIR	0.21358068	0.1823668	0.24725343	0.15203151	0.20476757	0.24725343	4.0	2
DLBCL_LS762	0.2127257	0.18313062	0.2110353	0.14497773	0.24813065	0.24813065	2.0	4
DLBCL11208	0.13138531	0.3059733	0.26933023	0.12203137	0.17127979	0.3059733	1.0	1
DLBCL10877	0.14536662	0.30896774	0.23833542	0.14606099	0.16126922	0.30896774	0.0	1
DLBCL10469	0.15430295	0.014010139	0.30915424	0.276166	0.24636665	0.30915424	3.0	2
DLBCL_RICOVER_575	0.25844756	0.27136746	0.31220677	0.13524827	0.022729944	0.31220677	3.0	2
DLBCL10844	0.22209042	0.32705042	0.12975293	0.084092535	0.2370137	0.32705042	0.0	1
DLBCL_RICOVER_1032	0.05345597	0.3397643	0.048890375	0.27226818	0.2856212	0.3397643	4.0	1
DLBCL11651	0.22583756	0.34054822	0.10740673	0.25651526	0.06969225	0.34054822	2.0	1
DLBCL_RICOVER_978	0.20885983	0.092498675	0.34504047	0.30589828	0.047702737	0.34504047	2.0	2
DLBCL_MAYO_DLBCL_3653	0.16995114	0.14192101	0.1695147	0.34607387	0.17253926	0.34607387	0.0	3
DLBC_FF_A7CX_TP_NB	0.3527426	0.31963402	0.15071578	0.10910227	0.06780529	0.3527426	4.0	0
DLBC_FF_A7CR_TP_NB	0.26585108	0.011709118	0.14063916	0.2227871	0.35901353	0.35901353	4.0	4
DLBCL10539	0.37550184	0.12638474	0.034353927	0.16877449	0.29498503	0.37550184	3.0	0
DLBCL_RICOVER_773	0.05596252	0.29890442	0.1396384	0.1263412	0.37915346	0.37915346	4.0	4
DLBCL_C_D_1103_NULLPAIR	0.111284785	0.28324863	0.15971641	0.06471059	0.38103956	0.38103956	3.0	4
DLBCL10454	0.24819407	0.24504729	0.09915287	0.02528154	0.38232425	0.38232425	4.0	4
DLBCL10999	0.032768108	0.021234803	0.27816924	0.27958182	0.38824606	0.38824606	4.0	4
DLBCL_MC_F064AB	0.27772772	0.028963117	0.2862013	0.39005592	0.01705195	0.39005592	2.0	3
DLBCL_RICOVER_522	0.08394663	0.39063844	0.23038073	0.27983922	0.0151949795	0.39063844	2.0	1
DLBCL_C_D_1139_NULLPAIR	0.08865876	0.23609869	0.24232386	0.3915878	0.0413309	0.3915878	3.0	3
DLBCL11448	0.06931221	0.2990248	0.20811614	0.3926125	0.03093437	0.3926125	3.0	3
DLBCL11441	0.15949935	0.01726159	0.19841321	0.22823468	0.3965912	0.3965912	2.0	4
DLBCL10490	0.04623447	0.061223924	0.39712673	0.17612626	0.3192886	0.39712673	0.0	2
DLBCL11515	0.123642154	0.34797522	0.40288243	0.057589702	0.067910515	0.40288243	2.0	2
DLBCL_RICOVER_314	0.03214486	0.3375259	0.11201549	0.11502139	0.40329236	0.40329236	4.0	4
DLBCL_C_D_1126_NULLPAIR	0.40381417	0.061482202	0.051331222	0.3352635	0.1481089	0.40381417	1.0	0
DLBCL_RICOVER_839	0.12681238	0.40414298	0.10465446	0.072588235	0.29180196	0.40414298	1.0	1
DLBCL_MC_F210_GWC	0.17290388	0.2741454	0.0583617	0.40651384	0.088075206	0.40651384	1.0	3
DLBCL11429	0.2966279	0.20069104	0.40871796	0.055429336	0.03853375	0.40871796	0.0	2
DLBCL_C_D_1118_NULLPAIR	0.10511828	0.3527077	0.03563502	0.0973857	0.40915328	0.40915328	1.0	4
DLBCL10512	0.039275255	0.09055974	0.41242087	0.17947417	0.27826995	0.41242087	2.0	2
DLBCL_MC_F927_JHS	0.11311414	0.23052198	0.15446089	0.0882182	0.4136848	0.4136848	4.0	4
DLBCL10462	0.069235906	0.17123333	0.41373554	0.2204125	0.12538275	0.41373554	0.0	2
DLBCL10922	0.06772045	0.41605243	0.26631755	0.04006714	0.20984246	0.41605243	1.0	1
DLBCL_RICOVER_338	0.35215923	0.0273066	0.17279394	0.4176143	0.030125905	0.4176143	0.0	3
DLBCL_BWH_DLBCL64	0.2776901	0.41960523	0.12416044	0.16178073	0.016763493	0.41960523	1.0	1
DLBCL11469	0.05080201	0.28800517	0.4201167	0.076532476	0.16454367	0.4201167	2.0	2
DLBCL11242	0.053961992	0.07736775	0.11885668	0.31859267	0.4312209	0.4312209	4.0	4
DLBCL_MAYO_DLBCL_234	0.07676522	0.03305499	0.28305545	0.43155795	0.17556638	0.43155795	2.0	3
DLBCL_RICOVER_1190	0.114836924	0.2280145	0.13845119	0.08659313	0.43210426	0.43210426	4.0	4
DLBCL_RICOVER_1287	0.10978953	0.22548623	0.14303929	0.08689657	0.43478838	0.43478838	4.0	4
DLBCL10935	0.30805108	0.43742666	0.052194513	0.11039355	0.09193421	0.43742666	0.0	1
DLBCL10522	0.43751678	0.08462152	0.36986908	0.068742126	0.039250508	0.43751678	2.0	0
DLBCL_RICOVER_617	0.047883905	0.18506312	0.4387987	0.29386556	0.0343887	0.4387987	3.0	2
DLBCL10962	0.44195935	0.033889774	0.04110674	0.38393864	0.0991055	0.44195935	1.0	0
DLBCL_LS3204	0.2571285	0.13139367	0.44227943	0.14060815	0.028590264	0.44227943	1.0	2
DLBCL11002	0.44440797	0.06665055	0.18958516	0.22058807	0.07876823	0.44440797	3.0	0
DLBCL11483	0.16739038	0.4553448	0.14415878	0.110845104	0.12226096	0.4553448	1.0	1
DLBCL11461	0.1758605	0.06880604	0.45534605	0.24573179	0.054255627	0.45534605	0.0	2
DLBCL_C_D_1112_NULLPAIR	0.023204435	0.13341382	0.45538124	0.053445138	0.33455536	0.45538124	2.0	2
DLBCL10857	0.45559356	0.33015978	0.07914508	0.07048398	0.0646176	0.45559356	4.0	0
DLBCL11564	0.23808989	0.04190239	0.057641614	0.45565534	0.20671077	0.45565534	3.0	3
DLBCL10565	0.14502345	0.07968029	0.45625058	0.29496998	0.02407571	0.45625058	3.0	2
DLBCL11436	0.28818348	0.08751924	0.07595062	0.457079	0.09126767	0.457079	1.0	3
DLBCL10971	0.20310922	0.05664992	0.036725253	0.24401434	0.45950127	0.45950127	0.0	4
DLBCL11468	0.4595238	0.043588623	0.36425802	0.0777584	0.05487115	0.4595238	2.0	0
DLBCL10970	0.11426834	0.24726294	0.09729445	0.46463832	0.076535955	0.46463832	3.0	3
DLBCL10484	0.04561689	0.4005911	0.4658978	0.05702201	0.03087219	0.4658978	1.0	2
DLBCL_LS155	0.2947377	0.028879352	0.468253	0.18439971	0.023730269	0.468253	2.0	2
DLBCL11191	0.41604483	0.061995715	0.022357076	0.4703546	0.029247781	0.4703546	0.0	3
DLBCL11446	0.47777268	0.28594688	0.083013624	0.113949575	0.039317247	0.47777268	1.0	0
DLBCL10868	0.08632184	0.09425333	0.038573645	0.3021283	0.4787229	0.4787229	3.0	4
DLBCL10838	0.14885256	0.15908155	0.06682921	0.14500281	0.48023388	0.48023388	4.0	4
DLBCL10874	0.17577203	0.48082903	0.032895792	0.19646266	0.114040494	0.48082903	1.0	1
DLBCL11509	0.16703668	0.48198617	0.13865611	0.10280691	0.10951413	0.48198617	0.0	1
DLBCL11533	0.12017666	0.48342752	0.17383936	0.17465743	0.047899023	0.48342752	1.0	1
DLBCL10910	0.053724196	0.12018407	0.2902886	0.4842979	0.051505227	0.4842979	2.0	3
DLBC_FF_8062_TP_NB	0.36204794	0.04376684	0.07388526	0.4846858	0.03561414	0.4846858	3.0	3
DLBCL11678	0.13110046	0.07697313	0.29404414	0.4868491	0.011033143	0.4868491	3.0	3
DLBCL10983	0.4875212	0.22204594	0.025842959	0.060899932	0.20368996	0.4875212	1.0	0
DLBCL11204	0.16719374	0.02895119	0.48784387	0.07547628	0.24053492	0.48784387	1.0	2
DLBCL10907	0.38005462	0.033409066	0.018677482	0.07950227	0.48835656	0.48835656	1.0	4
DLBCL11430	0.039272152	0.021528019	0.39349294	0.48980528	0.055901606	0.48980528	0.0	3
DLBCL10930	0.4914653	0.050586596	0.023015706	0.064325206	0.37060717	0.4914653	4.0	0
DLBCL10460	0.028165588	0.49201834	0.41752514	0.03656854	0.025722358	0.49201834	1.0	1
DLBCL_RICOVER_221	0.060834967	0.4930023	0.2137444	0.14679052	0.085627824	0.4930023	4.0	1
DLBCL10465	0.03080366	0.49300414	0.38172382	0.069799684	0.024668708	0.49300414	2.0	1
DLBCL10931	0.086944744	0.04508035	0.12793833	0.24417466	0.49586192	0.49586192	0.0	4
DLBCL10915	0.2816	0.0994231	0.03780995	0.49641687	0.08475009	0.49641687	4.0	3
DLBCL_RICOVER_151	0.0598415	0.49700546	0.118928485	0.18646905	0.13775551	0.49700546	3.0	1
DLBCL10466	0.016943587	0.49905303	0.2682514	0.044560898	0.17119111	0.49905303	2.0	1
DLBCL11542	0.16791032	0.16338316	0.50446576	0.12336458	0.040876184	0.50446576	2.0	2
DLBCL11480	0.5081581	0.02708676	0.037527807	0.32083654	0.10639083	0.5081581	0.0	0
DLBCL10908	0.13887513	0.13521636	0.13084409	0.084144846	0.5109196	0.5109196	4.0	4
DLBCL_RICOVER_945	0.17637415	0.51092374	0.036529053	0.09667941	0.17949362	0.51092374	0.0	1
DLBCL10965	0.30904785	0.0144837005	0.05702597	0.51237047	0.10707203	0.51237047	3.0	3
DLBCL_RICOVER_120	0.018407818	0.06472151	0.51461107	0.03883338	0.3634262	0.51461107	4.0	2
DLBCL11565	0.022436433	0.51524603	0.030387668	0.03139461	0.4005353	0.51524603	1.0	1
DLBCL10483	0.049462646	0.51704705	0.04983987	0.019034296	0.36461613	0.51704705	1.0	1
DLBCL_LS2208	0.14269067	0.13470584	0.1240971	0.07800749	0.5204989	0.5204989	4.0	4
DLBCL_LS3809	0.34374273	0.036813717	0.032717075	0.06428611	0.5224404	0.5224404	0.0	4
DLBCL11510	0.5224525	0.034490503	0.066315636	0.106138736	0.27060264	0.5224525	4.0	0
DLBCL_RICOVER_274	0.025740154	0.5232004	0.024992673	0.077307	0.34875974	0.5232004	3.0	1
DLBCL_MC_F815_BAT	0.13893104	0.52598655	0.13314424	0.1648803	0.03705786	0.52598655	2.0	1
DLBCL_C_D_1138_NULLPAIR	0.07092526	0.52606446	0.21111995	0.11366386	0.07822645	0.52606446	1.0	1
DLBCL_RICOVER_1269	0.032605935	0.08443091	0.5266439	0.25764027	0.098679036	0.5266439	2.0	2
DLBCL10843	0.052972972	0.17212655	0.5277069	0.19204696	0.05514657	0.5277069	0.0	2
DLBCL10555	0.529169	0.08888841	0.29895747	0.0527048	0.03028029	0.529169	2.0	0
DLBCL_RICOVER_1289	0.20222123	0.12102442	0.022306712	0.12431526	0.53013235	0.53013235	4.0	4
DLBCL10897	0.045028962	0.2985592	0.062372353	0.06329411	0.5307454	0.5307454	0.0	4
DLBCL10782	0.25780898	0.15474242	0.038589723	0.5314049	0.017453961	0.5314049	3.0	3
DLBCL10963	0.07322685	0.057654522	0.13179782	0.5322687	0.2050521	0.5322687	4.0	3
DLBCL10553	0.07444797	0.015952485	0.53235245	0.3357891	0.04145799	0.53235245	3.0	2
DLBCL11652	0.53531563	0.2668905	0.073979765	0.07653751	0.04727662	0.53531563	0.0	0
DLBCL_MC_F132_MLM	0.21888766	0.048711147	0.086938	0.10964493	0.5358183	0.5358183	0.0	4
DLBCL10873	0.23027514	0.5377386	0.070574224	0.10689698	0.054515023	0.5377386	1.0	1
DLBCL_LS297	0.13201927	0.0509088	0.5388614	0.26434118	0.013869338	0.5388614	2.0	2
DLBCL11523	0.5397018	0.07591788	0.055001184	0.1009599	0.22841924	0.5397018	0.0	0
DLBCL_MC_F089_HCZ	0.02409151	0.2016424	0.54022264	0.051158052	0.18288538	0.54022264	1.0	2
DLBCL10961	0.02252516	0.38239148	0.025496729	0.029353406	0.5402332	0.5402332	4.0	4
DLBCL_RICOVER_1263	0.21903723	0.034023322	0.16840263	0.03747263	0.5410642	0.5410642	2.0	4
DLBCL_RICOVER_467	0.017283883	0.38467503	0.036398157	0.016040478	0.54560244	0.54560244	1.0	4
DLBCL11439	0.10288901	0.22825554	0.54603666	0.040420573	0.08239823	0.54603666	2.0	2
DLBCL11467	0.117230564	0.09110319	0.11521543	0.54720074	0.1292501	0.54720074	3.0	3
DLBCL_RICOVER_701	0.09254298	0.14081408	0.1225034	0.54810095	0.0960386	0.54810095	3.0	3
DLBCL11206	0.040325057	0.3309723	0.05093463	0.028685	0.549083	0.549083	4.0	4
DLBCL11516	0.08783987	0.5493164	0.08139694	0.2282108	0.05323595	0.5493164	1.0	1
DLBCL11486	0.32703546	0.550924	0.036451265	0.043378744	0.04221049	0.550924	0.0	1
DFCIDL004_DT	0.29976404	0.016276859	0.04265328	0.09031008	0.5509957	0.5509957	4.0	4
DLBCL11574	0.06899458	0.19885695	0.5511019	0.098533854	0.08251271	0.5511019	2.0	2
DLBCL_RICOVER_1081	0.5511597	0.010350223	0.05041432	0.091492504	0.29658324	0.5511597	4.0	0
DFCIDL008_DT	0.03806169	0.070126005	0.55130464	0.028863516	0.31164417	0.55130464	4.0	2
DLBCL11504	0.11823587	0.018796552	0.05929515	0.2519399	0.55173254	0.55173254	4.0	4
DLBCL_C_D_1149_NULLPAIR	0.050211035	0.55229574	0.29430073	0.03470115	0.0684913	0.55229574	1.0	1
DLBCL_RICOVER_111	0.04172634	0.08048681	0.5532937	0.22657458	0.09791857	0.5532937	4.0	2
DLBCL_RICOVER_216	0.13127173	0.12987319	0.10487881	0.080109924	0.5538663	0.5538663	2.0	4
DLBCL10956	0.5542018	0.283612	0.022562593	0.08018915	0.059434477	0.5542018	1.0	0
DLBCL_RICOVER_478	0.55618006	0.042781413	0.05565288	0.038399216	0.30698645	0.55618006	1.0	0
DLBCL_RICOVER_1278	0.16342694	0.016402295	0.073057055	0.5571157	0.18999803	0.5571157	4.0	3
DLBCL10472	0.026779152	0.041568473	0.55874795	0.3025836	0.070320845	0.55874795	2.0	2
DLBCL_RICOVER_1060	0.08251587	0.5591851	0.04936289	0.038051017	0.2708851	0.5591851	1.0	1
DLBCL10532	0.023838583	0.021144474	0.34322813	0.052078567	0.5597102	0.5597102	4.0	4
DLBCL_C_D_1115_NULLPAIR	0.110891946	0.09456398	0.116939016	0.5613562	0.11624887	0.5613562	3.0	3
DLBCL10495	0.2401064	0.56267285	0.020792093	0.1191678	0.057260845	0.56267285	0.0	1
DLBCL11595	0.060139854	0.11318372	0.06647951	0.19721217	0.56298476	0.56298476	4.0	4
DLBCL_LS378	0.21843609	0.12513043	0.5633639	0.046275426	0.04679412	0.5633639	0.0	2
DLBCL11495	0.10384459	0.014077879	0.03692626	0.2809874	0.56416386	0.56416386	4.0	4
DLBCL10566	0.08787822	0.23869845	0.06322377	0.043835208	0.56636435	0.56636435	4.0	4
DLBCL10865	0.08492603	0.56849635	0.098430745	0.06354881	0.18459803	0.56849635	4.0	1
DLBCL11591	0.017691564	0.3193482	0.5703531	0.028280776	0.06432636	0.5703531	1.0	2
DLBCL10482	0.57061523	0.08109554	0.07124134	0.08394511	0.19310275	0.57061523	0.0	0
DLBCL10519	0.08987583	0.57186586	0.25677022	0.0654602	0.016027857	0.57186586	1.0	1
DLBCL10890	0.03006509	0.023889897	0.5742541	0.04162621	0.3301647	0.5742541	4.0	2
DLBCL_RICOVER_910	0.20780878	0.08221594	0.07398518	0.5747206	0.06126948	0.5747206	0.0	3
DLBCL_RICOVER_1045	0.57894933	0.045409516	0.018837463	0.25043687	0.106366776	0.57894933	3.0	0
DLBCL10864	0.031921443	0.022990074	0.12741491	0.23731513	0.58035845	0.58035845	4.0	4
DLBCL10997	0.17781106	0.116065115	0.075516194	0.5808567	0.049750924	0.5808567	0.0	3
DLBCL10921	0.02982396	0.58202416	0.026689101	0.026393138	0.33506966	0.58202416	4.0	1
DLBCL11477	0.24860238	0.04962633	0.027320424	0.092048995	0.5824019	0.5824019	0.0	4
DLBCL_RICOVER_577	0.0803284	0.031548716	0.5825092	0.16008002	0.14553368	0.5825092	2.0	2
DLBCL11432	0.5841368	0.015600833	0.020453239	0.10559519	0.27421394	0.5841368	0.0	0
DLBCL10833	0.0635803	0.13780583	0.03746435	0.588835	0.17231454	0.588835	4.0	3
DLBCL11496	0.16963677	0.14496778	0.041215725	0.05514769	0.58903205	0.58903205	0.0	4
DLBCL10869	0.07990607	0.13483563	0.58981967	0.09688889	0.09854977	0.58981967	0.0	2
DLBCL_MC_F362_MJB1	0.027732303	0.10438289	0.5931837	0.025794394	0.24890672	0.5931837	2.0	2
DLBCL_RICOVER_1018	0.04877099	0.25948113	0.039411526	0.5965807	0.05575565	0.5965807	3.0	3
DLBCL_RICOVER_720	0.016665142	0.60240453	0.14214468	0.023570376	0.21521528	0.60240453	4.0	1
DLBCL11470	0.6061135	0.014172319	0.039592452	0.31365642	0.026465328	0.6061135	0.0	0
DLBCL_C_D_1117_NULLPAIR	0.17231876	0.1677493	0.02649713	0.60665655	0.02677828	0.60665655	1.0	3
DLBCL10973	0.02908441	0.016240707	0.6073619	0.056939825	0.29037318	0.6073619	3.0	2
DLBCL11576	0.059131797	0.23128562	0.6101411	0.04853736	0.050904114	0.6101411	3.0	2
DLBCL10969	0.6125183	0.18196923	0.019248797	0.07981989	0.10644376	0.6125183	0.0	0
DLBCL10995	0.042851504	0.05662674	0.61821663	0.21417125	0.0681339	0.61821663	2.0	2
DLBCL11188	0.043261558	0.619557	0.19595452	0.07890439	0.0623225	0.619557	1.0	1
DLBCL10986	0.62116015	0.10591614	0.034140084	0.14857687	0.09020678	0.62116015	0.0	0
DLBCL10863	0.26542166	0.01924229	0.058626704	0.6219438	0.03476554	0.6219438	3.0	3
DLBCL_DFCI_DLBCL_GOE07	0.15454502	0.622608	0.10557422	0.07262126	0.044651486	0.622608	1.0	1
DLBCL_RICOVER_1150	0.13880675	0.62652946	0.042097278	0.16572392	0.026842607	0.62652946	0.0	1
DLBCL11462	0.628105	0.016461363	0.15951025	0.062009398	0.13391402	0.628105	0.0	0
DLBCL11202	0.6288405	0.05409177	0.23026669	0.076351345	0.010449709	0.6288405	0.0	0
DLBCL_RICOVER_1248	0.21392713	0.114829324	0.015103799	0.027271178	0.6288686	0.6288686	4.0	4
DLBCL10989	0.14570378	0.63115126	0.040270105	0.12778029	0.055094603	0.63115126	1.0	1
DLBCL10858	0.05860909	0.014386548	0.03386746	0.25827938	0.63485754	0.63485754	3.0	4
DLBCL10902	0.060403608	0.6353123	0.16076304	0.028793778	0.11472723	0.6353123	4.0	1
DLBCL11538	0.036585435	0.021264149	0.6362725	0.18488123	0.1209967	0.6362725	4.0	2
DLBCL10918	0.6363097	0.011615186	0.07975536	0.1907105	0.08160926	0.6363097	0.0	0
DLBCL_LS1668	0.097224936	0.6439562	0.10055355	0.031632956	0.12663239	0.6439562	1.0	1
DLBCL_C_D_1108_NULLPAIR	0.06436412	0.64590555	0.024574043	0.058465447	0.20669083	0.64590555	1.0	1
DLBCL10503	0.053301215	0.18725996	0.052964367	0.05884656	0.6476279	0.6476279	1.0	4
DLBCL_RICOVER_401	0.018779922	0.28883445	0.647811	0.024087999	0.020486629	0.647811	1.0	2
DLBCL10564	0.044048976	0.027105976	0.6482176	0.2300834	0.050544027	0.6482176	3.0	2
DLBCL10552	0.17695396	0.046921562	0.111763954	0.64880997	0.015550594	0.64880997	3.0	3
DLBCL_LS1921	0.03548759	0.65273374	0.26813287	0.02930807	0.014337731	0.65273374	1.0	1
DLBCL_C_D_1157_NULLPAIR	0.2073547	0.012523935	0.6535528	0.06029464	0.06627396	0.6535528	2.0	2
DLBCL10491	0.09211859	0.6572264	0.085695654	0.14947824	0.0154811	0.6572264	3.0	1
DLBCL_RICOVER_449	0.0533624	0.05121682	0.038531747	0.19868545	0.6582036	0.6582036	4.0	4
DLBCL_C_D_1151_NULLPAIR	0.12634102	0.020678326	0.1679631	0.66083604	0.024181513	0.66083604	3.0	3
DLBCL10928	0.66144335	0.22188935	0.018588005	0.04286312	0.05521618	0.66144335	0.0	0
DLBCL10925	0.106189296	0.14731766	0.030112416	0.05484544	0.6615352	0.6615352	4.0	4
DLBCL11433	0.16587499	0.020604506	0.10078378	0.051160716	0.66157603	0.66157603	3.0	4
DLBCL_RICOVER_173	0.07140274	0.11703541	0.09741425	0.051727083	0.6624205	0.6624205	4.0	4
DLBCL11471	0.6644987	0.081758544	0.031918116	0.19708768	0.024736969	0.6644987	3.0	0
DLBCL10985	0.6650879	0.07023442	0.0845998	0.10708811	0.07298977	0.6650879	1.0	0
DLBCL_LS2245	0.024255903	0.6660105	0.19833481	0.032759055	0.0786397	0.6660105	1.0	1
DLBCL_RICOVER_1061	0.07534731	0.016782815	0.22035697	0.66632843	0.021184467	0.66632843	3.0	3
DLBCL11659	0.19007201	0.036429502	0.66717726	0.04008782	0.06623342	0.66717726	3.0	2
DLBCL11535	0.18709682	0.05114128	0.029042477	0.06384503	0.6688744	0.6688744	3.0	4
DLBCL11460	0.04408063	0.11519153	0.06259106	0.6719258	0.106210984	0.6719258	3.0	3
DLBCL11664	0.028118832	0.67380244	0.12167461	0.12690464	0.04949952	0.67380244	1.0	1
DLBCL10870	0.020774134	0.091266036	0.6766253	0.030125435	0.18120907	0.6766253	4.0	2
DLBCL_RICOVER_956	0.030115675	0.6775431	0.058108404	0.0299175	0.2043153	0.6775431	4.0	1
DLBCL10896	0.6776747	0.021703111	0.016133865	0.24950036	0.03498796	0.6776747	0.0	0
DLBCL10867	0.016989127	0.68119013	0.05651067	0.034740616	0.21056944	0.68119013	4.0	1
DLBCL10845	0.018616598	0.6813653	0.03949334	0.037721705	0.22280306	0.6813653	1.0	1
DFCIDL009_DT	0.049433343	0.15698853	0.6822686	0.071154654	0.04015487	0.6822686	2.0	2
DLBCL_C_D_1144_NULLPAIR	0.089052774	0.68325764	0.058639444	0.110473424	0.05857671	0.68325764	4.0	1
DLBCL10909	0.05631651	0.13825533	0.079770155	0.040301353	0.6853567	0.6853567	4.0	4
DFCIDL003_DT	0.04761243	0.68590933	0.22270927	0.029745055	0.014023903	0.68590933	1.0	1
DLBCL10515	0.04398275	0.031610165	0.05062627	0.18783419	0.68594664	0.68594664	0.0	4
DLBCL_RICOVER_258	0.6860932	0.06323688	0.11998132	0.06303005	0.06765855	0.6860932	2.0	0
DLBCL10919	0.1415765	0.020213751	0.0999067	0.68679875	0.051504295	0.68679875	3.0	3
DLBCL_RICOVER_948	0.022428444	0.2159984	0.6890269	0.01975955	0.05278675	0.6890269	1.0	2
DLBCL10878	0.043425083	0.031058844	0.05089403	0.184957	0.689665	0.689665	4.0	4
DLBCL_C_D_1156_NULLPAIR	0.17351976	0.054121844	0.044531543	0.69218296	0.035643913	0.69218296	0.0	3
DLBCL10974	0.068655916	0.040888514	0.09676931	0.10061767	0.69306856	0.69306856	3.0	4
DLBCL10450	0.6950869	0.19670159	0.016368955	0.060371175	0.0314714	0.6950869	0.0	0
DLBCL10544	0.054861143	0.016868409	0.037507553	0.6952245	0.1955384	0.6952245	3.0	3
DLBCL11464	0.1921858	0.03798395	0.026148634	0.69543576	0.048245825	0.69543576	3.0	3
DLBCL11677	0.6956787	0.010145437	0.068008974	0.077834666	0.14833224	0.6956787	0.0	0
DLBC_FF_8046_TP_NB	0.069607794	0.09355698	0.6976937	0.082750306	0.05639125	0.6976937	2.0	2
DLBCL11675	0.033396743	0.014486838	0.69796443	0.04561485	0.20853716	0.69796443	2.0	2
DLBCL_RICOVER_1192	0.06768021	0.1833956	0.019278679	0.031435095	0.6982104	0.6982104	4.0	4
DLBCL10451	0.6985709	0.025965817	0.20524392	0.054478224	0.015741147	0.6985709	0.0	0
DLBCL10966	0.09054739	0.019229656	0.047234323	0.6989629	0.14402571	0.6989629	0.0	3
DLBCL10480	0.052010488	0.69904095	0.046667	0.03125163	0.17102993	0.69904095	1.0	1
DLBCL11513	0.035907615	0.07902694	0.70224315	0.044539835	0.13828248	0.70224315	4.0	2
DLBCL11473	0.112358004	0.046349257	0.02830145	0.70323193	0.10975937	0.70323193	0.0	3
DLBCL_MC_F739_AMA3	0.02232879	0.17368546	0.7033633	0.079133555	0.021488883	0.7033633	1.0	2
DLBCL_C_D_1159_NULLPAIR	0.21468131	0.02294667	0.035233792	0.70472056	0.022417657	0.70472056	3.0	3
DLBCL10964	0.037842482	0.091047265	0.018145248	0.1468739	0.7060911	0.7060911	4.0	4
DLBCL_RICOVER_496	0.052506007	0.7083179	0.17273182	0.045744784	0.020699516	0.7083179	1.0	1
DLBCL10906	0.051223993	0.1585178	0.050575186	0.03067186	0.7090112	0.7090112	1.0	4
DLBCL10968	0.19795036	0.021440705	0.023949336	0.045998026	0.7106616	0.7106616	0.0	4
DLBCL_C_D_1152_NULLPAIR	0.030462014	0.71347034	0.17920202	0.028489698	0.048375938	0.71347034	1.0	1
DLBCL11455	0.08774146	0.013738447	0.7136785	0.14918104	0.035660557	0.7136785	2.0	2
DLBCL_MC_F218_RAP	0.06651731	0.013828129	0.15800299	0.71486264	0.046788942	0.71486264	3.0	3
DLBCL11527	0.06962934	0.021034533	0.715475	0.17053373	0.023327375	0.715475	3.0	2
DLBCL10846	0.19082871	0.7159137	0.025375945	0.03422416	0.033657465	0.7159137	1.0	1
DLBCL_C_D_1166_NULLPAIR	0.017865129	0.7176887	0.020522984	0.017089017	0.22683422	0.7176887	4.0	1
DLBCL_RICOVER_985	0.0343742	0.03616593	0.7196103	0.17937219	0.030477382	0.7196103	3.0	2
DLBCL_RICOVER_583	0.023868946	0.72012156	0.050275303	0.02469574	0.18103844	0.72012156	1.0	1
DLBCL10487	0.72252154	0.12251189	0.04049754	0.09972462	0.014744407	0.72252154	1.0	0
DLBCL_DFCI_DLBCL_GOE05	0.014263821	0.7235764	0.08456403	0.044378586	0.13321713	0.7235764	1.0	1
DLBCL10957	0.72410685	0.068202	0.057089206	0.10714607	0.043455895	0.72410685	0.0	0
DLBCL11484	0.058931112	0.724395	0.093775876	0.05801051	0.06488753	0.724395	1.0	1
DLBCL_MC_F606_DMJ	0.091174625	0.7265974	0.07694979	0.059522033	0.045756124	0.7265974	2.0	1
DLBCL10549	0.025456201	0.1960902	0.72963244	0.029238936	0.019582206	0.72963244	1.0	2
DLBCL_LS3499	0.7303326	0.045910656	0.08313215	0.108893864	0.03173072	0.7303326	3.0	0
DLBCL11657	0.023460276	0.0229155	0.0958612	0.1273821	0.73038095	0.73038095	3.0	4
DLBCL10492	0.7311237	0.02270552	0.015812783	0.045558337	0.18479966	0.7311237	0.0	0
DLBC_FF_8042_TP_NB	0.016915249	0.037636142	0.13795468	0.07611703	0.7313769	0.7313769	4.0	4
DLBCL11435	0.73300964	0.015979553	0.014729536	0.1848113	0.051469978	0.73300964	0.0	0
DLBC_FF_A7CW_TP_NB	0.03640594	0.093634315	0.103734665	0.028745491	0.73747957	0.73747957	4.0	4
DLBCL10463	0.0200136	0.01498383	0.04688615	0.17864896	0.73946744	0.73946744	4.0	4
DLBCL10547	0.071885265	0.016673887	0.04710648	0.12432515	0.74000925	0.74000925	3.0	4
DLBCL10913	0.7410584	0.013234697	0.018414509	0.13134508	0.0959473	0.7410584	0.0	0
DLBCL_RICOVER_533	0.0816645	0.74224687	0.044032358	0.11646107	0.015595209	0.74224687	1.0	1
DLBCL11466	0.1010825	0.047336765	0.05732699	0.7447771	0.04947667	0.7447771	1.0	3
DLBCL_LS4592	0.012090889	0.04782152	0.7456278	0.052187644	0.14227213	0.7456278	2.0	2
DLBCL10898	0.01865077	0.16965805	0.027449409	0.038115695	0.74612606	0.74612606	4.0	4
DLBCL10895	0.030919835	0.15149625	0.035376	0.035484634	0.7467233	0.7467233	4.0	4
DLBCL_RICOVER_1210	0.03937765	0.7479522	0.026669031	0.078801855	0.10719927	0.7479522	1.0	1
DLBCL_LS2154	0.08180309	0.74965143	0.06836677	0.05509508	0.04508362	0.74965143	0.0	1
DLBCL10978	0.11519573	0.01903138	0.043948025	0.75108254	0.070742324	0.75108254	3.0	3
DLBCL_RICOVER_1165	0.025607407	0.7520298	0.044968285	0.04011027	0.13728423	0.7520298	1.0	1
DLBCL_LS3245	0.01914437	0.755002	0.1874829	0.021735039	0.016635679	0.755002	1.0	1
DLBCL_RICOVER_1283	0.049506206	0.014182864	0.7552682	0.034336153	0.14670655	0.7552682	2.0	2
DLBCL10972	0.054261	0.016297027	0.047809854	0.12588283	0.7557493	0.7557493	0.0	4
DLBCL10536	0.099561475	0.079906315	0.75694585	0.039350055	0.024236271	0.75694585	2.0	2
DLBCL11440	0.01879975	0.0272072	0.16946362	0.026290389	0.75823903	0.75823903	4.0	4
DLBCL11501	0.75860417	0.111289896	0.029798614	0.04224429	0.058063053	0.75860417	0.0	0
DLBCL_RICOVER_417	0.02014687	0.021003272	0.06595476	0.13254307	0.760352	0.760352	4.0	4
DLBCL_RICOVER_288	0.7604519	0.15960883	0.022672635	0.036185615	0.02108101	0.7604519	1.0	0
DLBCL10509	0.04611239	0.76049507	0.04150312	0.03728342	0.11460603	0.76049507	0.0	1
DLBCL10891	0.036914565	0.096174195	0.053286944	0.052204292	0.76142	0.76142	4.0	4
DLBCL11449	0.01906064	0.76455593	0.05481016	0.090782374	0.07079088	0.76455593	1.0	1
DLBCL11205	0.77197593	0.03477064	0.08013697	0.10353373	0.00958272	0.77197593	0.0	0
DLBCL10501	0.010184201	0.77330965	0.1331282	0.055264827	0.028113136	0.77330965	2.0	1
DLBCL10955	0.7736527	0.03793352	0.049333166	0.11168397	0.027396645	0.7736527	3.0	0
DLBCL10934	0.013678585	0.1396698	0.034097902	0.035368424	0.77718526	0.77718526	1.0	4
DLBCL11541	0.033225853	0.77726334	0.062455468	0.03687161	0.090183735	0.77726334	2.0	1
DLBCL_LS2599	0.026469007	0.13435623	0.77905846	0.04258882	0.017527487	0.77905846	2.0	2
DLBCL10894	0.09097848	0.7798193	0.027902443	0.07585468	0.025445065	0.7798193	1.0	1
DLBCL_LS1395	0.07463358	0.7838396	0.05778879	0.030999558	0.052738477	0.7838396	2.0	1
DLBCL11566	0.07941963	0.052540474	0.78516895	0.07292456	0.00994638	0.78516895	2.0	2
DLBCL10836	0.022272402	0.015652824	0.11296721	0.06165397	0.7874536	0.7874536	4.0	4
DLBCL11525	0.03614511	0.018048406	0.7887342	0.11990807	0.037164215	0.7887342	2.0	2
DLBCL11353	0.056607824	0.074462615	0.062722765	0.017114235	0.78909254	0.78909254	4.0	4
DLBCL11511	0.78952676	0.017733524	0.11737748	0.0580878	0.01727444	0.78952676	0.0	0
DLBCL10781	0.02269383	0.05430077	0.05652663	0.07659752	0.7898812	0.7898812	4.0	4
DLBCL10904	0.022924403	0.018350983	0.12547825	0.04221248	0.79103386	0.79103386	4.0	4
DLBCL11681	0.7916534	0.014103082	0.04052883	0.08140235	0.072312355	0.7916534	0.0	0
DLBCL_LS4054	0.050694145	0.7929579	0.031798337	0.024469027	0.10008056	0.7929579	1.0	1
DLBCL11479	0.049279027	0.79404294	0.052504078	0.036111023	0.06806294	0.79404294	1.0	1
DLBCL11672	0.042874057	0.014866141	0.79611087	0.104535796	0.04161312	0.79611087	2.0	2
DLBCL10914	0.7963101	0.06320343	0.044653103	0.0586759	0.037157465	0.7963101	0.0	0
DLBCL11001	0.0451651	0.01156628	0.034889802	0.10988112	0.7984977	0.7984977	4.0	4
DLBCL10837	0.12172513	0.7990757	0.019682424	0.019961894	0.039554827	0.7990757	4.0	1
DLBCL11528	0.092682034	0.02710425	0.7992752	0.0340979	0.04684061	0.7992752	2.0	2
DLBCL_LS1757	0.8015461	0.12174371	0.01971918	0.043364182	0.01362681	0.8015461	0.0	0
DLBCL10518	0.08233851	0.012182947	0.8019049	0.0885769	0.014996711	0.8019049	2.0	2
DLBCL11437	0.061307564	0.015284677	0.03543573	0.8027259	0.08524609	0.8027259	3.0	3
DLBCL10510	0.048398834	0.8030356	0.050054625	0.03355929	0.06495166	0.8030356	1.0	1
DLBCL11447	0.11952234	0.0297374	0.0227994	0.80337936	0.024561506	0.80337936	3.0	3
DLBCL10456	0.057815295	0.022886867	0.03760189	0.80395246	0.077743515	0.80395246	3.0	3
DLBCL_LS4616	0.014603933	0.8057698	0.14034225	0.016664058	0.022619976	0.8057698	2.0	1
DLBCL_RICOVER_408	0.0319305	0.8061642	0.040463403	0.02440582	0.097036056	0.8061642	2.0	1
DLBCL11581	0.020969344	0.021017011	0.07488619	0.0765895	0.806538	0.806538	4.0	4
DLBCL11655	0.1282471	0.01765729	0.023952039	0.8080419	0.022101725	0.8080419	3.0	3
DLBCL_C_D_1130_NULLPAIR	0.8087637	0.036370914	0.08560841	0.023296256	0.04596076	0.8087637	0.0	0
DLBCL10884	0.8115998	0.018631123	0.018010084	0.046329234	0.105429776	0.8115998	0.0	0
DLBCL_C_D_1133_NULLPAIR	0.020907104	0.112174846	0.81304747	0.04205834	0.011812242	0.81304747	2.0	2
DLBCL11481	0.8149707	0.018653795	0.11049424	0.040727552	0.015153722	0.8149707	0.0	0
DLBCL_MC_F139_LJF	0.105290525	0.02120386	0.023278166	0.8191914	0.03103608	0.8191914	3.0	3
DLBCL_RICOVER_866	0.039696984	0.016706752	0.8196054	0.11317094	0.0108199	0.8196054	2.0	2
DLBCL10498	0.026628057	0.015626246	0.8202933	0.12588124	0.011571131	0.8202933	2.0	2
DLBCL10977	0.0390168	0.042483643	0.055320147	0.03902751	0.8241519	0.8241519	4.0	4
DLBCL10883	0.024140596	0.025617916	0.048089117	0.076659665	0.8254927	0.8254927	4.0	4
DLBCL10932	0.0748858	0.018980449	0.034274764	0.8317481	0.040110864	0.8317481	3.0	3
DLBCL_RICOVER_473	0.83262306	0.028479993	0.01743942	0.10421046	0.01724708	0.83262306	0.0	0
DLBCL10517	0.016848851	0.83354527	0.11104718	0.01729946	0.021259222	0.83354527	1.0	1
DLBCL_LS2325	0.024562754	0.075696886	0.8352106	0.028639315	0.035890438	0.8352106	2.0	2
DLBCL11000	0.023692396	0.04414031	0.05253068	0.04267711	0.8369595	0.8369595	4.0	4
DLBC_FF_8043_TP_NB	0.025381407	0.8375235	0.030832734	0.030662982	0.07559938	0.8375235	1.0	1
DLBCL10848	0.020265555	0.016466524	0.037048746	0.08643536	0.8397838	0.8397838	4.0	4
DLBCL11457	0.8406131	0.00900779	0.019080717	0.11550282	0.015795533	0.8406131	0.0	0
DLBCL11196	0.07113081	0.014805777	0.027239049	0.84124935	0.045575023	0.84124935	3.0	3
DLBCL11003	0.02410395	0.8417502	0.026326425	0.016382854	0.09143656	0.8417502	1.0	1
DLBCL_MC_F496DMP	0.8423018	0.04785885	0.05839947	0.028402073	0.023037838	0.8423018	1.0	0
DLBCL10541	0.019780582	0.8437599	0.03820577	0.034307867	0.06394591	0.8437599	1.0	1
DLBCL_LS3749	0.021956593	0.84396	0.072388545	0.04629448	0.015400402	0.84396	1.0	1
DLBCL_RICOVER_787	0.055292454	0.8453341	0.057611775	0.021575533	0.020186115	0.8453341	1.0	1
DLBCL_RICOVER_506	0.02081483	0.84584355	0.042969152	0.016446602	0.073925845	0.84584355	4.0	1
DLBCL_C_D_1109_NULLPAIR	0.09179263	0.013998282	0.02935751	0.8468112	0.018040432	0.8468112	3.0	3
DLBCL10527	0.031580906	0.018082364	0.064517654	0.8470047	0.03881436	0.8470047	3.0	3
DLBCL10927	0.029612789	0.016770292	0.057358142	0.8473501	0.04890865	0.8473501	3.0	3
DLBCL11507	0.029996788	0.84907645	0.043262657	0.016683005	0.06098107	0.84907645	1.0	1
DLBCL11673	0.052286197	0.8500141	0.0405599	0.033736847	0.023402974	0.8500141	1.0	1
DLBCL11661	0.050564323	0.042617653	0.03702541	0.8500601	0.019732488	0.8500601	1.0	3
DLBCL10871	0.07558158	0.8520756	0.025407908	0.022558348	0.024376607	0.8520756	1.0	1
DLBCL_C_D_1153_NULLPAIR	0.026914904	0.03371202	0.017595567	0.06969732	0.85208017	0.85208017	3.0	4
DLBCL10879	0.011636081	0.017579412	0.8521022	0.035466794	0.08321548	0.8521022	2.0	2
DLBCL10486	0.026863204	0.034253266	0.04323346	0.042920716	0.8527294	0.8527294	0.0	4
DLBCL10856	0.052948296	0.025904858	0.039400846	0.027281849	0.8544642	0.8544642	2.0	4
DLBCL10847	0.044921424	0.051933836	0.023925478	0.023409735	0.8558095	0.8558095	4.0	4
DLBCL11346	0.02940542	0.8609348	0.05548471	0.02293626	0.031238817	0.8609348	1.0	1
DLBCL11474	0.86155653	0.008824541	0.0102955885	0.08134082	0.03798253	0.86155653	0.0	0
DLBCL10513	0.8629429	0.026786478	0.02503283	0.07503225	0.010205588	0.8629429	3.0	0
DLBCL_LS2089	0.015696453	0.86844784	0.037566394	0.018823447	0.05946588	0.86844784	1.0	1
DLBCL10916	0.01228402	0.03843798	0.05265753	0.02798054	0.86863995	0.86863995	4.0	4
DLBCL10548	0.8690606	0.010035126	0.018523665	0.08998168	0.012398932	0.8690606	0.0	0
DLBCL_RICOVER_1235	0.027469253	0.015821982	0.8709866	0.04908415	0.036638007	0.8709866	1.0	2
DLBCL10550	0.026062291	0.03530032	0.053879596	0.013735431	0.87102234	0.87102234	4.0	4
DLBCL10521	0.015222053	0.07070732	0.022510579	0.020375302	0.87118477	0.87118477	4.0	4
DLBCL_LS2328	0.028819844	0.87177134	0.034760103	0.049996454	0.014652244	0.87177134	2.0	1
DLBCL_RICOVER_469	0.020324059	0.020896116	0.87282974	0.06891573	0.017034346	0.87282974	2.0	2
DLBCL_LS951	0.874436	0.021530418	0.0431846	0.0405643	0.020284673	0.874436	0.0	0
DLBCL_RICOVER_1046	0.015135545	0.8752882	0.043417808	0.009821272	0.056337174	0.8752882	1.0	1
DLBCL_MC_F262_WLC	0.87603337	0.008897593	0.014843448	0.08687127	0.013354309	0.87603337	0.0	0
DLBCL_RICOVER_780	0.026981983	0.87618953	0.043970875	0.026646266	0.026211333	0.87618953	1.0	1
DLBCL10860	0.017496396	0.02835673	0.028145183	0.04921386	0.87678784	0.87678784	4.0	4
DLBCL11476	0.055630717	0.017321682	0.020589042	0.029015152	0.87744343	0.87744343	4.0	4
DLBCL10461	0.019085959	0.88000804	0.013481917	0.019490918	0.067933165	0.88000804	1.0	1
DLBCL10939	0.04851913	0.01347299	0.032292314	0.8823218	0.023393806	0.8823218	3.0	3
DLBCL_LS2357	0.031579673	0.014317301	0.029303586	0.8836203	0.041179102	0.8836203	3.0	3
DLBCL11590	0.017614927	0.01657807	0.8854997	0.06953577	0.0107715	0.8854997	2.0	2
DLBCL10854	0.013403125	0.01725644	0.016912652	0.06551669	0.8869111	0.8869111	4.0	4
DLBCL11456	0.03345874	0.8876768	0.034786537	0.02679357	0.017284365	0.8876768	1.0	1
DLBCL10990	0.03113302	0.046259247	0.016700469	0.01812296	0.8877843	0.8877843	4.0	4
DLBCL_RICOVER_950	0.041476395	0.01647129	0.03766579	0.8882024	0.016184097	0.8882024	3.0	3
DLBCL10852	0.009075314	0.02418654	0.02296699	0.05420328	0.88956785	0.88956785	4.0	4
DLBCL10993	0.88965523	0.017332347	0.028903875	0.047410104	0.016698414	0.88965523	0.0	0
DLBCL11203	0.011792475	0.8896962	0.0580575	0.020167703	0.020286167	0.8896962	1.0	1
DLBCL11459	0.04175288	0.016931623	0.034276318	0.8900666	0.016972529	0.8900666	3.0	3
DLBCL_RICOVER_685	0.010487911	0.033043124	0.028335052	0.0377611	0.8903728	0.8903728	4.0	4
DLBCL_RICOVER_850	0.03022536	0.011955391	0.016098946	0.050213583	0.89150673	0.89150673	4.0	4
DLBCL10849	0.02868368	0.8926831	0.019247025	0.01225487	0.04713132	0.8926831	1.0	1
DLBCL_RICOVER_829	0.89303684	0.013021744	0.037914533	0.03674099	0.019285899	0.89303684	0.0	0
DLBCL10502	0.017040942	0.8936172	0.020598764	0.012700553	0.056042522	0.8936172	1.0	1
DLBCL10893	0.022912856	0.008525687	0.020276036	0.054074418	0.894211	0.894211	4.0	4
DLBCL10851	0.009674899	0.89448833	0.04474418	0.009916401	0.04117619	0.89448833	1.0	1
DLBCL11519	0.89464563	0.008335783	0.03772977	0.044136617	0.015152192	0.89464563	0.0	0
DLBCL11658	0.039001614	0.010880397	0.033396963	0.89472586	0.021995181	0.89472586	3.0	3
DLBCL_RICOVER_712	0.014610734	0.02731065	0.015148295	0.04726274	0.89566755	0.89566755	4.0	4
DLBCL10889	0.023535458	0.021072716	0.030293142	0.02877839	0.8963203	0.8963203	4.0	4
DLBCL11458	0.8968407	0.011984491	0.0490748	0.023839949	0.018260097	0.8968407	2.0	0
DLBCL11520	0.8972167	0.009096524	0.012388903	0.045367774	0.035930116	0.8972167	0.0	0
DLBCL_LS1304	0.024805896	0.013935581	0.8977317	0.0310945	0.032432303	0.8977317	2.0	2
DLBCL10959	0.8981591	0.046523746	0.014750711	0.027776817	0.012789609	0.8981591	0.0	0
DLBCL_RICOVER_361	0.03223514	0.015439158	0.028551787	0.8983701	0.025403831	0.8983701	3.0	3
DLBCL11472	0.8987249	0.012428274	0.036616858	0.043089133	0.009140841	0.8987249	0.0	0
DLBCL10866	0.018720051	0.010869733	0.022097459	0.049507402	0.8988054	0.8988054	4.0	4
DLBCL10494	0.020546185	0.9012205	0.038321875	0.017733945	0.022177503	0.9012205	1.0	1
DLBCL10950	0.90182143	0.018234124	0.00884544	0.033426985	0.037672002	0.90182143	0.0	0
DLBCL10835	0.021760337	0.90255433	0.01401375	0.037977368	0.023694234	0.90255433	4.0	1
DLBCL_RICOVER_711	0.035991926	0.9040396	0.024358619	0.021209916	0.014399942	0.9040396	3.0	1
DLBCL10554	0.023192797	0.025677793	0.90494657	0.026326302	0.019856518	0.90494657	2.0	2
DLBCL10880	0.013353984	0.011796455	0.054622497	0.01520179	0.9050253	0.9050253	4.0	4
DLBCL_LS4619	0.02077208	0.026005303	0.9051523	0.040765993	0.007304272	0.9051523	4.0	2
DLBCL_LS2590	0.012288532	0.011900023	0.043538846	0.026516687	0.90575594	0.90575594	3.0	4
DLBCL_RICOVER_1329	0.015248784	0.90657127	0.026884029	0.0151630705	0.03613285	0.90657127	4.0	1
DLBCL10457	0.020244932	0.031319212	0.020352473	0.020868288	0.9072151	0.9072151	4.0	4
DLBCL10453	0.023854936	0.9072773	0.030092215	0.020235272	0.018540313	0.9072773	1.0	1
DLBCL_C_D_1123_NULLPAIR	0.9076294	0.02352903	0.013756097	0.026835112	0.028250417	0.9076294	0.0	0
DLBCL_RICOVER_1204	0.036959104	0.014443508	0.024815155	0.9081613	0.015620961	0.9081613	3.0	3
DLBCL10535	0.032175586	0.017127663	0.019025864	0.022717057	0.90895385	0.90895385	4.0	4
DLBCL11683	0.013614875	0.025033735	0.9106236	0.04102335	0.009704445	0.9106236	2.0	2
DLBCL11676	0.91279906	0.006950764	0.022817902	0.049607452	0.0078248205	0.91279906	0.0	0
DLBCL10996	0.9133667	0.008336788	0.013546865	0.043371074	0.021378592	0.9133667	0.0	0
DLBCL10464	0.04208697	0.011329851	0.9139101	0.02321925	0.009453824	0.9139101	2.0	2
DLBCL10497	0.033461116	0.012814819	0.021158291	0.9151201	0.017445624	0.9151201	3.0	3
DLBCL10888	0.017790535	0.013779145	0.024875412	0.028304825	0.91525006	0.91525006	4.0	4
DLBCL10853	0.014348657	0.011085905	0.018816242	0.03833514	0.91741407	0.91741407	4.0	4
DLBCL10458	0.9175009	0.02011099	0.027515186	0.02589665	0.008976242	0.9175009	0.0	0
DLBCL_C_D_1106_NULLPAIR	0.010215543	0.9185321	0.044083856	0.012076927	0.015091593	0.9185321	1.0	1
DLBCL10529	0.017266057	0.031827755	0.014866729	0.01700828	0.9190312	0.9190312	4.0	4
DLBCL11491	0.9205226	0.013381033	0.006895027	0.048309635	0.01089175	0.9205226	3.0	0
DLBC_FF_A7CQ_TP_NB	0.016377114	0.016683878	0.008581679	0.03722829	0.92112905	0.92112905	4.0	4
DLBCL10887	0.010100762	0.009137592	0.03770515	0.020553436	0.92250305	0.92250305	4.0	4
DLBCL_LS4593	0.016985223	0.009606859	0.9225129	0.03628451	0.014610509	0.9225129	2.0	2
DLBCL_C_D_1119_NULLPAIR	0.03863666	0.9233348	0.014454223	0.012520569	0.011053753	0.9233348	1.0	1
DLBCL10467	0.014276026	0.0080083115	0.015513962	0.037949875	0.92425185	0.92425185	4.0	4
DLBCL11680	0.029550824	0.018888429	0.92438436	0.014970022	0.012206362	0.92438436	2.0	2
DLBCL_C_D_1113_NULLPAIR	0.019528152	0.013489831	0.9245349	0.023903469	0.018543612	0.9245349	2.0	2
DLBCL11500	0.008967072	0.011109946	0.023138136	0.031991694	0.9247931	0.9247931	4.0	4
DLBCL10900	0.012268825	0.010230812	0.012075679	0.039660014	0.9257647	0.9257647	4.0	4
DLBCL10875	0.9267334	0.009680925	0.02054621	0.036223214	0.0068162573	0.9267334	0.0	0
DLBCL10876	0.012465729	0.012567794	0.021703968	0.025916409	0.9273461	0.9273461	4.0	4
DLBCL11478	0.9285503	0.00971543	0.017411275	0.03642244	0.00790055	0.9285503	0.0	0
DLBCL_MC_F519_ALT	0.012170831	0.017493447	0.017998029	0.02367619	0.9286615	0.9286615	4.0	4
DLBCL10842	0.009202791	0.01621376	0.021667479	0.023936681	0.9289793	0.9289793	4.0	4
DLBCL10881	0.028809085	0.016960062	0.0122309	0.012433488	0.92956644	0.92956644	4.0	4
DLBCL10542	0.023625232	0.008531252	0.011135356	0.026343169	0.93036497	0.93036497	0.0	4
DLBCL_C_D_1114_NULLPAIR	0.93135256	0.007277472	0.010913182	0.022029733	0.028427036	0.93135256	0.0	0
DLBCL_RICOVER_1106	0.0076530613	0.035920735	0.012250192	0.012178721	0.9319973	0.9319973	4.0	4
DLBCL11670	0.007153601	0.014568688	0.9329964	0.030947093	0.014334249	0.9329964	2.0	2
DLBCL11671	0.93393993	0.00673782	0.018296119	0.025408922	0.0156171955	0.93393993	0.0	0
DLBCL10954	0.01014778	0.9339701	0.018967522	0.008783151	0.028131437	0.9339701	1.0	1
DLBCL_RICOVER_1299	0.02514451	0.009202342	0.012143447	0.01897515	0.93453455	0.93453455	4.0	4
DLBCL_MC_F307_JPS	0.9354777	0.014139316	0.01227268	0.02402498	0.01408534	0.9354777	0.0	0
DLBCL_LS2367	0.9371299	0.024278697	0.0071530705	0.024103558	0.007334753	0.9371299	0.0	0
DLBCL10980	0.010823991	0.020111995	0.014627726	0.01634101	0.9380953	0.9380953	4.0	4
DLBCL_RICOVER_267	0.008696748	0.0073463335	0.9390378	0.01705059	0.027868554	0.9390378	2.0	2
DLBCL10945	0.9395711	0.0046955873	0.013936562	0.03219481	0.009601941	0.9395711	0.0	0
DLBCL_C_D_1163_NULLPAIR	0.006905238	0.027719812	0.009301575	0.015380503	0.94069284	0.94069284	4.0	4
DLBCL_RICOVER_440	0.011907174	0.9412423	0.024614029	0.010910749	0.011325785	0.9412423	2.0	1
DLBCL_RICOVER_1219	0.008463048	0.009937164	0.01261159	0.025934676	0.94305354	0.94305354	4.0	4
DLBCL11194	0.012554535	0.009538758	0.01781419	0.015299753	0.94479275	0.94479275	4.0	4
DLBCL_LS1065	0.011624319	0.94676375	0.0084663555	0.014994307	0.018151276	0.94676375	1.0	1
DLBCL10452	0.016657323	0.9471289	0.0140977185	0.010678003	0.011438054	0.9471289	1.0	1
DLBCL10947	0.008656713	0.024508767	0.009821134	0.009615662	0.9473977	0.9473977	1.0	4
DLBCL10850	0.019533278	0.9475102	0.010195537	0.0073788282	0.015382163	0.9475102	1.0	1
DLBCL11679	0.018825348	0.9476986	0.01657974	0.005716265	0.01118003	0.9476986	1.0	1
DLBCL_LS1683	0.0074948994	0.9484332	0.013468312	0.007990937	0.022612661	0.9484332	1.0	1
DLBCL11518	0.94872075	0.017878128	0.0076407455	0.017464416	0.008295963	0.94872075	2.0	0
DLBCL_RICOVER_744	0.011492945	0.011353102	0.94935024	0.0154180415	0.012385691	0.94935024	2.0	2
DLBCL10885	0.016553316	0.94946575	0.009628362	0.00694712	0.017405463	0.94946575	1.0	1
DLBCL10984	0.0070408867	0.026459482	0.007996299	0.008737146	0.94976616	0.94976616	4.0	4
DLBCL11662	0.009580652	0.016991775	0.010295285	0.012812771	0.9503195	0.9503195	0.0	4
DLBCL10992	0.0069120456	0.0071029803	0.0132824825	0.022061063	0.95064145	0.95064145	4.0	4
DLBCL11526	0.008421856	0.01145591	0.9507784	0.017679878	0.011663944	0.9507784	2.0	2
DLBCL10488	0.95277417	0.006356662	0.019231737	0.014255181	0.0073822658	0.95277417	0.0	0
DLBCL_MAYO_DLBCL_7359	0.006493627	0.95412743	0.011885304	0.006474601	0.02101906	0.95412743	1.0	1
DLBCL11187	0.012154991	0.007440075	0.008912664	0.017264014	0.9542283	0.9542283	4.0	4
DLBCL10981	0.0106816925	0.95554835	0.012032974	0.008241352	0.013495624	0.95554835	1.0	1
DLBCL10530	0.0063676112	0.015252132	0.009062046	0.012989616	0.9563286	0.9563286	4.0	4
DLBCL_C_D_1105_NULLPAIR	0.010685846	0.956547	0.016295929	0.008260794	0.008210439	0.956547	1.0	1
DLBCL11669	0.00723178	0.00703619	0.9566999	0.019231016	0.009801099	0.9566999	2.0	2
DLBCL_RICOVER_134	0.009305322	0.95685774	0.00846729	0.012813316	0.012556344	0.95685774	4.0	1
DLBCL_RICOVER_678	0.007963538	0.9572432	0.0099484725	0.006730301	0.018114477	0.9572432	1.0	1
DLBCL11004	0.008965364	0.0093111	0.0063732723	0.017538482	0.9578118	0.9578118	4.0	4
DLBCL10924	0.006071818	0.0076250006	0.008836741	0.019119684	0.9583468	0.9583468	4.0	4
DLBCL_C_D_1141_NULLPAIR	0.005177134	0.013733893	0.9586602	0.011784328	0.010644484	0.9586602	2.0	2
DLBCL10780	0.016319264	0.95904344	0.010886988	0.007688061	0.0060622687	0.95904344	1.0	1
DLBCL_LS3820	0.008620503	0.006820131	0.9591942	0.01205968	0.013305503	0.9591942	2.0	2
DLBCL_MC_F500_ECU	0.009938662	0.95947635	0.014802027	0.008973397	0.006809573	0.95947635	1.0	1
DLBCL_LS146	0.005831601	0.96031004	0.020654913	0.0057999976	0.007403439	0.96031004	1.0	1
DLBCL_RICOVER_451	0.96046686	0.009447227	0.0076958947	0.01606204	0.0063279914	0.96046686	0.0	0
DLBCL_C_D_1129_NULLPAIR	0.96046835	0.0053342306	0.008061857	0.014016784	0.012118758	0.96046835	0.0	0
DLBCL_C_D_1125_NULLPAIR	0.006489226	0.017217489	0.0062861354	0.007883491	0.96212363	0.96212363	4.0	4
DLBCL_C_D_1148_NULLPAIR	0.9623693	0.0029577932	0.012783941	0.016514136	0.00537483	0.9623693	0.0	0
DLBCL_MC_F349_BJJ	0.008467464	0.0060881223	0.9624306	0.013603246	0.009410584	0.9624306	2.0	2
DLBCL10485	0.0058372826	0.018865904	0.005430726	0.007152266	0.96271384	0.96271384	4.0	4
DLBCL11443	0.962892	0.008369514	0.00786576	0.012256278	0.008616431	0.962892	0.0	0
DLBCL_C_D_1135_NULLPAIR	0.0075920555	0.96297336	0.009491624	0.00673718	0.0132057695	0.96297336	1.0	1
DLBCL11656	0.0076994104	0.0057777115	0.96302235	0.011859856	0.011640688	0.96302235	2.0	2
DLBCL10514	0.006985039	0.008989542	0.96330935	0.015628211	0.0050878897	0.96330935	2.0	2
DFCIDL010_DT	0.9634413	0.0065902215	0.005011458	0.019193219	0.0057638166	0.9634413	0.0	0
DLBCL11666	0.008069428	0.0065727565	0.9637991	0.016906997	0.004651678	0.9637991	2.0	2
DLBCL10903	0.0075993994	0.96399575	0.012595887	0.007859257	0.007949699	0.96399575	1.0	1
DLBCL10912	0.964422	0.005047252	0.011042076	0.015370622	0.00411804	0.964422	0.0	0
DLBCL10988	0.004739074	0.96562535	0.009549839	0.0077861845	0.012299578	0.96562535	1.0	1
DLBCL10951	0.00761744	0.006541939	0.009453429	0.010609199	0.965778	0.965778	4.0	4
DLBCL10525	0.9662673	0.0042064716	0.0068186126	0.011202859	0.011504749	0.9662673	0.0	0
DLBCL11667	0.005449129	0.008251121	0.9677369	0.008901749	0.009661097	0.9677369	2.0	2
DLBCL10859	0.0053090774	0.9682705	0.0075945514	0.005021227	0.013804661	0.9682705	1.0	1
DLBCL_RICOVER_335	0.011794333	0.96844405	0.006027995	0.007888768	0.005844858	0.96844405	1.0	1
DLBCL11573	0.0042495006	0.009744549	0.9691589	0.009286862	0.0075602178	0.9691589	2.0	2
DLBCL10523	0.008517361	0.004921629	0.9693676	0.013320674	0.0038727205	0.9693676	2.0	2
DLBCL11428	0.004784676	0.008188792	0.96947676	0.008417342	0.009132409	0.96947676	2.0	2
DLBCL_LS843	0.0060166502	0.0049533206	0.9696843	0.009828565	0.009517144	0.9696843	2.0	2
DLBCL11512	0.96984255	0.0029940556	0.009267039	0.013878368	0.00401796	0.96984255	0.0	0
DLBCL_RICOVER_299	0.0054377173	0.9698645	0.013276699	0.0044758907	0.006945206	0.9698645	1.0	1
DLBCL11450	0.0050346516	0.010442171	0.0069547324	0.007610413	0.969958	0.969958	4.0	4
DLBCL11498	0.007773957	0.97031736	0.007599769	0.0046765627	0.009632361	0.97031736	1.0	1
DLBCL11195	0.003981322	0.006825503	0.0060418816	0.0113790175	0.97177225	0.97177225	4.0	4
DLBCL_MC_F729_MAN	0.0064360807	0.9719043	0.005627379	0.005143635	0.010888601	0.9719043	1.0	1
DLBCL11482	0.9721654	0.003091951	0.0034793497	0.016494287	0.0047690338	0.9721654	0.0	0
DLBCL11536	0.005228317	0.9722806	0.007538296	0.0054089315	0.009543814	0.9722806	3.0	1
DLBCL_C_D_1128_NULLPAIR	0.97230554	0.0052155517	0.0051068813	0.011768028	0.005604002	0.97230554	0.0	0
DLBCL10459	0.004870204	0.004767956	0.9727003	0.011921672	0.005739876	0.9727003	2.0	2
DLBCL_MAYO_DLBCL_5613	0.9735934	0.0049741985	0.0061062956	0.01022963	0.0050964337	0.9735934	0.0	0
DLBCL10901	0.004528531	0.0068158475	0.0055869385	0.008386873	0.9746818	0.9746818	4.0	4
DLBCL11558	0.0062143547	0.0063544107	0.9754704	0.007894117	0.0040666875	0.9754704	2.0	2
DLBCL_LS1098	0.004411145	0.0036632041	0.9754732	0.009146893	0.007305533	0.9754732	2.0	2
DLBCL11454	0.975495	0.0059064017	0.003404958	0.010865403	0.0043282304	0.975495	0.0	0
DLBCL11685	0.004524443	0.00645895	0.9756006	0.007962126	0.005453863	0.9756006	2.0	2
DLBCL10987	0.004661755	0.006616622	0.006047736	0.006367652	0.97630626	0.97630626	4.0	4
DLBCL_RICOVER_977	0.9775253	0.0033426685	0.0037662562	0.009224094	0.006141683	0.9775253	0.0	0
DLBCL10899	0.004108643	0.005593784	0.004176279	0.008307423	0.9778139	0.9778139	4.0	4
DLBCL11488	0.97840977	0.0030270685	0.0032829791	0.008225417	0.007054787	0.97840977	0.0	0
DLBCL_C_D_1131_NULLPAIR	0.0035432805	0.98115087	0.008422457	0.0030566403	0.0038267574	0.98115087	1.0	1
DLBCL10534	0.0028050216	0.0060971426	0.005040285	0.004882617	0.98117495	0.98117495	4.0	4
DLBCL11434	0.98130834	0.0028465504	0.0049332143	0.008543728	0.002368147	0.98130834	0.0	0
DLBCL_C_D_1136_NULLPAIR	0.004978504	0.9826283	0.003824918	0.0036326076	0.004935698	0.9826283	1.0	1
DLBCL_MC_F502_RFK	0.0024126305	0.9831832	0.00691531	0.002554634	0.0049342373	0.9831832	1.0	1
DLBCL10967	0.0028909887	0.0036223563	0.00474946	0.005098667	0.9836385	0.9836385	4.0	4
DLBCL_DFCI_DLBCL_GOE16	0.003153335	0.0032337664	0.98436	0.0059182895	0.0033346512	0.98436	2.0	2
DLBCL10911	0.0045937924	0.98456323	0.004507446	0.0030795368	0.0032559833	0.98456323	1.0	1
DLBCL10975	0.9858952	0.0015600583	0.002179327	0.0072478484	0.003117547	0.9858952	0.0	0
DLBCL11539	0.98723906	0.0015473622	0.0020717285	0.0066179507	0.0025238853	0.98723906	0.0	0
DLBCL10917	0.0023212063	0.9897265	0.0034458875	0.0017453748	0.0027610494	0.9897265	1.0	1
DLBCL11537	0.99053663	0.0011457689	0.002278938	0.0042558075	0.0017828553	0.99053663	0.0	0
DLBCL_RICOVER_1293	0.0017031858	0.0021176196	0.002042844	0.002578605	0.9915577	0.9915577	4.0	4
DLBCL10834	0.0022170774	0.9917723	0.0021524553	0.0020388241	0.0018193737	0.9917723	1.0	1
DLBCL_LS3200	0.0014818639	0.0023445413	0.0018572385	0.0020601065	0.9922562	0.9922562	4.0	4
DLBCL10862	0.0014380702	0.0024138112	0.0017443968	0.0020511332	0.9923526	0.9923526	4.0	4
DLBCL_RICOVER_174	0.0018061852	0.9928353	0.0022793994	0.0016187277	0.0014603888	0.9928353	1.0	1
DLBCL10471	0.0013698454	0.001991471	0.0017826483	0.0017413729	0.99311465	0.99311465	4.0	4
DLBCL_RICOVER_253	0.0015562777	0.99417144	0.0017822477	0.0012510951	0.001238911	0.99417144	1.0	1
DLBCL_RICOVER_826	0.9942381	0.0008898783	0.0013107366	0.0024723015	0.0010889971	0.9942381	0.0	0
