	C1	C2	C3	C4	C5	Confidence	True Cluster	Predicted Cluster
DLBCL_RICOVER_945	0.32711303	0.2964484	0.04875399	0.19623078	0.13145378	0.32711303	0.0	0
DLBCL10973	0.26605257	0.075899996	0.33427018	0.29168987	0.032087404	0.33427018	3.0	2
DLBCL10843	0.2703149	0.02427802	0.099158846	0.26275572	0.3434925	0.3434925	0.0	4
DLBCL11669	0.34507534	0.07225359	0.29905397	0.25407106	0.029546043	0.34507534	2.0	0
DLBCL10972	0.35010096	0.30038682	0.20388575	0.09610524	0.049521253	0.35010096	0.0	0
DLBCL11460	0.3160251	0.2705176	0.033618297	0.3542906	0.0255484	0.3542906	3.0	3
DLBCL11534	0.16209468	0.14442094	0.16152568	0.35557878	0.17637992	0.35557878	2.0	3
DLBCL10955	0.22115636	0.2669123	0.36337724	0.11276465	0.035789438	0.36337724	3.0	2
DLBCL10503	0.06207622	0.3744876	0.30372208	0.06615945	0.19355464	0.3744876	1.0	1
DLBCL10986	0.15113994	0.37735507	0.2518326	0.18852855	0.031143826	0.37735507	0.0	1
DLBCL10910	0.0513191	0.37848178	0.3120257	0.23800662	0.020166803	0.37848178	2.0	1
DLBCL10467	0.10932369	0.02150514	0.3373869	0.15001166	0.3817726	0.3817726	4.0	4
DLBCL11483	0.13082984	0.38221136	0.09931977	0.073148325	0.3144907	0.38221136	1.0	1
DLBCL10962	0.14971963	0.3848052	0.12969454	0.054353055	0.2814276	0.3848052	1.0	1
DLBCL_LS4593	0.058020234	0.22260426	0.25110286	0.3881451	0.080127545	0.3881451	2.0	3
DLBCL11518	0.3938711	0.14867131	0.33580562	0.08080102	0.040850952	0.3938711	2.0	0
DLBCL_RICOVER_1192	0.029486036	0.39476097	0.26358175	0.021759039	0.29041222	0.39476097	4.0	1
DLBCL11448	0.057861377	0.058187634	0.39937225	0.34948415	0.13509458	0.39937225	3.0	2
DLBCL11528	0.19435742	0.39950085	0.2769791	0.048014622	0.08114801	0.39950085	2.0	1
DLBCL11664	0.39981076	0.35020912	0.03352179	0.19130875	0.025149608	0.39981076	1.0	0
DLBCL10925	0.4000812	0.1686181	0.018568465	0.22666043	0.1860718	0.4000812	4.0	0
DLBCL_MAYO_DLBCL_3653	0.40759066	0.03463164	0.059898674	0.20392294	0.29395607	0.40759066	0.0	0
DLBCL11001	0.12797521	0.015586964	0.09275909	0.35461968	0.40905905	0.40905905	4.0	4
DLBCL_MC_F927_JHS	0.11311414	0.23052198	0.15446089	0.0882182	0.4136848	0.4136848	4.0	4
DLBCL_C_D_1112_NULLPAIR	0.066399224	0.2091285	0.4145669	0.06661454	0.24329083	0.4145669	2.0	2
DLBCL11657	0.13162121	0.42053735	0.044419207	0.30361736	0.09980488	0.42053735	3.0	1
DLBCL11576	0.11286197	0.42860064	0.054479044	0.38010746	0.023950882	0.42860064	3.0	1
DLBCL10994	0.44024226	0.079468936	0.088400885	0.13108303	0.2608049	0.44024226	0.0	0
DLBCL_RICOVER_720	0.06214369	0.39904362	0.06877753	0.01933583	0.4506993	0.4506993	4.0	4
DLBC_FF_8042_TP_NB	0.019955572	0.45078367	0.37739027	0.036995705	0.11487479	0.45078367	4.0	1
DLBCL10875	0.3618449	0.117914066	0.036770694	0.4508863	0.032584026	0.4508863	0.0	3
DLBCL_C_D_1149_NULLPAIR	0.10097782	0.4518139	0.02846049	0.023873603	0.3948742	0.4518139	1.0	1
DLBCL11443	0.45265046	0.01385519	0.075661875	0.1343767	0.32345578	0.45265046	0.0	0
DLBCL_C_D_1103_NULLPAIR	0.02731513	0.08075459	0.32953516	0.45342597	0.108969145	0.45342597	3.0	3
DLBCL_MC_F210_GWC	0.110212654	0.3260361	0.031600606	0.45486858	0.07728206	0.45486858	1.0	3
DLBC_FF_8062_TP_NB	0.45713922	0.045209695	0.37226978	0.06974993	0.055631377	0.45713922	3.0	0
DLBCL_RICOVER_408	0.45866582	0.165116	0.1356271	0.04626226	0.19432881	0.45866582	2.0	0
DLBCL10833	0.40032628	0.05149582	0.017634792	0.0710461	0.459497	0.459497	4.0	4
DLBCL10993	0.2682499	0.013582665	0.10555692	0.15295966	0.45965084	0.45965084	0.0	4
DLBCL10974	0.046460595	0.024337573	0.08067085	0.38778222	0.46074876	0.46074876	3.0	4
DLBCL10536	0.07158074	0.32730368	0.4617558	0.1195401	0.019819694	0.4617558	2.0	2
DLBCL10486	0.46262962	0.25964504	0.025912927	0.16498858	0.08682383	0.46262962	0.0	0
DLBCL10989	0.027483124	0.46307802	0.24369362	0.02734245	0.23840277	0.46307802	1.0	1
DLBCL_RICOVER_1269	0.01905007	0.23981944	0.46625507	0.2212833	0.053592097	0.46625507	2.0	2
DLBCL11481	0.39820197	0.027215406	0.4689143	0.079356246	0.026312072	0.4689143	0.0	2
DLBCL11479	0.25146186	0.4691414	0.0779903	0.093184814	0.10822161	0.4691414	1.0	1
DLBCL10844	0.46921298	0.096866384	0.023849182	0.052085575	0.35798588	0.46921298	0.0	0
DLBCL_RICOVER_910	0.3299248	0.092026144	0.06378932	0.47137356	0.042886198	0.47137356	0.0	3
DLBCL11675	0.041635163	0.010904911	0.4734271	0.2308409	0.24319193	0.4734271	2.0	2
DLBCL_C_D_1139_NULLPAIR	0.4734571	0.078562714	0.036438834	0.39549467	0.016046679	0.4734571	3.0	0
DLBCL10454	0.40265557	0.4771521	0.044088427	0.029154245	0.046949655	0.4771521	4.0	1
DLBCL_C_D_1108_NULLPAIR	0.045328133	0.4212369	0.02045702	0.035089273	0.47788867	0.47788867	1.0	4
DLBCL10564	0.10076249	0.099656306	0.30516818	0.4817616	0.012651426	0.4817616	3.0	3
DLBCL11527	0.047570113	0.018441398	0.0823358	0.48181129	0.3698414	0.48181129	3.0	3
DLBCL_LS2154	0.481902	0.3192766	0.071710244	0.10050475	0.02660639	0.481902	0.0	0
DLBCL11446	0.13940994	0.08571538	0.22986963	0.48592573	0.059079308	0.48592573	1.0	3
DLBCL10936	0.15425205	0.48797265	0.14223932	0.10797003	0.10756596	0.48797265	2.0	1
DLBCL10856	0.06971113	0.053272747	0.48829395	0.03826178	0.3504604	0.48829395	2.0	2
DLBCL11474	0.48985863	0.017293885	0.020464335	0.16737983	0.30500332	0.48985863	0.0	0
DLBCL_C_D_1159_NULLPAIR	0.49240157	0.040534742	0.028785609	0.4200695	0.01820858	0.49240157	3.0	0
DLBCL10985	0.07466737	0.05088672	0.05405926	0.49378368	0.32660297	0.49378368	1.0	3
DLBCL_RICOVER_787	0.2184189	0.17463563	0.0906439	0.49437028	0.021931304	0.49437028	1.0	3
DLBCL10461	0.017400905	0.4225376	0.04380877	0.020530425	0.49572232	0.49572232	1.0	4
DLBCL_RICOVER_1165	0.018014092	0.4980918	0.2232406	0.08187917	0.17877434	0.4980918	1.0	1
DLBCL10981	0.09627417	0.5008332	0.048386015	0.31572235	0.038784273	0.5008332	1.0	1
DLBCL11441	0.05379169	0.015150038	0.08962652	0.3394074	0.5020243	0.5020243	2.0	4
DLBCL10513	0.5020508	0.10803685	0.03984473	0.33507705	0.014990521	0.5020508	3.0	0
DLBCL11590	0.25142497	0.016441543	0.14626935	0.50304615	0.08281796	0.50304615	2.0	3
DLBCL11436	0.05357744	0.5055346	0.07824707	0.2032121	0.15942879	0.5055346	1.0	1
DLBCL10857	0.5058446	0.017311186	0.023346469	0.2788115	0.17468625	0.5058446	4.0	0
DLBCL10906	0.06217493	0.5059806	0.019435758	0.028114464	0.3842942	0.5059806	1.0	1
DLBCL10482	0.5069655	0.018351298	0.027517973	0.048637997	0.3985272	0.5069655	0.0	0
DLBCL11431	0.14219904	0.14241612	0.12513697	0.08298203	0.5072658	0.5072658	4.0	4
DLBCL11433	0.030402534	0.024221355	0.14928827	0.28877807	0.5073098	0.5073098	3.0	4
DLBCL11507	0.13066293	0.5076551	0.28335655	0.058096692	0.020228744	0.5076551	1.0	1
DLBCL11467	0.08629015	0.055593852	0.099007025	0.51001537	0.2490936	0.51001537	3.0	3
DLBCL11495	0.23259637	0.012112205	0.05539209	0.18550427	0.51439506	0.51439506	4.0	4
DLBCL_C_D_PAIR13	0.1372431	0.13515747	0.12749636	0.08538619	0.51471686	0.51471686	4.0	4
DLBCL_RICOVER_522	0.32414263	0.049082577	0.09967385	0.5155359	0.01156504	0.5155359	2.0	3
DLBCL10852	0.033051632	0.06291291	0.047232363	0.34040746	0.5163956	0.5163956	4.0	4
DLBCL11504	0.5168462	0.030147472	0.038521264	0.22824386	0.18624122	0.5168462	4.0	0
DLBCL11466	0.07362892	0.517781	0.07021819	0.25699022	0.08138167	0.517781	1.0	1
DLBCL10539	0.02682423	0.19646306	0.089300945	0.16945131	0.5179605	0.5179605	3.0	4
DFCIDL009_DT	0.022942748	0.5183936	0.3978551	0.03448682	0.026321748	0.5183936	2.0	1
DLBCL_BWH_DLBCL64	0.5217391	0.15883678	0.05931611	0.24577515	0.014332849	0.5217391	1.0	0
DLBCL10999	0.025785524	0.0211916	0.08815698	0.34067684	0.52418905	0.52418905	4.0	4
DLBCL10927	0.3273603	0.023683455	0.10799165	0.52507156	0.015893066	0.52507156	3.0	3
DLBCL11470	0.36155778	0.014914559	0.07574971	0.5256709	0.022107063	0.5256709	0.0	3
DLBCL11541	0.025832718	0.5289589	0.28442934	0.04517048	0.11560852	0.5289589	2.0	1
DLBC_FF_A7CW_TP_NB	0.028222816	0.080640696	0.17975903	0.18074527	0.5306322	0.5306322	4.0	4
DLBCL_RICOVER_1204	0.021669703	0.0432319	0.094898686	0.3064282	0.5337715	0.5337715	3.0	4
DLBCL11468	0.05354728	0.03910804	0.32636034	0.53769696	0.043287374	0.53769696	2.0	3
DLBCL_LS2208	0.02940797	0.09293654	0.53911	0.07862506	0.25992045	0.53911	4.0	2
DLBCL11202	0.5400109	0.050974615	0.28343594	0.11298648	0.01259201	0.5400109	0.0	0
DLBCL10957	0.12663606	0.021102889	0.28205827	0.5458891	0.024313724	0.5458891	0.0	3
DLBCL10878	0.21019232	0.022916617	0.034322117	0.18323544	0.5493335	0.5493335	4.0	4
DLBCL10980	0.015716236	0.26998878	0.1345585	0.02984876	0.5498877	0.5498877	4.0	4
DLBCL11574	0.06899458	0.19885695	0.5511019	0.098533854	0.08251271	0.5511019	2.0	2
DLBCL_C_D_1148_NULLPAIR	0.07659648	0.016027117	0.3224589	0.5516582	0.03325928	0.5516582	0.0	3
DLBCL11683	0.061613932	0.12184553	0.5562081	0.23564799	0.024684485	0.5562081	2.0	2
DLBCL_RICOVER_299	0.023654968	0.36783075	0.56341416	0.020956652	0.024143457	0.56341416	1.0	2
DLBCL11449	0.039478164	0.33126202	0.024601098	0.039931167	0.56472754	0.56472754	1.0	4
DLBCL11439	0.56528294	0.014038978	0.21747494	0.16509028	0.03811284	0.56528294	2.0	0
DLBCL10874	0.106562816	0.054991238	0.059283298	0.56586206	0.21330059	0.56586206	1.0	3
DLBCL11491	0.17535995	0.012799161	0.045090698	0.5671062	0.19964403	0.5671062	3.0	3
DLBCL10931	0.5699293	0.011400018	0.06813795	0.06371947	0.28681323	0.5699293	0.0	0
DLBCL11191	0.5703103	0.035057697	0.097924605	0.2697764	0.026930988	0.5703103	0.0	0
DFCIDL004_DT	0.15341365	0.01277581	0.036684368	0.22626407	0.5708621	0.5708621	4.0	4
DLBCL11471	0.5722365	0.037084226	0.025103576	0.25197983	0.11359587	0.5722365	3.0	0
DLBCL_RICOVER_1060	0.0333025	0.57407004	0.035696045	0.02281294	0.33411846	0.57407004	1.0	1
DLBCL_RICOVER_1106	0.026658742	0.16724756	0.05383766	0.1741059	0.57815015	0.57815015	4.0	4
DLBCL_LS2590	0.033214357	0.018070517	0.057255976	0.31250173	0.57895744	0.57895744	3.0	4
DLBCL_RICOVER_1190	0.21163279	0.053141896	0.11642873	0.03713208	0.5816645	0.5816645	4.0	4
DLBCL10491	0.08702171	0.18766178	0.12309892	0.5875004	0.014717185	0.5875004	3.0	3
DLBCL_LS4619	0.037460964	0.31057346	0.592728	0.039651647	0.019585889	0.592728	4.0	2
DLBCL10921	0.07186197	0.26062155	0.019989952	0.046584353	0.6009422	0.6009422	4.0	4
DLBCL11536	0.08669165	0.22908925	0.031986	0.6014324	0.050800722	0.6014324	3.0	3
DLBCL_C_D_1106_NULLPAIR	0.30966973	0.6020666	0.018951053	0.043258764	0.026053894	0.6020666	1.0	1
DLBCL10919	0.6036128	0.019539218	0.043389875	0.30987626	0.023581842	0.6036128	3.0	0
DLBCL_MC_F496DMP	0.6058371	0.22518446	0.074825056	0.072004765	0.022148618	0.6058371	1.0	0
DLBCL_RICOVER_712	0.114375666	0.6060448	0.03510308	0.10341189	0.14106454	0.6060448	4.0	1
DLBCL10858	0.034560964	0.016845899	0.037842512	0.3045908	0.60615987	0.60615987	3.0	4
DLBCL10553	0.052610528	0.019874513	0.60810906	0.21600258	0.10340334	0.60810906	3.0	2
DLBCL10781	0.063825145	0.04079341	0.044656575	0.60902584	0.24169905	0.60902584	4.0	3
DLBCL11671	0.26944476	0.023295373	0.059802532	0.6095591	0.037898205	0.6095591	0.0	3
DLBCL_MC_F262_WLC	0.6108942	0.016939085	0.024027785	0.17836852	0.16977037	0.6108942	0.0	0
DLBCL11510	0.61402476	0.028107874	0.038796052	0.06228052	0.2567908	0.61402476	4.0	0
DLBCL10965	0.29278424	0.027787467	0.023085007	0.6143156	0.042027645	0.6143156	3.0	3
DLBCL10963	0.03926174	0.18100168	0.05588081	0.10763408	0.61622167	0.61622167	4.0	4
DLBCL_MAYO_DLBCL_234	0.14010113	0.017819762	0.19790359	0.619136	0.025039513	0.619136	2.0	3
DLBCL10909	0.053189736	0.027026955	0.21713564	0.6215097	0.081138	0.6215097	4.0	3
DLBCL_LS4592	0.017061226	0.0206233	0.24852046	0.091240354	0.62255466	0.62255466	2.0	4
DLBCL11486	0.6239073	0.011933979	0.04225517	0.046798404	0.27510512	0.6239073	0.0	0
DLBCL_RICOVER_314	0.020309139	0.16394444	0.11911101	0.07209378	0.62454164	0.62454164	4.0	4
DLBCL11651	0.030794902	0.051537402	0.62612766	0.025933389	0.26560667	0.62612766	2.0	2
DLBCL_RICOVER_258	0.6274582	0.032757174	0.18266656	0.04443059	0.11268746	0.6274582	2.0	0
DLBCL10877	0.039558925	0.63184315	0.13588823	0.06369312	0.1290166	0.63184315	0.0	1
DLBCL11002	0.16266996	0.116384685	0.6345237	0.04823771	0.03818398	0.6345237	3.0	2
DLBCL_RICOVER_151	0.03763046	0.02836433	0.086341985	0.6351017	0.21256153	0.6351017	3.0	3
DLBCL_C_D_1117_NULLPAIR	0.63708395	0.17721398	0.015316646	0.14613171	0.024253694	0.63708395	1.0	0
DLBCL11581	0.08315016	0.015638566	0.1334514	0.12567084	0.642089	0.642089	4.0	4
DLBCL11496	0.19428936	0.025153762	0.037246935	0.100513466	0.64279646	0.64279646	0.0	4
DLBCL10865	0.6429193	0.2583784	0.03071107	0.042134434	0.025856802	0.6429193	4.0	0
DLBCL_C_D_1153_NULLPAIR	0.07467916	0.064459346	0.029173236	0.64331007	0.1883782	0.64331007	3.0	3
DLBCL10868	0.04597291	0.026194515	0.02955145	0.64397025	0.25431085	0.64397025	3.0	3
DLBCL11437	0.25564393	0.016440269	0.040843073	0.6445248	0.042547915	0.6445248	3.0	3
DLBCL10458	0.6463094	0.033513695	0.25479367	0.05188075	0.013502506	0.6463094	0.0	0
DLBCL10969	0.1482165	0.6469036	0.11984469	0.01861837	0.06641688	0.6469036	0.0	1
DLBCL11542	0.055138487	0.11051383	0.64706653	0.17588857	0.011392611	0.64706653	2.0	2
DLBCL10532	0.023934629	0.017145894	0.23949336	0.07030608	0.64912003	0.64912003	4.0	4
DLBCL10456	0.058759943	0.027975919	0.13040859	0.13343215	0.6494234	0.6494234	3.0	4
DLBCL11519	0.24851215	0.042470817	0.043844495	0.64994574	0.015226793	0.64994574	0.0	3
DLBCL_RICOVER_701	0.14941351	0.031412255	0.035539944	0.65327656	0.13035771	0.65327656	3.0	3
DLBCL_C_D_1126_NULLPAIR	0.65475327	0.19751003	0.017503493	0.037853315	0.09237987	0.65475327	1.0	0
DLBCL10552	0.6557147	0.021111742	0.040996403	0.26713833	0.0150388265	0.6557147	3.0	0
DLBCL10450	0.08429473	0.08257421	0.039422344	0.13650967	0.657199	0.657199	0.0	4
DLBCL_RICOVER_1081	0.09681705	0.013202818	0.0801599	0.65920156	0.15061864	0.65920156	4.0	3
DLBCL_LS2367	0.6616433	0.08483152	0.028355133	0.18340899	0.041761026	0.6616433	0.0	0
DLBCL10457	0.035818633	0.16579467	0.0709669	0.06508781	0.662332	0.662332	4.0	4
DLBCL10462	0.12190887	0.016069997	0.1648119	0.66235334	0.034855913	0.66235334	0.0	3
DLBCL_MAYO_DLBCL_5613	0.66278756	0.15254182	0.07892757	0.068499275	0.03724375	0.66278756	0.0	0
DFCIDL008_DT	0.029961834	0.042753108	0.22579421	0.038158387	0.66333246	0.66333246	4.0	4
DLBCL11652	0.6635038	0.20955358	0.036461335	0.043747764	0.046733513	0.6635038	0.0	0
DLBCL10908	0.056393642	0.044559605	0.6652552	0.04827481	0.18551676	0.6652552	4.0	2
DLBCL10959	0.6666633	0.104467764	0.0881748	0.08218073	0.058513403	0.6666633	0.0	0
DLBCL10879	0.031645924	0.024732511	0.23172508	0.043644138	0.66825235	0.66825235	2.0	4
DLBCL_LS3204	0.08586408	0.6690487	0.1326922	0.089961536	0.022433456	0.6690487	1.0	1
DLBCL11204	0.21338297	0.6692646	0.013485572	0.049624942	0.054241873	0.6692646	1.0	1
DLBCL_RICOVER_956	0.017274156	0.6705802	0.030120969	0.02205623	0.2599684	0.6705802	4.0	1
DLBCL_LS155	0.05466738	0.015258215	0.67092866	0.23208208	0.027063688	0.67092866	2.0	2
DLBCL10961	0.014232236	0.23330995	0.053106807	0.025682524	0.6736685	0.6736685	4.0	4
DLBCL_LS2599	0.08612802	0.07721433	0.6749522	0.1503647	0.011340768	0.6749522	2.0	2
DLBCL11003	0.045576017	0.2159085	0.021401359	0.038524184	0.67858994	0.67858994	1.0	4
DLBCL_C_D_1140_NULLPAIR	0.072597876	0.04126125	0.0972367	0.11017699	0.6787272	0.6787272	4.0	4
DLBCL10869	0.6800892	0.11488116	0.068527915	0.05931199	0.07718974	0.6800892	0.0	0
DLBCL_RICOVER_111	0.09632601	0.019603971	0.11734143	0.08505567	0.68167293	0.68167293	4.0	4
DLBCL10902	0.011007612	0.18108125	0.09566313	0.029027952	0.68322	0.68322	4.0	4
DLBCL_MC_F218_RAP	0.6832485	0.0707024	0.06300116	0.1529064	0.030141534	0.6832485	3.0	0
DLBCL10846	0.14566539	0.6843354	0.025049658	0.080061406	0.06488813	0.6843354	1.0	1
DLBCL11539	0.68992597	0.011691117	0.19517016	0.089960575	0.0132521605	0.68992597	0.0	0
DLBCL10490	0.6901074	0.042276774	0.027835514	0.087282285	0.152498	0.6901074	0.0	0
DLBCL_C_D_1156_NULLPAIR	0.17351976	0.054121844	0.044531543	0.69218296	0.035643913	0.69218296	0.0	3
DLBCL11515	0.080115706	0.08591393	0.69803816	0.034220375	0.101711854	0.69803816	2.0	2
DLBCL_LS3499	0.12884313	0.09380851	0.04954776	0.7026968	0.02510378	0.7026968	3.0	3
DLBCL11208	0.06318712	0.7054655	0.11445158	0.06817425	0.048721544	0.7054655	1.0	1
DLBCL_RICOVER_134	0.030273208	0.70581543	0.01876082	0.034078456	0.2110721	0.70581543	4.0	1
DLBCL11535	0.123170875	0.04411269	0.021460788	0.10366517	0.70759046	0.70759046	3.0	4
DLBCL10897	0.70965713	0.047031507	0.012483587	0.089846514	0.14098124	0.70965713	0.0	0
DLBCL11661	0.07560035	0.71077365	0.05820193	0.13796932	0.017454749	0.71077365	1.0	1
DLBCL11663	0.7126123	0.046288304	0.0885807	0.11785099	0.034667715	0.7126123	0.0	0
DLBCL10978	0.1339508	0.031233493	0.031392265	0.71418846	0.08923499	0.71418846	3.0	3
DLBCL10566	0.15743199	0.053692516	0.029568207	0.03853693	0.72077036	0.72077036	4.0	4
DLBCL11525	0.15343942	0.017325955	0.7218852	0.08055304	0.026796391	0.7218852	2.0	2
DLBCL11346	0.019285442	0.7226687	0.035186753	0.017487327	0.2053718	0.7226687	1.0	1
DLBCL11206	0.015878009	0.7228842	0.07844572	0.012191621	0.17060049	0.7228842	4.0	1
DLBCL10995	0.02731462	0.08745067	0.7229292	0.11834805	0.04395748	0.7229292	2.0	2
DLBCL_LS2325	0.041813616	0.1819857	0.7250696	0.033697058	0.017434027	0.7250696	2.0	2
DLBCL10971	0.07227221	0.14756459	0.02440728	0.028851632	0.7269043	0.7269043	0.0	4
DLBCL10550	0.04403387	0.02397796	0.15783195	0.04556895	0.72858727	0.72858727	4.0	4
DLBCL11480	0.7303423	0.0880718	0.031046351	0.11626391	0.034275617	0.7303423	0.0	0
DLBCL11501	0.022794014	0.7305768	0.033198297	0.06711295	0.14631794	0.7305768	0.0	1
DLBCL10970	0.051624507	0.07166813	0.09550328	0.73413444	0.04706962	0.73413444	3.0	3
DLBCL_LS1668	0.04205351	0.16081868	0.736029	0.037565634	0.023533128	0.736029	1.0	2
DLBCL11516	0.034730893	0.73754835	0.017037068	0.03291411	0.17776957	0.73754835	1.0	1
DLBCL_RICOVER_978	0.7385378	0.019182952	0.019463073	0.20553045	0.01728574	0.7385378	2.0	0
DLBCL_LS1921	0.03676757	0.7395394	0.04118789	0.16364734	0.0188578	0.7395394	1.0	1
DLBCL11679	0.10979784	0.7410044	0.055543758	0.06903577	0.024618203	0.7410044	1.0	1
DLBCL10866	0.033963956	0.013986055	0.03976076	0.17101109	0.7412782	0.7412782	4.0	4
DLBCL_RICOVER_1032	0.020128258	0.14175539	0.025679572	0.06817956	0.7442572	0.7442572	4.0	4
DLBCL11678	0.12218634	0.015756216	0.09415163	0.7443148	0.023590993	0.7443148	3.0	3
DLBCL_RICOVER_216	0.06640305	0.045075163	0.74478185	0.06914019	0.07459976	0.74478185	2.0	2
DLBCL10502	0.029849786	0.7453895	0.15715888	0.04609206	0.021509733	0.7453895	1.0	1
DLBCL10512	0.028094005	0.071570516	0.74576646	0.017975723	0.13659331	0.74576646	2.0	2
DLBC_FF_A7CX_TP_NB	0.74582756	0.12295447	0.027751422	0.047203127	0.056263447	0.74582756	4.0	0
DLBCL11564	0.037818335	0.022123221	0.048972152	0.7464333	0.14465298	0.7464333	3.0	3
DLBCL10549	0.07345668	0.747573	0.1376681	0.023635987	0.017666228	0.747573	1.0	1
DLBCL_LS1683	0.016097194	0.75100243	0.046352174	0.011919481	0.17462869	0.75100243	1.0	1
DLBCL10898	0.017210672	0.7525409	0.02279866	0.017586838	0.18986294	0.7525409	4.0	1
DLBCL_RICOVER_1018	0.036693648	0.75448906	0.027309433	0.15949468	0.022013167	0.75448906	3.0	1
DLBCL10837	0.043880027	0.036738586	0.032035727	0.13175546	0.7555902	0.7555902	4.0	4
DLBCL11478	0.7565152	0.02619128	0.16415913	0.029341005	0.023793414	0.7565152	0.0	0
DLBCL11488	0.75682294	0.010127838	0.01512734	0.102153674	0.115768224	0.75682294	0.0	0
DLBCL_RICOVER_1287	0.024227083	0.13713425	0.033143092	0.047656603	0.75783896	0.75783896	4.0	4
DLBCL10915	0.0703795	0.02606034	0.053825207	0.76154554	0.088189386	0.76154554	4.0	3
DLBCL_RICOVER_1278	0.06484007	0.015830753	0.029821482	0.76235515	0.12715256	0.76235515	4.0	3
DLBC_FF_A7CR_TP_NB	0.15036315	0.013621619	0.040913135	0.032167714	0.7629344	0.7629344	4.0	4
DLBCL10888	0.033849556	0.011016978	0.040245783	0.1501745	0.76471317	0.76471317	4.0	4
DLBCL10509	0.7669233	0.08398658	0.015157382	0.10205229	0.031880416	0.7669233	0.0	0
DLBCL_LS4616	0.014891497	0.1264723	0.7673939	0.07375299	0.017489308	0.7673939	2.0	2
DLBCL_RICOVER_473	0.7682895	0.07241926	0.038512275	0.084062524	0.0367164	0.7682895	0.0	0
DLBCL_RICOVER_1150	0.7683466	0.032310694	0.015834449	0.07520897	0.108299255	0.7683466	0.0	0
DLBCL10863	0.044026144	0.0148033975	0.026978938	0.14237085	0.77182066	0.77182066	3.0	4
DLBCL10835	0.020926392	0.09698893	0.020126825	0.08989459	0.77206326	0.77206326	4.0	4
DLBCL10472	0.08350829	0.020931238	0.77308786	0.112742655	0.009729946	0.77308786	2.0	2
DLBCL_MC_F362_MJB1	0.019321784	0.773093	0.10949174	0.01736072	0.08073274	0.773093	2.0	1
DLBCL11455	0.026097117	0.022029413	0.10293054	0.07507851	0.77386445	0.77386445	2.0	4
DLBCL_RICOVER_866	0.060629435	0.018362576	0.12971023	0.77397996	0.017317828	0.77397996	2.0	3
DLBCL11447	0.06758026	0.01821799	0.02844908	0.7769354	0.10881727	0.7769354	3.0	3
DLBCL_RICOVER_850	0.020773605	0.1255281	0.026060008	0.049230836	0.77840745	0.77840745	4.0	4
DLBCL10521	0.028330754	0.7799468	0.017436864	0.012622199	0.1616634	0.7799468	4.0	1
DLBCL_RICOVER_711	0.10771366	0.78723025	0.0152878435	0.06463987	0.025128383	0.78723025	3.0	1
DLBCL_LS1304	0.026111234	0.030371381	0.79032975	0.031303257	0.1218844	0.79032975	2.0	2
DLBCL11194	0.079467945	0.016343398	0.052469566	0.7904509	0.061268196	0.7904509	4.0	3
DLBCL10527	0.032398947	0.044539277	0.09062149	0.79200643	0.040433872	0.79200643	3.0	3
DLBCL_RICOVER_1210	0.019924572	0.7927679	0.15271601	0.01354807	0.021043487	0.7927679	1.0	1
DLBCL_RICOVER_417	0.01936199	0.04171284	0.08628066	0.056916513	0.795728	0.795728	4.0	4
DLBCL10529	0.01444228	0.1099754	0.04750452	0.03112851	0.79694927	0.79694927	4.0	4
DLBCL10453	0.018237254	0.12919398	0.030372938	0.024661398	0.79753447	0.79753447	1.0	4
DLBCL10492	0.8014782	0.016272618	0.015006631	0.03526601	0.13197652	0.8014782	0.0	0
DLBCL11473	0.8022689	0.03283218	0.028292285	0.103564896	0.033041697	0.8022689	0.0	0
DLBCL_RICOVER_583	0.023883564	0.8026156	0.07599788	0.017746117	0.07975687	0.8026156	1.0	1
DLBCL_RICOVER_320	0.03228414	0.07297235	0.80290306	0.048721105	0.04311935	0.80290306	2.0	2
DLBCL_LS3200	0.014241129	0.14216557	0.023132177	0.017400948	0.8030602	0.8030602	4.0	4
DLBCL10907	0.0817428	0.079106085	0.01711009	0.018850982	0.80319005	0.80319005	1.0	4
DLBCL_DFCI_DLBCL_GOE05	0.01372949	0.8033437	0.10713275	0.016692316	0.059101716	0.8033437	1.0	1
DLBCL_RICOVER_451	0.8078038	0.064553976	0.037026793	0.060263317	0.030352086	0.8078038	0.0	0
DLBCL10916	0.017534884	0.13322128	0.024541793	0.016124902	0.8085771	0.8085771	4.0	4
DLBCL11595	0.06721149	0.04338359	0.017991597	0.062436543	0.80897677	0.80897677	4.0	4
DLBCL_RICOVER_440	0.017571408	0.8093655	0.14251545	0.012190359	0.018357283	0.8093655	2.0	1
DLBCL10782	0.08621809	0.046664227	0.03843954	0.8114934	0.017184734	0.8114934	3.0	3
DLBCL10873	0.088557586	0.81278235	0.024328059	0.032391183	0.041940846	0.81278235	1.0	1
DLBCL10548	0.813105	0.041185033	0.010794973	0.11509817	0.019816821	0.813105	0.0	0
DLBCL10488	0.8146251	0.059011545	0.031787742	0.0857453	0.008830324	0.8146251	0.0	0
DLBCL_RICOVER_617	0.09241774	0.019005498	0.057654906	0.81487614	0.016045732	0.81487614	3.0	3
DLBCL_RICOVER_1219	0.01837678	0.02690754	0.026959581	0.11032918	0.8174269	0.8174269	4.0	4
DLBCL10460	0.035036854	0.820134	0.11268176	0.01952342	0.012623978	0.820134	1.0	1
DLBCL10535	0.064131975	0.024946952	0.0690025	0.02171002	0.82020855	0.82020855	4.0	4
DLBCL11004	0.018926693	0.022458855	0.018941488	0.11810615	0.8215668	0.8215668	4.0	4
DLBCL10501	0.01034326	0.10354071	0.8248635	0.0351068	0.026145743	0.8248635	2.0	2
DLBCL_RICOVER_1045	0.08836206	0.024768138	0.022881268	0.8252669	0.038721655	0.8252669	3.0	3
DLBCL_RICOVER_1061	0.06323106	0.012265335	0.081420064	0.8257012	0.017382346	0.8257012	3.0	3
DLBCL_RICOVER_469	0.10054208	0.01806959	0.8258752	0.030613637	0.02489949	0.8258752	2.0	2
DLBCL11457	0.82602954	0.0073720766	0.019822057	0.0601606	0.08661574	0.82602954	0.0	0
DLBCL10780	0.028362762	0.08790779	0.82703286	0.046906512	0.009790076	0.82703286	1.0	2
DLBCL11656	0.015445045	0.0110683	0.8286548	0.034435723	0.110396124	0.8286548	2.0	2
DLBCL_RICOVER_496	0.035816345	0.8307528	0.089523576	0.029530138	0.014377151	0.8307528	1.0	1
DLBCL_MC_F500_ECU	0.020015202	0.8337274	0.036275696	0.028589446	0.081392236	0.8337274	1.0	1
DLBCL_RICOVER_829	0.83408916	0.06254244	0.016855096	0.030723669	0.055789642	0.83408916	0.0	0
DLBCL_RICOVER_274	0.051863093	0.050891064	0.02244359	0.8344849	0.040317394	0.8344849	3.0	3
DLBCL10932	0.08986499	0.015608663	0.02138022	0.835477	0.037669115	0.835477	3.0	3
DLBCL_RICOVER_773	0.015717408	0.09605037	0.023431012	0.029076269	0.83572495	0.83572495	4.0	4
DLBCL11430	0.83683866	0.0127000585	0.017370332	0.117095	0.01599596	0.83683866	0.0	0
DLBCL_RICOVER_950	0.039598163	0.023645073	0.080653355	0.8387702	0.017333219	0.8387702	3.0	3
DLBCL_RICOVER_173	0.026495546	0.016143208	0.024059666	0.09292246	0.8403791	0.8403791	4.0	4
DLBC_FF_8043_TP_NB	0.072155215	0.8428935	0.049272597	0.017655646	0.018023083	0.8428935	1.0	1
DLBCL_C_D_1131_NULLPAIR	0.008895805	0.84339607	0.08333261	0.013428197	0.050947342	0.84339607	1.0	1
DLBCL11434	0.8457205	0.029208777	0.015444143	0.07574652	0.033880003	0.8457205	0.0	0
DLBCL10517	0.01224279	0.09029176	0.8487136	0.032117307	0.016634537	0.8487136	1.0	2
DLBCL10885	0.011668418	0.07881191	0.017879048	0.042435236	0.8492054	0.8492054	1.0	4
DLBCL10934	0.014082686	0.09021831	0.012031909	0.033198684	0.8504684	0.8504684	1.0	4
DLBCL10848	0.07353994	0.009822066	0.03796869	0.028102906	0.8505664	0.8505664	4.0	4
DLBCL_MC_F307_JPS	0.85291564	0.020368723	0.015177194	0.091571026	0.019967439	0.85291564	0.0	0
DLBCL_RICOVER_826	0.85448676	0.013456914	0.012307172	0.09987719	0.019871961	0.85448676	0.0	0
DLBCL10838	0.014532177	0.09065491	0.013957072	0.026287286	0.85456854	0.85456854	4.0	4
DLBCL_C_D_1115_NULLPAIR	0.059020754	0.025663625	0.031905953	0.8555784	0.02783124	0.8555784	3.0	3
DLBCL10547	0.03472294	0.023077399	0.037323494	0.8565008	0.048375376	0.8565008	3.0	3
DLBCL10984	0.018159678	0.8572056	0.014827745	0.0122917	0.09751523	0.8572056	4.0	1
DLBCL11655	0.06114444	0.012083557	0.024374552	0.8572856	0.04511185	0.8572856	3.0	3
DLBCL_RICOVER_335	0.02941543	0.85744584	0.016244773	0.07988547	0.017008506	0.85744584	1.0	1
DLBCL10870	0.013034884	0.019693343	0.08743275	0.02164097	0.85819805	0.85819805	4.0	4
DLBCL11469	0.024431491	0.01972223	0.8601311	0.03240908	0.063306145	0.8601311	2.0	2
DLBCL11676	0.8610284	0.010601286	0.034966987	0.085236266	0.008167063	0.8610284	0.0	0
DLBCL10487	0.06211562	0.861189	0.012483254	0.046181742	0.018030375	0.861189	1.0	1
DLBCL_RICOVER_780	0.0133487005	0.090501204	0.8633565	0.018875657	0.013917969	0.8633565	1.0	2
DLBCL10466	0.012913615	0.86350787	0.07148433	0.027971994	0.024122193	0.86350787	2.0	1
DLBCL_RICOVER_985	0.043181587	0.02769068	0.049497917	0.86376363	0.015866205	0.86376363	3.0	3
DLBCL10867	0.014695113	0.06444883	0.018152462	0.038357694	0.8643459	0.8643459	4.0	4
DLBCL_RICOVER_120	0.86657554	0.016960086	0.07677993	0.02975754	0.009926907	0.86657554	4.0	0
DLBCL10483	0.009439078	0.86737996	0.092414625	0.009727453	0.021038879	0.86737996	1.0	1
DLBCL10928	0.86891836	0.029023383	0.04140896	0.04218341	0.018465906	0.86891836	0.0	0
DLBCL11432	0.86930645	0.007121255	0.015970353	0.077109985	0.030491976	0.86930645	0.0	0
DLBCL10876	0.016632129	0.06287689	0.0233668	0.027176855	0.8699473	0.8699473	4.0	4
DLBCL10860	0.012478914	0.017437235	0.07407309	0.02499424	0.8710165	0.8710165	4.0	4
DLBCL11353	0.009131481	0.033564486	0.06335334	0.022850921	0.87109977	0.87109977	4.0	4
DLBCL_MC_F349_BJJ	0.018003302	0.01749788	0.8726357	0.03170177	0.060161307	0.8726357	2.0	2
DLBCL_MC_F606_DMJ	0.013430596	0.87340087	0.08162683	0.015207118	0.016334595	0.87340087	2.0	1
DLBCL_MC_F739_AMA3	0.009197457	0.8748248	0.086547524	0.014977486	0.0144527415	0.8748248	1.0	1
DLBCL_RICOVER_467	0.01137244	0.8755735	0.019190585	0.00983206	0.08403138	0.8755735	1.0	1
DLBCL11435	0.8759385	0.009582432	0.011169088	0.06663575	0.03667423	0.8759385	0.0	0
DLBCL_C_D_1138_NULLPAIR	0.017046679	0.035546806	0.8770202	0.021612488	0.048773825	0.8770202	1.0	2
DLBCL10983	0.051704988	0.8781798	0.01499108	0.023183744	0.031940427	0.8781798	1.0	1
DLBCL11464	0.06554452	0.016455738	0.023171848	0.8783213	0.016506577	0.8783213	3.0	3
DLBCL_MC_F729_MAN	0.019372884	0.879634	0.031030254	0.010878804	0.059084006	0.879634	1.0	1
DLBCL11591	0.010535938	0.06972539	0.88124996	0.015230146	0.023258567	0.88124996	1.0	2
DLBCL_RICOVER_338	0.88177663	0.007732652	0.028807206	0.06954235	0.012141173	0.88177663	0.0	0
DLBCL_RICOVER_575	0.047782972	0.017910367	0.03822693	0.8834736	0.012606159	0.8834736	3.0	3
DLBCL11569	0.012341373	0.06980335	0.88414556	0.019781891	0.0139278555	0.88414556	2.0	2
DLBCL10523	0.018467281	0.012393313	0.8853482	0.07191606	0.011875137	0.8853482	2.0	2
DLBCL11477	0.88663733	0.007981985	0.021819927	0.049652744	0.033908024	0.88663733	0.0	0
DLBCL11196	0.04891107	0.011404965	0.022590794	0.88811916	0.028974	0.88811916	3.0	3
DLBCL11681	0.04879826	0.010224499	0.8886361	0.025554147	0.026786983	0.8886361	0.0	2
DLBCL10935	0.889096	0.045978706	0.0077301697	0.036929425	0.020265678	0.889096	0.0	0
DLBCL_LS378	0.8891159	0.0131450305	0.059405085	0.028547697	0.0097862845	0.8891159	0.0	0
DLBCL_RICOVER_1046	0.0077231443	0.046290174	0.8898307	0.022580575	0.03357538	0.8898307	1.0	2
DLBCL11456	0.029646803	0.8900066	0.026170293	0.043216825	0.010959504	0.8900066	1.0	1
DLBCL_C_D_1151_NULLPAIR	0.045140076	0.015192014	0.031218993	0.89045954	0.01798935	0.89045954	3.0	3
DLBCL_C_D_1109_NULLPAIR	0.050882183	0.012143255	0.025070548	0.89194727	0.019956755	0.89194727	3.0	3
DLBCL10903	0.011261635	0.8927877	0.06736839	0.014198026	0.01438425	0.8927877	1.0	1
DLBCL10939	0.043866355	0.012869266	0.022267742	0.89442855	0.02656806	0.89442855	3.0	3
DLBCL_MC_F139_LJF	0.0334905	0.013531307	0.024555394	0.8951732	0.033249613	0.8951732	3.0	3
DLBCL11520	0.8953556	0.0068497625	0.011398456	0.037521698	0.04887451	0.8953556	0.0	0
DLBCL11673	0.015997335	0.8962648	0.05384875	0.012691646	0.021197475	0.8962648	1.0	1
DLBCL11454	0.89638543	0.022448227	0.008741183	0.06277662	0.009648524	0.89638543	0.0	0
DLBCL_LS1098	0.03388688	0.012425805	0.89706784	0.047848538	0.00877095	0.89706784	2.0	2
DLBCL_C_D_1133_NULLPAIR	0.019659866	0.05011501	0.8975601	0.021746166	0.010918834	0.8975601	2.0	2
DFCIDL010_DT	0.89802706	0.011804701	0.009798826	0.071710505	0.008658886	0.89802706	0.0	0
DLBCL_RICOVER_361	0.033171028	0.017300466	0.029540546	0.89812857	0.02185939	0.89812857	3.0	3
DLBCL_RICOVER_401	0.01845005	0.058874533	0.89817625	0.015147412	0.0093517415	0.89817625	1.0	2
DLBCL_LS2357	0.03200402	0.014030822	0.030644516	0.89879245	0.024528181	0.89879245	3.0	3
DLBCL_RICOVER_533	0.04325809	0.89954937	0.032100897	0.015875855	0.009215763	0.89954937	1.0	1
DLBCL11685	0.011285826	0.009025101	0.8997032	0.023959115	0.056026753	0.8997032	2.0	2
DLBCL10887	0.009160979	0.0149760265	0.05740091	0.01729729	0.90116477	0.90116477	4.0	4
DLBCL10469	0.033938695	0.013670316	0.025500646	0.9017674	0.025122998	0.9017674	3.0	3
DLBCL11533	0.03170066	0.9017982	0.03167755	0.025402963	0.009420619	0.9017982	1.0	1
DLBCL10914	0.036370173	0.9018121	0.024145685	0.017856332	0.01981576	0.9018121	0.0	1
DLBCL10917	0.03728196	0.90282124	0.009130789	0.022448586	0.028317435	0.90282124	1.0	1
DLBCL_RICOVER_506	0.009892514	0.9036567	0.024452904	0.011846088	0.050151777	0.9036567	4.0	1
DLBCL10497	0.033936907	0.013263048	0.021068482	0.9037279	0.02800366	0.9037279	3.0	3
DLBCL10947	0.04770715	0.9052476	0.014419492	0.008541067	0.024084682	0.9052476	1.0	1
DLBCL11459	0.03479155	0.012532599	0.027856527	0.90592545	0.01889385	0.90592545	3.0	3
DLBCL11658	0.035869695	0.010598995	0.026005065	0.90829897	0.019227292	0.90829897	3.0	3
DLBCL10480	0.020882245	0.90884817	0.017446121	0.008422443	0.04440104	0.90884817	1.0	1
DLBCL10896	0.9092424	0.009797791	0.011095223	0.021737946	0.04812664	0.9092424	0.0	0
DLBCL10544	0.032461353	0.012237028	0.024194842	0.911152	0.019954748	0.911152	3.0	3
DLBCL11667	0.008224181	0.024398796	0.91133845	0.02887449	0.02716411	0.91133845	2.0	2
DLBC_FF_A7CQ_TP_NB	0.019669442	0.0125859715	0.009612548	0.04450962	0.91362244	0.91362244	4.0	4
DLBCL_MC_F815_BAT	0.019609613	0.02625817	0.91426456	0.033354282	0.006513404	0.91426456	2.0	2
DLBCL10850	0.04128158	0.91427237	0.023906339	0.009402685	0.0111370515	0.91427237	1.0	1
DLBCL_C_D_1119_NULLPAIR	0.04754547	0.91513413	0.014145416	0.012546558	0.010628434	0.91513413	1.0	1
DLBCL10847	0.026191046	0.03840495	0.009198827	0.0095697725	0.9166354	0.9166354	4.0	4
DLBCL11573	0.012900904	0.014593007	0.9170958	0.01790905	0.037501276	0.9170958	2.0	2
DLBCL_LS951	0.91755027	0.02815022	0.018355574	0.026442721	0.009501208	0.91755027	0.0	0
DLBCL10463	0.008601129	0.009342214	0.020037062	0.04446621	0.91755337	0.91755337	4.0	4
DLBCL_LS2245	0.025280444	0.024353318	0.9175537	0.025488915	0.007323619	0.9175537	1.0	2
DLBCL11513	0.022412391	0.012696847	0.011949297	0.035024315	0.91791713	0.91791713	4.0	4
DLBCL_LS3809	0.9195964	0.0143640805	0.0250112	0.018357933	0.022670407	0.9195964	0.0	0
DLBCL_C_D_1105_NULLPAIR	0.020898623	0.9197282	0.01760017	0.015036463	0.026736524	0.9197282	1.0	1
DLBCL10895	0.008181664	0.023560688	0.032858804	0.0151157705	0.9202831	0.9202831	4.0	4
DLBCL11659	0.92037463	0.0057072677	0.028965725	0.032303475	0.012648887	0.92037463	3.0	0
DLBCL_LS843	0.00913361	0.007322059	0.922511	0.030795515	0.03023782	0.922511	2.0	2
DLBCL11482	0.922669	0.008616227	0.02260931	0.020991743	0.02511372	0.922669	0.0	0
DLBCL11462	0.9228038	0.006471105	0.018350549	0.019930683	0.03244384	0.9228038	0.0	0
DLBCL_C_D_1129_NULLPAIR	0.9230373	0.006770331	0.016103705	0.022774283	0.03131441	0.9230373	0.0	0
DLBCL10565	0.026369182	0.0095039215	0.92313075	0.029799053	0.011197092	0.92313075	3.0	2
DLBCL11662	0.9233746	0.0058108238	0.011149267	0.03273243	0.026932862	0.9233746	0.0	0
DLBCL11484	0.011394208	0.9258571	0.023184564	0.01314657	0.026417522	0.9258571	1.0	1
DLBCL10987	0.026035145	0.016194511	0.014022626	0.016101487	0.9276462	0.9276462	4.0	4
DLBCL10854	0.014549645	0.02930975	0.011001383	0.017142184	0.92799705	0.92799705	4.0	4
DLBCL_C_D_1113_NULLPAIR	0.013160109	0.026701916	0.9284921	0.01928118	0.012364663	0.9284921	2.0	2
DLBCL10918	0.928939	0.0059389747	0.016133357	0.040831234	0.008157473	0.928939	0.0	0
DLBCL10862	0.009039021	0.030456305	0.020860635	0.008756138	0.9308879	0.9308879	4.0	4
DLBCL10554	0.033178493	0.009685382	0.9310206	0.018054254	0.0080612395	0.9310206	2.0	2
DLBCL10990	0.011235658	0.03844924	0.010476241	0.007827854	0.932011	0.932011	4.0	4
DLBCL_C_D_1152_NULLPAIR	0.007116563	0.93243057	0.033065815	0.015001731	0.0123852985	0.93243057	1.0	1
DLBCL_LS762	0.014581571	0.017852135	0.016360372	0.017851187	0.93335474	0.93335474	2.0	4
DLBCL_C_D_1144_NULLPAIR	0.0100579625	0.01306535	0.014496634	0.028711472	0.93366855	0.93366855	4.0	4
DLBCL10930	0.017786581	0.0085107265	0.02537277	0.014418621	0.9339113	0.9339113	4.0	4
DLBCL10871	0.012808614	0.9339931	0.015247725	0.012786397	0.025164165	0.9339931	1.0	1
DLBCL10894	0.022818225	0.9346574	0.014831732	0.019366566	0.008326104	0.9346574	1.0	1
DLBCL11566	0.014448776	0.023600034	0.9347754	0.020218048	0.0069577107	0.9347754	2.0	2
DLBCL_LS2328	0.010663075	0.9370219	0.037858	0.007079323	0.007377706	0.9370219	2.0	1
DLBC_FF_8046_TP_NB	0.020960398	0.00849217	0.9384735	0.01715031	0.0149236	0.9384735	2.0	2
DLBCL11500	0.016455863	0.011923646	0.02420793	0.008579913	0.93883264	0.93883264	4.0	4
DLBCL10922	0.024224732	0.9390481	0.01502779	0.012654457	0.009044895	0.9390481	1.0	1
DLBCL10880	0.023391454	0.008251762	0.019687988	0.009511822	0.93915695	0.93915695	4.0	4
DLBCL11523	0.012660227	0.007946805	0.013521508	0.026166491	0.93970495	0.93970495	0.0	4
DLBCL10881	0.025736112	0.009947196	0.010624846	0.013895618	0.9397962	0.9397962	4.0	4
DLBCL10452	0.010796772	0.94057107	0.024817502	0.008232028	0.01558263	0.94057107	1.0	1
DLBCL10451	0.9423108	0.00873887	0.019345934	0.023300193	0.0063041863	0.9423108	0.0	0
DLBCL10845	0.0066069337	0.9433714	0.010732072	0.013997117	0.025292443	0.9433714	1.0	1
DLBCL11538	0.008958133	0.0067413994	0.9434604	0.02660323	0.014236832	0.9434604	4.0	2
DLBCL10884	0.9440102	0.0059378324	0.007683131	0.034374643	0.007994215	0.9440102	0.0	0
DLBCL10964	0.012255703	0.012520246	0.007120357	0.023928145	0.94417554	0.94417554	4.0	4
DLBCL_LS4054	0.0172282	0.9447319	0.011879484	0.009343243	0.01681721	0.9447319	1.0	1
DLBCL10900	0.0134129515	0.007050672	0.009724837	0.024622496	0.94518906	0.94518906	4.0	4
DLBCL10893	0.005353614	0.00886962	0.016796507	0.023509502	0.94547075	0.94547075	4.0	4
DLBCL11526	0.013886053	0.017425196	0.94568056	0.014941771	0.0080664	0.94568056	2.0	2
DLBCL_MC_F502_RFK	0.005353929	0.9461578	0.029954044	0.0056707747	0.012863422	0.9461578	1.0	1
DLBCL11440	0.016253721	0.0070006964	0.018035734	0.011112905	0.94759697	0.94759697	4.0	4
DLBCL_MC_F064AB	0.011659215	0.008157179	0.9477077	0.027137296	0.005338612	0.9477077	2.0	2
DLBCL11458	0.010346363	0.011048495	0.94775593	0.012995965	0.017853215	0.94775593	2.0	2
DLBCL10555	0.014867183	0.008311939	0.94827974	0.014752783	0.013788334	0.94827974	2.0	2
DLBCL10495	0.94830215	0.015308164	0.004296367	0.019862048	0.012231242	0.94830215	0.0	0
DLBCL_RICOVER_1263	0.0062772315	0.014483277	0.9489213	0.016617268	0.013700925	0.9489213	2.0	2
DLBCL10950	0.95093864	0.0048483117	0.009294354	0.021216413	0.013702283	0.95093864	0.0	0
DLBCL10968	0.9512005	0.003751038	0.0071799215	0.029395176	0.008473392	0.9512005	0.0	0
DLBCL_RICOVER_577	0.009759464	0.009344102	0.9514917	0.0128585175	0.016546205	0.9514917	2.0	2
DLBCL10859	0.014914228	0.95153064	0.008460799	0.00670342	0.01839091	0.95153064	1.0	1
DLBCL_RICOVER_1289	0.009839339	0.0065903435	0.011575548	0.020440377	0.9515544	0.9515544	4.0	4
DLBCL11472	0.9519764	0.0037666454	0.011249543	0.021829208	0.011178212	0.9519764	0.0	0
DLBCL10889	0.0074315346	0.0074100266	0.011552812	0.020743199	0.95286244	0.95286244	4.0	4
DLBCL10977	0.012690393	0.006688108	0.0111556165	0.016426716	0.95303917	0.95303917	4.0	4
DLBCL10899	0.010248357	0.013184981	0.005727163	0.016689038	0.95415044	0.95415044	4.0	4
DLBCL_LS2089	0.00612895	0.95446277	0.009164951	0.0051640393	0.025079276	0.95446277	1.0	1
DLBCL10891	0.00824198	0.007150718	0.009447744	0.020639746	0.9545198	0.9545198	4.0	4
DLBCL10904	0.015365942	0.011686819	0.0057771173	0.012213197	0.95495695	0.95495695	4.0	4
DLBCL10988	0.0065392656	0.9560782	0.011105354	0.014536753	0.011740437	0.9560782	1.0	1
DLBCL10510	0.00953835	0.9566016	0.008131395	0.0063762027	0.019352444	0.9566016	1.0	1
DLBCL10522	0.011046174	0.0056291744	0.9582856	0.011284066	0.013754984	0.9582856	2.0	2
DLBCL11461	0.95880765	0.009128544	0.010033144	0.017262982	0.0047677085	0.95880765	0.0	0
DLBCL11512	0.960998	0.0039571687	0.00929168	0.020691419	0.005061722	0.960998	0.0	0
DLBCL10515	0.96158737	0.006110241	0.005041919	0.021338519	0.0059219715	0.96158737	0.0	0
DLBCL_LS3820	0.005515033	0.008664659	0.9616123	0.01661991	0.0075880922	0.9616123	2.0	2
DLBCL11537	0.9622801	0.004502182	0.004921663	0.016456025	0.011840057	0.9622801	0.0	0
DLBCL_C_D_1141_NULLPAIR	0.0060888818	0.013488268	0.9624745	0.008338873	0.009609447	0.9624745	2.0	2
DLBCL_LS1395	0.004779813	0.016031366	0.96273094	0.009736862	0.0067209913	0.96273094	2.0	2
DLBCL11498	0.012806339	0.9629285	0.008069788	0.006273465	0.009921935	0.9629285	1.0	1
DLBCL11670	0.0035723848	0.010615968	0.96351475	0.013079538	0.009217348	0.96351475	2.0	2
DLBCL10514	0.0065105013	0.0060696206	0.9644571	0.009786221	0.013176591	0.9644571	2.0	2
DLBCL10951	0.005521712	0.012573076	0.008360313	0.008999178	0.9645457	0.9645457	4.0	4
DLBCL_RICOVER_678	0.01225438	0.9651725	0.005562715	0.0070179347	0.009992445	0.9651725	1.0	1
DLBCL10519	0.01047481	0.96524215	0.008361398	0.010266058	0.0056556044	0.96524215	1.0	1
DLBCL11509	0.96585405	0.004135665	0.0066265734	0.01422308	0.009160608	0.96585405	0.0	0
DLBCL_LS1757	0.9664985	0.004817953	0.0070956084	0.013466159	0.008121809	0.9664985	0.0	0
DLBCL_RICOVER_478	0.005869902	0.96689147	0.013605925	0.005430666	0.00820206	0.96689147	1.0	1
DLBCL10890	0.0064426553	0.013055612	0.0047763134	0.0082047535	0.96752065	0.96752065	4.0	4
DLBCL10494	0.0053645484	0.9676231	0.015435191	0.0044643534	0.0071128067	0.9676231	1.0	1
DLBCL11429	0.9677076	0.0029246472	0.005296262	0.018007414	0.0060641114	0.9677076	0.0	0
DLBCL11450	0.00386218	0.012418126	0.0057577714	0.009980139	0.96798176	0.96798176	4.0	4
DLBCL_DFCI_DLBCL_GOE07	0.0066509834	0.9688366	0.009658279	0.0052963416	0.009557819	0.9688366	1.0	1
DLBCL10541	0.00922302	0.96883893	0.0074470737	0.007861282	0.0066296984	0.96883893	1.0	1
DLBCL10992	0.0044561573	0.005087556	0.010645451	0.01089875	0.96891207	0.96891207	4.0	4
DLBCL10913	0.9689727	0.008977432	0.0035306036	0.012065143	0.006454151	0.9689727	0.0	0
DLBCL_C_D_1125_NULLPAIR	0.004020038	0.013111251	0.005911735	0.007855452	0.96910155	0.96910155	4.0	4
DLBCL_RICOVER_288	0.0096785985	0.96919924	0.006548744	0.008959349	0.005614048	0.96919924	1.0	1
DLBCL11677	0.969294	0.00567486	0.0054777903	0.0143322	0.005221138	0.969294	0.0	0
DLBCL_C_D_1157_NULLPAIR	0.0080916975	0.004786236	0.9697061	0.013682569	0.0037333942	0.9697061	2.0	2
DLBCL_RICOVER_948	0.005069841	0.96979845	0.014236186	0.0038051966	0.0070903357	0.96979845	1.0	1
DLBCL10967	0.005940077	0.0059200455	0.011540473	0.0067713694	0.969828	0.969828	4.0	4
DLBCL_C_D_1114_NULLPAIR	0.96994096	0.0042143143	0.004383957	0.017085478	0.004375302	0.96994096	0.0	0
DLBCL_MC_F132_MLM	0.97007394	0.005109764	0.003565881	0.015851252	0.005399172	0.97007394	0.0	0
DLBCL10465	0.0038062027	0.009259082	0.97027457	0.010244068	0.0064161005	0.97027457	2.0	2
DLBCL_RICOVER_1248	0.0059227822	0.0127807055	0.0037848954	0.006540725	0.97097087	0.97097087	4.0	4
DLBCL_RICOVER_1293	0.006943592	0.011622555	0.004282395	0.006013038	0.9711384	0.9711384	4.0	4
DLBCL10530	0.0037698152	0.012744359	0.006132485	0.0058205468	0.9715328	0.9715328	4.0	4
DLBCL_C_D_1166_NULLPAIR	0.0038609598	0.013486199	0.004251878	0.0057791024	0.97262186	0.97262186	4.0	4
DLBCL_MC_F519_ALT	0.0048253136	0.008735787	0.0062841624	0.007473625	0.9726811	0.9726811	4.0	4
DLBCL_LS1065	0.006190414	0.9727012	0.0067998758	0.008078058	0.006230471	0.9727012	1.0	1
DLBCL_MC_F089_HCZ	0.004262737	0.97291756	0.013782736	0.0032532592	0.0057837223	0.97291756	1.0	1
DLBCL10954	0.0063298875	0.97425413	0.007915072	0.005300721	0.00620016	0.97425413	1.0	1
DLBCL10853	0.00662193	0.0066702547	0.006338148	0.006094995	0.9742747	0.9742747	4.0	4
DLBCL10542	0.9744761	0.0025384454	0.004455675	0.010407123	0.008122643	0.9744761	0.0	0
DFCIDL003_DT	0.003975526	0.9753103	0.012585472	0.0033460795	0.0047825915	0.9753103	1.0	1
DLBCL_C_D_1123_NULLPAIR	0.9757954	0.005002008	0.003856398	0.011439383	0.0039068204	0.9757954	0.0	0
DLBCL11000	0.0041139326	0.0043230182	0.0065474766	0.009177315	0.97583824	0.97583824	4.0	4
DLBCL10883	0.008994169	0.0046134423	0.004319632	0.00594796	0.9761248	0.9761248	4.0	4
DLBCL10912	0.97655684	0.0033069022	0.0074852644	0.008432399	0.004218605	0.97655684	0.0	0
DLBCL10975	0.97688377	0.002412897	0.0032815372	0.012689913	0.004731893	0.97688377	0.0	0
DLBCL10836	0.0041402336	0.0037444874	0.0074774837	0.0074706716	0.9771671	0.9771671	4.0	4
DLBCL_RICOVER_744	0.0076099685	0.004916669	0.97732854	0.006168871	0.003975935	0.97732854	2.0	2
DLBCL11188	0.0039723795	0.9776069	0.0069562597	0.0038531392	0.007611318	0.9776069	1.0	1
DLBCL11242	0.0037157002	0.0048341965	0.0054053916	0.008425805	0.97761893	0.97761893	4.0	4
DLBCL11476	0.004592445	0.007590963	0.0049648504	0.00485148	0.9780003	0.9780003	4.0	4
DLBCL_C_D_1135_NULLPAIR	0.0034514938	0.9782659	0.007141546	0.0037196837	0.0074213697	0.9782659	1.0	1
DLBCL_RICOVER_267	0.003758859	0.0034408204	0.9783854	0.007753083	0.0066618756	0.9783854	2.0	2
DLBCL10945	0.97840875	0.0037711416	0.0031987478	0.007864499	0.006756878	0.97840875	0.0	0
DLBCL_RICOVER_1329	0.0033636116	0.008351533	0.004390843	0.00505439	0.97883964	0.97883964	4.0	4
DLBCL10525	0.9790184	0.0019762085	0.004819968	0.008670565	0.0055148676	0.9790184	0.0	0
DLBCL_LS297	0.0046913764	0.0036757847	0.97923404	0.009144592	0.003254188	0.97923404	2.0	2
DLBCL10485	0.0042123687	0.006524925	0.0052623046	0.00415046	0.97984993	0.97984993	4.0	4
DLBCL10842	0.0043722885	0.004305278	0.0049829483	0.006481987	0.9798575	0.9798575	4.0	4
DLBCL10464	0.00627324	0.0041650226	0.97995615	0.0061656195	0.003439994	0.97995615	2.0	2
DLBCL11680	0.0063215587	0.0031963026	0.9801438	0.0063024834	0.004035871	0.9801438	2.0	2
DLBCL10997	0.98030543	0.0024876732	0.0031565176	0.010917283	0.0031331186	0.98030543	0.0	0
DLBCL_LS146	0.004206766	0.9804758	0.0076051936	0.0041210838	0.0035911624	0.9804758	1.0	1
DLBCL_RICOVER_221	0.0030402746	0.004974738	0.003927862	0.0068313866	0.9812257	0.9812257	4.0	4
DLBCL10966	0.98132265	0.0032497712	0.003224993	0.008926229	0.003276358	0.98132265	0.0	0
DLBCL_LS3749	0.004545777	0.98151773	0.0052596405	0.005554637	0.0031222058	0.98151773	1.0	1
DLBCL10851	0.004352717	0.9816013	0.006894946	0.0028464526	0.0043045697	0.9816013	1.0	1
DLBCL11511	0.98186606	0.0018597079	0.0045320783	0.008040627	0.0037015153	0.98186606	0.0	0
DLBCL10901	0.0035771728	0.0038533695	0.004143685	0.0063987765	0.982027	0.982027	4.0	4
DLBCL10956	0.0039167395	0.9824075	0.0044063553	0.0040155416	0.0052538384	0.9824075	1.0	1
DLBCL_C_D_1163_NULLPAIR	0.002768497	0.0037002615	0.0035763888	0.007256978	0.9826979	0.9826979	4.0	4
DLBCL_RICOVER_1283	0.0033771663	0.0033056834	0.9827884	0.005929828	0.004598951	0.9827884	2.0	2
DLBCL10849	0.003323711	0.9831941	0.0046568364	0.0026470807	0.00617826	0.9831941	1.0	1
DLBCL10471	0.0045391903	0.005845321	0.0031350022	0.0031760645	0.98330444	0.98330444	4.0	4
DLBCL11195	0.0023203678	0.0050914786	0.0031302173	0.0047474876	0.98471045	0.98471045	4.0	4
DLBCL11205	0.98509455	0.002004301	0.0034701854	0.0072732884	0.0021576912	0.98509455	0.0	0
DLBCL_DFCI_DLBCL_GOE16	0.0028037431	0.0034138428	0.9851814	0.0054076556	0.0031933484	0.9851814	2.0	2
DLBCL_RICOVER_449	0.002386383	0.0038825793	0.00467719	0.0038232838	0.98523057	0.98523057	4.0	4
DLBCL11666	0.0030393663	0.0034896268	0.98549646	0.0054609114	0.0025136312	0.98549646	2.0	2
DLBCL10834	0.004700237	0.986319	0.0030563758	0.0027113361	0.003213055	0.986319	1.0	1
DLBCL10498	0.0025786262	0.0026843783	0.9864247	0.006343256	0.0019690692	0.9864247	2.0	2
DLBCL11565	0.0026336294	0.98658615	0.003605833	0.003520187	0.0036541843	0.98658615	1.0	1
DLBCL_RICOVER_977	0.9867683	0.0016379617	0.0022286242	0.007163105	0.0022020072	0.9867683	0.0	0
DLBCL11558	0.002525155	0.0027487585	0.9873603	0.0048845797	0.0024812007	0.9873603	2.0	2
DLBCL_C_D_1118_NULLPAIR	0.0032045995	0.9874334	0.0035769306	0.002735522	0.0030495457	0.9874334	1.0	1
DLBCL_RICOVER_685	0.0024053934	0.0035338032	0.0023615716	0.0039011776	0.98779804	0.98779804	4.0	4
DLBCL10459	0.0021874125	0.0025945317	0.9878011	0.004209631	0.0032073222	0.9878011	2.0	2
DLBCL11187	0.0035400784	0.0027661826	0.0025737928	0.0032991567	0.9878208	0.9878208	4.0	4
DLBCL11428	0.0021492958	0.002071349	0.988344	0.0050834324	0.0023519062	0.988344	2.0	2
DLBCL_RICOVER_1299	0.0025303427	0.0024827016	0.0025844004	0.0035181013	0.98888445	0.98888445	4.0	4
DLBCL_MAYO_DLBCL_7359	0.002604342	0.98889714	0.0029109262	0.0019819029	0.0036056736	0.98889714	1.0	1
DLBCL_C_D_1128_NULLPAIR	0.9890193	0.0015355152	0.0017731502	0.005152218	0.0025198392	0.9890193	0.0	0
DLBCL11672	0.0017435728	0.0022369395	0.9891077	0.0045892466	0.0023224992	0.9891077	2.0	2
DLBCL10996	0.98925203	0.0012391934	0.0021076722	0.0050594215	0.0023416854	0.98925203	0.0	0
DLBCL10534	0.0016827598	0.0027144419	0.0026422038	0.0032014702	0.98975915	0.98975915	4.0	4
DLBCL10518	0.0014428791	0.0016354762	0.9920231	0.003318204	0.0015803218	0.9920231	2.0	2
DLBCL_C_D_1130_NULLPAIR	0.9921566	0.0017221784	0.0013043694	0.0031670532	0.0016497902	0.9921566	0.0	0
DLBCL_RICOVER_839	0.001584265	0.9922161	0.0022934107	0.0014228444	0.0024833658	0.9922161	1.0	1
DLBCL10924	0.001329513	0.00203541	0.0014808658	0.0022902074	0.992864	0.992864	4.0	4
DLBCL_C_D_1136_NULLPAIR	0.0017814962	0.9929251	0.0018252158	0.0015629029	0.0019052883	0.9929251	1.0	1
DLBCL10864	0.0011750682	0.0024856548	0.0015078747	0.0017378873	0.9930935	0.9930935	4.0	4
DLBCL11203	0.0012209967	0.99322027	0.0022449878	0.0016735776	0.0016401648	0.99322027	1.0	1
DLBCL_LS3245	0.0011111393	0.9937735	0.002328164	0.0011381089	0.0016490489	0.9937735	1.0	1
DLBCL10911	0.0014788908	0.99435085	0.0017274198	0.0011796332	0.0012631827	0.99435085	1.0	1
DLBCL10484	0.001045123	0.9950086	0.0017645415	0.0010295619	0.0011521669	0.9950086	1.0	1
DLBCL_RICOVER_1235	0.0012237268	0.99506533	0.0014617463	0.0011161044	0.0011331048	0.99506533	1.0	1
DLBCL_RICOVER_253	0.00062489585	0.9970644	0.00101444	0.00048689215	0.0008093442	0.9970644	1.0	1
DLBCL_RICOVER_174	0.00060620514	0.99770486	0.00066413684	0.00047907073	0.00054569973	0.99770486	1.0	1
