	C1	C2	C3	C4	C5	Confidence	True Cluster	Predicted Cluster
DLBCL11431	0.21450356	0.18969703	0.24031702	0.14956352	0.20591888	0.24031702	4.0	2
DLBCL_RICOVER_910	0.19995882	0.1850366	0.25265726	0.1463883	0.21595903	0.25265726	0.0	2
DLBCL11439	0.28610837	0.05363649	0.219811	0.18317616	0.25726795	0.28610837	2.0	0
DLBCL11432	0.26293665	0.011488229	0.25478196	0.17652349	0.29426965	0.29426965	0.0	4
DLBCL10910	0.04568474	0.10322299	0.27544585	0.3048361	0.27081034	0.3048361	2.0	3
DLBCL10877	0.14536662	0.30896774	0.23833542	0.14606099	0.16126922	0.30896774	0.0	1
DLBCL11574	0.14580378	0.31578684	0.2243053	0.14415903	0.16994506	0.31578684	2.0	1
DLBCL10954	0.09593857	0.32865605	0.12295443	0.1783627	0.27408826	0.32865605	1.0	1
DLBCL11659	0.18006606	0.11196421	0.11282688	0.24654658	0.34859627	0.34859627	3.0	4
DLBCL_C_D_1138_NULLPAIR	0.041120436	0.2111672	0.25099844	0.13410898	0.36260495	0.36260495	1.0	4
DLBCL10966	0.04587467	0.37003797	0.06438615	0.25148648	0.2682147	0.37003797	0.0	1
DLBCL11448	0.058810875	0.033905603	0.27863127	0.2581312	0.37052104	0.37052104	3.0	4
DLBCL10565	0.37320736	0.19376904	0.09612117	0.2993014	0.03760106	0.37320736	3.0	0
DLBCL10450	0.08621192	0.21577217	0.04449156	0.2794131	0.37411124	0.37411124	0.0	4
DLBCL10950	0.38443115	0.11479998	0.28749177	0.124344364	0.08893275	0.38443115	0.0	0
DLBCL11533	0.08002193	0.38521132	0.30245963	0.18907091	0.04323622	0.38521132	1.0	1
DLBCL10486	0.22316769	0.042001616	0.038379498	0.30643013	0.3900211	0.3900211	0.0	4
DLBCL11681	0.2356405	0.026719723	0.39178392	0.07664218	0.26921368	0.39178392	0.0	2
DLBCL10925	0.39653784	0.07714842	0.029340139	0.15266265	0.34431097	0.39653784	4.0	0
DLBCL11484	0.048675563	0.39939043	0.20033135	0.06744569	0.28415698	0.39939043	1.0	1
DLBCL_C_D_1112_NULLPAIR	0.39973	0.27841604	0.12330752	0.12116512	0.07738132	0.39973	2.0	0
DLBCL11471	0.11271887	0.1371441	0.18186137	0.41253152	0.15574415	0.41253152	3.0	3
DLBCL_MC_F927_JHS	0.11311414	0.23052198	0.15446089	0.0882182	0.4136848	0.4136848	4.0	4
DLBCL10503	0.16328272	0.41429237	0.18351814	0.030768761	0.208138	0.41429237	1.0	1
DLBCL11436	0.14309683	0.18223697	0.05209996	0.20176578	0.42080045	0.42080045	1.0	4
DLBCL_RICOVER_1192	0.024661621	0.4214839	0.321063	0.022856185	0.20993528	0.4214839	4.0	1
DLBCL10999	0.023758648	0.024112495	0.22752398	0.2982685	0.42633638	0.42633638	4.0	4
DLBCL_RICOVER_473	0.42663318	0.14594403	0.177998	0.051069938	0.19835484	0.42663318	0.0	0
DLBCL10539	0.04139669	0.11113672	0.09403869	0.43078253	0.3226454	0.43078253	3.0	3
DLBCL_RICOVER_1060	0.4382597	0.29033124	0.07011949	0.08192929	0.11936027	0.4382597	1.0	0
DLBCL10994	0.44024226	0.079468936	0.088400885	0.13108303	0.2608049	0.44024226	0.0	0
DLBCL10899	0.23379911	0.44575065	0.013844373	0.18173093	0.12487492	0.44575065	4.0	1
DLBCL10838	0.11101994	0.44625592	0.023371983	0.03443508	0.38491708	0.44625592	4.0	1
DLBCL10549	0.087059304	0.45000663	0.3902196	0.055595078	0.017119415	0.45000663	1.0	1
DLBCL_RICOVER_1150	0.45105028	0.11992569	0.016580917	0.08379562	0.3286475	0.45105028	0.0	0
DLBCL_DFCI_DLBCL_GOE07	0.07060289	0.36017963	0.07115502	0.04471497	0.45334747	0.45334747	1.0	4
DLBCL10963	0.08374151	0.045278836	0.03691761	0.45472628	0.37933576	0.45472628	4.0	3
DLBCL_LS4619	0.04003922	0.023611622	0.27966803	0.2008788	0.45580232	0.45580232	4.0	4
DLBCL_C_D_1157_NULLPAIR	0.12720764	0.30461046	0.45939937	0.043449137	0.06533339	0.45939937	2.0	2
DLBCL10548	0.24593025	0.23224753	0.023799932	0.4612115	0.036810786	0.4612115	0.0	3
DLBCL_C_D_1115_NULLPAIR	0.24221063	0.2189623	0.051496245	0.4616564	0.02567446	0.4616564	3.0	3
DLBCL11590	0.064377405	0.021986991	0.46315426	0.24139671	0.20908463	0.46315426	2.0	2
DLBCL_RICOVER_1018	0.10896232	0.46483284	0.024154536	0.18848296	0.21356736	0.46483284	3.0	1
DLBCL11434	0.4654779	0.12601842	0.07161237	0.11052709	0.2263642	0.4654779	0.0	0
DLBC_FF_8046_TP_NB	0.31841013	0.04822069	0.46554703	0.11639	0.05143216	0.46554703	2.0	2
DLBCL_LS1395	0.060407925	0.05862519	0.36544144	0.045538854	0.4699866	0.4699866	2.0	4
DLBCL10456	0.46999678	0.017099535	0.07046482	0.078468814	0.36397007	0.46999678	3.0	0
DLBCL11446	0.04411479	0.47146302	0.26531914	0.17303479	0.046068247	0.47146302	1.0	1
DLBCL11678	0.19360094	0.022037774	0.47172678	0.2965086	0.016125897	0.47172678	3.0	2
DLBCL10472	0.12984976	0.082995534	0.2650572	0.47321323	0.048884258	0.47321323	2.0	3
DLBCL10542	0.38988698	0.014578947	0.041629698	0.07909403	0.47481033	0.47481033	0.0	4
DLBCL11566	0.0830405	0.30066645	0.47741258	0.11708253	0.02179793	0.47741258	2.0	2
DLBCL11205	0.17519829	0.088084996	0.47899416	0.23569898	0.022023566	0.47899416	0.0	2
DLBCL11683	0.071930714	0.019906584	0.47926518	0.3863627	0.042534836	0.47926518	2.0	2
DLBCL11535	0.08866726	0.05910195	0.03542352	0.33521795	0.48158932	0.48158932	3.0	4
DLBC_FF_8062_TP_NB	0.3459794	0.032637615	0.48175114	0.10710597	0.032525875	0.48175114	3.0	2
DLBCL_LS951	0.35896885	0.027945535	0.056550406	0.4858413	0.0706939	0.4858413	0.0	3
DLBCL10936	0.15425205	0.48797265	0.14223932	0.10797003	0.10756596	0.48797265	2.0	1
DLBCL_RICOVER_478	0.38316503	0.48930976	0.057160307	0.033702455	0.03666246	0.48930976	1.0	1
DLBCL11495	0.13846262	0.01877367	0.036240853	0.31195837	0.49456447	0.49456447	4.0	4
DLBCL10907	0.4952466	0.20325993	0.027019024	0.1275938	0.14688064	0.4952466	1.0	0
DLBCL11534	0.055446815	0.028223565	0.49558708	0.091778226	0.3289643	0.49558708	2.0	2
DLBCL_RICOVER_977	0.36131763	0.011215103	0.03656074	0.0933328	0.4975737	0.4975737	0.0	4
DLBCL11528	0.3310555	0.07550146	0.49798524	0.047340058	0.048117768	0.49798524	2.0	2
DLBCL10957	0.27667308	0.018838624	0.498771	0.13655163	0.069165654	0.498771	0.0	2
DLBCL_RICOVER_258	0.34511378	0.018103514	0.060809102	0.07076248	0.5052111	0.5052111	2.0	4
DLBCL11467	0.12546806	0.08185959	0.15353237	0.13035247	0.5087875	0.5087875	3.0	4
DLBCL10853	0.06247182	0.11515745	0.22931017	0.082931906	0.5101287	0.5101287	4.0	4
DLBCL10878	0.29497617	0.013532641	0.03165245	0.14913341	0.51070535	0.51070535	4.0	4
DLBCL10955	0.35203478	0.038085688	0.038012106	0.060772806	0.5110946	0.5110946	3.0	4
DLBCL10914	0.039761987	0.5116179	0.35195932	0.042856466	0.05380435	0.5116179	0.0	1
DLBCL_C_D_1139_NULLPAIR	0.5124068	0.34011236	0.04271288	0.07579605	0.028971879	0.5124068	3.0	0
DLBCL_C_D_PAIR13	0.1372431	0.13515747	0.12749636	0.08538619	0.51471686	0.51471686	4.0	4
DLBCL11472	0.38817158	0.020700619	0.032211803	0.51887923	0.04003675	0.51887923	0.0	3
DLBCL10915	0.52036047	0.07310896	0.024666218	0.09424092	0.2876234	0.52036047	4.0	0
DLBCL_RICOVER_120	0.52182025	0.026965037	0.31266055	0.058831643	0.07972255	0.52182025	4.0	0
DLBCL_RICOVER_773	0.039470077	0.1320074	0.28316087	0.02307872	0.52228296	0.52228296	4.0	4
DLBCL10523	0.08537393	0.016077675	0.34604853	0.52566296	0.026836919	0.52566296	2.0	3
DLBCL10866	0.05992962	0.037135005	0.11341464	0.5259808	0.26353997	0.5259808	4.0	3
DLBCL10483	0.033411454	0.52815264	0.3748481	0.017810114	0.045777675	0.52815264	1.0	1
DLBCL_MC_F496DMP	0.52962506	0.21186145	0.19000453	0.0411048	0.027404137	0.52962506	1.0	0
DLBCL11509	0.5340742	0.0758917	0.057199687	0.0920067	0.24082771	0.5340742	0.0	0
DLBC_FF_A7CX_TP_NB	0.53408027	0.031548068	0.024103142	0.05596518	0.35430333	0.53408027	4.0	0
DLBCL_RICOVER_1045	0.23076394	0.0692238	0.02274831	0.5361913	0.14107265	0.5361913	3.0	3
DLBCL11486	0.5373536	0.01643713	0.08679634	0.051914554	0.30749837	0.5373536	0.0	0
DLBCL_LS2208	0.049825083	0.16507082	0.5373862	0.04920977	0.19850816	0.5373862	4.0	2
DLBCL_C_D_1118_NULLPAIR	0.5415079	0.36257884	0.017139832	0.051925477	0.02684795	0.5415079	1.0	0
DLBCL10981	0.20372422	0.12348794	0.033490986	0.54217464	0.09712219	0.54217464	1.0	3
DLBCL11191	0.54335904	0.027921338	0.02526924	0.35698834	0.046462025	0.54335904	0.0	0
DLBCL11455	0.544813	0.017118402	0.11967256	0.2847065	0.033689573	0.544813	2.0	0
DLBC_FF_8042_TP_NB	0.052759584	0.54568374	0.12495274	0.21510535	0.06149856	0.54568374	4.0	1
DLBCL10894	0.24683662	0.5463329	0.017819475	0.15181805	0.037192952	0.5463329	1.0	1
DLBCL11491	0.30638856	0.018026417	0.094377905	0.54958403	0.03162307	0.54958403	3.0	3
DLBCL11206	0.06089518	0.5502634	0.020794837	0.022209315	0.3458373	0.5502634	4.0	1
DLBCL_LS3499	0.06828401	0.27873322	0.05625068	0.55050915	0.046222936	0.55050915	3.0	3
DLBCL11202	0.55074793	0.05047196	0.26438627	0.122053295	0.012340548	0.55074793	0.0	0
DLBCL11538	0.07384371	0.018990824	0.25780353	0.5527662	0.096595734	0.5527662	4.0	3
DLBCL_LS2245	0.033272818	0.30790237	0.5537521	0.056665596	0.048407063	0.5537521	1.0	2
DLBCL10897	0.5555223	0.35356662	0.023511438	0.04187546	0.02552418	0.5555223	0.0	0
DLBCL11429	0.13789576	0.013341644	0.044501603	0.5571556	0.24710535	0.5571556	0.0	3
DLBCL_MC_F500_ECU	0.02363253	0.560167	0.10166054	0.05736332	0.25717658	0.560167	1.0	1
DLBCL10927	0.56306386	0.01950143	0.021650651	0.36992508	0.025858968	0.56306386	3.0	0
DLBCL_RICOVER_1190	0.56351525	0.17030151	0.035685267	0.0420606	0.18843736	0.56351525	4.0	0
DLBCL11651	0.08774611	0.56715554	0.09995775	0.062262107	0.18287846	0.56715554	2.0	1
DLBCL10835	0.047482047	0.039293606	0.029305758	0.31614453	0.56777406	0.56777406	4.0	4
DLBCL_RICOVER_1287	0.08783713	0.56777865	0.0982594	0.06281329	0.18331155	0.56777865	4.0	1
DLBCL10974	0.11472452	0.0303601	0.05649097	0.23031785	0.5681066	0.5681066	3.0	4
DLBCL11483	0.1276272	0.117171	0.110033885	0.076073766	0.5690942	0.5690942	1.0	4
DLBCL10555	0.56918347	0.039844554	0.31855083	0.049328476	0.023092689	0.56918347	2.0	0
DLBCL_RICOVER_522	0.12680803	0.024250623	0.5698445	0.26618683	0.012910013	0.5698445	2.0	2
DLBCL11671	0.57063675	0.022452401	0.10312816	0.2887541	0.015028616	0.57063675	0.0	0
DLBCL10973	0.12611417	0.035944708	0.062344037	0.5707222	0.20487487	0.5707222	3.0	3
DLBCL_RICOVER_496	0.07750251	0.2301852	0.5712502	0.08107613	0.039985966	0.5712502	1.0	2
DLBCL_LS2154	0.27429083	0.57569814	0.054611154	0.0740652	0.021334669	0.57569814	0.0	1
DLBCL11656	0.030038446	0.029306088	0.31256074	0.050138928	0.5779558	0.5779558	2.0	4
DLBCL10491	0.08807622	0.23886603	0.07390895	0.57890713	0.020241672	0.57890713	3.0	3
DLBCL11652	0.09700382	0.579759	0.2066064	0.028057791	0.08857298	0.579759	0.0	1
DLBCL_LS4616	0.01782484	0.34373793	0.580024	0.038269445	0.020143768	0.580024	2.0	2
DLBCL11479	0.07270227	0.24350595	0.58117193	0.06179074	0.040829085	0.58117193	1.0	2
DLBCL11441	0.5815617	0.022590563	0.026838657	0.3158516	0.053157505	0.5815617	2.0	0
DLBCL10934	0.13067041	0.23438951	0.018414171	0.032745875	0.58378	0.58378	1.0	4
DLBCL_RICOVER_173	0.072807536	0.06982854	0.04048012	0.23251362	0.5843702	0.5843702	4.0	4
DLBCL10980	0.016662683	0.15461451	0.19897136	0.04366991	0.58608156	0.58608156	4.0	4
DLBCL_C_D_1151_NULLPAIR	0.31506813	0.02624798	0.058139022	0.58614856	0.014396339	0.58614856	3.0	3
DLBCL10527	0.036042392	0.019313036	0.21641779	0.58930355	0.13892324	0.58930355	3.0	3
DLBCL11437	0.068362996	0.015168069	0.09263278	0.2341989	0.5896373	0.5896373	3.0	4
DLBCL10461	0.015127838	0.32816172	0.044419933	0.020746808	0.59154373	0.59154373	1.0	4
DLBCL_C_D_1130_NULLPAIR	0.59216166	0.02474405	0.041337363	0.033189785	0.30856717	0.59216166	0.0	0
DLBCL10451	0.3154126	0.022195317	0.5927472	0.051414397	0.018230451	0.5927472	0.0	2
DLBCL11657	0.04620923	0.034129843	0.5959177	0.09497889	0.22876434	0.5959177	3.0	2
DLBCL11519	0.5959787	0.031050581	0.07893858	0.27859357	0.015438599	0.5959787	0.0	0
DLBCL10518	0.1717729	0.022971157	0.60046375	0.18898039	0.01581184	0.60046375	2.0	2
DLBCL11500	0.043835565	0.035427842	0.29335117	0.02457012	0.6028153	0.6028153	4.0	4
DLBCL_MAYO_DLBCL_3653	0.60511917	0.09607351	0.07099366	0.1699511	0.057862572	0.60511917	0.0	0
DLBCL10521	0.030158238	0.3281276	0.018025128	0.018101253	0.6055878	0.6055878	4.0	4
DLBC_FF_A7CW_TP_NB	0.05518805	0.09491157	0.041250862	0.6075765	0.20107305	0.6075765	4.0	3
DLBCL_C_D_1119_NULLPAIR	0.30760038	0.6089975	0.02340863	0.029396012	0.03059742	0.6089975	1.0	1
DLBCL_C_D_1117_NULLPAIR	0.11890008	0.60962	0.02568126	0.22232026	0.023478415	0.60962	1.0	1
DLBCL10851	0.090348005	0.14560345	0.10635319	0.0476133	0.61008203	0.61008203	1.0	4
DLBCL10962	0.018253757	0.23258454	0.6138909	0.030413778	0.104857035	0.6138909	1.0	2
DLBCL10921	0.11608648	0.18021663	0.023354482	0.06527437	0.615068	0.615068	4.0	4
DLBCL11469	0.028436812	0.05004417	0.6167006	0.03420137	0.27061707	0.6167006	2.0	2
DLBCL10964	0.025075529	0.16072163	0.029577594	0.16751795	0.6171073	0.6171073	4.0	4
DLBCL11003	0.19193844	0.6187797	0.029542487	0.046218276	0.11352107	0.6187797	1.0	1
DLBCL11576	0.20447145	0.031827744	0.12086514	0.6189631	0.023872543	0.6189631	3.0	3
DLBCL_RICOVER_408	0.14196266	0.6190199	0.114863455	0.029869568	0.09428441	0.6190199	2.0	1
DLBCL11677	0.61983246	0.06561964	0.07814309	0.16274184	0.073662974	0.61983246	0.0	0
DLBCL10906	0.11417285	0.21028018	0.013805135	0.04031422	0.6214276	0.6214276	1.0	4
DLBCL11591	0.019063463	0.28722715	0.6254621	0.024488585	0.0437587	0.6254621	1.0	2
DLBCL_RICOVER_401	0.023255179	0.30904973	0.6266323	0.022653367	0.018409474	0.6266323	1.0	2
DLBCL10498	0.031002268	0.16480926	0.62675023	0.16067453	0.016763689	0.62675023	2.0	2
DLBCL_C_D_1149_NULLPAIR	0.038656913	0.6270245	0.26150557	0.02864495	0.044168103	0.6270245	1.0	1
DLBCL_MC_F815_BAT	0.15470888	0.03762044	0.6295535	0.14197777	0.036139444	0.6295535	2.0	2
DLBCL_DFCI_DLBCL_GOE05	0.01073874	0.6319763	0.12285226	0.026904294	0.20752841	0.6319763	1.0	1
DLBCL10968	0.6377707	0.013067428	0.021895014	0.27045318	0.056813657	0.6377707	0.0	0
DLBCL_RICOVER_338	0.2759471	0.021112422	0.033058133	0.6378902	0.0319921	0.6378902	0.0	3
DLBCL_RICOVER_1165	0.09038565	0.08747704	0.13977608	0.0423693	0.63999194	0.63999194	1.0	4
DLBCL11474	0.6419843	0.03184899	0.025135266	0.28051424	0.020517215	0.6419843	0.0	0
DLBCL11581	0.18304162	0.017809886	0.05373702	0.10261024	0.6428012	0.6428012	4.0	4
DLBCL10995	0.04401606	0.1422023	0.6437942	0.041577432	0.12841004	0.6437942	2.0	2
DLBCL_RICOVER_216	0.054263823	0.071868226	0.6482539	0.058041073	0.16757293	0.6482539	2.0	2
DLBCL10863	0.2665929	0.022778962	0.021766435	0.6529994	0.03586232	0.6529994	3.0	3
DLBCL10857	0.65316004	0.015644992	0.020709056	0.16584426	0.14464164	0.65316004	4.0	0
DLBCL_RICOVER_1106	0.021959774	0.19691028	0.023928428	0.10391605	0.6532855	0.6532855	4.0	4
DLBCL_LS2328	0.029519662	0.6537922	0.28100622	0.017626947	0.018054979	0.6537922	2.0	1
DLBCL_C_D_1148_NULLPAIR	0.13495053	0.012264286	0.16241542	0.65452105	0.035848726	0.65452105	0.0	3
DLBCL10909	0.056303114	0.018423136	0.07712067	0.6546363	0.19351678	0.6546363	4.0	3
DLBCL10919	0.22109176	0.022019524	0.034858838	0.6547169	0.06731297	0.6547169	3.0	3
DLBCL_LS843	0.021651786	0.0147258295	0.6549438	0.15440279	0.15427577	0.6549438	2.0	2
DLBCL10837	0.037673432	0.21064767	0.022536147	0.072782554	0.6563602	0.6563602	4.0	4
DLBCL10987	0.061764564	0.21474846	0.037560828	0.029014343	0.6569118	0.6569118	4.0	4
DLBCL11504	0.15934546	0.063875645	0.05839009	0.059432548	0.6589562	0.6589562	4.0	4
DLBC_FF_8043_TP_NB	0.18480407	0.6591039	0.089701526	0.029031362	0.037359197	0.6591039	1.0	1
DLBCL10844	0.6594107	0.11819353	0.03933598	0.08581376	0.09724602	0.6594107	0.0	0
DLBCL10879	0.050783966	0.011467673	0.66418433	0.1828019	0.090762116	0.66418433	2.0	2
DLBCL_RICOVER_866	0.044473067	0.030638905	0.23973963	0.6645556	0.020592809	0.6645556	2.0	3
DLBCL11433	0.028757466	0.016891813	0.060551547	0.22722338	0.6665758	0.6665758	3.0	4
DLBCL11002	0.6677162	0.024721889	0.10102489	0.19261877	0.0139182145	0.6677162	3.0	0
DLBCL_RICOVER_440	0.016978268	0.67196757	0.2632748	0.0160888	0.031690564	0.67196757	2.0	1
DLBCL_RICOVER_1204	0.038779166	0.023494791	0.0810285	0.6757703	0.18092728	0.6757703	3.0	3
DLBCL10904	0.16391565	0.04344843	0.04361879	0.07207631	0.6769408	0.6769408	4.0	4
DLBCL_RICOVER_744	0.67854416	0.05761642	0.2113168	0.03186449	0.020658134	0.67854416	2.0	0
DLBCL_C_D_1140_NULLPAIR	0.072597876	0.04126125	0.0972367	0.11017699	0.6787272	0.6787272	4.0	4
DLBCL_LS2367	0.67901224	0.115108065	0.032890312	0.15318008	0.019809281	0.67901224	0.0	0
DLBCL11536	0.036942367	0.091229066	0.05892024	0.679353	0.13355535	0.679353	3.0	3
DLBCL10869	0.6800892	0.11488116	0.068527915	0.05931199	0.07718974	0.6800892	0.0	0
DLBCL_RICOVER_1278	0.112806514	0.020031577	0.030585935	0.15419991	0.6823761	0.6823761	4.0	4
DLBCL_RICOVER_1210	0.021026472	0.68350804	0.23114239	0.020367721	0.043955363	0.68350804	1.0	1
DLBCL_RICOVER_335	0.056551114	0.6851447	0.025311032	0.20076413	0.03222898	0.6851447	1.0	1
DLBCL10502	0.042466007	0.68932825	0.16550112	0.08698039	0.015724223	0.68932825	1.0	1
DLBCL11196	0.09165046	0.012985199	0.039994866	0.69059354	0.16477591	0.69059354	3.0	3
DLBCL11515	0.024543181	0.036290035	0.690937	0.03581634	0.21241345	0.690937	2.0	2
DLBCL11672	0.014673037	0.071289584	0.6920909	0.078502886	0.14344358	0.6920909	2.0	2
DLBCL11539	0.69267297	0.010226977	0.049639136	0.21616176	0.031299185	0.69267297	0.0	0
DLBCL_LS3204	0.11182323	0.69532657	0.097568884	0.07974828	0.015533053	0.69532657	1.0	1
DLBCL10901	0.03315184	0.14885981	0.047650855	0.07437557	0.69596195	0.69596195	4.0	4
DLBCL_RICOVER_617	0.20879982	0.023621062	0.037940916	0.69710153	0.032536652	0.69710153	3.0	3
DLBCL10552	0.22826898	0.021702323	0.028773278	0.7009767	0.020278659	0.7009767	3.0	3
DLBCL_C_D_1131_NULLPAIR	0.023076635	0.70323074	0.19841309	0.032555312	0.042724255	0.70323074	1.0	1
DLBCL11468	0.04404815	0.03339748	0.7044902	0.18056981	0.037494387	0.7044902	2.0	2
DLBCL11476	0.17801063	0.02963604	0.029649954	0.055025063	0.7076783	0.7076783	4.0	4
DLBCL10983	0.097959	0.7111249	0.014430994	0.0487129	0.12777218	0.7111249	1.0	1
DLBCL11663	0.7126123	0.046288304	0.0885807	0.11785099	0.034667715	0.7126123	0.0	0
DLBCL10975	0.71454746	0.013957914	0.014509425	0.20706776	0.049917456	0.71454746	0.0	0
DLBCL10553	0.042872	0.03955036	0.16311774	0.7173823	0.0370776	0.7173823	3.0	3
DLBCL11482	0.7186731	0.0131610595	0.019934904	0.048462592	0.19976832	0.7186731	0.0	0
DLBCL11454	0.2058401	0.021873755	0.026309785	0.7187405	0.027235858	0.7187405	0.0	3
DLBCL11461	0.72039664	0.018256897	0.17261839	0.07158814	0.017139953	0.72039664	0.0	0
DLBCL_RICOVER_314	0.01368042	0.7205503	0.14371945	0.059739344	0.062310472	0.7205503	4.0	1
DLBCL10566	0.15743199	0.053692516	0.029568207	0.03853693	0.72077036	0.72077036	4.0	4
DLBCL10945	0.20743117	0.023125013	0.017056542	0.028889336	0.7234979	0.7234979	0.0	4
DLBCL_C_D_1126_NULLPAIR	0.17722683	0.7238732	0.03490245	0.039432704	0.02456482	0.7238732	1.0	1
DLBCL_RICOVER_720	0.030436324	0.72399276	0.03875534	0.016522497	0.19029306	0.72399276	4.0	1
DLBCL_C_D_1109_NULLPAIR	0.20237778	0.016966747	0.030673629	0.72724694	0.022734871	0.72724694	3.0	3
DLBCL11449	0.090169005	0.73417103	0.02018434	0.02418716	0.13128845	0.73417103	1.0	1
DLBCL11457	0.7342757	0.010702306	0.08375102	0.15380292	0.017468045	0.7342757	0.0	0
DLBCL10865	0.7355528	0.16608186	0.026153727	0.044518694	0.027692912	0.7355528	4.0	0
DLBCL11459	0.045644585	0.01898039	0.12775628	0.73659974	0.07101897	0.73659974	3.0	3
DLBCL_RICOVER_1283	0.052074835	0.02319746	0.7382275	0.065666184	0.12083402	0.7382275	2.0	2
DLBCL11204	0.080303095	0.082680024	0.06959965	0.028023511	0.7393937	0.7393937	1.0	4
DLBCL_MC_F218_RAP	0.17604412	0.027076162	0.034332115	0.7404501	0.022097507	0.7404501	3.0	3
DLBCL10485	0.016938044	0.19630808	0.03077382	0.015032973	0.74094707	0.74094707	4.0	4
DLBCL_MC_F132_MLM	0.12996833	0.021760361	0.032019917	0.7410969	0.07515448	0.7410969	0.0	3
DLBCL10854	0.060118232	0.013365137	0.040718026	0.14424472	0.7415539	0.7415539	4.0	4
DLBCL10947	0.058303066	0.7432873	0.014264929	0.016435128	0.16770953	0.7432873	1.0	1
DLBCL11466	0.1010825	0.047336765	0.05732699	0.7447771	0.04947667	0.7447771	1.0	3
DLBCL10836	0.07618445	0.007980976	0.078531444	0.08944911	0.747854	0.747854	4.0	4
DLBCL10842	0.035208017	0.014562084	0.09384871	0.10621459	0.7501666	0.7501666	4.0	4
DLBCL11510	0.10258845	0.7533084	0.042637356	0.033504196	0.067961566	0.7533084	4.0	1
DLBCL_C_D_1103_NULLPAIR	0.040494855	0.033110417	0.14358418	0.7537961	0.029014457	0.7537961	3.0	3
DLBC_FF_A7CQ_TP_NB	0.12029936	0.019411968	0.03436553	0.068180196	0.75774294	0.75774294	4.0	4
DLBCL10971	0.026497502	0.091119274	0.038923256	0.08491881	0.75854117	0.75854117	0.0	4
DLBCL_RICOVER_787	0.76052266	0.020405745	0.0628077	0.11256599	0.043697894	0.76052266	1.0	0
DLBCL_RICOVER_945	0.7613168	0.096936375	0.01688469	0.08218251	0.04267967	0.7613168	0.0	0
DLBCL10541	0.026807768	0.76533896	0.040728305	0.037863072	0.12926188	0.76533896	1.0	1
DLBCL10454	0.14076884	0.030382087	0.04528497	0.0177654	0.7657987	0.7657987	4.0	4
DLBCL10512	0.014098398	0.76630867	0.16194816	0.027970744	0.029674051	0.76630867	2.0	1
DLBCL10986	0.76714367	0.017807378	0.12875928	0.06479108	0.021498576	0.76714367	0.0	0
DLBCL10529	0.010722344	0.11417024	0.04833924	0.05800279	0.7687654	0.7687654	4.0	4
DLBCL10466	0.015048746	0.049621	0.7688783	0.12855704	0.03789491	0.7688783	2.0	2
DLBCL11655	0.15828606	0.0170362	0.023152892	0.7689159	0.03260895	0.7689159	3.0	3
DLBCL10908	0.048690382	0.085677825	0.76894104	0.048499215	0.048191532	0.76894104	4.0	2
DLBCL_RICOVER_361	0.07847592	0.015294806	0.0444028	0.7727437	0.08908274	0.7727437	3.0	3
DLBCL_C_D_1159_NULLPAIR	0.77356005	0.01241437	0.019760173	0.17908873	0.015176686	0.77356005	3.0	0
DLBCL10984	0.019371442	0.14388433	0.014933264	0.046051513	0.77575946	0.77575946	4.0	4
DLBCL10868	0.08715784	0.016939152	0.024197191	0.7760174	0.09568841	0.7760174	3.0	3
DLBCL10885	0.0883929	0.77651227	0.016405588	0.05558843	0.06310083	0.77651227	1.0	1
DLBCL10535	0.041706588	0.068009555	0.08686106	0.026815545	0.7766073	0.7766073	4.0	4
DLBCL11470	0.7793627	0.009663367	0.037922323	0.1565648	0.016486857	0.7793627	0.0	0
DLBCL10490	0.78081363	0.011947216	0.022044873	0.13759048	0.04760378	0.78081363	0.0	0
DLBCL10935	0.7816556	0.1254316	0.017221738	0.040367045	0.03532401	0.7816556	0.0	0
DLBCL10564	0.037818663	0.020680312	0.12079349	0.7826876	0.038019944	0.7826876	3.0	3
DLBCL11518	0.7879765	0.03208731	0.12459255	0.041419253	0.0139243845	0.7879765	2.0	0
DLBCL10888	0.01996239	0.018151771	0.040223893	0.13365425	0.7880077	0.7880077	4.0	4
DLBCL11001	0.09135807	0.020943755	0.056471787	0.041059423	0.790167	0.790167	4.0	4
DLBCL_LS3820	0.021917567	0.035457995	0.7906593	0.1306936	0.02127151	0.7906593	2.0	2
DLBCL11447	0.12146592	0.031284098	0.02414754	0.79071224	0.03239022	0.79071224	3.0	3
DLBCL10858	0.03207146	0.013258377	0.020521987	0.1431754	0.79097277	0.79097277	3.0	4
DLBCL10547	0.111528486	0.038281042	0.040187843	0.79252845	0.017474193	0.79252845	3.0	3
DLBCL10985	0.056121282	0.79302573	0.019438602	0.10089299	0.030521369	0.79302573	1.0	1
DLBCL10881	0.110705905	0.013027128	0.029772652	0.052943807	0.7935505	0.7935505	4.0	4
DLBCL_LS2325	0.074053764	0.7941102	0.07904586	0.035636738	0.017153447	0.7941102	2.0	1
DLBCL_RICOVER_780	0.010623266	0.13606578	0.7962955	0.0247161	0.03229936	0.7962955	1.0	2
DLBCL10536	0.055417392	0.026081624	0.7981782	0.044660017	0.07566277	0.7981782	2.0	2
DLBCL11525	0.06399051	0.015823338	0.79819	0.10828506	0.013711082	0.79819	2.0	2
DLBCL_MC_F139_LJF	0.12276777	0.027347479	0.033130996	0.7997925	0.01696123	0.7997925	3.0	3
DLBCL10965	0.7998057	0.011101361	0.01859675	0.13160762	0.038888596	0.7998057	3.0	0
DLBCL_C_D_1105_NULLPAIR	0.12153617	0.8016948	0.028847247	0.021926709	0.02599508	0.8016948	1.0	1
DLBCL10550	0.018822534	0.017817656	0.117479935	0.044152893	0.801727	0.801727	4.0	4
DLBCL_RICOVER_320	0.03228414	0.07297235	0.80290306	0.048721105	0.04311935	0.80290306	2.0	2
DLBCL11527	0.05473677	0.02028164	0.053361688	0.80330753	0.06831237	0.80330753	3.0	3
DLBCL_LS2590	0.022711722	0.01185475	0.037327178	0.12355575	0.8045506	0.8045506	3.0	4
DLBCL11673	0.023869824	0.8061596	0.10843168	0.019383552	0.042155355	0.8061596	1.0	1
DLBCL10959	0.082413875	0.036444586	0.025416428	0.80727273	0.048452385	0.80727273	0.0	3
DLBCL10487	0.09777519	0.8073218	0.015616483	0.043100037	0.03618647	0.8073218	1.0	1
DLBCL_RICOVER_956	0.013476438	0.8099438	0.028263887	0.019454192	0.12886168	0.8099438	4.0	1
DLBCL10833	0.03525777	0.016209543	0.021600626	0.11458532	0.81234676	0.81234676	4.0	4
DLBCL10970	0.043476798	0.0637779	0.0528829	0.812373	0.027489433	0.812373	3.0	3
DLBCL11000	0.021662585	0.020477317	0.021161187	0.12360724	0.8130917	0.8130917	4.0	4
DLBCL10513	0.08195236	0.02378209	0.06637399	0.8144924	0.013399136	0.8144924	3.0	3
DLBCL_LS1668	0.046945114	0.029433873	0.8149945	0.033331353	0.07529516	0.8149945	1.0	2
DLBCL11664	0.058094732	0.81586426	0.08551501	0.027654782	0.012871193	0.81586426	1.0	1
DLBCL_LS762	0.022704098	0.021296162	0.10892997	0.030139603	0.8169302	0.8169302	2.0	4
DLBCL_RICOVER_1219	0.01837678	0.02690754	0.026959581	0.11032918	0.8174269	0.8174269	4.0	4
DLBCL10462	0.818082	0.022073992	0.03153644	0.08162906	0.046678524	0.818082	0.0	0
DLBCL_RICOVER_1061	0.08433966	0.01233477	0.06723165	0.81891304	0.017180897	0.81891304	3.0	3
DLBCL11481	0.8189766	0.04190914	0.024817929	0.03195316	0.08234318	0.8189766	0.0	0
DLBCL10510	0.021119663	0.81940615	0.027266182	0.02263814	0.10956987	0.81940615	1.0	1
DLBCL_MAYO_DLBCL_234	0.04681912	0.015445325	0.82215345	0.076124564	0.039457563	0.82215345	2.0	2
DLBCL10846	0.09336691	0.8226388	0.017879454	0.040414177	0.025700651	0.8226388	1.0	1
DLBCL10480	0.0955972	0.82292277	0.011860767	0.022693416	0.046925876	0.82292277	1.0	1
DLBCL10488	0.82311267	0.03468366	0.018677982	0.11413732	0.009388352	0.82311267	0.0	0
DLBCL10993	0.0650595	0.014953332	0.036610316	0.059757892	0.82361895	0.82361895	0.0	4
DLBCL11679	0.10714806	0.8236695	0.03822692	0.016796123	0.014159391	0.8236695	1.0	1
DLBCL10554	0.08743011	0.023387007	0.8247119	0.050773997	0.013696988	0.8247119	2.0	2
DLBCL_BWH_DLBCL64	0.051483475	0.055532448	0.051219005	0.8251484	0.016616695	0.8251484	1.0	3
DLBCL_RICOVER_583	0.015991813	0.82721573	0.09996038	0.020837799	0.035994258	0.82721573	1.0	1
DLBCL_LS155	0.024687313	0.013978898	0.8272542	0.03824062	0.095839	0.8272542	2.0	2
DLBCL10848	0.0146831665	0.0124737	0.06264996	0.08146452	0.8287287	0.8287287	4.0	4
DLBCL_C_D_1144_NULLPAIR	0.01621006	0.107554615	0.025577024	0.02172858	0.8289297	0.8289297	4.0	4
DLBCL_LS4054	0.04233183	0.83019996	0.032342605	0.07550315	0.019622445	0.83019996	1.0	1
DLBCL_RICOVER_978	0.8307421	0.019654095	0.02818824	0.10745394	0.013961596	0.8307421	2.0	0
DLBCL10494	0.029240496	0.83379394	0.08748307	0.035625894	0.013856622	0.83379394	1.0	1
DLBCL_RICOVER_1299	0.049343605	0.020892221	0.01506009	0.07995212	0.83475196	0.83475196	4.0	4
DLBCL10932	0.07621076	0.015033091	0.022884687	0.8357221	0.050149377	0.8357221	3.0	3
DLBCL_C_D_1141_NULLPAIR	0.012255602	0.09201353	0.84192604	0.020096961	0.033707842	0.84192604	2.0	2
DLBCL_RICOVER_469	0.06928524	0.01112091	0.8444671	0.047677454	0.027449327	0.8444671	2.0	2
DLBCL10544	0.04855524	0.012663538	0.032822676	0.8456181	0.060340423	0.8456181	3.0	3
DLBCL_RICOVER_1081	0.027092502	0.010534445	0.05527353	0.06081846	0.84628105	0.84628105	4.0	4
DLBCL_RICOVER_274	0.057993677	0.043545473	0.021040125	0.84961027	0.027810479	0.84961027	3.0	3
DLBC_FF_A7CR_TP_NB	0.045179687	0.012392177	0.013870833	0.07839195	0.85016537	0.85016537	4.0	4
DLBCL_C_D_1129_NULLPAIR	0.8516439	0.012175806	0.04853544	0.033708114	0.053936735	0.8516439	0.0	0
DLBCL10887	0.011912847	0.01718872	0.09459318	0.02424138	0.8520639	0.8520639	4.0	4
DLBCL_MC_F210_GWC	0.024939679	0.8522674	0.019018175	0.036954634	0.06682011	0.8522674	1.0	1
DLBCL_MC_F307_JPS	0.85291564	0.020368723	0.015177194	0.091571026	0.019967439	0.85291564	0.0	0
DLBCL_RICOVER_111	0.06853459	0.016550394	0.022518037	0.03558996	0.856807	0.856807	4.0	4
DLBCL10849	0.025939811	0.85755444	0.01602754	0.01568488	0.084793344	0.85755444	1.0	1
DLBCL10458	0.8581364	0.014266969	0.077215984	0.041716095	0.0086645605	0.8581364	0.0	0
DLBCL_RICOVER_950	0.04044966	0.018240158	0.0592728	0.8583979	0.023639472	0.8583979	3.0	3
DLBCL_MC_F362_MJB1	0.010158849	0.8592389	0.08557902	0.012321413	0.032701794	0.8592389	2.0	1
DLBCL10501	0.00940987	0.05393391	0.85989606	0.03395315	0.042806983	0.85989606	2.0	2
DLBCL10469	0.045543693	0.012386844	0.03378592	0.86054116	0.04774236	0.86054116	3.0	3
DLBCL10532	0.021773376	0.0148744825	0.0327486	0.06985984	0.8607437	0.8607437	4.0	4
DLBCL10896	0.86154103	0.0214482	0.010330526	0.05048254	0.05619771	0.86154103	0.0	0
DLBCL11658	0.03349538	0.012434969	0.040950432	0.86197066	0.051148575	0.86197066	3.0	3
DLBCL10873	0.03208304	0.8641815	0.028723307	0.06467916	0.010332947	0.8641815	1.0	1
DFCIDL004_DT	0.034967035	0.009925645	0.027576791	0.06237061	0.8651599	0.8651599	4.0	4
DLBCL_RICOVER_948	0.019706886	0.8653265	0.08446731	0.012144744	0.018354569	0.8653265	1.0	1
DLBCL10874	0.06745583	0.03024661	0.012077404	0.022077797	0.86814237	0.86814237	1.0	4
DLBCL10903	0.009677869	0.86984515	0.07748296	0.010347645	0.032646377	0.86984515	1.0	1
DLBCL_C_D_1156_NULLPAIR	0.8723826	0.01843823	0.013910862	0.08045609	0.014812213	0.8723826	0.0	0
DLBCL_LS1921	0.019674957	0.8730945	0.031846736	0.059931505	0.015452294	0.8730945	1.0	1
DLBCL_RICOVER_1289	0.014496165	0.015864603	0.025339056	0.07062205	0.87367815	0.87367815	4.0	4
DLBCL10782	0.039186005	0.03163337	0.036724098	0.875851	0.016605537	0.875851	3.0	3
DLBCL10898	0.014085346	0.068341956	0.021157209	0.019066133	0.8773494	0.8773494	4.0	4
DLBCL10847	0.04817644	0.046806023	0.01321665	0.013410795	0.8783901	0.8783901	4.0	4
DLBCL10875	0.87869084	0.011739172	0.02452302	0.07295663	0.012090319	0.87869084	0.0	0
DLBCL11661	0.03976853	0.8788361	0.03319587	0.039327085	0.008872421	0.8788361	1.0	1
DLBCL11675	0.01193283	0.009509282	0.8789708	0.029557358	0.070029736	0.8789708	2.0	2
DLBCL11478	0.8794682	0.01333268	0.05331549	0.044387612	0.0094960425	0.8794682	0.0	0
DLBCL_RICOVER_575	0.050055277	0.020690821	0.035668828	0.88088185	0.012703253	0.88088185	3.0	3
DLBCL11676	0.8811844	0.020571936	0.03414194	0.054732427	0.009369271	0.8811844	0.0	0
DLBCL10978	0.036170974	0.021877145	0.032478135	0.88225865	0.02721511	0.88225865	3.0	3
DLBCL_C_D_1125_NULLPAIR	0.012497623	0.079169415	0.0124552585	0.01165692	0.8842208	0.8842208	4.0	4
DLBCL_RICOVER_701	0.03826891	0.023321727	0.031018885	0.8855302	0.021860326	0.8855302	3.0	3
DLBCL11564	0.033946186	0.02285201	0.031935412	0.8863661	0.024900243	0.8863661	3.0	3
DLBCL_RICOVER_985	0.029497003	0.017291494	0.04036633	0.8872596	0.025585558	0.8872596	3.0	3
DLBCL11460	0.040857647	0.025685558	0.025891	0.88785136	0.019714428	0.88785136	3.0	3
DLBCL10780	0.012622168	0.8879304	0.04664802	0.037820313	0.014979126	0.8879304	1.0	1
DLBCL10916	0.0173454	0.04031107	0.012729597	0.040128298	0.88948566	0.88948566	4.0	4
DLBCL10845	0.012151162	0.88986987	0.01648599	0.026172677	0.055320326	0.88986987	1.0	1
DLBCL11194	0.018038105	0.0120626865	0.021110171	0.058396723	0.8903923	0.8903923	4.0	4
DLBCL11520	0.89183354	0.0067214943	0.011841068	0.04031682	0.049287096	0.89183354	0.0	0
DLBCL_RICOVER_288	0.060622733	0.89210695	0.016680777	0.019225517	0.011363994	0.89210695	1.0	1
DLBCL11464	0.050832245	0.01912053	0.022397898	0.8927926	0.014856734	0.8927926	3.0	3
DLBCL11353	0.008022663	0.02900424	0.04944963	0.020352378	0.8931711	0.8931711	4.0	4
DLBCL10972	0.8941283	0.012447962	0.013617205	0.05169862	0.028107896	0.8941283	0.0	0
DLBCL10525	0.89478123	0.0066254567	0.052539796	0.024401976	0.02165155	0.89478123	0.0	0
DLBCL10989	0.020805458	0.8964174	0.018717187	0.034922197	0.029137764	0.8964174	1.0	1
DLBCL10893	0.014870773	0.016380867	0.017227061	0.054276165	0.8972451	0.8972451	4.0	4
DLBCL11208	0.029131522	0.89852333	0.03423638	0.021543605	0.01656517	0.89852333	1.0	1
DLBCL_C_D_1153_NULLPAIR	0.012820225	0.054015104	0.014322584	0.019682879	0.8991592	0.8991592	3.0	4
DLBCL10913	0.89939237	0.008259576	0.008832433	0.042746726	0.040768925	0.89939237	0.0	0
DLBCL_RICOVER_1235	0.014057094	0.9015891	0.059561964	0.012370783	0.012421074	0.9015891	1.0	1
DLBCL11480	0.90176874	0.008591891	0.014091507	0.04884353	0.02670433	0.90176874	0.0	0
DLBCL11346	0.023712069	0.90244764	0.022422953	0.013789639	0.03762772	0.90244764	1.0	1
DLBCL11462	0.90293634	0.008674085	0.029922243	0.02220974	0.036257565	0.90293634	0.0	0
DLBCL10939	0.03249496	0.014673435	0.0288074	0.9039929	0.020031288	0.9039929	3.0	3
DLBCL_LS1304	0.020600772	0.020609627	0.027055366	0.026581759	0.9051525	0.9051525	2.0	4
DLBCL11595	0.017728208	0.049242377	0.008798891	0.017953355	0.9062772	0.9062772	4.0	4
DLBCL10871	0.011357299	0.90717494	0.01562639	0.01087126	0.054970093	0.90717494	1.0	1
DLBCL10852	0.030755986	0.020220274	0.010922101	0.030151716	0.9079499	0.9079499	4.0	4
DLBCL11496	0.9082476	0.04021631	0.009944037	0.02221963	0.019372445	0.9082476	0.0	0
DLBCL_LS2357	0.0319777	0.010863589	0.02631325	0.9096174	0.021228056	0.9096174	3.0	3
DLBCL11523	0.019655451	0.008831554	0.02239285	0.03949893	0.90962124	0.90962124	0.0	4
DLBCL_RICOVER_467	0.009664656	0.057269495	0.012995103	0.01011676	0.909954	0.909954	1.0	4
DLBCL10522	0.013172629	0.008838552	0.9106432	0.021682538	0.045663062	0.9106432	2.0	2
DLBCL10924	0.021609366	0.011174542	0.012091321	0.042753104	0.9123717	0.9123717	4.0	4
DLBCL_RICOVER_151	0.017114412	0.91389847	0.019841183	0.029823877	0.019322047	0.91389847	3.0	1
DLBCL10509	0.017319987	0.91433764	0.02002465	0.013755811	0.03456193	0.91433764	0.0	1
DLBCL10497	0.032176197	0.012389406	0.021558931	0.9144686	0.01940689	0.9144686	3.0	3
DLBCL_RICOVER_678	0.027308652	0.9144862	0.012356062	0.009503513	0.03634554	0.9144862	1.0	1
DLBCL10928	0.9147781	0.010537486	0.016189719	0.03724161	0.02125308	0.9147781	0.0	0
DLBCL11669	0.018602181	0.014896094	0.9149105	0.044453457	0.0071377535	0.9149105	2.0	2
DLBCL10889	0.011483552	0.011126956	0.018005969	0.044443797	0.9149397	0.9149397	4.0	4
DLBCL11488	0.9163781	0.006826475	0.0075096097	0.05083227	0.018453564	0.9163781	0.0	0
DLBCL_MC_F739_AMA3	0.00857955	0.9183364	0.05133462	0.009413726	0.012335686	0.9183364	1.0	1
DLBCL10967	0.016594384	0.008348927	0.030183706	0.024521768	0.9203512	0.9203512	4.0	4
DLBCL_RICOVER_711	0.031402383	0.9207244	0.011417025	0.02574861	0.010707605	0.9207244	3.0	1
DLBCL10467	0.013806527	0.011171032	0.026927682	0.027350377	0.92074436	0.92074436	4.0	4
DLBCL_LS3245	0.0076061804	0.9222272	0.042550854	0.01435403	0.013261748	0.9222272	1.0	1
DLBCL_RICOVER_506	0.01123395	0.039225277	0.011712693	0.014608293	0.9232198	0.9232198	4.0	4
DLBCL10918	0.9236051	0.008463822	0.008687189	0.020559935	0.038683973	0.9236051	0.0	0
DLBCL11456	0.011878381	0.9253193	0.030313274	0.023298632	0.009190413	0.9253193	1.0	1
DLBCL11516	0.011591397	0.92574155	0.029087909	0.018087747	0.015491393	0.92574155	1.0	1
DLBCL_MC_F064AB	0.009693978	0.012930721	0.9258972	0.040449914	0.011028179	0.9258972	2.0	2
DLBCL_RICOVER_1046	0.0065780203	0.030347614	0.92700243	0.0137908375	0.022281125	0.92700243	1.0	2
DLBCL10453	0.010331468	0.03371651	0.013297341	0.015266921	0.9273878	0.9273878	1.0	4
DLBCL10956	0.0091830455	0.92926645	0.015244932	0.007856199	0.038449362	0.92926645	1.0	1
DFCIDL009_DT	0.00752942	0.034367688	0.9312807	0.015856314	0.010965891	0.9312807	2.0	2
DLBCL11526	0.026294295	0.009386827	0.9317481	0.024923988	0.007646798	0.9317481	2.0	2
DLBCL10895	0.007725448	0.036775477	0.0114148455	0.011136951	0.9329473	0.9329473	4.0	4
DLBCL10969	0.9337728	0.016864862	0.011632525	0.021316377	0.016413439	0.9337728	0.0	0
DLBCL10997	0.9348897	0.0064753983	0.00709449	0.037419967	0.014120467	0.9348897	0.0	0
DLBCL10463	0.0069878204	0.009430622	0.01352963	0.034432244	0.93561965	0.93561965	4.0	4
DLBCL11512	0.9367391	0.022143066	0.00822932	0.024903921	0.007984587	0.9367391	0.0	0
DLBCL11537	0.9367438	0.0046170065	0.014793195	0.02293622	0.020909775	0.9367438	0.0	0
DLBCL10902	0.007824912	0.025131406	0.01497441	0.015056837	0.93701243	0.93701243	4.0	4
DLBCL_RICOVER_850	0.012983228	0.017402455	0.009026545	0.023064936	0.9375228	0.9375228	4.0	4
DLBCL_RICOVER_839	0.018139496	0.9375768	0.02025075	0.013240964	0.010792039	0.9375768	1.0	1
DLBCL10492	0.019202283	0.0071789883	0.013254199	0.022365145	0.93799937	0.93799937	0.0	4
DLBCL11507	0.026006393	0.938708	0.016257146	0.008122709	0.010905763	0.938708	1.0	1
DLBCL11435	0.9402772	0.004757636	0.009336325	0.036396403	0.009232411	0.9402772	0.0	0
DLBCL10880	0.015374158	0.010393473	0.024910923	0.008412398	0.940909	0.940909	4.0	4
DLBCL_LS378	0.9410585	0.010253668	0.021276895	0.022166481	0.0052444167	0.9410585	0.0	0
DLBCL_RICOVER_533	0.019954491	0.9411449	0.013789331	0.016763015	0.008348254	0.9411449	1.0	1
DLBCL11195	0.007538371	0.01837205	0.010220158	0.02229769	0.9415717	0.9415717	4.0	4
DLBCL11565	0.008011596	0.9423112	0.01017733	0.012907433	0.02659244	0.9423112	1.0	1
DLBCL11558	0.015068716	0.0076508317	0.9426306	0.028531823	0.006118058	0.9426306	2.0	2
DLBCL_C_D_1166_NULLPAIR	0.006418118	0.031218167	0.009453787	0.0102429055	0.942667	0.942667	4.0	4
DLBCL10890	0.006905765	0.03187706	0.008528448	0.0097666625	0.94292206	0.94292206	4.0	4
DLBCL10482	0.943094	0.0142989	0.010393176	0.01624148	0.015972404	0.943094	0.0	0
DLBCL11430	0.9434188	0.006305364	0.009720937	0.033576004	0.0069788857	0.9434188	0.0	0
DLBCL_MC_F262_WLC	0.9444473	0.009910138	0.005305185	0.029692637	0.010644748	0.9444473	0.0	0
DLBCL_MC_F729_MAN	0.010128769	0.94469464	0.016775507	0.01039552	0.018005555	0.94469464	1.0	1
DLBCL_C_D_1114_NULLPAIR	0.9447213	0.00568732	0.0056766616	0.034297917	0.009616845	0.9447213	0.0	0
DLBCL_C_D_1113_NULLPAIR	0.01076059	0.013977325	0.9459256	0.016950445	0.012386052	0.9459256	2.0	2
DLBCL11498	0.027090745	0.9463043	0.0096568875	0.007295061	0.0096529685	0.9463043	1.0	1
DLBCL10843	0.9467531	0.0056831297	0.009637953	0.028207552	0.009718292	0.9467531	0.0	0
DLBCL11541	0.0079147285	0.019896448	0.9478408	0.011381442	0.012966575	0.9478408	2.0	2
DLBCL_LS3809	0.94821435	0.0075039547	0.017236795	0.01744025	0.0096046515	0.94821435	0.0	0
DLBCL_RICOVER_826	0.9489991	0.0043506967	0.006264832	0.02456857	0.015816806	0.9489991	0.0	0
DLBCL10514	0.011804727	0.017182183	0.94913435	0.015342852	0.0065358756	0.94913435	2.0	2
DLBCL_LS1098	0.007411649	0.0069661983	0.9496004	0.025647962	0.010373819	0.9496004	2.0	2
DLBCL11501	0.9497582	0.012410842	0.006382186	0.021180341	0.010268447	0.9497582	0.0	0
DLBCL11473	0.95015717	0.004189558	0.0074506653	0.022274766	0.015927818	0.95015717	0.0	0
DLBCL_RICOVER_1329	0.010992049	0.022441737	0.0070086503	0.009099668	0.9504579	0.9504579	4.0	4
DLBCL10951	0.013665454	0.013188446	0.010080274	0.012595483	0.9504703	0.9504703	4.0	4
DLBCL11477	0.95085406	0.0058716363	0.010864046	0.023304194	0.009106077	0.95085406	0.0	0
DLBCL10900	0.012750734	0.006405023	0.009635139	0.019372681	0.9518364	0.9518364	4.0	4
DLBCL_C_D_1152_NULLPAIR	0.008185566	0.9526074	0.020157099	0.007489105	0.011560841	0.9526074	1.0	1
DLBCL_RICOVER_1032	0.0073710755	0.9539974	0.008232433	0.007804262	0.022594882	0.9539974	4.0	1
DLBCL10464	0.014945324	0.009909771	0.95437497	0.01172132	0.00904863	0.95437497	2.0	2
DLBCL10859	0.0075279614	0.954464	0.009626346	0.006653469	0.021728233	0.954464	1.0	1
DLBCL_RICOVER_1263	0.009758651	0.0095976405	0.95453453	0.008703717	0.017405447	0.95453453	2.0	2
DLBCL11670	0.0052894633	0.008315302	0.9550295	0.02349822	0.0078675	0.9550295	2.0	2
DLBCL11458	0.015061212	0.011455841	0.9553071	0.009520373	0.0086554745	0.9553071	2.0	2
DLBCL10484	0.01269014	0.95548916	0.0127772065	0.013065899	0.005977584	0.95548916	1.0	1
DLBCL11004	0.00613492	0.00784933	0.008692134	0.021469412	0.9558542	0.9558542	4.0	4
DLBCL10996	0.9566497	0.0051349457	0.00570455	0.014480657	0.018030101	0.9566497	0.0	0
DLBCL10961	0.0041293656	0.013058249	0.011825354	0.014272002	0.95671505	0.95671505	4.0	4
DLBCL10856	0.005609716	0.011573434	0.9567479	0.009910762	0.016158225	0.9567479	2.0	2
DLBCL10977	0.007416055	0.014010395	0.0116929645	0.010110306	0.9567703	0.9567703	4.0	4
DLBCL_LS2089	0.0057833306	0.956951	0.008734118	0.0054317056	0.023099827	0.956951	1.0	1
DLBCL_LS1065	0.010807223	0.9570374	0.010642452	0.008205155	0.013307784	0.9570374	1.0	1
DLBCL10911	0.010973192	0.9573267	0.011623871	0.007762868	0.012313348	0.9573267	1.0	1
DLBCL10930	0.011172184	0.0075923884	0.014290633	0.009028674	0.95791614	0.95791614	4.0	4
DLBCL10992	0.0063937856	0.005955646	0.010926577	0.018218152	0.95850587	0.95850587	4.0	4
DLBCL10457	0.006933503	0.01584914	0.00968919	0.008871565	0.9586566	0.9586566	4.0	4
DLBCL_C_D_1133_NULLPAIR	0.0053833574	0.01779484	0.95916486	0.0111254575	0.0065315017	0.95916486	2.0	2
DLBCL11443	0.9594661	0.003737723	0.008145847	0.013784056	0.014866257	0.9594661	0.0	0
DLBCL10990	0.00933762	0.017773898	0.0067040734	0.0064323233	0.9597521	0.9597521	4.0	4
DLBCL10850	0.0144103635	0.9611929	0.012071917	0.0050855475	0.00723926	0.9611929	1.0	1
DLBCL_RICOVER_449	0.01305921	0.0073888	0.0050201933	0.012344822	0.962187	0.962187	4.0	4
DLBCL_RICOVER_267	0.0049064253	0.0055374163	0.9624909	0.014878982	0.012186262	0.9624909	2.0	2
DLBCL11573	0.0073426836	0.012824036	0.96305877	0.011009826	0.005764667	0.96305877	2.0	2
DLBCL_LS2599	0.010890068	0.00615877	0.9640063	0.014518334	0.0044265306	0.9640063	2.0	2
DLBCL10862	0.0051040067	0.007045946	0.013656964	0.01012493	0.9640682	0.9640682	4.0	4
DLBCL10867	0.0057676546	0.9643124	0.008492236	0.008101157	0.013326555	0.9643124	4.0	1
DLBCL10876	0.0057304604	0.009155005	0.00851707	0.011655656	0.9649418	0.9649418	4.0	4
DLBCL11685	0.00498848	0.0051768785	0.9658515	0.01007609	0.013907081	0.9658515	2.0	2
DLBCL_C_D_1106_NULLPAIR	0.013872165	0.9662492	0.00783248	0.004782558	0.007263588	0.9662492	1.0	1
DLBCL11242	0.010797464	0.0053763147	0.0071466602	0.009874547	0.96680504	0.96680504	4.0	4
DLBCL11188	0.005648713	0.96681744	0.013080604	0.0068015684	0.007651652	0.96681744	1.0	1
DLBCL11569	0.005251933	0.012270715	0.9677925	0.010680467	0.0040043504	0.9677925	2.0	2
DLBCL_MC_F089_HCZ	0.005661406	0.96808606	0.007931942	0.0108147925	0.0075057982	0.96808606	1.0	1
DLBCL10922	0.0093204975	0.96812326	0.007528328	0.006601436	0.008426463	0.96812326	1.0	1
DLBCL10891	0.0053264135	0.005315012	0.008202677	0.012700866	0.968455	0.968455	4.0	4
DLBCL_DFCI_DLBCL_GOE16	0.0056045135	0.006073343	0.9685656	0.014166703	0.0055898433	0.9685656	2.0	2
DLBCL_RICOVER_577	0.0066603916	0.0106658405	0.9690796	0.0087552825	0.004838871	0.9690796	2.0	2
DLBCL11187	0.0058862385	0.005938743	0.0067118816	0.012287501	0.96917564	0.96917564	4.0	4
DLBCL_LS4593	0.005178825	0.0051142513	0.9692085	0.01251292	0.007985534	0.9692085	2.0	2
DLBCL_LS3749	0.006416711	0.96954757	0.0091652	0.01023137	0.0046391273	0.96954757	1.0	1
DLBCL_RICOVER_1269	0.005117217	0.008450758	0.97013634	0.010642501	0.0056531667	0.97013634	2.0	2
DLBCL10515	0.9702531	0.007889122	0.0035535344	0.013029204	0.0052750586	0.9702531	0.0	0
DLBCL11513	0.006057215	0.005936664	0.010188727	0.007409675	0.9704077	0.9704077	4.0	4
DLBCL_LS297	0.0050931056	0.005012629	0.97062093	0.013073174	0.006200182	0.97062093	2.0	2
DLBCL10917	0.0063173524	0.97101974	0.007257045	0.0046243058	0.010781569	0.97101974	1.0	1
DFCIDL008_DT	0.005582901	0.011246322	0.006574797	0.0048225615	0.97177345	0.97177345	4.0	4
DLBCL10883	0.011147722	0.0059475238	0.0043159993	0.006523335	0.97206545	0.97206545	4.0	4
DLBCL10884	0.9721804	0.0032333038	0.008404787	0.01275803	0.0034234498	0.9721804	0.0	0
DLBCL10452	0.0046374802	0.97224814	0.010814512	0.0064728884	0.005826992	0.97224814	1.0	1
DLBCL_LS1757	0.9724473	0.0035438356	0.0053191334	0.014140292	0.0045494563	0.9724473	0.0	0
DLBCL10860	0.0034212605	0.00918927	0.0075735045	0.007186165	0.9726298	0.9726298	4.0	4
DLBCL11511	0.97276545	0.002449166	0.006862268	0.011754202	0.006168916	0.97276545	0.0	0
DLBCL10870	0.0040629758	0.0067266547	0.008978292	0.00703358	0.9731985	0.9731985	4.0	4
DLBCL11667	0.005311681	0.006934518	0.97345436	0.010562929	0.0037365083	0.97345436	2.0	2
DLBCL_LS1683	0.004198859	0.9736911	0.010044564	0.005364395	0.006701067	0.9736911	1.0	1
DLBCL_RICOVER_134	0.0034788938	0.009449064	0.0044502923	0.0074438932	0.9751779	0.9751779	4.0	4
DLBCL_RICOVER_299	0.0051468075	0.97646695	0.0071790144	0.0037196137	0.007487596	0.97646695	1.0	1
DLBCL_C_D_1123_NULLPAIR	0.9769525	0.0032381814	0.0042414344	0.012530989	0.0030369218	0.9769525	0.0	0
DLBCL11542	0.0038693263	0.005446184	0.9770075	0.010585459	0.0030914983	0.9770075	2.0	2
DLBCL_RICOVER_712	0.003774183	0.007155712	0.004209242	0.006537229	0.97832364	0.97832364	4.0	4
DLBCL_MAYO_DLBCL_5613	0.9788935	0.0032751195	0.0038554154	0.0077034016	0.0062725246	0.9788935	0.0	0
DLBCL10517	0.00473393	0.97890294	0.007035082	0.0040365774	0.0052914727	0.97890294	1.0	1
DLBCL10471	0.0061825565	0.006456759	0.003747648	0.0038919488	0.97972107	0.97972107	4.0	4
DLBCL_RICOVER_221	0.0032266811	0.004454111	0.005570057	0.006484895	0.98026425	0.98026425	4.0	4
DLBCL10864	0.0025724014	0.0043940647	0.006230375	0.0064146854	0.98038846	0.98038846	4.0	4
DLBCL_RICOVER_451	0.9814862	0.0021888968	0.004168517	0.007991048	0.004165361	0.9814862	0.0	0
DLBCL11662	0.9824187	0.0029582272	0.0022919665	0.008948833	0.0033822719	0.9824187	0.0	0
DLBCL10781	0.004071852	0.003744911	0.0038860727	0.005476786	0.9828204	0.9828204	4.0	4
DLBCL11680	0.005185606	0.0029571273	0.9833377	0.005550902	0.0029686652	0.9833377	2.0	2
DLBCL11450	0.003517428	0.004912995	0.0031803865	0.00500437	0.98338485	0.98338485	4.0	4
DLBCL_RICOVER_685	0.0023855453	0.0053227516	0.003990678	0.004711015	0.98359	0.98359	4.0	4
DLBCL10530	0.0031034185	0.0049863895	0.004340353	0.0038867295	0.9836831	0.9836831	4.0	4
DLBCL_RICOVER_174	0.0059343064	0.9838266	0.0038569418	0.0029939073	0.003388275	0.9838266	1.0	1
DLBCL11428	0.0033318847	0.002639786	0.9840644	0.007016101	0.002947828	0.9840644	2.0	2
DLBCL10460	0.004067229	0.9842891	0.0058063976	0.0027129531	0.0031243348	0.9842891	1.0	1
DLBCL_LS4592	0.0024599924	0.0029493598	0.98429847	0.0066203624	0.003671801	0.98429847	2.0	2
DLBCL10519	0.0031277265	0.9847931	0.0054568993	0.0033453226	0.0032769183	0.9847931	1.0	1
DLBCL_MC_F606_DMJ	0.0029538258	0.0038297386	0.9851669	0.0051472383	0.0029022668	0.9851669	2.0	2
DLBCL11440	0.003787455	0.0034296724	0.003174348	0.004364561	0.985244	0.985244	4.0	4
DLBCL10988	0.0025857675	0.98546594	0.0045247693	0.0039581554	0.00346539	0.98546594	1.0	1
DLBCL10459	0.002299407	0.0041871443	0.9857628	0.005061043	0.0026896605	0.9857628	2.0	2
DFCIDL010_DT	0.98577	0.0028220913	0.0028150186	0.0064641433	0.0021287617	0.98577	0.0	0
DLBCL10931	0.9859036	0.0014831669	0.002453492	0.006389363	0.0037703759	0.9859036	0.0	0
DFCIDL003_DT	0.0024588702	0.98599344	0.006136003	0.0021566923	0.0032549715	0.98599344	1.0	1
DLBCL10912	0.9874273	0.001306934	0.0026004713	0.0067368797	0.0019284097	0.9874273	0.0	0
DLBCL_C_D_1128_NULLPAIR	0.98767394	0.0015043775	0.0020923084	0.0057254885	0.0030038625	0.98767394	0.0	0
DLBCL_MC_F519_ALT	0.0020851742	0.004488389	0.0025586942	0.0031786016	0.98768914	0.98768914	4.0	4
DLBCL_C_D_1135_NULLPAIR	0.0020997096	0.98798007	0.004162928	0.00245666	0.0033006393	0.98798007	1.0	1
DLBCL10495	0.98832357	0.0019986732	0.0017370665	0.0055036424	0.00243705	0.98832357	0.0	0
DLBCL10834	0.0038254007	0.988509	0.002716382	0.0022008603	0.0027483513	0.988509	1.0	1
DLBCL_RICOVER_829	0.98864824	0.002316036	0.0018857949	0.0046379115	0.0025120464	0.98864824	0.0	0
DLBCL_MC_F349_BJJ	0.0022559655	0.0024649543	0.9886604	0.0041077323	0.0025109437	0.9886604	2.0	2
DLBCL_LS3200	0.0018409123	0.0039908714	0.0024288844	0.0027360579	0.9890033	0.9890033	4.0	4
DLBCL11203	0.0018636507	0.9891503	0.0029311588	0.0025046663	0.0035502333	0.9891503	1.0	1
DLBCL_C_D_1163_NULLPAIR	0.0018446906	0.0021177405	0.002525438	0.003772058	0.9897401	0.9897401	4.0	4
DLBCL_LS146	0.0028057161	0.99006146	0.0031188289	0.0018607419	0.002153236	0.99006146	1.0	1
DLBCL11666	0.0015095639	0.0021571515	0.9908669	0.003584711	0.001881648	0.9908669	2.0	2
DLBCL_MC_F502_RFK	0.0015813868	0.9917471	0.0025314272	0.0013702511	0.0027698774	0.9917471	1.0	1
DLBCL10465	0.0012807817	0.0017240467	0.9928965	0.002804732	0.0012939208	0.9928965	2.0	2
DLBCL_RICOVER_1293	0.0011300488	0.0020733238	0.0015243134	0.0023390886	0.9929332	0.9929332	4.0	4
DLBCL_RICOVER_1248	0.0009847998	0.0017494124	0.0011954419	0.0017387783	0.99433154	0.99433154	4.0	4
DLBCL_RICOVER_417	0.001032358	0.0017704007	0.0013858046	0.001442464	0.994369	0.994369	4.0	4
DLBCL10534	0.0009859654	0.0014242688	0.0013182628	0.0016782266	0.99459326	0.99459326	4.0	4
DLBCL_C_D_1136_NULLPAIR	0.0008613535	0.9965066	0.0009958267	0.0006880691	0.0009481608	0.9965066	1.0	1
DLBCL_MAYO_DLBCL_7359	0.0006608092	0.9966683	0.00098214	0.0005585144	0.0011302598	0.9966683	1.0	1
DLBCL_C_D_1108_NULLPAIR	0.00057574577	0.9975735	0.00067773974	0.00048466332	0.0006883579	0.9975735	1.0	1
DLBCL_RICOVER_253	-9.320265e-05	1.0003886	-0.00012251083	-7.1366005e-05	-0.00010157818	1.0003886	1.0	1
