	C1	C2	C3	C4	C5	Confidence	True Cluster	Predicted Cluster
DLBCL_LS2154	0.2131674258924389	0.18252732332979343	0.21522081135705012	0.15376017149622864	0.235324267924489	0.235324267924489	0.0	4
DLBCL11541	0.212935383304565	0.18395482768705546	0.23750548541820815	0.15264800371663426	0.21295629987353717	0.23750548541820815	2.0	2
DLBCL_LS4619	0.21837291586176208	0.1738344833861203	0.23915409023737472	0.15106075541400094	0.2175777551007419	0.23915409023737472	4.0	2
DLBCL_RICOVER_678	0.23924083160599924	0.1791948932924552	0.21722137407514286	0.15424202017285688	0.21010088085354586	0.23924083160599924	1.0	0
DLBCL11441	0.2392465617214484	0.18482410497126728	0.21263977276322205	0.15087808412218376	0.2124114764218786	0.2392465617214484	2.0	0
DLBCL_C_D_1128_NULLPAIR	0.21288412571887133	0.18137207885499676	0.21490360124964894	0.1511733420957639	0.23966685208071908	0.23966685208071908	0.0	4
DLBCL10849	0.2147474346020066	0.17922811410835862	0.24059357513575738	0.15432161970511085	0.21110925644876666	0.24059357513575738	1.0	2
DLBCL10970	0.24076380577906772	0.17967059714609693	0.21766426608530046	0.14911176951149685	0.2127895614780381	0.24076380577906772	3.0	0
DLBCL11509	0.24113704390074528	0.18401068247642396	0.20926514624772163	0.14534101690226706	0.22024611047284195	0.24113704390074528	0.0	0
DLBCL_LS843	0.21841718875653027	0.1756290642352659	0.2415934946488269	0.1542400682526236	0.21012018410675334	0.2415934946488269	2.0	2
DLBCL_RICOVER_744	0.2420932158700501	0.1760233665726828	0.2107334382493685	0.1553097354976859	0.21584024381021272	0.2420932158700501	2.0	0
DLBCL10877	0.21498874514338365	0.17401122367431546	0.24241984913255896	0.15715176025137492	0.21142842179836707	0.24241984913255896	0.0	2
DLBCL11534	0.218364031925801	0.17661440672994294	0.20993576592395993	0.1524915971289363	0.24259419829135978	0.24259419829135978	2.0	4
DLBC_FF_8062_TP_NB	0.24280863151936224	0.18192878639113694	0.20937312019859616	0.14893756295102814	0.21695189893987646	0.24280863151936224	3.0	0
DLBCL_MAYO_DLBCL_3653	0.24307345671877348	0.176720753512318	0.2153144735968226	0.1495242321639781	0.21536708400810778	0.24307345671877348	0.0	0
DLBCL11478	0.2116430476264032	0.17822813279266536	0.24307951751911336	0.14745054182896267	0.21959876023285527	0.24307951751911336	0.0	2
DLBCL11446	0.2157310690532822	0.17067858456559162	0.2193762695654991	0.15097660118922668	0.24323747562640038	0.24323747562640038	1.0	4
DLBCL11663	0.21025321032709843	0.17416535893655008	0.243342772304519	0.15369380485614886	0.21854485357568357	0.243342772304519	0.0	2
DLBCL_C_D_1113_NULLPAIR	0.21537961985068282	0.17649739572452178	0.21651370377563553	0.14796880789490113	0.24364047275425868	0.24364047275425868	2.0	4
DLBCL10974	0.24373968324999656	0.17290837564986952	0.22194663223485844	0.14912560041673611	0.2122797084485393	0.24373968324999656	3.0	0
DLBCL_MC_F307_JPS	0.24467217904315636	0.18249300311788633	0.2149598523620543	0.14599981150728478	0.2118751539696183	0.24467217904315636	0.0	0
DLBCL_LS4054	0.21362965179261814	0.1776523383558882	0.24556478240950472	0.1486405879903346	0.21451263945165436	0.24556478240950472	1.0	2
DLBCL_LS762	0.22002172853863067	0.17629120921163327	0.20789581951599717	0.1491611468563457	0.24663009587739315	0.24663009587739315	2.0	4
DLBCL11501	0.21151067421704825	0.17915622173023343	0.2472033217329361	0.14579426118590108	0.2163355211338811	0.2472033217329361	0.0	2
DLBCL_RICOVER_950	0.24767536902676218	0.17347655414412552	0.21270577251164924	0.14979233778698983	0.2163499665304733	0.24767536902676218	3.0	0
DLBCL_MC_F927_JHS	0.2158905026712509	0.1813791077881181	0.24853817443587345	0.1546240528973049	0.19956816220745266	0.24853817443587345	4.0	2
DLBCL_C_D_PAIR13	0.21502273745786443	0.17564911194503532	0.24910964470025734	0.15794852485687755	0.2022699810399654	0.24910964470025734	4.0	2
DLBCL11437	0.20819422498265527	0.1763070951552344	0.2498151671803318	0.1522818354533191	0.2134016772284595	0.2498151671803318	3.0	2
DLBCL10890	0.2506256990744839	0.17290919808726696	0.21959439512083923	0.146587993092026	0.21028271462538387	0.2506256990744839	4.0	0
DLBCL10869	0.20535789462754425	0.182139966093185	0.25077846344152466	0.148374253211581	0.2133494226261651	0.25077846344152466	0.0	2
DLBCL10908	0.21413953879090109	0.17663413551538001	0.25089713461936475	0.15264943356523633	0.20567975750911777	0.25089713461936475	4.0	2
DLBCL_C_D_1140_NULLPAIR	0.21816499550268553	0.175786349666916	0.2510563001295826	0.15361314752624478	0.20137920717457095	0.2510563001295826	4.0	2
DLBCL_RICOVER_583	0.16094322034118028	0.2833567763778276	0.23579894722359115	0.14948192524548726	0.17041913081191365	0.2833567763778276	1.0	1
DLBCL_RICOVER_1283	0.16196414737689957	0.2870870114552496	0.23754550919639542	0.14653567954450264	0.16686765242695287	0.2870870114552496	2.0	1
DLBCL10859	0.16088830319830796	0.2908568492210922	0.2291757309669307	0.15012394006265697	0.16895517655101225	0.2908568492210922	1.0	1
DLBCL_RICOVER_712	0.1607711684928831	0.29333636300396915	0.2275626253482845	0.15114386096901927	0.16718598218584402	0.29333636300396915	4.0	1
DLBCL11208	0.1618309213850197	0.29487632734049685	0.23816188280435924	0.1499803237577657	0.1551505447123586	0.29487632734049685	1.0	1
DLBCL11434	0.1587154375482986	0.29808141533590427	0.23109146370272754	0.14849839857096378	0.16361328484210583	0.29808141533590427	0.0	1
DLBCL_LS3499	0.15303244634261662	0.2999512944816251	0.24001505556624314	0.1444300004025266	0.16257120320698862	0.2999512944816251	3.0	1
DLBCL11471	0.14555516775204383	0.3059761228823789	0.2587576264174845	0.12390057011702761	0.16581051283106515	0.3059761228823789	3.0	1
DLBCL10906	0.2691909424438905	0.31174325731975294	0.19886444982471219	0.1152579124443904	0.10494343796725383	0.31174325731975294	1.0	1
DLBCL11203	0.12416367609275449	0.1727744322630469	0.32187223513548713	0.12995799306214573	0.2512316634465657	0.32187223513548713	1.0	2
DLBCL_RICOVER_1269	0.21984026773144907	0.2836165009185774	0.33764636968111883	0.07399394170001822	0.08490291996883657	0.33764636968111883	2.0	2
DLBCL11457	0.27460555980315593	0.045317551902101606	0.04220962235424833	0.33862875930318126	0.2992385066373128	0.33862875930318126	0.0	3
DLBCL_C_D_1153_NULLPAIR	0.12122209543184106	0.34275312511461226	0.041322778711778974	0.27402163891902426	0.22068036182274353	0.34275312511461226	3.0	1
DLBCL11484	0.14004049265618868	0.28135233876502574	0.3429751033538026	0.11972734256803959	0.11590472265694331	0.3429751033538026	1.0	2
DLBCL11477	0.29117270281770474	0.026452133649451412	0.034121310388417266	0.3045699897434391	0.34368386340098733	0.34368386340098733	0.0	4
DLBCL10527	0.03232374312783873	0.1003686627952591	0.3030758684768697	0.35142568996670526	0.21280603563332734	0.35142568996670526	3.0	3
DLBCL10853	0.23049010786067414	0.3539558155390428	0.16578308715730217	0.04865674936433291	0.20111424007864787	0.3539558155390428	4.0	1
DLBCL_MC_F519_ALT	0.08593572364510782	0.35453345036682676	0.16755255785800566	0.08654824773105706	0.3054300203990027	0.35453345036682676	4.0	1
DLBCL_MAYO_DLBCL_5613	0.08615051647373373	0.3573286929522277	0.1668131964704771	0.08737757710763935	0.3023300169959221	0.3573286929522277	0.0	1
DLBCL10898	0.16471644161635343	0.13584772984481924	0.1741343422760597	0.3579143174558208	0.167387168806947	0.3579143174558208	4.0	3
DLBCL_LS3820	0.1377036260569214	0.24185624612206771	0.1308486447460818	0.367015281909966	0.12257620116496314	0.367015281909966	2.0	3
DLBCL_MC_F210_GWC	0.10254687049980166	0.21323258719390728	0.08640445789480584	0.3755424535631715	0.22227363084831367	0.3755424535631715	1.0	3
DLBCL_MC_F815_BAT	0.14760364618226027	0.223437496346306	0.129203535598356	0.3783838528311393	0.12137146904193834	0.3783838528311393	2.0	3
DLBCL10868	0.20836841562425623	0.019413487633146678	0.06548283559343619	0.3269652727180782	0.37976998843108284	0.37976998843108284	3.0	4
DLBCL11194	0.379836774646715	0.03639708929874133	0.26545455878794494	0.20236888792798435	0.11594268933861447	0.379836774646715	4.0	0
DLBCL_MC_F496DMP	0.13387449503934135	0.38107001010964453	0.10991380968770428	0.07433652170239212	0.30080516346091796	0.38107001010964453	1.0	1
DLBCL_LS3749	0.15114383807008636	0.3306996646351388	0.09618638546776627	0.3868943282097988	0.03507578361720973	0.3868943282097988	1.0	3
DLBCL11460	0.04730698023651596	0.0544502206233618	0.3270189525965776	0.3874546607069481	0.18376918583659654	0.3874546607069481	3.0	3
DLBCL_C_D_1115_NULLPAIR	0.06302650482132538	0.3479169050382763	0.1421886980350465	0.38994469989536973	0.056923192209982	0.38994469989536973	3.0	3
DLBCL10939	0.3198954651837821	0.13604442591263732	0.07458401678743845	0.3947812974265229	0.07469479468961925	0.3947812974265229	3.0	3
DLBCL_RICOVER_467	0.05429740597765376	0.2808571205272006	0.12974698222692516	0.1392505932329576	0.39584789803526294	0.39584789803526294	1.0	4
DLBCL_RICOVER_533	0.2525959547601465	0.21140545178796857	0.09057756787463586	0.39812863452027936	0.04729239105696962	0.39812863452027936	1.0	3
DLBCL_RICOVER_335	0.11029258984754002	0.39961921258890376	0.23015086473635532	0.1353989462731341	0.1245383865540668	0.39961921258890376	1.0	1
DLBCL11512	0.4016131554786976	0.09715396541382017	0.13360840207518615	0.34905900473288726	0.018565472299408848	0.4016131554786976	0.0	0
DLBCL10955	0.12712062870063728	0.34251607829841635	0.07843289638881651	0.4031372956292905	0.04879310098283931	0.4031372956292905	3.0	3
DLBCL10972	0.40673649232901116	0.1870711354269477	0.052193686705450666	0.2522728538336393	0.10172583170495116	0.40673649232901116	0.0	0
DLBCL_C_D_1123_NULLPAIR	0.17262839850427864	0.40683098647439697	0.1063584128611048	0.253692309110854	0.060489893049365646	0.40683098647439697	0.0	1
DLBCL_C_D_1129_NULLPAIR	0.34452614884202015	0.03107502348923802	0.07903139343041472	0.13200934900283762	0.4133580852354895	0.4133580852354895	0.0	4
DLBCL11479	0.2728278438643732	0.414129800805581	0.08566400442364304	0.09628505829927635	0.1310932926071264	0.414129800805581	1.0	1
DLBCL10867	0.08156431072974833	0.2973040159360172	0.09029609624878862	0.11533052414784094	0.4155050529376049	0.4155050529376049	4.0	4
DLBCL_C_D_1159_NULLPAIR	0.09987417649193854	0.14034253730097784	0.1890033650281129	0.15508928066516203	0.41569064051380866	0.41569064051380866	3.0	4
DLBCL10513	0.4197648354489667	0.2205502263605133	0.1533818919951261	0.09966475389039987	0.10663829230499407	0.4197648354489667	3.0	0
DLBCL_RICOVER_449	0.09912926743153128	0.19525856113427212	0.05020772940213474	0.4224243237054029	0.2329801183266589	0.4224243237054029	4.0	3
DLBCL10993	0.15952593663663323	0.026647013847914458	0.42262049160175535	0.10162767765589004	0.289578880257807	0.42262049160175535	0.0	2
DLBCL10894	0.047180713288608435	0.42264580372226934	0.34572519002918684	0.06926319395882888	0.11518509900110659	0.42264580372226934	1.0	1
DLBCL_RICOVER_826	0.2887143444535288	0.14512639008657321	0.03205006030279474	0.1113320080278316	0.42277719712927164	0.42277719712927164	0.0	4
DLBCL10547	0.3491269999892429	0.15283496659243542	0.03865890338580533	0.4231247530953994	0.03625437693711704	0.4231247530953994	3.0	3
DLBCL_LS2599	0.4244724247665981	0.03583178202602331	0.3423338233355697	0.07218932728492589	0.12517264258688304	0.4244724247665981	2.0	0
DLBCL11528	0.42519342390617365	0.1281418930185267	0.09147909607369577	0.07926600388655103	0.27591958311505277	0.42519342390617365	2.0	0
DLBCL11538	0.05438833295033998	0.03784455086487122	0.17341521146792246	0.4254812650293968	0.3088706396874696	0.4254812650293968	4.0	3
DLBCL10873	0.42562743477506243	0.319421667386648	0.09979245831835713	0.13302502430100094	0.022133415218931626	0.42562743477506243	1.0	0
DLBCL10916	0.1887826033242507	0.19090610732293403	0.08069950327335478	0.4257568935597182	0.11385489251974222	0.4257568935597182	4.0	3
DLBCL10525	0.42744935160133535	0.03600045480871243	0.06811587324580391	0.09871375048548768	0.36972056985866053	0.42744935160133535	0.0	0
DLBCL_MC_F089_HCZ	0.07722510532134394	0.2855770118987342	0.09808498531408053	0.11145678088627982	0.42765611657956165	0.42765611657956165	1.0	4
DLBCL_MC_F362_MJB1	0.4285390754089278	0.06392082301187223	0.0972439897075319	0.10385169253942718	0.306444419332241	0.4285390754089278	2.0	0
DLBCL_LS2208	0.11483512148764703	0.21187520398922405	0.15748342729697998	0.08630226395606959	0.42950398327007944	0.42950398327007944	4.0	4
DLBCL_RICOVER_1190	0.11853488020825702	0.21287267052805806	0.14914596640993294	0.08951196302130654	0.42993451983244535	0.42993451983244535	4.0	4
DLBCL11595	0.4314846480001621	0.03462163555585773	0.06914689677120604	0.09342934005486045	0.3713174796179137	0.4314846480001621	4.0	0
DLBCL10482	0.4319935789911457	0.03488731147773312	0.06925368838768482	0.09650303512506046	0.36736238601837584	0.4319935789911457	0.0	0
DLBCL_RICOVER_575	0.17846831409851296	0.43202726526951535	0.15701063917169314	0.11491347255725884	0.11758030890301965	0.43202726526951535	3.0	1
DLBCL11433	0.03722396323428337	0.02226546019996158	0.43237302709251646	0.33067576810910876	0.17746178136412985	0.43237302709251646	3.0	2
DLBCL10846	0.18632640698078232	0.43368536065724655	0.12558336234924494	0.11904886007081925	0.13535600994190694	0.43368536065724655	1.0	1
DLBCL11436	0.11167345737753977	0.20938785248116024	0.15361333417656178	0.08906829075952745	0.43625706520521074	0.43625706520521074	1.0	4
DLBCL11206	0.11132037980647326	0.2119731406981036	0.1505321011961555	0.08802097069639704	0.4381534076028706	0.4381534076028706	4.0	4
DLBCL_LS146	0.17413182946282604	0.4384546355975647	0.15936308337832414	0.11315984297447793	0.11489060858680711	0.4384546355975647	1.0	1
DLBCL_LS1065	0.17358502629991157	0.4396974147078549	0.15291771450819416	0.11221366806536472	0.12158617641867467	0.4396974147078549	1.0	1
DLBCL10981	0.05834352656085161	0.33747302912203625	0.4398862910941571	0.14105797537622222	0.023239177846732864	0.4398862910941571	1.0	2
DLBCL11469	0.07176049056285336	0.20099662731931905	0.44029280810446686	0.08143223965624567	0.20551783435711515	0.44029280810446686	2.0	2
DLBC_FF_8046_TP_NB	0.4403556578688701	0.07773722198793137	0.35215584585164444	0.08289268837456114	0.0468585859169929	0.4403556578688701	2.0	0
DLBCL11456	0.17413400200240453	0.4403752748341044	0.15652006802950774	0.1109004796257119	0.11807017550827148	0.4403752748341044	1.0	1
DLBCL_LS2590	0.14339264567432003	0.03763076905456769	0.4410872832237941	0.32728119035783415	0.05060811168948402	0.4410872832237941	3.0	2
DLBCL10553	0.07372188118978744	0.14227611261053125	0.13441942136973228	0.2074801565401897	0.44210242828975943	0.44210242828975943	3.0	4
DLBCL_RICOVER_1287	0.17193529310756164	0.44231205289810405	0.1553198761117512	0.11323399892086915	0.11719877896171399	0.44231205289810405	4.0	1
DLBCL_RICOVER_1081	0.17037964363556168	0.4425952736917146	0.1560752441812882	0.11042873141476173	0.12052110707667388	0.4425952736917146	4.0	1
DLBCL_LS951	0.10454341998206153	0.44336377755564305	0.26379222035193023	0.1018037541524865	0.08649682795787862	0.44336377755564305	0.0	1
DLBCL_RICOVER_1299	0.4434765071808447	0.03588785318500548	0.0679326752235075	0.09394986697172088	0.35875309743892153	0.4434765071808447	4.0	0
DLBCL_MC_F349_BJJ	0.17432776522410248	0.4439499122542209	0.15272137589819473	0.11128219005014715	0.11771875657333472	0.4439499122542209	2.0	1
DLBCL_LS1757	0.17038476383329473	0.443960831001581	0.155590087160143	0.11268263260977587	0.11738168539520555	0.443960831001581	0.0	1
DLBCL11002	0.1332635299824857	0.15799719732794462	0.05672486427377079	0.44437259922090877	0.20764180919489014	0.44437259922090877	3.0	3
DLBCL10566	0.1744319772370558	0.4444677416459669	0.15186187900078665	0.11184924144637379	0.11738916066981678	0.4444677416459669	4.0	1
DLBCL_C_D_1151_NULLPAIR	0.03858319246888856	0.11852159308533862	0.4448425722911636	0.29518137327847777	0.10287126887613145	0.4448425722911636	3.0	2
DLBCL10963	0.44597130893408893	0.17003178446588266	0.05263491215690646	0.2347454617687998	0.09661653267432224	0.44597130893408893	4.0	0
DLBCL10950	0.33523878936354357	0.05688335230133407	0.4473519318421031	0.056236808363855945	0.10428911812916333	0.4473519318421031	0.0	2
DLBCL_C_D_1149_NULLPAIR	0.44891578977829555	0.28606921792589346	0.09584305810900694	0.08846995020936219	0.08070198397744194	0.44891578977829555	1.0	0
DLBCL10999	0.06753570341708075	0.06258812694283546	0.0469597660007372	0.44938547646250465	0.37353092717684194	0.44938547646250465	4.0	3
DLBCL_RICOVER_408	0.45174771340361586	0.11457830493960522	0.06727508851066807	0.10382482739906548	0.2625740657470454	0.45174771340361586	2.0	0
DLBCL10487	0.4519940960759976	0.25679768590102797	0.07354212128370793	0.09328111368489558	0.12438498305437087	0.4519940960759976	1.0	0
DLBCL10936	0.16645460051063388	0.4529839983830637	0.14878186416579356	0.11481675637483277	0.11696278056567609	0.4529839983830637	2.0	1
DLBCL_RICOVER_1235	0.057378253534486195	0.1920638851949853	0.1685924175696944	0.4575433221806689	0.12442212152016512	0.4575433221806689	1.0	3
DLBCL_BWH_DLBCL64	0.08877796123934786	0.2719799417414698	0.10868492048442525	0.4576948084262626	0.07286236810849454	0.4576948084262626	1.0	3
DLBCL11429	0.16507373445037277	0.021207581836385447	0.06385968045704257	0.291968051677083	0.4578909515791162	0.4578909515791162	0.0	4
DLBCL11661	0.036830549792994424	0.1997230139224395	0.4610096009545813	0.24098799689292877	0.06144883843705599	0.4610096009545813	1.0	2
DLBCL_RICOVER_216	0.11017593535372058	0.20292916706418268	0.13619427404389203	0.08886904211196295	0.46183158142624187	0.46183158142624187	2.0	4
DLBCL11516	0.08422823104574927	0.043912596394983	0.05368407078390925	0.35487758935960867	0.4632975124157498	0.4632975124157498	1.0	4
DLBCL_RICOVER_829	0.27534935067544325	0.02218928402849673	0.46364158242196496	0.1421234513672253	0.09669633150686974	0.46364158242196496	0.0	2
DLBCL_RICOVER_496	0.07462612993093218	0.46405340044756155	0.3581667660458366	0.07107024396264827	0.03208345961302136	0.46405340044756155	1.0	1
DLBCL10987	0.08747191617465411	0.20252001981081869	0.07727000737678003	0.1650465399620684	0.4676915166756787	0.4676915166756787	4.0	4
DLBCL10904	0.19767264778340213	0.046816772824445	0.03943030810383716	0.469891452147443	0.24618881914087282	0.469891452147443	4.0	3
DLBCL_RICOVER_850	0.15068906529916623	0.27558133076841856	0.048110194266261896	0.05416994192170732	0.47144946774444596	0.47144946774444596	4.0	4
DLBCL11510	0.4716861737931146	0.035800880919704466	0.06867348635524498	0.10409056472408211	0.31974889420785385	0.4716861737931146	4.0	0
DLBCL10889	0.052011514877284434	0.05523581700824306	0.08903903276541492	0.4737159529318831	0.3299976824171744	0.4737159529318831	4.0	3
DLBCL10472	0.0930287720663915	0.027191027268699597	0.38497888964128796	0.4745010370153658	0.02030027400825513	0.4745010370153658	2.0	3
DLBCL10782	0.4179300311918485	0.025406850794791963	0.04426018411744905	0.47528165401929373	0.03712127987661664	0.47528165401929373	3.0	3
DLBCL_MC_F064AB	0.23373319598927594	0.06826341688484386	0.4786520898876747	0.07673683071465696	0.14261446652354856	0.4786520898876747	2.0	2
DLBCL11474	0.251108408391982	0.09329660217381915	0.07907515793156485	0.4793836997579574	0.09713613174467665	0.4793836997579574	0.0	3
DLBCL10532	0.12562854710107313	0.02711721621877422	0.4804017103605538	0.3224731297396061	0.0443793965799928	0.4804017103605538	4.0	2
DLBCL11655	0.4805082984896818	0.019960397968277543	0.06355463044785437	0.41729735619206637	0.018679316902119894	0.4805082984896818	3.0	0
DLBCL10554	0.35935858457839054	0.03779322038517805	0.4817947562610284	0.09512978972175792	0.025923649053645206	0.4817947562610284	2.0	2
DLBCL_RICOVER_361	0.05847116823565685	0.08553684728912261	0.4826665382124681	0.3190834072322846	0.054242039030467946	0.4826665382124681	3.0	2
DLBCL11676	0.35416367235853563	0.03449049497882726	0.48304622225507393	0.10220050709594361	0.026099103311619572	0.48304622225507393	0.0	2
DLBCL10983	0.03468084123409147	0.48598147760542565	0.02994292813073535	0.11438171521308411	0.33501303781666336	0.48598147760542565	1.0	1
DLBCL11520	0.48924078850442043	0.06882027135027875	0.04359789364103901	0.0428158448606102	0.35552520164365153	0.48924078850442043	0.0	0
DLBCL_LS3809	0.23917655422721876	0.17368796745079662	0.4906005917535161	0.062210852853326795	0.03432403371514164	0.4906005917535161	0.0	2
DLBCL11500	0.15548071046620435	0.017781160102117267	0.04931578087030905	0.49186717873922	0.28555516982214935	0.49186717873922	4.0	3
DLBCL10918	0.4920529848563918	0.035814111130492585	0.04665903534387207	0.368790432297264	0.05668343637197954	0.4920529848563918	0.0	0
DLBCL_RICOVER_780	0.016113606852044063	0.41781115484855463	0.49341399670568437	0.03644626912010243	0.03621497247361451	0.49341399670568437	1.0	2
DFCIDL004_DT	0.23796879038115537	0.0697610817848347	0.06196620315905767	0.49366519526113806	0.13663872941381425	0.49366519526113806	4.0	3
DLBCL10907	0.4938708900431262	0.06103329980403341	0.041844895583528295	0.28267989741854943	0.1205710171507626	0.4938708900431262	1.0	0
DLBCL_RICOVER_1329	0.495507267024203	0.04199289939790119	0.10911357277811738	0.2133487468054566	0.1400375139943218	0.495507267024203	4.0	0
DLBCL11450	0.08952330496341387	0.021479359797806807	0.12063843431456453	0.49680515804805225	0.27155374287616263	0.49680515804805225	4.0	3
DLBCL_RICOVER_945	0.2347954769780846	0.1528185001148725	0.06533778326314062	0.49868909229935104	0.04835914734455114	0.49868909229935104	0.0	3
DLBCL_RICOVER_401	0.10497045232579315	0.4998868395186458	0.31649860070135793	0.04907654655920941	0.02956756089499359	0.4998868395186458	1.0	1
DLBCL11515	0.05263383417249297	0.13394869239985868	0.1887343025346381	0.12377441050075752	0.5009087603922527	0.5009087603922527	2.0	4
DLBCL_C_D_1144_NULLPAIR	0.5009466358248116	0.06966290381269949	0.06215361783169019	0.0927422272143294	0.27449461531646946	0.5009466358248116	4.0	0
DLBCL_LS1304	0.047586021497509505	0.13861056943355957	0.2665406233849805	0.04521964298049062	0.5020431427034598	0.5020431427034598	2.0	4
DLBCL11431	0.1415833137943644	0.13643424580968452	0.1334439491119387	0.08544768026048556	0.5030908110235267	0.5030908110235267	4.0	4
DLBCL_RICOVER_1219	0.16452392131767032	0.09555827015234379	0.1692124482301731	0.5036293472119089	0.06707601308790392	0.5036293472119089	4.0	3
DLBCL_LS1921	0.09973287113122904	0.5037230867603946	0.11050522809525216	0.25295192248510684	0.03308689152801736	0.5037230867603946	1.0	1
DLBCL10971	0.05254913307342973	0.5045576465076477	0.08336140429653487	0.04401487965227146	0.3155169364701163	0.5045576465076477	0.0	1
DLBCL11664	0.3368942551900897	0.5077998033773661	0.07770657448555457	0.03766002906783796	0.03993933787915175	0.5077998033773661	1.0	1
DLBCL11204	0.2882778240038399	0.5078716675177057	0.07854826508370912	0.07048793068420758	0.05481431271053759	0.5078716675177057	1.0	1
DLBCL_RICOVER_221	0.04642251688898205	0.33780422828194595	0.07609472878142677	0.02925970192746057	0.5104188241201847	0.5104188241201847	4.0	4
DLBCL_C_D_1112_NULLPAIR	0.05826208557967335	0.2713592101557533	0.512602246499113	0.09262847137217832	0.06514798639328194	0.512602246499113	2.0	2
DLBCL10536	0.0662073301544539	0.10166374723427803	0.5138800729398504	0.2709579621517868	0.0472908875196309	0.5138800729398504	2.0	2
DLBCL10835	0.059303670631873646	0.03259958360347105	0.07940154309586776	0.513889918218445	0.31480528445034256	0.513889918218445	4.0	3
DLBCL10452	0.0936935494589849	0.5153846005950025	0.11818837657787114	0.06894947710329752	0.20378399626484398	0.5153846005950025	1.0	1
DLBCL10851	0.11425379127545847	0.5154974108361199	0.2425910817951973	0.06405710435395529	0.06360061173926906	0.5154974108361199	1.0	1
DLBCL11449	0.0672874962080747	0.2250203235591457	0.12265144362158344	0.06941551714234691	0.5156252194688493	0.5156252194688493	1.0	4
DLBCL11482	0.3361864554318354	0.02898246849848599	0.515794847408416	0.10343393357562662	0.015602295085636068	0.515794847408416	0.0	2
DLBCL10845	0.0364519636841406	0.12486346336509017	0.05029180046413126	0.2721880471823958	0.5162047253042421	0.5162047253042421	1.0	4
DLBCL_RICOVER_956	0.1371419429064073	0.13476963092369282	0.13064535572757838	0.08042534240601329	0.5170177280363082	0.5170177280363082	4.0	4
DLBC_FF_A7CX_TP_NB	0.2529862931713819	0.03716873931107424	0.08247341200714553	0.10976937261963751	0.5176021828907609	0.5176021828907609	4.0	4
DLBCL10843	0.3918951764233236	0.03423906432021931	0.02574656897177094	0.5185017663183438	0.029617423966342395	0.5185017663183438	0.0	3
DLBCL10994	0.5191545137087901	0.031602972969441916	0.10064369073948144	0.17642444415599512	0.17217437842629144	0.5191545137087901	0.0	0
DLBCL_C_D_1130_NULLPAIR	0.3148296838591489	0.05656235674030856	0.01783713990336614	0.0912153982091049	0.5195554212880714	0.5195554212880714	0.0	4
DLBCL10860	0.04534385187108268	0.061278925495887454	0.5202245985214525	0.03983196788879513	0.3333206562227821	0.5202245985214525	4.0	2
DLBCL_MC_F739_AMA3	0.04312104657947578	0.2061127834707609	0.5207519702834754	0.1904254187417756	0.03958878092451228	0.5207519702834754	1.0	2
DLBCL10451	0.5216165627319346	0.14087794745028806	0.17258235614839978	0.13706604900262268	0.027857084666754905	0.5216165627319346	0.0	0
DLBCL_RICOVER_866	0.03492649906303882	0.1610670965734989	0.5233469669246268	0.2540164088755934	0.02664302856324207	0.5233469669246268	2.0	2
DLBCL_LS2357	0.06875424766611221	0.04992476758438295	0.5238604069792955	0.2924220176627396	0.0650385601074697	0.5238604069792955	3.0	2
DLBCL10965	0.039946183079765586	0.01805476649929281	0.17944855837251622	0.23745080053906814	0.5250996915093573	0.5250996915093573	3.0	4
DLBCL_RICOVER_151	0.06209244545946242	0.2732042328859151	0.5252732052158889	0.11193899089143997	0.02749112554729363	0.5252732052158889	3.0	2
DLBCL10957	0.5254343003997535	0.07236777350516237	0.1851583233891287	0.09445409052279631	0.12258551218315916	0.5254343003997535	0.0	0
DLBCL10463	0.023466919918469584	0.028385366910316845	0.5256427247887638	0.08827340301451726	0.33423158536793246	0.5256427247887638	4.0	2
DLBCL_RICOVER_478	0.2083210373831226	0.13911868368137412	0.05522442434315313	0.07034204073591241	0.5269938138564377	0.5269938138564377	1.0	4
DLBCL11662	0.5273046552591959	0.29105178819582933	0.0243069993356986	0.10212431571447614	0.05521224149480001	0.5273046552591959	0.0	0
DLBCL_RICOVER_417	0.13402526216364716	0.1274561145948066	0.1306131394796258	0.07875935042399876	0.5291461333379216	0.5291461333379216	4.0	4
DLBCL_RICOVER_1060	0.1351374749180102	0.12681650563384306	0.12894813780290218	0.0794698186994716	0.529628062945773	0.529628062945773	1.0	4
DLBCL10891	0.13340751480946322	0.1284887515577596	0.12986959355250396	0.07832972242239357	0.5299044176578795	0.5299044176578795	4.0	4
DLBCL10838	0.06438653327492279	0.23743795201475182	0.0941990367847365	0.07246936589338622	0.5315071120322027	0.5315071120322027	4.0	4
DLBCL11659	0.5320349567941441	0.30389178210235596	0.060938675953860655	0.07300211493673728	0.03013247021290201	0.5320349567941441	3.0	0
DLBCL_RICOVER_522	0.5327783143988193	0.05199863333081494	0.06034299061816389	0.2925701188904868	0.06230994276171503	0.5327783143988193	2.0	0
DLBCL_RICOVER_910	0.18476748283731273	0.10131066488589979	0.10392156929404972	0.5329682715173012	0.07703201146543653	0.5329682715173012	0.0	3
DLBCL11428	0.22087238995743064	0.04892217036421861	0.5334333270166852	0.13492432686539874	0.06184778579626673	0.5334333270166852	2.0	2
DLBCL_C_D_1131_NULLPAIR	0.12633706779779497	0.1413182494097734	0.5334679222594613	0.07273406571733376	0.12614269481563664	0.5334679222594613	1.0	2
DLBCL11527	0.2825493180376654	0.020539261739305602	0.027967753976841845	0.534563197550404	0.13438046869578305	0.534563197550404	3.0	3
DLBCL_LS2367	0.24993139865438485	0.5351577327466913	0.06021942719854052	0.05355602611140654	0.10113541528897685	0.5351577327466913	0.0	1
DLBCL10980	0.058147946167995145	0.17202512193099118	0.1111904592502969	0.12323103800406132	0.5354054346466555	0.5354054346466555	4.0	4
DLBCL_RICOVER_978	0.53570531260412	0.04458303738318112	0.09008903211869085	0.31389071313191347	0.0157319047620945	0.53570531260412	2.0	0
DLBCL11187	0.04743469489018987	0.06457987491641218	0.5394429169340696	0.03932131668447842	0.30922119657484987	0.5394429169340696	4.0	2
DLBCL_LS1668	0.2960154086342455	0.5421282627854449	0.0442494596155526	0.035232185693583405	0.08237468327117353	0.5421282627854449	1.0	1
DLBCL11467	0.11543560968304982	0.09210682620755675	0.11678609043005891	0.543138783451093	0.13253269022824146	0.543138783451093	3.0	3
DLBCL10959	0.544073017674598	0.036572038392049505	0.028134333271876883	0.08291792571943961	0.308302684942036	0.544073017674598	0.0	0
DLBCL_RICOVER_773	0.03972723118441415	0.13049704720701596	0.5445363693845353	0.03586867776854417	0.24937067445549035	0.5445363693845353	4.0	2
DLBCL10498	0.545290079669169	0.0671571318313895	0.14904266410391348	0.2194868150792999	0.019023309316228146	0.545290079669169	2.0	0
DLBCL_RICOVER_111	0.04451314521597643	0.04947887895735987	0.3132571445579809	0.04586278514911484	0.546888046119568	0.546888046119568	4.0	4
DLBCL11440	0.5490809487705726	0.07691462496345687	0.18573913608083328	0.05861053467262906	0.12965475551250827	0.5490809487705726	4.0	0
DLBCL_MC_F502_RFK	0.01768209922764468	0.5493326819452389	0.1150186180320847	0.02577148225140129	0.29219511854363045	0.5493326819452389	1.0	1
DLBCL10541	0.5496468993190661	0.13074716502817887	0.06976109715722277	0.16029416171825406	0.0895506767772782	0.5496468993190661	1.0	0
DLBCL_RICOVER_1150	0.28182003046321685	0.5504678103926658	0.06524275291761156	0.0807121478787963	0.02175725834770948	0.5504678103926658	0.0	1
DLBCL11001	0.5509327533490385	0.01440764250323792	0.038279358185039115	0.16821212186434567	0.2281681240983389	0.5509327533490385	4.0	0
DLBCL10453	0.04340153587522995	0.5522073080606734	0.058012659637219736	0.052864552506396406	0.2935139439204806	0.5522073080606734	1.0	1
DLBCL11574	0.10218543659304125	0.1392777998480825	0.5530732398507852	0.10897163869937125	0.09649188500871983	0.5530732398507852	2.0	2
DLBCL10897	0.5531686825501756	0.13162657907345893	0.04519426414662388	0.046602986711674996	0.22340748751806663	0.5531686825501756	0.0	0
DLBCL_C_D_1139_NULLPAIR	0.28477904064659615	0.08790597787308307	0.03137662311516519	0.5539220759583874	0.04201628240676831	0.5539220759583874	3.0	3
DLBCL10978	0.24495472542346114	0.02226345815504819	0.1528703519956965	0.5556686106774948	0.024242853748299355	0.5556686106774948	3.0	3
DLBCL10522	0.04287095005114973	0.02745861391982663	0.5566609672203854	0.07619070178079144	0.2968187670278469	0.5566609672203854	2.0	2
DLBCL_MC_F218_RAP	0.23776509727398207	0.06791380268231892	0.07602179159243744	0.5568939176848205	0.06140539076644097	0.5568939176848205	3.0	3
DLBCL11483	0.12753576566336047	0.11507219058752717	0.12161361034148495	0.07868001533345809	0.5570984180741693	0.5570984180741693	1.0	4
DLBCL11671	0.1908303661543649	0.557729202336775	0.0446006076986398	0.15657945810325247	0.05026036570696781	0.557729202336775	0.0	1
DLBCL_RICOVER_1045	0.5579148136986649	0.12178330777370758	0.11293513571686589	0.10281752742054338	0.10454921539021823	0.5579148136986649	3.0	0
DLBCL_C_D_1106_NULLPAIR	0.5581849261847118	0.2599375381767081	0.06538504412749022	0.06784356597439894	0.048648925536690854	0.5581849261847118	1.0	0
DLBCL10534	0.23302010353459301	0.10243147795894379	0.04496179261167601	0.0577113323159658	0.5618752935788214	0.5618752935788214	4.0	4
DLBCL_LS1395	0.053746326847864144	0.10901798657326607	0.13880203017531292	0.13651741951757868	0.5619162368859782	0.5619162368859782	2.0	4
DLBCL_MC_F500_ECU	0.11619937410933309	0.5621405288817732	0.14642947834493528	0.09321736130655166	0.08201325735740682	0.5621405288817732	1.0	1
DLBCL_RICOVER_288	0.31326532395131035	0.5641100114659585	0.04346090049017522	0.04091504577522787	0.038248718317328005	0.5641100114659585	1.0	1
DLBCL_C_D_1141_NULLPAIR	0.23955063508637253	0.05803791411800748	0.5642080199065541	0.08273289031842909	0.05547054057063669	0.5642080199065541	2.0	2
DLBCL_RICOVER_473	0.5646487607677027	0.21357148189516773	0.04924872298906004	0.07534799526701705	0.09718303908105258	0.5646487607677027	0.0	0
DLBCL10465	0.03936696858665545	0.30874954155090106	0.5661628132332291	0.05022110352555777	0.035499573103656604	0.5661628132332291	2.0	2
DLBCL11481	0.10103474636703964	0.13540034233953976	0.5680331063137419	0.10480055164407508	0.09073125333560363	0.5680331063137419	0.0	2
DLBCL_DFCI_DLBCL_GOE07	0.10822185553322569	0.5700880564552627	0.1471816436798966	0.09487431910639506	0.07963412522521998	0.5700880564552627	1.0	1
DLBCL_C_D_1166_NULLPAIR	0.03498208214259544	0.27748756033339994	0.07905859087841445	0.03717164654217875	0.5713001201034114	0.5713001201034114	4.0	4
DLBCL10866	0.5730034165957436	0.05125780166652534	0.027594011322800694	0.26244373295684936	0.08570103745808098	0.5730034165957436	4.0	0
DLBCL_RICOVER_1018	0.15038488111449377	0.18148376803225566	0.06601466414394047	0.5735187352407064	0.028597951468603704	0.5735187352407064	3.0	3
DLBCL10555	0.5753816394335278	0.17749468372341845	0.11218932135331455	0.10781520819437346	0.02711914729536569	0.5753816394335278	2.0	0
DLBCL10895	0.030523112761447813	0.24248237506362333	0.5754875553376622	0.04213612050080491	0.1093708363364619	0.5754875553376622	4.0	2
DLBCL10456	0.036057345617930475	0.032143115739479665	0.08185560721873282	0.27377949133271035	0.5761644400911466	0.5761644400911466	3.0	4
DLBCL10884	0.038582289181815416	0.1004253066388569	0.5790271869325555	0.0720677386908064	0.2098974785559658	0.5790271869325555	0.0	2
DLBCL10865	0.5795283325013229	0.05709271542331237	0.057246244286710476	0.10134863600700271	0.20478407178165162	0.5795283325013229	4.0	0
DLBCL_RICOVER_1278	0.05557528162428821	0.23436428886982008	0.05516671643156087	0.07402896408093743	0.5808647489933934	0.5808647489933934	4.0	4
DLBCL11461	0.31345972893112983	0.04053370003401062	0.03174783161683403	0.5824229154459222	0.03183582397210333	0.5824229154459222	0.0	3
DLBCL_LS3204	0.09777277113807269	0.5843235708749013	0.06307299785395085	0.22856487025544397	0.026265789877631222	0.5843235708749013	1.0	1
DLBCL11670	0.0416296106895174	0.11200541924802376	0.16555427958062674	0.5863097219570597	0.09450096852477248	0.5863097219570597	2.0	3
DLBCL10925	0.12135961888326818	0.08414934456816402	0.03984150979435348	0.16784440626519714	0.5868051204890172	0.5868051204890172	4.0	4
DLBCL_RICOVER_1263	0.5869312116036489	0.20089971168712178	0.04276683440825613	0.03780890083070846	0.13159334147026472	0.5869312116036489	2.0	0
DLBCL11466	0.11199402333539513	0.08117533987523243	0.1110092315679363	0.5883684353453168	0.10745296987611934	0.5883684353453168	1.0	3
DLBCL11455	0.2520739332186538	0.025154443919463507	0.11476740507486725	0.5893106834294057	0.01869353435760963	0.5893106834294057	2.0	3
DLBCL_RICOVER_314	0.04811662109378458	0.10125473333823587	0.1263112551332994	0.13493330182385685	0.5893840886108233	0.5893840886108233	4.0	4
DLBCL10921	0.04429405987942428	0.2783890818552729	0.056898371124850605	0.03032235980919868	0.5900961273312536	0.5900961273312536	4.0	4
DLBCL_RICOVER_1032	0.04364478861935176	0.27502525214185636	0.05855244122191891	0.030243285387679324	0.5925342326291936	0.5925342326291936	4.0	4
DLBCL10837	0.1490356613351344	0.19040475599756945	0.03539059084883585	0.031391292050070435	0.5937776997683899	0.5937776997683899	4.0	4
DLBCL10875	0.22558773755551198	0.04233443567847205	0.05773260187054364	0.5961267591201407	0.07821846577533169	0.5961267591201407	0.0	3
DLBC_FF_8042_TP_NB	0.0778660748149392	0.15836707930224633	0.07022065852197046	0.5970834724133481	0.09646271494749588	0.5970834724133481	4.0	3
DLBCL11679	0.020856063094870952	0.6010498259212478	0.281052526203504	0.058121204119522346	0.038920380660854965	0.6010498259212478	1.0	1
DLBCL10990	0.04299396854874824	0.26481084130246113	0.0588551607376952	0.031313990084575194	0.6020260393265203	0.6020260393265203	4.0	4
DLBCL10492	0.2510607475984976	0.6036958005556442	0.05189884540870078	0.05426378585923301	0.03908082057792437	0.6036958005556442	0.0	1
DLBCL11680	0.10045159005125257	0.6044179790023066	0.15469719448363756	0.07882534728621014	0.06160788917659309	0.6044179790023066	2.0	1
DLBCL11432	0.11339819119713981	0.01781341373547041	0.17959791752780538	0.0846363171834119	0.6045541603561725	0.6045541603561725	0.0	4
DLBCL10964	0.09192015601459572	0.027569631512651883	0.04027795587319713	0.22880570067743392	0.6114265559221214	0.6114265559221214	4.0	4
DLBCL11476	0.06974780896957701	0.11145283573096831	0.08806040939701765	0.11448447614020835	0.6162544697622288	0.6162544697622288	4.0	4
DLBCL_RICOVER_1165	0.23019324484093157	0.08792610102465072	0.6163224617046191	0.04466348505411064	0.020894707375687858	0.6163224617046191	1.0	2
DLBCL_RICOVER_701	0.6171166031857993	0.09344791761076693	0.07333724272677732	0.05985714060439498	0.1562410958722614	0.6171166031857993	3.0	0
DLBCL11519	0.6177564515507927	0.03257315499634279	0.17349481231287725	0.16177953766671233	0.014396043473274897	0.6177564515507927	0.0	0
DLBCL11495	0.6182896270202196	0.017810747797241858	0.0344740248873765	0.28772810128932735	0.04169749900583482	0.6182896270202196	4.0	0
DLBCL10512	0.6269698201334017	0.07944451407177226	0.08478498623101959	0.08887200986947764	0.11992866969432878	0.6269698201334017	2.0	0
DLBCL10780	0.16297292369961328	0.1381535732899129	0.03484051195402634	0.6272251194049903	0.03680787165145734	0.6272251194049903	1.0	3
DLBCL_C_D_1103_NULLPAIR	0.06703020909010256	0.627502450288039	0.20548835669892002	0.061999397888020884	0.03797958603491758	0.627502450288039	3.0	1
DLBCL10857	0.07601872379092701	0.6275807387186999	0.12163655765918922	0.07570562633850528	0.0990583534926786	0.6275807387186999	4.0	1
DLBCL10781	0.031429274453368086	0.08178701593496433	0.1342034092429448	0.12460214689497975	0.6279781534737431	0.6279781534737431	4.0	4
DLBCL_LS297	0.03353926006646003	0.24694129779499793	0.6289895716100431	0.03641079935306132	0.0541190711754376	0.6289895716100431	2.0	2
DLBCL11590	0.6310674447675281	0.017915711586115622	0.14882267930654214	0.06939914866692447	0.13279501567288973	0.6310674447675281	2.0	0
DLBCL10914	0.06552167015283292	0.6386252957560896	0.10827097320156423	0.05882526306314482	0.1287567978263685	0.6386252957560896	0.0	1
DLBCL10945	0.2539480858055685	0.022890679665304087	0.032715436008265895	0.051322598594366484	0.6391231999264951	0.6391231999264951	0.0	4
DLBCL10903	0.029908993582526806	0.2630345437381041	0.6403586369222888	0.03398299978569699	0.03271482597138331	0.6403586369222888	1.0	2
DLBCL11464	0.09126122251808595	0.02057844719647656	0.03945422217199325	0.20757092856350845	0.6411351795499358	0.6411351795499358	3.0	4
DLBCL10833	0.6417833316735394	0.029307988832564087	0.01610900970551398	0.21830222315156117	0.09449744663682133	0.6417833316735394	4.0	0
DFCIDL009_DT	0.06076614795115948	0.6447754836620838	0.10524204862165679	0.059501765703022236	0.12971455406207769	0.6447754836620838	2.0	1
DLBCL_RICOVER_451	0.03346377209878676	0.05416685296357515	0.6456288090385719	0.09415173361436534	0.17258883228470082	0.6456288090385719	0.0	2
DLBCL11202	0.6469118488547192	0.06451158701722279	0.2184630168804445	0.0537822950303598	0.01633125221725378	0.6469118488547192	0.0	0
DLBCL_RICOVER_134	0.06204353044795874	0.03182097592228086	0.03788311037687484	0.6472126624357148	0.22103972081717074	0.6472126624357148	4.0	3
DLBCL11652	0.19645713150422053	0.6480781236204401	0.045401591472760565	0.03993768420604038	0.07012546919653845	0.6480781236204401	0.0	1
DLBCL10969	0.2257915917206507	0.03318083411588819	0.6494770080288529	0.03315802349442566	0.058392542640182545	0.6494770080288529	0.0	2
DLBCL10989	0.05892438066333741	0.044967692701070525	0.6508627838104312	0.048462079559954435	0.1967830632652065	0.6508627838104312	1.0	2
DLBCL_C_D_1135_NULLPAIR	0.14243892732539665	0.1253505329822881	0.04264962489539699	0.6531586845483202	0.03640223024859813	0.6531586845483202	1.0	3
DLBCL10848	0.03131720114181638	0.027777386795026733	0.24067979423026484	0.04559187050723405	0.654633747325658	0.654633747325658	4.0	4
DLBCL11496	0.09292717002854105	0.6554157842871544	0.07164150004472473	0.047691917997111456	0.13232362764246838	0.6554157842871544	0.0	1
DLBCL10539	0.05863252526118401	0.6564039971719668	0.09913854899630127	0.051692009297933994	0.13413291927261387	0.6564039971719668	3.0	1
DLBCL_MC_F729_MAN	0.09172578887323554	0.6580275279669334	0.07234763093626516	0.04882293419868016	0.1290761180248857	0.6580275279669334	1.0	1
DLBCL11488	0.6597854485268069	0.023786047759408097	0.0239198674779659	0.04879013715487244	0.24371849908094667	0.6597854485268069	0.0	0
DLBCL10934	0.06056120679497877	0.030899629547536927	0.03519825029840557	0.21236112199916082	0.6609797913599179	0.6609797913599179	1.0	4
DLBCL10880	0.19736652799469936	0.06806345742740301	0.03662837368274469	0.03579018132528601	0.6621514595698669	0.6621514595698669	4.0	4
DLBCL10454	0.04707482921784667	0.08531586373956113	0.1757844468703688	0.02660638899356306	0.6652184711786604	0.6652184711786604	4.0	4
DLBCL_C_D_1152_NULLPAIR	0.04101364166412895	0.23149989098433438	0.6668193388442194	0.04240748427050906	0.018259644236808207	0.6668193388442194	1.0	2
DLBCL11651	0.055659730377426046	0.04269681650126573	0.6671451663466578	0.04732022371950585	0.18717806305514453	0.6671451663466578	2.0	2
DLBCL11666	0.07050797839857383	0.05376179765565563	0.6677763985464121	0.05749562032847584	0.15045820507088253	0.6677763985464121	2.0	2
DLBCL10450	0.6692627351004111	0.15311790274188783	0.024758876051496334	0.12525974000162945	0.02760074610457529	0.6692627351004111	0.0	0
DLBCL11569	0.10039718222263198	0.06701435331562863	0.6697919433089621	0.1419703643345731	0.020826156818204145	0.6697919433089621	2.0	2
DLBCL10457	0.051404860273051196	0.06155880718378303	0.1047902376843919	0.11230788714030826	0.6699382077184656	0.6699382077184656	4.0	4
DLBCL10984	0.029441397541841826	0.0381635105785465	0.0482810702674918	0.21240117662589386	0.6717128449862261	0.6717128449862261	4.0	4
DLBCL11565	0.10584606885575118	0.6725941755337261	0.0475126733806701	0.14485018399963162	0.02919689823022097	0.6725941755337261	1.0	1
DLBCL10899	0.6754031791761562	0.045336138842908595	0.02027909540007964	0.04256967496344301	0.2164119116174125	0.6754031791761562	4.0	0
DLBC_FF_8043_TP_NB	0.17043283488565591	0.6794696825547585	0.03679442282538956	0.035624928878252485	0.07767813085594356	0.6794696825547585	1.0	1
DLBCL11526	0.07861169594713469	0.022459315835244516	0.681075899605154	0.1858824227104542	0.03197066590201264	0.681075899605154	2.0	2
DLBCL10871	0.10646608145391401	0.6820614944681425	0.09000564364442605	0.06481113564027831	0.056655644793239125	0.6820614944681425	1.0	1
DLBCL10497	0.6823107659041171	0.017105410285375672	0.03314300637024458	0.21579950751421134	0.05164130992605129	0.6823107659041171	3.0	0
DLBCL11430	0.1053248283738656	0.6831676029418297	0.08733088868483052	0.06701042580424746	0.05716625419522673	0.6831676029418297	0.0	1
DLBCL10995	0.05248296018132711	0.09098481503748547	0.6832175864060527	0.040653545231740466	0.1326610931433943	0.6832175864060527	2.0	2
DLBCL_C_D_1138_NULLPAIR	0.1374425707996676	0.06342765587638814	0.09535384115830772	0.6840285965680941	0.01974733559754249	0.6840285965680941	1.0	3
DLBCL10466	0.021124622097269383	0.11371194975238344	0.6871499193588936	0.03988611006155361	0.1381273987298999	0.6871499193588936	2.0	2
DLBCL_LS378	0.6878480886298058	0.05926435837092237	0.03107981660952383	0.19425355782442832	0.027554178565319547	0.6878480886298058	0.0	0
DLBCL_C_D_1156_NULLPAIR	0.1765875537517637	0.04703964847772889	0.04780175960161682	0.6908453861486824	0.037725652020208236	0.6908453861486824	0.0	3
DLBCL10503	0.06323928794368824	0.11871928225251441	0.0794001519408046	0.04643750682642829	0.6922037710365645	0.6922037710365645	1.0	4
DLBCL10834	0.185304940764531	0.6934612417190796	0.04461250961739962	0.04098934230302363	0.035631965595966125	0.6934612417190796	1.0	1
DLBCL11591	0.09587827695167682	0.6957369891165314	0.08884479527775342	0.06288826112886797	0.056651677525170405	0.6957369891165314	1.0	1
DLBCL10954	0.025083645693407416	0.0415673735738962	0.1916773540850677	0.04436933186076332	0.6973022947868653	0.6973022947868653	1.0	4
DLBCL_LS4592	0.029347883353348	0.023979042723861206	0.6992792115952177	0.12169466859206046	0.12569919373551264	0.6992792115952177	2.0	2
DLBCL11507	0.061097977833212774	0.7029037363789999	0.18675269860018442	0.03199170162592346	0.017253885561679363	0.7029037363789999	1.0	1
DLBCL11576	0.07721699623223797	0.06378017005158053	0.07752654243223456	0.7052779099032731	0.07619838138067386	0.7052779099032731	3.0	3
DLBCL10962	0.04713824293910737	0.054427178010058405	0.7089544190223478	0.04741752780095464	0.14206263222753177	0.7089544190223478	1.0	2
DLBCL10915	0.10180504217343568	0.08152675723406268	0.05218943099645288	0.05477620454325568	0.709702565052793	0.709702565052793	4.0	4
DLBCL_RICOVER_274	0.09479114249301149	0.1187436065926361	0.04904501943214925	0.7106690930544013	0.0267511384278019	0.7106690930544013	3.0	3
DLBCL10510	0.1120191758431618	0.07578826339887856	0.04479433108873547	0.054822728242521386	0.7125755014267028	0.7125755014267028	1.0	4
DLBCL10488	0.7134642195848104	0.024642322788014804	0.20197932578827232	0.04041536689275487	0.01949876494614763	0.7134642195848104	0.0	0
DLBCL_C_D_1126_NULLPAIR	0.06266451249512163	0.7140960465863523	0.050937723582767054	0.13470760726381364	0.03759411007194537	0.7140960465863523	1.0	1
DLBCL11196	0.02878326897568805	0.023467632270261995	0.051582251773899225	0.1819307751772804	0.7142360718028703	0.7142360718028703	3.0	4
DLBCL11658	0.060656891170296295	0.04020285496998065	0.08613318908192523	0.09833257935958149	0.7146744854182163	0.7146744854182163	3.0	4
DLBCL10548	0.7147674076330597	0.12279737246153656	0.028050575890284306	0.04819679729747603	0.0861878467176435	0.7147674076330597	0.0	0
DLBCL10502	0.02944053694577914	0.714919566742189	0.17560277689652867	0.054613474951015026	0.025423644464488075	0.714919566742189	1.0	1
DLBCL11535	0.060248518361119344	0.04244045710120035	0.08566558484931369	0.09505710433044992	0.7165883353579167	0.7165883353579167	3.0	4
DLBCL10565	0.7166328832341456	0.08003077065791257	0.029607543942368676	0.10932770208527345	0.0644011000802996	0.7166328832341456	3.0	0
DLBCL11657	0.10528766590414847	0.016870782006138698	0.09458736823005497	0.7193309887492025	0.06392319511045538	0.7193309887492025	3.0	3
DLBCL10517	0.03207969851471836	0.7207767699102536	0.058211045501763384	0.05491812953241334	0.13401435654085125	0.7207767699102536	1.0	1
DLBCL11188	0.047362689291057435	0.7208380520542722	0.1244487824667843	0.06332832146851944	0.0440221547193666	0.7208380520542722	1.0	1
DLBCL_C_D_1163_NULLPAIR	0.07801032168219496	0.023529853736312355	0.028626317386454152	0.1483807203097534	0.721452786885285	0.721452786885285	4.0	4
DLBCL10842	0.035940884039739024	0.030140589335392168	0.05895442798448082	0.15211691821193102	0.722847180428457	0.722847180428457	4.0	4
DLBCL_RICOVER_985	0.03742382694400855	0.026857348434865105	0.04575746411572342	0.7236594884269268	0.16630187207847602	0.7236594884269268	3.0	3
DLBCL10469	0.06248870324405483	0.048913962617205	0.1318119468211883	0.7253718812680132	0.03141350604953869	0.7253718812680132	3.0	3
DLBCL10863	0.7277047966839686	0.023006322630452106	0.018079576055691486	0.14694252111655212	0.08426678351333573	0.7277047966839686	3.0	0
DLBCL11558	0.02827579045590626	0.06174633535640836	0.7310592862452748	0.07321189707480322	0.10570669086760733	0.7310592862452748	2.0	2
DLBCL10856	0.03077388921026212	0.014101950000505683	0.16152326955697757	0.059689034587962736	0.7339118566442919	0.7339118566442919	2.0	4
DLBCL11447	0.07639951781338024	0.028118183085195664	0.08367035983316864	0.7380003641770523	0.07381157509120313	0.7380003641770523	3.0	3
DLBCL_LS155	0.02683426988161804	0.017684853722538526	0.738407093662182	0.04248498383191707	0.17458879890174428	0.738407093662182	2.0	2
DLBCL11564	0.052108721521604916	0.029156486653785677	0.14132988248615033	0.7387592319646789	0.03864567737378018	0.7387592319646789	3.0	3
DLBCL10986	0.7426499920080414	0.05254019371976715	0.05980815409688637	0.10898693696633421	0.0360147232089709	0.7426499920080414	0.0	0
DLBCL11566	0.04651823201642759	0.12624279444118572	0.7431142732753616	0.03593953677824011	0.04818516348878496	0.7431142732753616	2.0	2
DLBCL10928	0.7438482168566836	0.1243636713479261	0.024622943703043538	0.03840049235281581	0.06876467573953103	0.7438482168566836	0.0	0
DLBCL10552	0.03814749118828278	0.06331510868206386	0.06545902356169629	0.7444300840200531	0.08864829254790395	0.7444300840200531	3.0	3
DLBCL10544	0.1282368196817091	0.03608765297485831	0.030662373352704424	0.05993684448764411	0.7450763095030841	0.7450763095030841	3.0	4
DLBCL11473	0.7451094558942702	0.01907298033932467	0.06151138847577055	0.12908051409566676	0.04522566119496775	0.7451094558942702	0.0	0
DLBCL10878	0.7458550966055385	0.04656330781231552	0.06611244743137959	0.08137524659338506	0.06009390155738142	0.7458550966055385	4.0	0
DLBCL10888	0.7472419454567935	0.04285603129738127	0.07866430786270336	0.10289849746216735	0.028339217920954528	0.7472419454567935	4.0	0
DLBCL_RICOVER_253	0.023921099568205165	0.7474819497340538	0.03540625986569163	0.018682492251156573	0.1745081985808929	0.7474819497340538	1.0	1
DLBCL10486	0.7475327939527691	0.03117973703374238	0.028477112364197667	0.17056537836110885	0.022244978288181998	0.7475327939527691	0.0	0
DLBCL10509	0.7488053607238082	0.10996448540681902	0.02812813072909133	0.03641516084621609	0.07668686229406536	0.7488053607238082	0.0	0
DLBCL11439	0.13656225577962486	0.03440972938681941	0.7499991167369053	0.05924324225910466	0.019785655837545643	0.7499991167369053	2.0	2
DLBCL_RICOVER_839	0.0974114128611832	0.7511762039327587	0.07213297361688724	0.048312365861535096	0.030967043727635774	0.7511762039327587	1.0	1
DLBCL10462	0.7517954363337024	0.046358075821869585	0.046402191999551236	0.13952977276629946	0.015914523078577325	0.7517954363337024	0.0	0
DLBCL_RICOVER_258	0.06557588121189001	0.04966593382968624	0.7522916932256201	0.06777729225527927	0.06468919947752447	0.7522916932256201	2.0	2
DLBCL10968	0.752973572653911	0.015313363087355541	0.02459847223029606	0.17152270397737598	0.03559188805106143	0.752973572653911	0.0	0
DLBCL_RICOVER_1046	0.04455216005920597	0.11802373980151866	0.7531260082516869	0.04651425927780916	0.037783832609779355	0.7531260082516869	1.0	2
DLBCL10836	0.0250659096482863	0.02579576271005689	0.15962771617941562	0.034601664897986766	0.7549089465642544	0.7549089465642544	4.0	4
DLBCL_C_D_1109_NULLPAIR	0.7557448445357117	0.012571125517222387	0.03714436291292481	0.12372506239130979	0.0708146046428313	0.7557448445357117	3.0	0
DLBCL10876	0.06794020067528725	0.07403878269503653	0.06349603402849271	0.03859965164093749	0.755925330960246	0.755925330960246	4.0	4
DLBCL10847	0.11318021281528119	0.07021335234311699	0.037411002099931305	0.023186584011806188	0.7560088487298644	0.7560088487298644	4.0	4
DLBCL_MAYO_DLBCL_234	0.12143383708514756	0.01707053287066377	0.7563227006980846	0.08557675641165076	0.019596172934453326	0.7563227006980846	2.0	2
DLBCL10542	0.12469172043572484	0.0337588469411324	0.040197922014438836	0.044790487552745464	0.7565610230559584	0.7565610230559584	0.0	4
DLBCL10947	0.038545432291097435	0.7575445985301622	0.05186958029518157	0.028136057556271608	0.12390433132728709	0.7575445985301622	1.0	1
DLBCL10535	0.06445565539889107	0.07348586101151966	0.06413720378492214	0.03901687882358653	0.7589044009810806	0.7589044009810806	4.0	4
DLBCL10973	0.0704091139135397	0.045705167360148964	0.7590778072529362	0.06520536494632378	0.059602546527051416	0.7590778072529362	3.0	2
DLBCL_MC_F262_WLC	0.7609002770565015	0.0738436353806158	0.04630476141271342	0.05587792331639084	0.06307340283377844	0.7609002770565015	0.0	0
DLBCL11003	0.7613235553129964	0.050886934733272986	0.06308225686910678	0.061215965538590635	0.06349128754603316	0.7613235553129964	1.0	0
DLBCL11004	0.06187478386869339	0.019491215200952365	0.03337701023294659	0.7634343022042729	0.12182268849313477	0.7634343022042729	4.0	3
DLBCL10910	0.029821525661258817	0.12347439901848464	0.7650581417342522	0.03298776926557285	0.048658164320431525	0.7650581417342522	2.0	2
DLBCL11470	0.7653212069525288	0.014339160694540411	0.03821382355807778	0.1699550848341247	0.012170723960728316	0.7653212069525288	0.0	0
DLBCL_RICOVER_320	0.06653948165675488	0.04661180083240795	0.7653504119437865	0.06434074613681826	0.05715755943023246	0.7653504119437865	2.0	2
DLBCL11533	0.02757942032342893	0.7669387760009692	0.15094057864098656	0.02325104211336952	0.03129018292124588	0.7669387760009692	1.0	1
DLBCL10460	0.064680287861978	0.7682282162419337	0.07488338539124137	0.053538471829041756	0.03866963867580517	0.7682282162419337	1.0	1
DLBCL11468	0.7717576895928797	0.04844471141136668	0.05920481173790491	0.06330832047034678	0.05728446678750188	0.7717576895928797	2.0	0
DLBCL10881	0.13229220921327228	0.01919746416833717	0.02931895897824135	0.044604028429319806	0.7745873392108293	0.7745873392108293	4.0	4
DLBCL10927	0.08150034960498093	0.060411285179850324	0.06569619289096987	0.7764384073908396	0.015953764933359312	0.7764384073908396	3.0	3
DLBCL_RICOVER_506	0.02827371246025686	0.7798397889157199	0.04870382657584217	0.023625184929330537	0.1195574871188505	0.7798397889157199	4.0	1
DLBCL_LS2328	0.05118324426469891	0.11924290749265883	0.7825233727106994	0.03194060536012842	0.015109870171814432	0.7825233727106994	2.0	2
DLBCL10932	0.07922100438670193	0.044006204113456175	0.04069112533629118	0.7826315487339178	0.05345011742963287	0.7826315487339178	3.0	3
DLBCL11486	0.10001231702193167	0.01689777396870731	0.03804641575083593	0.05983882400996149	0.7852046692485636	0.7852046692485636	0.0	4
DLBCL_C_D_1117_NULLPAIR	0.1269335683107056	0.7865799023839657	0.03742978384356721	0.029894176304964593	0.019162569156796948	0.7865799023839657	1.0	1
DLBCL_RICOVER_338	0.7887148468208554	0.010270439156734446	0.028703382868062333	0.1435944935358163	0.028716837618531617	0.7887148468208554	0.0	0
DLBCL10458	0.7919954676193186	0.01800310755533006	0.020370633062118036	0.14961740972475188	0.02001338203848144	0.7919954676193186	0.0	0
DLBCL_RICOVER_1106	0.031429931655117385	0.062119559032676984	0.01938374626623614	0.09427368762072179	0.7927930754252477	0.7927930754252477	4.0	4
DLBCL11573	0.01926459702959474	0.7944045789641014	0.12470392055020671	0.02801531750048238	0.03361158595561469	0.7944045789641014	2.0	1
DLBCL_RICOVER_120	0.7954419241367732	0.07002976704294626	0.026298519910300824	0.058346149476854604	0.04988363943312507	0.7954419241367732	4.0	0
DLBCL11435	0.7962570005336863	0.019082634605038562	0.026238923669572364	0.14264238642468627	0.01577905476701653	0.7962570005336863	0.0	0
DLBCL_MC_F606_DMJ	0.04971033125403192	0.034676757520804555	0.7966595351177498	0.049998794004167214	0.06895458210324651	0.7966595351177498	2.0	2
DLBCL10885	0.07986466915883281	0.03007478151424689	0.04172105827890154	0.05006454866545903	0.7982749423825597	0.7982749423825597	1.0	4
DLBCL10902	0.018685938285743733	0.023318179981263107	0.1205062010500978	0.03916688149993815	0.7983227991829572	0.7983227991829572	4.0	4
DLBCL_LS4616	0.011670478803154772	0.800813478190371	0.13869920464727142	0.02885066109155638	0.019966177267646476	0.800813478190371	2.0	1
DLBCL10501	0.020849023674258248	0.05194699819375948	0.8011171648906827	0.09461576208147235	0.03147105115982719	0.8011171648906827	2.0	2
DLBC_FF_A7CQ_TP_NB	0.02367190775473156	0.08167126332263999	0.07805809041842204	0.015228748372558776	0.8013699901316477	0.8013699901316477	4.0	4
DLBCL10491	0.054964775252828765	0.048516059698003516	0.07031761309794271	0.8040094956979718	0.022192056253253285	0.8040094956979718	3.0	3
DLBCL10464	0.8074679063584906	0.028002519745913626	0.10354987502649309	0.04809092714541194	0.012888771723690757	0.8074679063584906	2.0	0
DLBCL11458	0.05147118063563254	0.08858309334712698	0.8097988400596339	0.031012345596757383	0.019134540360849238	0.8097988400596339	2.0	2
DLBCL_C_D_1118_NULLPAIR	0.06940408950652799	0.8099168525016778	0.05194738684883979	0.039440104092557514	0.029291567050396893	0.8099168525016778	1.0	1
DLBCL_RICOVER_1192	0.024863412620830902	0.1161575465233609	0.024663088808527012	0.023368232380590905	0.8109477196666903	0.8109477196666903	4.0	4
DLBCL11673	0.027927096603018446	0.8118754409223667	0.11076685878318906	0.02437124346628772	0.025059360225138064	0.8118754409223667	1.0	1
DLBCL11513	0.024975796700965017	0.052063213755523245	0.05822306338039424	0.05134296334450932	0.8133949628186081	0.8133949628186081	4.0	4
DLBCL10485	0.0674114578083012	0.8138743922156177	0.052108112936571895	0.03530233107227837	0.031303705967230755	0.8138743922156177	4.0	1
DLBCL11536	0.06749524937860112	0.8139077988126318	0.04503856579008926	0.06165202428964528	0.011906361729032587	0.8139077988126318	3.0	1
DLBCL11678	0.8167742792085781	0.027672599485319065	0.018222700219365874	0.11090635457765789	0.026424066509079053	0.8167742792085781	3.0	0
DLBCL10514	0.03714940533385973	0.8175313619523001	0.054552515420683054	0.039606100933770975	0.05116061635938606	0.8175313619523001	2.0	1
DLBCL_C_D_1133_NULLPAIR	0.02338428266382492	0.8180457923854686	0.08531493502577465	0.04248245202252159	0.03077253790241026	0.8180457923854686	2.0	1
DLBCL10896	0.8193882980131763	0.024363794163475772	0.038169102882744194	0.04821618202783384	0.0698626229127699	0.8193882980131763	0.0	0
DLBCL11480	0.820281608564688	0.01385252854846458	0.02975020260713145	0.05263428939904612	0.08348137088066981	0.820281608564688	0.0	0
DLBCL10862	0.020008336242965573	0.024080051717131054	0.11074676586003891	0.02455619943728006	0.8206086467425844	0.8206086467425844	4.0	4
DLBCL_RICOVER_577	0.036280237806543714	0.04250027903744297	0.8206294785337991	0.04772345950237187	0.05286654511984232	0.8206294785337991	2.0	2
DLBC_FF_A7CW_TP_NB	0.017533897251696653	0.076330667782214	0.047089597144301824	0.037457973014981244	0.8215878648068063	0.8215878648068063	4.0	4
DLBCL11581	0.03177630470720408	0.05647606583020975	0.8268756737698661	0.0451078213655116	0.03976413432720837	0.8268756737698661	4.0	2
DLBCL_RICOVER_720	0.03427258439152827	0.0544368259961283	0.03995840879370876	0.043548490238567834	0.8277836905800668	0.8277836905800668	4.0	4
DLBCL_LS4593	0.01580801574265034	0.04082316358170502	0.829935097265893	0.03495030180213694	0.07848342160761473	0.829935097265893	2.0	2
DLBCL11462	0.8299878338035533	0.015337417115038264	0.027235980039645703	0.04412279805723959	0.08331597098452306	0.8299878338035533	0.0	0
DLBCL10564	0.0392952669127052	0.053905552803328816	0.04855585880073925	0.8301108396433199	0.028132481839906853	0.8301108396433199	3.0	3
DLBCL_MC_F139_LJF	0.08202175871110069	0.021775100754487686	0.03993404369179617	0.8302452409019809	0.026023855940634444	0.8302452409019809	3.0	3
DLBCL10922	0.022997267491711278	0.8304025361229495	0.05935939568450555	0.05787182840229701	0.02936897229853667	0.8304025361229495	1.0	1
DLBCL10471	0.03332287850264213	0.05258199636153055	0.04163106435523285	0.03911211107719709	0.8333519497033973	0.8333519497033973	4.0	4
DLBCL10912	0.835235549997278	0.011694614138492068	0.01896278514988803	0.037109459658809824	0.09699759105553202	0.835235549997278	0.0	0
DLBCL_C_D_1136_NULLPAIR	0.026806034704338313	0.8374259569072343	0.04955343746149931	0.06907699332090196	0.017137577606026116	0.8374259569072343	1.0	1
DLBCL_RICOVER_1061	0.04500879241490983	0.015281502354659774	0.07160720052119536	0.8407027355990356	0.02739976911019941	0.8407027355990356	3.0	3
DLBCL11472	0.8422398790170482	0.018125868966029263	0.02097804922486777	0.040350926875613397	0.07830527591644135	0.8422398790170482	0.0	0
DLBCL10951	0.01985220045935188	0.07336794837543868	0.03324184967840114	0.02827060882851427	0.845267392658294	0.845267392658294	4.0	4
DLBCL10844	0.845736853777574	0.024162432657612493	0.029202505988000765	0.031492001115546016	0.06940620646126676	0.845736853777574	0.0	0
DLBCL10900	0.08793983144869377	0.02192679400846132	0.014164670627314123	0.02874544941049614	0.8472232545050347	0.8472232545050347	4.0	4
DLBCL10518	0.0681256095823878	0.0169578604743587	0.8495767881199365	0.03153239147498841	0.03380735034832859	0.8495767881199365	2.0	2
DLBCL_C_D_1105_NULLPAIR	0.8498177636194392	0.03428132716332382	0.018323230174180537	0.03292482366364824	0.06465285537940828	0.8498177636194392	1.0	0
DLBCL11669	0.849843820599089	0.0530815414883869	0.036639353712890024	0.03995399610747677	0.020481288092157244	0.849843820599089	2.0	0
DLBCL10515	0.02653286180660849	0.03498097656402877	0.04521401130166716	0.04305781961759649	0.8502143307100991	0.8502143307100991	0.0	4
DLBCL10480	0.8516309340179239	0.06504838875017908	0.020942342355036822	0.032694881204593094	0.029683453672267154	0.8516309340179239	1.0	0
DLBCL10858	0.044625983165310745	0.01494175757618185	0.017354643661907088	0.06691218413082865	0.8561654314657717	0.8561654314657717	3.0	4
DLBCL10956	0.8563625308351329	0.028539866135474823	0.020316613298582684	0.07554055328786326	0.019240436442946363	0.8563625308351329	1.0	0
DLBCL11504	0.01769462514575574	0.03404867523752911	0.03800494648776101	0.052976613090216486	0.8572751400387376	0.8572751400387376	4.0	4
DLBCL_RICOVER_617	0.07364142870765057	0.01844650910640542	0.03270893592855243	0.857460281433783	0.017742844823608613	0.857460281433783	3.0	3
DLBCL_LS2089	0.018825230413178407	0.09336432865273431	0.01679578494490336	0.012046983997603298	0.8589676719915806	0.8589676719915806	1.0	4
DLBCL10495	0.8613532402962065	0.020237347682201253	0.011786044795514188	0.05454431441847252	0.052079052807605546	0.8613532402962065	0.0	0
DLBCL11448	0.01948657282844201	0.02078691880218507	0.039967128463926874	0.05826756962973047	0.8614918102757156	0.8614918102757156	3.0	4
DFCIDL008_DT	0.03780917765025405	0.04431458706881278	0.03608722147543626	0.020209828009224176	0.8615791857962727	0.8615791857962727	4.0	4
DLBCL_LS3200	0.019877241544753413	0.8617308931370021	0.029302505264243075	0.015123676810719078	0.0739656832432823	0.8617308931370021	4.0	1
DLBCL_LS2325	0.04159415771659875	0.8628036856866265	0.04254681931071019	0.030959881232292555	0.02209545605377203	0.8628036856866265	2.0	1
DLBCL11242	0.043978133103210144	0.033139481116045096	0.028651364435653425	0.030198095871526182	0.8640329254735651	0.8640329254735651	4.0	4
DLBCL11000	0.025569287787454834	0.04535246960289205	0.032564050303983245	0.032000834924299115	0.8645133573813708	0.8645133573813708	4.0	4
DLBCL10911	0.05168348241067471	0.8662068305449865	0.030448957773589018	0.022508459249877155	0.029152270020872593	0.8662068305449865	1.0	1
DLBCL11443	0.02894840454612503	0.024894101480820312	0.039689093274479274	0.039270440090068665	0.8671979606085067	0.8671979606085067	0.0	4
DLBCL11195	0.029310871592077466	0.025390119259704826	0.03755953058949329	0.03970882035080462	0.8680306582079198	0.8680306582079198	4.0	4
DLBCL10919	0.8691151750255216	0.024236040561437886	0.011605204136482297	0.0682275768917817	0.026816003384776542	0.8691151750255216	3.0	0
DLBCL_RICOVER_787	0.039172631986301866	0.8691557262679468	0.039538435542597034	0.030018983119811927	0.022114223083342415	0.8691557262679468	1.0	1
DLBCL_RICOVER_711	0.030078534431406068	0.8699455828136518	0.04908044772775964	0.032172395720037585	0.01872303930714499	0.8699455828136518	3.0	1
DLBCL10519	0.02276234647495085	0.8711392845506868	0.05440496505920951	0.02059702377252943	0.031096380142623455	0.8711392845506868	1.0	1
DFCIDL010_DT	0.872691942621444	0.017762732619002634	0.018268167643339824	0.07117492593566602	0.020102231180547533	0.872691942621444	0.0	0
DLBCL_C_D_1157_NULLPAIR	0.021295709019202098	0.015926106399022862	0.8741293789975673	0.06517435644211271	0.023474449142095045	0.8741293789975673	2.0	2
DLBCL_MAYO_DLBCL_7359	0.033866430629444236	0.8755600928044804	0.033422413689751	0.021977512552824558	0.03517355032349976	0.8755600928044804	1.0	1
DLBCL10931	0.875865917343101	0.02565358819396397	0.033137769646121515	0.04882116775688383	0.01652155705992965	0.875865917343101	0.0	0
DLBCL10985	0.8770553759691558	0.022317234112339348	0.034289432457069974	0.05174377820883205	0.014594179252602818	0.8770553759691558	1.0	0
DLBCL_RICOVER_173	0.021103086751315534	0.01599275124539133	0.035434676222557984	0.050374574489330054	0.877094911291405	0.877094911291405	4.0	4
DLBCL_MC_F132_MLM	0.8778707773839002	0.01900377111045351	0.01582689737919796	0.06765175735847119	0.019646796767977093	0.8778707773839002	0.0	0
DLBCL10852	0.02028418031927061	0.016915157734496165	0.033709137551938606	0.05038100884790096	0.8787105155463937	0.8787105155463937	4.0	4
DLBCL10975	0.8792605747024167	0.006495370089912439	0.031125380293225792	0.050208208832377164	0.03291046608206796	0.8792605747024167	0.0	0
DLBCL11656	0.013400717547467056	0.012191135695984614	0.8808889319163968	0.029927279943822986	0.06359193489632856	0.8808889319163968	2.0	2
DLBCL10961	0.007971526060945753	0.04101156162110362	0.03772308576071494	0.032195156611487745	0.8810986699457479	0.8810986699457479	4.0	4
DLBCL10997	0.8811077896012816	0.02268714622653282	0.03300205498567973	0.049037005225040155	0.01416600396146572	0.8811077896012816	0.0	0
DLBCL10988	0.012112576801616417	0.8812220892414001	0.032457868411065606	0.016692478285422762	0.05751498726049515	0.8812220892414001	1.0	1
DLBCL10550	0.013386606717489357	0.061533216302613145	0.02344097109519852	0.020205265040231506	0.8814339408444675	0.8814339408444675	4.0	4
DLBCL10883	0.019336467747594288	0.016264508681835155	0.033177043278355904	0.0487011996146834	0.8825207806775313	0.8825207806775313	4.0	4
DLBCL10887	0.019701944653854976	0.01591691094358193	0.03261173529167187	0.04667061445280026	0.8850987946580909	0.8850987946580909	4.0	4
DLBCL_RICOVER_685	0.01905021215222259	0.015832562388949707	0.03303773044331094	0.046721357199932353	0.8853581378155844	0.8853581378155844	4.0	4
DLBCL_DFCI_DLBCL_GOE05	0.01859705265035687	0.028308978866854424	0.03613789369246162	0.028670174434777783	0.8882859003555493	0.8882859003555493	1.0	4
DLBCL10850	0.8891460993164088	0.05896392816172272	0.013752148220699789	0.02642825815740736	0.01170956614376141	0.8891460993164088	1.0	0
DLBCL10870	0.021302952718226548	0.03746756502585999	0.029744719446838475	0.02215465678659189	0.8893301060224831	0.8893301060224831	4.0	4
DLBCL10467	0.013976071095545502	0.017748187746241713	0.8896521380318189	0.027834956944485546	0.05078864618190833	0.8896521380318189	4.0	2
DLBCL_C_D_1114_NULLPAIR	0.8901655008229167	0.02660170059457045	0.024135087648983457	0.033233282014453455	0.02586442891907599	0.8901655008229167	0.0	0
DLBCL10461	0.019142416403181536	0.891625109928262	0.05820237370547686	0.014825709132170543	0.016204390830909073	0.891625109928262	1.0	1
DLBCL10494	0.02237330050231494	0.8930319856886565	0.03344429947168135	0.015088884648329356	0.03606152968901786	0.8930319856886565	1.0	1
DLBCL10459	0.01902903060857633	0.015432975535176235	0.8932141425388227	0.05062354217439639	0.02170030914302839	0.8932141425388227	2.0	2
DLBCL10490	0.8941960890926184	0.02349199145157681	0.021335777072148683	0.025116770676257727	0.03585937170739836	0.8941960890926184	0.0	0
DLBCL_RICOVER_948	0.031495072088281444	0.8971518204067066	0.02634731479625265	0.01863675441542184	0.02636903829333746	0.8971518204067066	1.0	1
DLBCL10924	0.019642621984691088	0.021643898514461878	0.029053142136310824	0.029502630092474346	0.9001577072720619	0.9001577072720619	4.0	4
DLBCL_RICOVER_977	0.9009202137907527	0.0069218941719015915	0.01829899469969946	0.047328453765272636	0.026530443572373632	0.9009202137907527	0.0	0
DLBCL_C_D_1119_NULLPAIR	0.051830396672599616	0.9019329061374306	0.016282705341242307	0.013041957048403571	0.01691203480032388	0.9019329061374306	1.0	1
DLBCL_RICOVER_1210	0.020429618169886386	0.9020642376058678	0.02387852589129832	0.0200087552905101	0.03361886304243736	0.9020642376058678	1.0	1
DLBCL11675	0.016383148381411184	0.012729591640930526	0.9025473635219843	0.021903045640851625	0.046436850814822336	0.9025473635219843	2.0	2
DLBCL11459	0.01309446845523529	0.01385132035641844	0.026530028830234528	0.04353400534776254	0.9029901770103492	0.9029901770103492	3.0	4
DLBCL_RICOVER_1293	0.017556534331444183	0.025548688782745695	0.02360929215134768	0.030080408999059602	0.9032050757354029	0.9032050757354029	4.0	4
DLBCL11491	0.9036258397331339	0.025270004803880676	0.012834541890667782	0.03169900460086761	0.026570608971449975	0.9036258397331339	3.0	0
DLBCL10874	0.030257455276584258	0.9044396550097783	0.02423813885999239	0.01632777902503321	0.024736971828611894	0.9044396550097783	1.0	1
DLBCL_DFCI_DLBCL_GOE16	0.02185561427703095	0.012741194906275597	0.907023876256228	0.029891385793311343	0.02848792876715411	0.907023876256228	2.0	2
DLBCL11539	0.9104811420111054	0.018014034503011214	0.019148422655810907	0.02767330219928038	0.02468309863079206	0.9104811420111054	0.0	0
DLBCL_LS1683	0.013892141895824781	0.03581979175639814	0.019999673851292636	0.018592063728757064	0.9116963287677273	0.9116963287677273	1.0	4
DLBCL10549	0.01981412834675662	0.9118560753510817	0.035293813645731496	0.02020846156974999	0.01282752108668023	0.9118560753510817	1.0	1
DLBCL_RICOVER_1248	0.008973208980735989	0.04844442212416934	0.01684424813936084	0.013327377253135434	0.9124107435025984	0.9124107435025984	4.0	4
DLBCL_RICOVER_1289	0.013090042346489219	0.011984178575835695	0.02511713591871707	0.03627677778532573	0.9135318653736323	0.9135318653736323	4.0	4
DLBCL10483	0.021825508036912983	0.914331884313807	0.018713919286034636	0.01061113549121798	0.03451755287202746	0.914331884313807	1.0	1
DLBCL11685	0.019401598914258546	0.018569708965811	0.9168220362048753	0.024068906216490382	0.02113774969856469	0.9168220362048753	2.0	2
DLBCL10879	0.01526579806947973	0.021443127815678358	0.9179466457918122	0.03783457975985292	0.007509848563176809	0.9179466457918122	2.0	2
DLBCL_C_D_1148_NULLPAIR	0.9182857856159538	0.008103695976388912	0.011046043175651273	0.04952908639558997	0.01303538883641605	0.9182857856159538	0.0	0
DLBCL10909	0.016288983730156605	0.014935053721304145	0.02386820187619844	0.02582840858219528	0.9190793520901456	0.9190793520901456	4.0	4
DLBCL_RICOVER_299	0.009031322678659838	0.9204479070350002	0.044798997912207095	0.011504052022942485	0.014217720351190323	0.9204479070350002	1.0	1
DLBCL11346	0.018430256946525517	0.9220925259957578	0.017698892506746788	0.011409427462888297	0.030368897088081596	0.9220925259957578	1.0	1
DLBCL10917	0.023720255200921418	0.9223162468158158	0.024086673442213692	0.016910430318827527	0.012966394222221558	0.9223162468158158	1.0	1
DLBCL11498	0.030177966221945293	0.9233000266234302	0.015588406017696435	0.01083739695983803	0.02009620417709004	0.9233000266234302	1.0	1
DLBCL11511	0.932053428566393	0.016381590704981255	0.01297395701629451	0.025441560105307116	0.01314946360702413	0.932053428566393	0.0	0
DLBCL11518	0.9331349340203554	0.017630330174611537	0.011782681222854127	0.023305102097040467	0.014146952485138463	0.9331349340203554	2.0	0
DLBCL11683	0.01602818166383711	0.015434213424881273	0.9347201187773768	0.021297408595650984	0.012520077538253778	0.9347201187773768	2.0	2
DLBCL11681	0.9359007150802872	0.011276811477620304	0.01790279318939505	0.02667324941343691	0.008246430839260622	0.9359007150802872	0.0	0
DLBCL10913	0.9364503323653095	0.025430973313955284	0.009911063253199948	0.01932719635824496	0.00888043470929033	0.9364503323653095	0.0	0
DLBCL_LS3245	0.009971709027758244	0.9366334042460303	0.018821011018328376	0.021245865939530855	0.013328009768352257	0.9366334042460303	1.0	1
DLBCL10967	0.01282458865745906	0.021589746503581184	0.01649624905049348	0.012436384041260302	0.9366530317472059	0.9366530317472059	4.0	4
DLBCL11523	0.01739033908641095	0.009864685842052679	0.014506224076787649	0.01920568327000996	0.9390330677247387	0.9390330677247387	0.0	4
DLBCL11525	0.9402685345723667	0.010150500553065255	0.015338739851141052	0.025727652902990304	0.008514572120436714	0.9402685345723667	2.0	0
DLBCL_RICOVER_1204	0.008585277810194069	0.010513195211455831	0.009819750782544994	0.0305360224852236	0.9405457537105815	0.9405457537105815	3.0	4
DLBCL11667	0.014479884622694696	0.010844838237617949	0.9406880917258913	0.017585856268230785	0.016401329145565285	0.9406880917258913	2.0	2
DLBCL_C_D_1125_NULLPAIR	0.007760018481553826	0.03195530622734844	0.009890156426131936	0.008965189174263765	0.941429329690702	0.941429329690702	4.0	4
DLBCL11191	0.9422049997508313	0.013484190643495778	0.008315363325046813	0.02139941766800812	0.014596028612617974	0.9422049997508313	0.0	0
DLBCL11454	0.9424950210157647	0.010967317550021905	0.008099747878285787	0.03309270278014713	0.005345210775780526	0.9424950210157647	0.0	0
DLBCL10484	0.017023735038693293	0.9426650985686525	0.017687283419707406	0.013303176029882176	0.009320706943064557	0.9426650985686525	1.0	1
DLBCL10529	0.007671913457114403	0.021840886206212426	0.01152487263402554	0.0144694935945832	0.9444928341080644	0.9444928341080644	4.0	4
DLBCL10530	0.00746880568708798	0.012053071601803973	0.012040605889320363	0.02208530486859009	0.9463522119531976	0.9463522119531976	4.0	4
DLBCL_LS1098	0.01257331571685535	0.00825230787317194	0.9486469291536597	0.023587011099064397	0.006940436157248647	0.9486469291536597	2.0	2
DFCIDL003_DT	0.005704236078741411	0.9506940415125277	0.018533001174004457	0.008886261390122748	0.016182459844603748	0.9506940415125277	1.0	1
DLBCL_RICOVER_267	0.011253759593745194	0.006864548336243968	0.9543258641917793	0.01394802704758542	0.01360780083064605	0.9543258641917793	2.0	2
DLBCL11677	0.9544310709951244	0.00741896345513931	0.011538483424923007	0.0220336536048145	0.004577828519998841	0.9544310709951244	0.0	0
DLBCL_RICOVER_174	0.011997447074002299	0.9546787856659267	0.015540858201000684	0.010324513144267897	0.00745839591480242	0.9546787856659267	1.0	1
DLBCL10854	0.00813270062183234	0.008114882111862757	0.012418013704601511	0.015138198398768041	0.9561962051629354	0.9561962051629354	4.0	4
DLBCL11542	0.011164232553783916	0.0073452912172477635	0.9584684143996736	0.017576810802424535	0.005445251026870255	0.9584684143996736	2.0	2
DLBCL10523	0.007744295295707057	0.009866429321660304	0.9589041049530519	0.01860826365052278	0.00487690677905801	0.9589041049530519	2.0	2
DLBCL10935	0.9603045652828941	0.010793684558280177	0.006931718873055756	0.01193370817379878	0.010036323111971147	0.9603045652828941	0.0	0
DLBCL10521	0.006062129717974824	0.006822904241581253	0.010372665977469395	0.015232078899980949	0.9615102211629936	0.9615102211629936	4.0	4
DLBCL10893	0.0060346453495260565	0.010683836498309434	0.009020315332339126	0.010954277977077065	0.9633069248427483	0.9633069248427483	4.0	4
DLBCL10966	0.9655381167014683	0.0038025056474576147	0.006523340043771777	0.019603978074257584	0.004532059533044771	0.9655381167014683	0.0	0
DLBCL10992	0.011066803619320937	0.0051218188760665554	0.007056048040691587	0.009279964731608527	0.9674753647323124	0.9674753647323124	4.0	4
DLBCL11672	0.005456709089867511	0.005867144782373514	0.968874062047946	0.009945885992998029	0.009856198086814896	0.968874062047946	2.0	2
DLBCL10864	0.004747834697672356	0.011328797030886165	0.006608770351993802	0.007096411540056504	0.9702181863793912	0.9702181863793912	4.0	4
DLBCL11353	0.009482161510714293	0.0072942370097068545	0.005914913878777317	0.006799381025852996	0.9705093065749485	0.9705093065749485	4.0	4
DLBCL_LS2245	0.006708546488614124	0.004484613721906723	0.972495484795138	0.012419422737035841	0.0038919322573052486	0.972495484795138	1.0	2
DLBCL10977	0.008575885305426438	0.005549874283811666	0.006202542060966673	0.0068903760163066576	0.9727813223334886	0.9727813223334886	4.0	4
DLBCL_RICOVER_469	0.0049986852358777905	0.004262938112000008	0.9757978396445325	0.008491931815533793	0.006448605192055923	0.9757978396445325	2.0	2
DLBCL10901	0.00402739661796705	0.004583307966907496	0.005437905445403674	0.007688527612378156	0.9782628623573436	0.9782628623573436	4.0	4
DLBCL11205	0.9787564514211686	0.003990676915397155	0.0035477561792842996	0.010778574354977078	0.002926541129172832	0.9787564514211686	0.0	0
DLBCL_C_D_1108_NULLPAIR	0.00413980738377921	0.9811860369736977	0.0049549530451484525	0.0030319441005822317	0.006687258496792467	0.9811860369736977	1.0	1
DLBC_FF_A7CR_TP_NB	0.003909416159233972	0.0030934718132757926	0.0039893441144663346	0.005659295996202717	0.9833484719168212	0.9833484719168212	4.0	4
DLBCL10996	0.9835835415422144	0.003218754410868449	0.0030358431087620205	0.006418506102945154	0.0037433548352099636	0.9835835415422144	0.0	0
DLBCL_RICOVER_440	0.002503085016457816	0.9871976689481047	0.0038948552656135065	0.002652563204531778	0.003751827565292219	0.9871976689481047	2.0	1
DLBCL10930	0.00299364669242569	0.0027668708859829123	0.0023524379674635916	0.0031449035425295956	0.9887421409115982	0.9887421409115982	4.0	4
DLBCL11537	0.9906491884643499	0.0012503723275473653	0.0015679149677609292	0.0038985047215543	0.0026340195187875425	0.9906491884643499	0.0	0
