	C1	C2	C3	C4	C5	Confidence	True Cluster	Predicted Cluster
DLBCL10936	0.20355318979873122	0.18846214772531056	0.21798864994873643	0.15196866905011217	0.23802734347710963	0.23802734347710963	2.0	4
DLBCL_C_D_PAIR13	0.20781758113768806	0.1822024978538083	0.24589373168248943	0.15517936130499793	0.20890682802101632	0.24589373168248943	4.0	2
DLBCL_C_D_1140_NULLPAIR	0.2135807249057765	0.18236682365990525	0.24725341852842117	0.15203152721423532	0.20476750569166183	0.24725341852842117	4.0	2
DLBCL10908	0.20580011073813895	0.1836391865984473	0.2510021835172396	0.15100687126141876	0.20855164788475544	0.2510021835172396	4.0	2
DLBCL11483	0.21197300179767647	0.16822554277077892	0.20995004697770978	0.15001092976947067	0.25984047868436405	0.25984047868436405	1.0	4
DLBCL_RICOVER_320	0.15769267837173792	0.310837453729096	0.22687861411943439	0.1413493698893747	0.16324188389035701	0.310837453729096	2.0	1
DLBCL11574	0.14580378354904705	0.31578683147754794	0.22430525348119304	0.1441590832201223	0.16994504827208975	0.31578683147754794	2.0	1
DLBCL10980	0.018349605248163228	0.2315297597861753	0.3254619938976778	0.1387088785103163	0.28594976255766735	0.3254619938976778	4.0	2
DLBCL11518	0.2607796390734876	0.33830901837079963	0.28102118683841615	0.10025751895808979	0.019632636759206953	0.33830901837079963	2.0	1
DLBCL11533	0.3424040473704466	0.15551567616878265	0.24588961985430746	0.23005845915596687	0.026132197450496355	0.3424040473704466	1.0	0
DLBCL10955	0.14746201416803476	0.08895348777104571	0.16622912492619188	0.3470702569257957	0.250285116208932	0.3470702569257957	3.0	3
DLBCL10487	0.3171574136795042	0.35009483330037505	0.12298162915030712	0.18410172390071125	0.025664399969102376	0.35009483330037505	1.0	1
DLBCL11525	0.36267425136475806	0.06705613522046203	0.21576377984362982	0.3211721637749548	0.033333669796195266	0.36267425136475806	2.0	0
DLBCL_LS2367	0.22179822523806056	0.2400880394970284	0.1163573920400742	0.3637675996227895	0.05798874360204749	0.3637675996227895	0.0	3
DLBCL10844	0.3652050552229036	0.3216839433162685	0.07210822347944272	0.06183731894602326	0.17916545903536202	0.3652050552229036	0.0	0
DLBCL10510	0.12969624266815474	0.37516979662289207	0.05337872800081749	0.158720300252279	0.2830349324558568	0.37516979662289207	1.0	1
DLBCL11652	0.3779890394461782	0.2817532785315927	0.16652167175832755	0.12592965436385703	0.04780635590004453	0.3779890394461782	0.0	0
DLBCL11480	0.3805175752616728	0.09056019237400931	0.03134435097210857	0.26531433774475865	0.23226354364745075	0.3805175752616728	0.0	0
DLBCL11491	0.21775814377630032	0.38057362134142303	0.031228251193784935	0.2941186219056846	0.07632136178280709	0.38057362134142303	3.0	1
DLBCL_LS2208	0.08582288381539721	0.3838607793596396	0.15550182034114238	0.08164579402193445	0.29316872246188636	0.3838607793596396	4.0	1
DLBCL10488	0.38394839529756464	0.1652118826502888	0.2546965943688602	0.18496191403075443	0.011181213652531826	0.38394839529756464	0.0	0
DLBCL10877	0.07969561022518357	0.38399227756871895	0.15568401556617917	0.08496379877291675	0.29566429786700144	0.38399227756871895	0.0	1
DLBCL_BWH_DLBCL64	0.2615116302846391	0.25191395307660697	0.08591970199342878	0.38445865504168697	0.01619605960363808	0.38445865504168697	1.0	3
DLBCL11466	0.26293530639342666	0.1197747461478678	0.12585930890398817	0.386125075782917	0.1053055627718004	0.386125075782917	1.0	3
DLBCL11677	0.1470441958220099	0.014449905213063396	0.24055957686808915	0.21138048888761488	0.3865658332092227	0.3865658332092227	0.0	4
DLBCL11477	0.10696110296255468	0.051277636339769034	0.29806924276607216	0.38984222455407336	0.15384979337753088	0.38984222455407336	0.0	3
DLBCL10970	0.07246598848862904	0.3901235628175557	0.18453258446906104	0.29192942926323934	0.060948434961514704	0.3901235628175557	3.0	1
DLBCL_MAYO_DLBCL_234	0.39402561100529215	0.020550583765060568	0.26152598549705675	0.2748754765227234	0.049022343209867106	0.39402561100529215	2.0	0
DLBCL11429	0.3008571538041288	0.029066984455077504	0.39727358779487254	0.16697862758378532	0.1058236463621359	0.39727358779487254	0.0	2
DLBCL10999	0.022379538090436708	0.05223385770088567	0.4009436639842066	0.23517048686602313	0.2892724533584478	0.4009436639842066	4.0	2
DLBCL_RICOVER_787	0.4028817818032399	0.19269091281718084	0.1217367152847505	0.2598315990023875	0.022858991092441223	0.4028817818032399	1.0	0
DLBCL10972	0.3138786864065298	0.034955924013732854	0.1348295835430616	0.40531712520605756	0.1110186808306182	0.40531712520605756	0.0	3
DFCIDL004_DT	0.3528208097286901	0.01473273109682387	0.031279473960030134	0.1941405218925322	0.4070264633219236	0.4070264633219236	4.0	4
DLBCL11501	0.40773158000829873	0.11398404113269645	0.23015660373300018	0.04661266639970586	0.20151510872629874	0.40773158000829873	0.0	0
DLBCL10950	0.08128938408117305	0.3441338488906222	0.41169625764049517	0.05288270448060847	0.10999780490710108	0.41169625764049517	0.0	2
DLBCL_MC_F927_JHS	0.11311415085205172	0.2305220471240561	0.1544609095886648	0.08821823907988138	0.413684653355346	0.413684653355346	4.0	4
DLBCL10782	0.35869828465510417	0.14226664972402409	0.06540940432534781	0.4149395696654438	0.01868609163008014	0.4149395696654438	3.0	3
DLBCL10973	0.170500804755905	0.03710279308120795	0.25852255660627976	0.4179891104651021	0.115884735091505	0.4179891104651021	3.0	3
DLBC_FF_A7CW_TP_NB	0.062020180444602835	0.4185738028267491	0.0465126274043634	0.36030839801848774	0.11258499130579683	0.4185738028267491	4.0	1
DLBCL11002	0.4197015041792223	0.07315807704735472	0.3512606490666882	0.06694071607546172	0.08893905363127304	0.4197015041792223	3.0	0
DLBCL_RICOVER_1190	0.4198358031681417	0.034188514097394825	0.13384061874568545	0.04872003442813869	0.3634150295606393	0.4198358031681417	4.0	0
DLBCL_LS4619	0.05565997671675305	0.08808649487629644	0.422678700284698	0.3248275927722903	0.10874723534996224	0.422678700284698	4.0	2
DLBCL11673	0.09898885391756373	0.09177732336799793	0.4256424645225911	0.33911255026708914	0.04447880792475806	0.4256424645225911	1.0	2
DLBCL_C_D_1112_NULLPAIR	0.10544832339120702	0.42580436423550927	0.22450138681090892	0.12201331370611784	0.12223261185625693	0.42580436423550927	2.0	1
DLBCL11510	0.42745793792138626	0.11174791293939579	0.09177975245747114	0.08044019021009745	0.28857420647164944	0.42745793792138626	4.0	0
DLBCL10903	0.1142018434170004	0.42820163967244435	0.22416589058435565	0.13410499366400475	0.09932563266219488	0.42820163967244435	1.0	1
DLBCL11500	0.17767855659494478	0.03181451390280997	0.05781878794681468	0.3042233474139046	0.42846479414152594	0.42846479414152594	4.0	4
DLBCL_RICOVER_978	0.34046489001179886	0.14650108425470412	0.04820660372131699	0.4358502775253226	0.028977144486857426	0.4358502775253226	2.0	3
DLBCL10522	0.43751671938234643	0.08462152345459714	0.36986910841438003	0.06874214160952301	0.039250507139153394	0.43751671938234643	2.0	0
DLBCL11437	0.27629909968940897	0.023528826268691152	0.029616461224911003	0.43762840240349604	0.23292721041349282	0.43762840240349604	3.0	3
DLBCL10904	0.2546609276261535	0.44226210697265844	0.050283424095900156	0.03849865797684483	0.21429488332844304	0.44226210697265844	4.0	1
DLBCL10527	0.05054575975689012	0.07611834532764171	0.07704072699893519	0.3539956126392197	0.44229955527731335	0.44229955527731335	3.0	4
DLBCL10959	0.07772514346554388	0.44326655638921647	0.08285900559051916	0.2223744877616294	0.17377480679309115	0.44326655638921647	0.0	1
DLBCL11473	0.3242966093552915	0.13557029859117675	0.04143456488947017	0.44461674739916274	0.05408177976489879	0.44461674739916274	0.0	3
DLBCL11478	0.4464782410035447	0.035869109952191454	0.3975353766143343	0.04658400609276228	0.07353326633716709	0.4464782410035447	0.0	0
DLBCL10553	0.01793598978068537	0.4465369596601011	0.24489171441599042	0.10221745575856943	0.1884178803846536	0.4465369596601011	3.0	1
DLBCL11504	0.45312915609031856	0.2165387027538404	0.09591770344227031	0.06689113016038761	0.16752330755318315	0.45312915609031856	4.0	0
DLBCL_RICOVER_617	0.08687865310557231	0.45423596804838856	0.14921769407754062	0.2749340424626542	0.03473364230584432	0.45423596804838856	3.0	1
DLBCL11481	0.45477798650208984	0.06010426747347451	0.28921077598654066	0.049074797756664505	0.14683217228123055	0.45477798650208984	0.0	0
DLBCL10962	0.03523990639144717	0.3775575192291829	0.45743042439767767	0.08696801653148448	0.042804133450207775	0.45743042439767767	1.0	2
DLBCL11448	0.05277263374769867	0.04657722553925695	0.37410995212307824	0.06853001356145616	0.4580101750285101	0.4580101750285101	3.0	4
DLBCL_RICOVER_744	0.35837907546495495	0.12021601605830076	0.45955415655373877	0.04099340570993414	0.020857346213071448	0.45955415655373877	2.0	2
DLBCL_RICOVER_1106	0.01722161998722292	0.3598396817870628	0.109713543628819	0.05301157641089631	0.4602135781859988	0.4602135781859988	4.0	4
DLBCL11433	0.05229117661374223	0.014431665081696625	0.17401610991516023	0.2985592609048122	0.46070178748458873	0.46070178748458873	3.0	4
DLBCL11204	0.46087544139145575	0.24995973865079618	0.03240888170478039	0.16598678505583592	0.09076915319713172	0.46087544139145575	1.0	0
DLBCL_MC_F210_GWC	0.07282777438092046	0.35090975130238766	0.0681386817972817	0.045142781332969506	0.4629810111864407	0.4629810111864407	1.0	4
DLBCL_C_D_1117_NULLPAIR	0.13478266217801538	0.46388447550981116	0.02568702515492949	0.3368771870955855	0.03876865006165852	0.46388447550981116	1.0	1
DLBCL_LS155	0.09962583576371067	0.024689182496125842	0.25697311068131795	0.46614789888233515	0.15256397217651038	0.46614789888233515	2.0	3
DLBCL_RICOVER_449	0.2734684922662422	0.02037810855517019	0.02489209929124517	0.21292470563297344	0.46833659425436913	0.46833659425436913	4.0	4
DLBCL11509	0.4719470703218291	0.034519721557356796	0.06738494187908114	0.09515125788913982	0.3309970083525932	0.4719470703218291	0.0	0
DLBCL10865	0.26207315704782874	0.4724577019738237	0.04404628540563699	0.06516750505431386	0.1562553505183968	0.4724577019738237	4.0	1
DLBCL_MC_F218_RAP	0.4121528711468339	0.05765067616079781	0.032826275039813294	0.4724764454955259	0.02489373215702909	0.4724764454955259	3.0	3
DLBCL11581	0.024081629711617508	0.07253322460804817	0.4725189651629175	0.2962807487950806	0.13458543172233622	0.4725189651629175	4.0	2
DLBCL_C_D_1109_NULLPAIR	0.13749587720174786	0.017632191196216965	0.049512968554017676	0.4741764393169494	0.3211825237310681	0.4741764393169494	3.0	3
DLBCL10486	0.4767083231765042	0.11209186727594798	0.03384556712358431	0.06301487577923942	0.3143393666447241	0.4767083231765042	0.0	0
DLBCL10485	0.07736006662850468	0.47696054006130223	0.09936465747722124	0.09354823901231503	0.2527664968206568	0.47696054006130223	4.0	1
DLBCL11484	0.07674694960369371	0.4790564221523556	0.22020899400893917	0.06005631998612447	0.16393131424888713	0.4790564221523556	1.0	1
DLBCL11455	0.09619436877784632	0.015100599741246872	0.479602628439526	0.3046216756096921	0.10448072743168875	0.479602628439526	2.0	2
DLBCL11558	0.06727122986803885	0.10102554917806139	0.31858131743907675	0.4800410143081616	0.03308088920666152	0.4800410143081616	2.0	3
DLBCL10843	0.48426263622272503	0.050788562933056884	0.017569678532807092	0.31535767881550014	0.13202144349591075	0.48426263622272503	0.0	0
DLBCL_RICOVER_850	0.014714835289726684	0.4848323201766948	0.06222379440913734	0.054775481401601794	0.38345356872283937	0.4848323201766948	4.0	1
DLBCL_LS3499	0.3346259546689187	0.10192403361018149	0.05136363455681087	0.48513957101202815	0.02694680615206079	0.48513957101202815	3.0	3
DLBCL_RICOVER_583	0.049546008029659035	0.317645157445306	0.09858500553152151	0.04870979668579127	0.4855140323077221	0.4855140323077221	1.0	4
DLBCL10491	0.052155227165490946	0.3792763039401873	0.059758231508538394	0.4858434057474471	0.022966831638336252	0.4858434057474471	3.0	3
DLBCL10846	0.044685365341228495	0.35987558641245676	0.05967704255839832	0.04922054362934913	0.48654146205856724	0.48654146205856724	1.0	4
DLBCL_RICOVER_1289	0.16462591197397441	0.027080598271893387	0.019545218028009785	0.2999600382417881	0.48878823348433437	0.48878823348433437	4.0	4
DLBCL10971	0.16664125040202135	0.030553453303570396	0.06273505531552276	0.48956449499563087	0.25050574598325476	0.48956449499563087	0.0	3
DLBCL10989	0.04006854554466608	0.4931519737409094	0.05684886500331375	0.03109955533118782	0.3788310603799229	0.4931519737409094	1.0	1
DLBCL_RICOVER_1081	0.02787997783823901	0.027823960468664175	0.12258710823333682	0.49448244847374956	0.32722650498601047	0.49448244847374956	4.0	3
DLBCL_LS1304	0.04187532363801207	0.155593083917834	0.26269509616791314	0.04298863006534141	0.4968478662108994	0.4968478662108994	2.0	4
DLBCL10536	0.24326264969748648	0.4982413077646045	0.05945209687379948	0.08504560340209157	0.113998342262018	0.4982413077646045	2.0	1
DFCIDL009_DT	0.03290304330005715	0.5001862890898378	0.4016363038144632	0.046858688947010535	0.01841567484863141	0.5001862890898378	2.0	1
DLBCL11202	0.28445596493224723	0.04910691338713192	0.14921894544655903	0.5014379445974445	0.01578023163661731	0.5014379445974445	0.0	3
DLBCL_RICOVER_401	0.07394385545203734	0.5030498161781874	0.36735985312520747	0.031102699660405447	0.02454377558416227	0.5030498161781874	1.0	1
DLBCL10954	0.031734972960147885	0.38021160793759706	0.06190607281086961	0.02220134168906831	0.5039460046023171	0.5039460046023171	1.0	4
DLBCL_RICOVER_111	0.2220556659355005	0.04047330501612408	0.5040979786220184	0.0976616286214577	0.13571142180489917	0.5040979786220184	4.0	2
DLBCL_C_D_1115_NULLPAIR	0.055624999497217456	0.3088842845353957	0.08944349708471096	0.5052523030213603	0.040794915861315686	0.5052523030213603	3.0	3
DLBCL10542	0.5053369578264245	0.0165900810459806	0.027088125850695133	0.1411274849520886	0.3098573503248111	0.5053369578264245	0.0	0
DLBCL11513	0.027820085982685004	0.0226338571841015	0.29044608981265263	0.15283260667464368	0.5062673603459171	0.5062673603459171	4.0	4
DLBCL11431	0.14219903026207284	0.1424160885783867	0.12513696887315734	0.0829820387609816	0.5072658735254014	0.5072658735254014	4.0	4
DLBCL11479	0.03801508876994246	0.5077745004471065	0.30096869390105097	0.03480713708138356	0.11843457980051665	0.5077745004471065	1.0	1
DLBCL11196	0.09288673660169353	0.013476954332638295	0.04125304855828712	0.3426244827190448	0.5097587777883362	0.5097587777883362	3.0	4
DLBCL11467	0.08629019155004966	0.055593889725134175	0.09900704731545233	0.510015139719337	0.24909373169002694	0.510015139719337	3.0	3
DLBCL10947	0.511357669665262	0.3040698281787512	0.015461329193211982	0.036698349766849256	0.13241282319592562	0.511357669665262	1.0	0
DLBCL_RICOVER_151	0.05587896564044717	0.026332354500734945	0.17199495811825485	0.23139714577684056	0.5143965759637225	0.5143965759637225	3.0	4
DLBCL11456	0.0456061451968359	0.5144245445470766	0.1526580335505524	0.2648157730536184	0.02249550365191667	0.5144245445470766	1.0	1
DLBCL_LS2599	0.09478837468091862	0.5167689612777703	0.04571354466210979	0.3118717901070372	0.03085732927216421	0.5167689612777703	2.0	1
DLBCL10521	0.02199787100671225	0.4126664644884372	0.021007202876696024	0.022906209215420633	0.521422252412734	0.521422252412734	4.0	4
DLBCL10845	0.022455298715913313	0.5235565669949526	0.030648320054662715	0.09881735629057319	0.32452245794389817	0.5235565669949526	1.0	1
DLBCL10529	0.02573223095188895	0.3071831127390377	0.09414128290367382	0.04934059743283868	0.5236027759725609	0.5236027759725609	4.0	4
DLBCL_C_D_1129_NULLPAIR	0.22332701294996704	0.02359546196236535	0.5248859805400794	0.08609329539041612	0.14209824915717206	0.5248859805400794	0.0	2
DLBC_FF_A7CR_TP_NB	0.11699304096230996	0.020739407325956385	0.05823537395519837	0.5249557360092737	0.27907644174726154	0.5249557360092737	4.0	3
DLBCL11507	0.039050437259412235	0.34777090368291874	0.5259914837158463	0.06622815136044204	0.020959023981380772	0.5259914837158463	1.0	2
DLBCL11528	0.3092295967562122	0.08294066740458036	0.5271506489506117	0.06186617343108602	0.018812913457509746	0.5271506489506117	2.0	2
DLBCL_RICOVER_577	0.21412351049640121	0.11800222358383858	0.0984043718078189	0.039517766912492557	0.5299521271994488	0.5299521271994488	2.0	4
DLBCL_MC_F739_AMA3	0.02310294481780047	0.39544492344445836	0.5305743556629987	0.02522992793828336	0.025647848136459112	0.5305743556629987	1.0	2
DLBCL11651	0.1352941043874481	0.13310820571497103	0.12062242146508478	0.07994973223807993	0.5310255361944162	0.5310255361944162	2.0	4
DLBCL10900	0.15593832317984735	0.011551394272740703	0.06358775969712498	0.5311947902366664	0.23772773261362062	0.5311947902366664	4.0	3
DLBCL10975	0.5321361496304345	0.02038174486595218	0.018993530171332554	0.16744999717470813	0.2610385781575726	0.5321361496304345	0.0	0
DLBCL10969	0.1290386410129866	0.057610531109103365	0.5389958957901548	0.02932120107638098	0.24503373101137427	0.5389958957901548	0.0	2
DLBCL11441	0.037020488231699185	0.018201486990035654	0.19453085072154228	0.21090205574250742	0.5393451183142155	0.5393451183142155	2.0	4
DLBCL10856	0.10581138095867514	0.014953521899039519	0.5444875150576487	0.045156974156238296	0.2895906079283983	0.5444875150576487	2.0	2
DLBCL_C_D_1141_NULLPAIR	0.023027601311796903	0.31722388090452613	0.5446199099735212	0.022798109905230315	0.09233049790492552	0.5446199099735212	2.0	2
DLBCL10480	0.33651692655735527	0.5456650230109474	0.01538184063642641	0.052895442283009776	0.04954076751226108	0.5456650230109474	1.0	1
DLBCL_MC_F362_MJB1	0.017895115596440865	0.24182817216455094	0.5461590765420808	0.03234362545150515	0.1617740102454222	0.5461590765420808	2.0	2
DLBCL_RICOVER_440	0.02112470793608497	0.374019013561472	0.546789099035647	0.021618719767694753	0.036448459699101377	0.546789099035647	2.0	2
DLBCL11436	0.16276123333537934	0.5469343962572201	0.04440949364829065	0.15148593970545074	0.09440893705365923	0.5469343962572201	1.0	1
DLBCL10451	0.3510102195213947	0.02400308442790906	0.5484017638875462	0.05399342704801612	0.022591505115133945	0.5484017638875462	0.0	2
DLBCL10891	0.03269179410586741	0.015101609216615648	0.19994219805786514	0.20355383339419764	0.5487105652254541	0.5487105652254541	4.0	4
DLBCL11537	0.3342541706574951	0.012965762770669855	0.030299185899115302	0.06255654483637198	0.5599243358363478	0.5599243358363478	0.0	4
DLBCL10494	0.026326108505367124	0.5671180327207077	0.34563509854945546	0.03430220994194043	0.02661855028252925	0.5671180327207077	1.0	1
DFCIDL010_DT	0.5681053948558724	0.042355272175236	0.03574664117365122	0.3370585629178848	0.016734128877355585	0.5681053948558724	0.0	0
DLBCL10974	0.04509715191022937	0.03834635288536476	0.07777969236390739	0.2705389235250866	0.5682378793154118	0.5682378793154118	3.0	4
DLBCL_RICOVER_1263	0.04167574541184016	0.568283274144218	0.31589460293857347	0.017278691871357683	0.056867685634010706	0.568283274144218	2.0	1
DLBCL_MC_F307_JPS	0.11654069302512099	0.09863018206133164	0.10689696966556485	0.5691475067515654	0.10878464849641697	0.5691475067515654	0.0	3
DLBCL11678	0.0795490902925594	0.013832246864895864	0.5710321800995356	0.31225520978458476	0.0233312729584244	0.5710321800995356	3.0	2
DLBCL10835	0.04477978223819598	0.14207445374264668	0.028681104551869698	0.2134138817514221	0.5710507777158655	0.5710507777158655	4.0	4
DLBCL11430	0.09236775680629057	0.043675968061237934	0.251587946651713	0.5756040757236549	0.036764252757103474	0.5756040757236549	0.0	3
DLBCL10869	0.576633464480364	0.19856241319940143	0.08720354697022778	0.06508930104983782	0.072511274300169	0.576633464480364	0.0	0
DLBCL11576	0.15354717689051597	0.14974970064078644	0.08644837804424486	0.5779228146964753	0.032331929727977354	0.5779228146964753	3.0	3
DLBCL10878	0.31987991054661197	0.021248898830396514	0.029235484744144547	0.0481790090847606	0.5814566967940864	0.5814566967940864	4.0	4
DLBCL_LS951	0.581519036650517	0.21169391365194082	0.10933023575610884	0.079270389345558	0.01818642459587543	0.581519036650517	0.0	0
DLBCL10513	0.5815243773586989	0.10386878546765882	0.2280902881656282	0.0690106502417513	0.017505898766262875	0.5815243773586989	3.0	0
DLBCL_RICOVER_216	0.0745518007131103	0.054799258678533386	0.582578212806625	0.06279024442264096	0.22528048337909043	0.582578212806625	2.0	2
DLBCL11446	0.5841540394097923	0.04128383882412218	0.0828850673641254	0.18036266834838333	0.11131438605357678	0.5841540394097923	1.0	0
DLBCL10945	0.5887948536508563	0.018031207252340222	0.05290884700679099	0.11819746722938572	0.2220676248606268	0.5887948536508563	0.0	0
DLBCL11206	0.04079647925704139	0.5944765682490973	0.022729766677320216	0.01726474215061025	0.32473244366593074	0.5944765682490973	4.0	1
DLBCL11457	0.5961712894726813	0.012868886604689817	0.0503221507371708	0.2635268575076348	0.07711081567782326	0.5961712894726813	0.0	0
DLBCL_LS4593	0.08320840141479954	0.21895242438844173	0.03515043326315386	0.5968377448869974	0.06585099604660749	0.5968377448869974	2.0	3
DLBCL10566	0.19962603199568937	0.12568190042372024	0.03016665291591145	0.04379162768378036	0.6007337869808986	0.6007337869808986	4.0	4
DLBCL10464	0.6022253390220556	0.0267942155793938	0.3069015596456266	0.04656816338235903	0.017510722370565064	0.6022253390220556	2.0	0
DLBC_FF_8042_TP_NB	0.020091367834307823	0.10840432511871996	0.17161914516412974	0.09349848217152215	0.6063866797113203	0.6063866797113203	4.0	4
DLBCL_C_D_1133_NULLPAIR	0.07563167182197704	0.24635627681947372	0.6069423962027419	0.043690371183772905	0.027379283972034388	0.6069423962027419	2.0	2
DLBCL10863	0.0776310464930476	0.019894060899465837	0.034859371114850976	0.2606128890745765	0.6070026324180591	0.6070026324180591	3.0	4
DLBCL11536	0.1115886438832051	0.16694364234407244	0.024366787592033746	0.6072034327418272	0.08989749343886154	0.6072034327418272	3.0	3
DFCIDL003_DT	0.023136183844616652	0.6189939129123303	0.316501313619419	0.020499333535413056	0.020869256088221	0.6189939129123303	1.0	1
DLBCL10867	0.03441966203109242	0.25388072227596403	0.022733600818119877	0.06950535797967554	0.6194606568951482	0.6194606568951482	4.0	4
DLBCL_RICOVER_910	0.1345784810726669	0.17304722311719123	0.04435518399139753	0.6195113959249743	0.028507715893770116	0.6195113959249743	0.0	3
DLBCL10981	0.018946323959056863	0.6246074796994838	0.17849508897050498	0.08948248351928215	0.0884686238516722	0.6246074796994838	1.0	1
DLBCL11672	0.08059269711515474	0.14499175996286215	0.6324224070482963	0.05172467356353862	0.09026846231014816	0.6324224070482963	2.0	2
DLBCL10517	0.02786805759707332	0.23157479043303394	0.6347004487419906	0.08531352844870375	0.02054317477919839	0.6347004487419906	1.0	2
DLBCL11535	0.08527401161941922	0.018599369271388087	0.0336639734177649	0.22240442911129282	0.640058216580135	0.640058216580135	3.0	4
DLBCL_C_D_1159_NULLPAIR	0.2844048177496825	0.018572122637232073	0.03497695473563572	0.6413358526111699	0.020710252266279823	0.6413358526111699	3.0	3
DLBCL10482	0.07915481827131494	0.21597656053956693	0.034025385830135785	0.029348691682962235	0.64149454367602	0.64149454367602	0.0	4
DLBCL_LS2245	0.0926340438902269	0.15601023545143303	0.6462841318620473	0.0882280675992783	0.01684352119701452	0.6462841318620473	1.0	2
DLBCL11523	0.07992937428422087	0.03440114911689614	0.04921370707607472	0.1900118199968664	0.6464439495259419	0.6464439495259419	0.0	4
DLBCL11346	0.019317084320116484	0.2695827618741793	0.03188194966682825	0.03029152339965793	0.6489266807392181	0.6489266807392181	1.0	4
DLBCL10548	0.6495100221663569	0.16530736498042317	0.012787368798306139	0.12651118491589367	0.04588405913902007	0.6495100221663569	0.0	0
DLBCL_RICOVER_173	0.04635649129713405	0.01939845433361163	0.04343738795118456	0.24064541548440663	0.6501622509336631	0.6501622509336631	4.0	4
DLBCL10986	0.2122230926259509	0.031230694444587054	0.6550978857931785	0.08288521393908765	0.01856311319719583	0.6550978857931785	0.0	2
DLBCL_C_D_1138_NULLPAIR	0.027998103170188967	0.03802658106398104	0.23422755426826322	0.04390132811679728	0.6558464333807695	0.6558464333807695	1.0	4
DLBCL10939	0.11246654763447614	0.014239441767897425	0.06276704328830081	0.6579448539712766	0.1525821133380491	0.6579448539712766	3.0	3
DLBCL10987	0.14788731261456173	0.10095640820847633	0.01833527753581284	0.07257662851485545	0.6602443731262936	0.6602443731262936	4.0	4
DLBCL10833	0.23531461701910691	0.022719982170576615	0.015923987466365096	0.0626814086503899	0.6633600046935615	0.6633600046935615	4.0	4
DLBCL_C_D_1108_NULLPAIR	0.024303005961611016	0.2670328457419129	0.025559290534831646	0.017081799643758576	0.6660230581178859	0.6660230581178859	1.0	4
DLBCL10871	0.0719411530909859	0.6684720694723867	0.11584292986436537	0.030012039995789008	0.113731807576473	0.6684720694723867	1.0	1
DLBCL10838	0.017141114385943255	0.6686437446864844	0.024882345240324205	0.029884406807976546	0.25944838887927163	0.6686437446864844	4.0	1
DLBCL10456	0.1585410020462689	0.031198935490281084	0.07704177163374408	0.6692094693497308	0.06400882147997511	0.6692094693497308	3.0	3
DLBCL11432	0.669296242719853	0.011371637903668068	0.033720205484548314	0.19529805948588613	0.09031385440604452	0.669296242719853	0.0	0
DLBCL10965	0.14818824431292585	0.028628683508125655	0.06385248950275835	0.6697080864325745	0.08962249624361562	0.6697080864325745	3.0	3
DLBCL_LS1921	0.11326831077807141	0.6747734408527624	0.03791899737800388	0.1560464181059108	0.017992832885251588	0.6747734408527624	1.0	1
DLBCL11464	0.6748874347038292	0.012324947712652374	0.03793343307361234	0.22938932722984756	0.04546485728005856	0.6748874347038292	3.0	0
DLBCL10868	0.12447539187250832	0.025128540985278853	0.024304101363693993	0.677016344595423	0.14907562118309578	0.677016344595423	3.0	3
DLBCL_LS2590	0.03206916943954969	0.030575784255821734	0.0949529000636375	0.677295343927518	0.16510680231347302	0.677295343927518	3.0	3
DLBCL_MAYO_DLBCL_3653	0.678157024222825	0.10350863818415004	0.07775969741293426	0.07945971245733585	0.061114927722754835	0.678157024222825	0.0	0
DLBCL10875	0.08580903969270898	0.02278142776086651	0.13163475241657654	0.6791029400238621	0.08067184010598596	0.6791029400238621	0.0	3
DLBCL10454	0.03268462163981309	0.16028712830795697	0.10996308311876851	0.01640339296366666	0.6806617739697948	0.6806617739697948	4.0	4
DLBCL_RICOVER_720	0.06487659916692738	0.6839346165911613	0.01672866267252639	0.021476699526711385	0.21298342204267354	0.6839346165911613	4.0	1
DLBCL_RICOVER_1278	0.05445666951228671	0.02018120379189173	0.022059015755278348	0.21917654225766708	0.6841265686828761	0.6841265686828761	4.0	4
DLBCL11454	0.6842611226489749	0.0510693665029069	0.01976952760820236	0.2288961173532471	0.016003865886668748	0.6842611226489749	0.0	0
DLBCL_RICOVER_711	0.07041345399929962	0.6844544899751714	0.029880463848183013	0.1897535388433757	0.025498053333970254	0.6844544899751714	3.0	1
DLBCL10907	0.0920926462046581	0.6885055877245483	0.03147901647383063	0.04743340948472248	0.14048934011224046	0.6885055877245483	1.0	1
DLBCL10509	0.2253063441596429	0.6898880473190498	0.014992869157969095	0.0402947795684985	0.029517959794839715	0.6898880473190498	0.0	1
DLBCL10909	0.06575063110081548	0.03607687686785105	0.16689837699040908	0.6909060524401766	0.04036806260074786	0.6909060524401766	4.0	3
DLBCL11520	0.21345849953591764	0.016497457999297985	0.02682022885816554	0.051968260167927785	0.691255553438691	0.691255553438691	0.0	4
DLBCL_C_D_1156_NULLPAIR	0.17351979710547827	0.05412185072298198	0.044531541837441777	0.6921828838483314	0.03564392648576661	0.6921828838483314	0.0	3
DLBCL_RICOVER_866	0.03795022887080047	0.020731395104782828	0.6951584894423599	0.22787353599609464	0.018286350585962147	0.6951584894423599	2.0	2
DLBCL_LS4592	0.016765029621184337	0.015200546595736756	0.6973073075583887	0.0792772446494433	0.19144987157524695	0.6973073075583887	2.0	2
DLBCL10858	0.038932239600833606	0.01524383682489085	0.027676041942539087	0.2205798791179498	0.6975680025137867	0.6975680025137867	3.0	4
DLBCL11471	0.0651796833941596	0.040742390006570796	0.09392874466296204	0.1008502355629156	0.699298946373392	0.699298946373392	3.0	4
DLBCL10859	0.013063559953346923	0.7019316121064646	0.1090134526866241	0.028298550516653607	0.14769282473691078	0.7019316121064646	1.0	1
DLBCL11468	0.06739536395609909	0.040707803899403004	0.09248989621118471	0.09677975465458596	0.7026271812787273	0.7026271812787273	2.0	4
DLBCL11659	0.7035257446739825	0.060451749936252595	0.1576039627649301	0.044318228154467294	0.03410031447036751	0.7035257446739825	3.0	0
DLBCL10914	0.051266653276554865	0.06421622896733026	0.7041381442911896	0.051335709553896124	0.1290432639110292	0.7041381442911896	0.0	2
DLBCL_RICOVER_1235	0.017528836235067527	0.19965685153639648	0.704404796123159	0.06036579696521741	0.01804371914015962	0.704404796123159	1.0	2
DLBCL_RICOVER_1329	0.07354916441675942	0.7044748827769091	0.03285113403414326	0.04059724521857204	0.14852757355361623	0.7044748827769091	4.0	1
DLBCL_RICOVER_267	0.07576521315432493	0.032770908737759036	0.7048516558551124	0.03533508011071342	0.15127714214209018	0.7048516558551124	2.0	2
DLBCL10879	0.019897941887134007	0.021893708544017093	0.212097913226339	0.04056170431427081	0.7055487320282392	0.7055487320282392	2.0	4
DLBCL10503	0.0177688275148502	0.12203288190618539	0.09279138437107677	0.061397318645528956	0.7060095875623587	0.7060095875623587	1.0	4
DLBCL11663	0.7126121962222602	0.046288316277029416	0.0885807305909697	0.11785103554545821	0.03466772136428249	0.7126121962222602	0.0	0
DLBCL_RICOVER_948	0.020659543031837112	0.7151584154831013	0.19834494239574837	0.018248268097774543	0.04758883099153851	0.7151584154831013	1.0	1
DLBCL11519	0.16138348692063093	0.07027024364994386	0.030010052448518138	0.7158990632235591	0.02243715375734804	0.7158990632235591	0.0	3
DLBCL_LS2328	0.03780095485465599	0.20761810788919946	0.7171752240068034	0.023114545843316438	0.014291167406024721	0.7171752240068034	2.0	2
DLBCL11683	0.06925664517232724	0.01792939034956204	0.7171849109169081	0.17789790975064732	0.017731143810555308	0.7171849109169081	2.0	2
DLBCL10450	0.7192238767352346	0.06929330146925809	0.010204144619974828	0.11419586408709191	0.0870828130884406	0.7192238767352346	0.0	0
DLBCL_LS3200	0.025086807777851942	0.21398590661383365	0.021503518411004806	0.017794631667423576	0.7216291355298861	0.7216291355298861	4.0	4
DLBC_FF_8062_TP_NB	0.09235590725499576	0.03937330461533798	0.7267417020072711	0.12828782868839084	0.013241257434004337	0.7267417020072711	3.0	2
DLBCL11469	0.0343718268460478	0.027592770234422852	0.7277981162810542	0.03665632703479031	0.17358095960368486	0.7277981162810542	2.0	2
DLBCL10781	0.05310557756275431	0.01541861877931111	0.04003775357081697	0.16362831122860386	0.7278097388585137	0.7278097388585137	4.0	4
DLBCL_LS1668	0.04313077730654115	0.049563966865101956	0.10312203496701099	0.7331325668848024	0.07105065397654343	0.7331325668848024	1.0	3
DLBCL_MC_F496DMP	0.7348778805977787	0.05856134569305681	0.09582162690562752	0.08367188674469109	0.027067260058845855	0.7348778805977787	1.0	0
DLBCL_RICOVER_945	0.7368150762281777	0.13704966137216512	0.02141950849142607	0.08316781575854104	0.021547938149690124	0.7368150762281777	0.0	0
DLBCL_C_D_1148_NULLPAIR	0.1721479935707829	0.02159551011516149	0.05143704319651207	0.7375408108201783	0.0172786422973652	0.7375408108201783	0.0	3
DLBCL_RICOVER_314	0.014238920841422285	0.18789536109031135	0.030164295119870174	0.02687057077217053	0.7408308521762257	0.7408308521762257	4.0	4
DLBCL_RICOVER_1046	0.015200088407619359	0.7410301722510941	0.1720365006595686	0.012327848163050971	0.05940539051866696	0.7410301722510941	1.0	1
DLBCL10978	0.048021487588160376	0.023623140135126036	0.14733912081849043	0.7420653418135825	0.038950909644640576	0.7420653418135825	3.0	3
DLBCL11195	0.011440875591437279	0.1664393891840152	0.049215774565308366	0.02890017754218788	0.7440037831170512	0.7440037831170512	4.0	4
DLBCL10916	0.02365183066892163	0.0987777320523946	0.10010460667398437	0.03318996873790247	0.744275861866797	0.744275861866797	4.0	4
DLBCL10894	0.7443006378373853	0.04653800582930247	0.016601770898676767	0.17242065371181778	0.0201389317228176	0.7443006378373853	1.0	0
DLBCL10910	0.026207390916270244	0.10415045635240619	0.744685533034236	0.0633378406645216	0.06161877903256599	0.744685533034236	2.0	2
DLBCL_C_D_1103_NULLPAIR	0.03531686396660811	0.04648048121673945	0.13410625845490842	0.7452996571608598	0.03879673920088428	0.7452996571608598	3.0	3
DLBCL_RICOVER_985	0.04034040733659614	0.046106585918792284	0.14620024594630185	0.7455125224617827	0.021840238336527006	0.7455125224617827	3.0	3
DLBCL_C_D_1153_NULLPAIR	0.08359328404087733	0.038698744037000986	0.03163405832114228	0.7473918290640508	0.09868208453692866	0.7473918290640508	3.0	3
DLBCL11676	0.7474314664255864	0.01360965521759169	0.08463853547025912	0.14221038886250295	0.012109954024059776	0.7474314664255864	0.0	0
DLBCL_C_D_1144_NULLPAIR	0.02709695908101766	0.7475427022046971	0.04980106893731024	0.04337904843439458	0.13218022134258045	0.7475427022046971	4.0	1
DLBCL11680	0.1769968177629313	0.021204163147905398	0.7479659509863256	0.036164450707167034	0.017668617395670688	0.7479659509863256	2.0	2
DLBCL_LS2154	0.08180312191890797	0.7496513307732434	0.06836680242533179	0.055095112783334954	0.04508363209918186	0.7496513307732434	0.0	1
DLBCL_RICOVER_956	0.02376350862772122	0.7508830280453248	0.03940415064083374	0.03358831339275546	0.15236099929336486	0.7508830280453248	4.0	1
DLBCL11449	0.019423368337787537	0.17938792623273608	0.026162300568684	0.023098600995680906	0.7519278038651115	0.7519278038651115	1.0	4
DLBCL10457	0.022959854304936266	0.13979049735549057	0.04483551497161958	0.03836071780298323	0.7540534155649703	0.7540534155649703	4.0	4
DLBCL_MC_F502_RFK	0.012506454028630808	0.1558922473559792	0.7545063934791081	0.020022087347551044	0.05707281778873078	0.7545063934791081	1.0	2
DLBC_FF_A7CX_TP_NB	0.7555608463655467	0.06497107296852635	0.03945855306807359	0.05674711630767196	0.08326241129018146	0.7555608463655467	4.0	0
DLBCL_C_D_1119_NULLPAIR	0.17630561277861026	0.7569557515771705	0.017497113352031204	0.02144227452675836	0.027799247765429684	0.7569557515771705	1.0	1
DLBCL_RICOVER_258	0.7612492071995829	0.022398846929040796	0.05648295190258352	0.03764006746544451	0.12222892650334839	0.7612492071995829	2.0	0
DLBCL_C_D_1130_NULLPAIR	0.7619332201583094	0.031017227606287688	0.026530826541283577	0.027812046652211188	0.15270667904190818	0.7619332201583094	0.0	0
DLBCL11534	0.06360891645265399	0.042140104577733366	0.7637070084398646	0.06226957112401972	0.06827439940572828	0.7637070084398646	2.0	2
DLBCL10928	0.7669656466413727	0.12735842821160134	0.016089801219633573	0.03188509561929266	0.057701028308099825	0.7669656466413727	0.0	0
DLBCL_RICOVER_467	0.016480200000079923	0.18250298430839582	0.016487573857044694	0.016417411805491007	0.7681118300289885	0.7681118300289885	1.0	4
DLBCL10985	0.06606272053850272	0.7681900159391728	0.0198609618922671	0.11786320764326967	0.028023093986787668	0.7681900159391728	1.0	1
DLBCL10780	0.02274589198520495	0.7692191409866073	0.1197207165031965	0.0504688199290801	0.037845430595911195	0.7692191409866073	1.0	1
DLBCL_MC_F500_ECU	0.03996293315568363	0.7705744091542261	0.10289038845769981	0.048000959262737376	0.03857130996965298	0.7705744091542261	1.0	1
DLBCL10501	0.009615252651205252	0.7706820320686443	0.15175680901418356	0.028255931496036314	0.03968997476993058	0.7706820320686443	2.0	1
DLBCL_MC_F139_LJF	0.14413278194137358	0.022831718761719924	0.04371550256718481	0.7723245715615119	0.016995425168209843	0.7723245715615119	3.0	3
DLBC_FF_8046_TP_NB	0.1052664995883173	0.014400637250164963	0.77406161994948	0.06357722338113277	0.042694019830904976	0.77406161994948	2.0	2
DLBCL_RICOVER_1150	0.7742090662984441	0.01504521876840921	0.016223947259900413	0.14630478860105492	0.048216979072191295	0.7742090662984441	0.0	0
DLBCL_RICOVER_478	0.11852401105051909	0.7748908695607921	0.02100657815976192	0.019827400527490453	0.06575114070143644	0.7748908695607921	1.0	1
DLBCL_RICOVER_1192	0.021809427890868052	0.15519443771126953	0.02107431288468448	0.02648769147721824	0.7754341300359597	0.7754341300359597	4.0	4
DLBCL_C_D_1123_NULLPAIR	0.7756321348985276	0.11349350321753057	0.03709213411084321	0.062375900532702915	0.011406327240395763	0.7756321348985276	0.0	0
DLBCL10564	0.09026518620674333	0.045078183675969385	0.05176064138454254	0.7833534687933459	0.029542519939398847	0.7833534687933459	3.0	3
DLBCL_RICOVER_1045	0.7835873006486405	0.02816521360415649	0.015636849226421265	0.14933761471306192	0.023273021807719903	0.7835873006486405	3.0	0
DLBCL10885	0.03806264484042687	0.12878641109166897	0.01244631563387688	0.036841121771159606	0.7838635066628677	0.7838635066628677	1.0	4
DLBCL_LS1757	0.784418543717901	0.12283689329480305	0.027105190592129593	0.05448971911461384	0.011149653280552518	0.784418543717901	0.0	0
DLBCL10902	0.010733951959143295	0.10728743943128768	0.04257878562927747	0.05430657566972596	0.7850932473105656	0.7850932473105656	4.0	4
DLBCL11538	0.032351708390503976	0.011979523300243874	0.7871379477339496	0.13380014977110224	0.03473067080420029	0.7871379477339496	4.0	2
DLBCL11511	0.7873858801765526	0.014329275556386207	0.03874735926259684	0.08583316613805085	0.07370431886641347	0.7873858801765526	0.0	0
DLBCL_LS3749	0.03898409783603196	0.7881454997433104	0.05460296528549284	0.10578072935700569	0.012486707778159144	0.7881454997433104	1.0	1
DLBCL10453	0.03320339350859776	0.10088749714252579	0.03890147639886353	0.036647426193228506	0.7903602067567844	0.7903602067567844	1.0	4
DLBCL_RICOVER_1204	0.014564343899508248	0.036321423172153186	0.06147407019279899	0.09590473322721434	0.7917354295083252	0.7917354295083252	3.0	4
DLBCL10539	0.06972673028529022	0.07053583242748804	0.035903898300401096	0.7943984870605492	0.029435051926271466	0.7943984870605492	3.0	3
DLBCL11439	0.08434342662065805	0.010056188914986877	0.7957828966112886	0.05157697516876754	0.05824051268429889	0.7957828966112886	2.0	2
DLBCL11515	0.014185182287508943	0.03844563162166409	0.7987682992985867	0.030633154584262887	0.11796773220797736	0.7987682992985867	2.0	2
DLBCL11657	0.01600056267938223	0.12926500219031	0.7988367100251221	0.025697703581648235	0.030200021523537426	0.7988367100251221	3.0	2
DLBCL11194	0.03999140497240025	0.012355799913956866	0.057142340063843174	0.09165329985577131	0.7988571551940284	0.7988571551940284	4.0	4
DLBCL10866	0.022829883956840356	0.016866144188118874	0.030249953279874734	0.13108222335502695	0.7989717952201392	0.7989717952201392	4.0	4
DLBCL10963	0.08824230776154002	0.01725425369620841	0.038222852195739045	0.7994103769258549	0.05687020942065768	0.7994103769258549	4.0	3
DLBCL10977	0.08521742312814365	0.013621452092881754	0.07350121598759449	0.02801224464078239	0.7996476641505977	0.7996476641505977	4.0	4
DLBCL_LS2089	0.013711611621954339	0.7997173338864938	0.020783174374198164	0.011944061058724625	0.15384381905862907	0.7997173338864938	1.0	1
DLBCL_RICOVER_1287	0.02181690492583521	0.12898983235081662	0.024506802012646125	0.023868273806659426	0.8008181869040426	0.8008181869040426	4.0	4
DLBCL10994	0.8039913490072427	0.060421733490267186	0.024511259416039786	0.05760663207590702	0.053469026010543375	0.8039913490072427	0.0	0
DLBCL_C_D_1139_NULLPAIR	0.08173720671578086	0.04748065041433492	0.05278604653025475	0.8042206455710623	0.0137754507685671	0.8042206455710623	3.0	3
DLBCL11590	0.8049134989029564	0.011095897000072645	0.0404337661043543	0.07381397668400844	0.06974286130860821	0.8049134989029564	2.0	0
DLBCL10881	0.09066452232083208	0.012703246555969895	0.019999055689906856	0.06910867782443321	0.8075244976088579	0.8075244976088579	4.0	4
DLBCL11205	0.8077204632890516	0.10080880461635389	0.04187622573658983	0.03602552826881517	0.01356897808918958	0.8077204632890516	0.0	0
DLBCL11498	0.12481357818759298	0.8084580189152206	0.026987943345669677	0.025178570896867182	0.014561888654649484	0.8084580189152206	1.0	1
DLBCL10957	0.06068530022399935	0.01937073072382207	0.08253914491370899	0.8144231811336107	0.022981643004858936	0.8144231811336107	0.0	3
DLBCL10492	0.09393934373243895	0.018055172596271714	0.017057865357458055	0.05425588139967625	0.816691736914155	0.816691736914155	0.0	4
DLBCL_RICOVER_1061	0.09299857158755201	0.011614428064842669	0.05998360531052044	0.8168187930270299	0.018584602010055056	0.8168187930270299	3.0	3
DLBCL10532	0.02386350236097925	0.06076343277027105	0.07917832617523875	0.01903569687849636	0.8171590418150145	0.8171590418150145	4.0	4
DLBCL10919	0.09806565066778204	0.013262978070472898	0.028002240632567073	0.8183766292913962	0.04229250133778183	0.8183766292913962	3.0	3
DLBCL_C_D_1166_NULLPAIR	0.013413039534684494	0.12645209023941037	0.02743212123163031	0.01345921951983408	0.8192435294744408	0.8192435294744408	4.0	4
DLBC_FF_8043_TP_NB	0.10033426599634421	0.8228773423044368	0.03331196859072268	0.02576744976331498	0.017708973345181275	0.8228773423044368	1.0	1
DLBCL_RICOVER_1032	0.010206745432268292	0.12526424680363327	0.02049022824343569	0.02108977592756564	0.8229490035930972	0.8229490035930972	4.0	4
DLBCL_MC_F606_DMJ	0.02511817209206523	0.09877439528021337	0.8267758328778286	0.03182421031012459	0.01750738943976816	0.8267758328778286	2.0	2
DLBCL_LS843	0.016855786999972706	0.02471357743513681	0.827949025112155	0.05676308249025236	0.07371852796248313	0.827949025112155	2.0	2
DLBCL10934	0.05812851094166357	0.8301097744455168	0.017742948368305783	0.028851635716713838	0.06516713052780004	0.8301097744455168	1.0	1
DLBCL_RICOVER_773	0.010697926986384571	0.0775085379051223	0.8302492145745517	0.020039547757672714	0.061504772776268736	0.8302492145745517	4.0	2
DLBCL10467	0.03321231644140102	0.011531062114546195	0.04456396338260944	0.07840575541223914	0.8322869026492042	0.8322869026492042	4.0	4
DLBCL10915	0.8331969508135805	0.040764585100705665	0.014569323005534344	0.052791851814533254	0.05867728926564621	0.8331969508135805	4.0	0
DLBCL10544	0.035563868867839625	0.01532489137780793	0.04047964351211276	0.834178028697987	0.07445356754425274	0.834178028697987	3.0	3
DLBCL10895	0.01350109524763436	0.08669641969885417	0.05000265587676395	0.015222216627681964	0.8345776125490656	0.8345776125490656	4.0	4
DLBCL10870	0.011556127046874493	0.020003860075085107	0.08920642003469305	0.044576194981789975	0.8346573978615573	0.8346573978615573	4.0	4
DLBCL11564	0.033565430718288006	0.019707914412203778	0.06088896170701677	0.8346582888527971	0.05117940430969429	0.8346582888527971	3.0	3
DLBCL_C_D_1105_NULLPAIR	0.09894559262258894	0.8354092442759448	0.01990526180580889	0.028249791097660664	0.01749011019799679	0.8354092442759448	1.0	1
DLBCL_C_D_1163_NULLPAIR	0.01982353793542846	0.017395852514410885	0.027113374371898372	0.09975529878879802	0.8359119363894643	0.8359119363894643	4.0	4
DLBCL10993	0.038947253835647025	0.01351402608562717	0.02927963673021265	0.08196871922819006	0.8362903641203231	0.8362903641203231	0.0	4
DLBCL10925	0.04868136377473249	0.07182159414859952	0.013856786539215696	0.02820112777476816	0.8374391277626841	0.8374391277626841	4.0	4
DLBCL_C_D_1118_NULLPAIR	0.1068215418687262	0.8388547261347176	0.018241472383470767	0.02268695638164307	0.01339530323144245	0.8388547261347176	1.0	1
DLBCL11460	0.06337345381259792	0.014714628486184635	0.05194462716373672	0.8405741683960729	0.029393122141407775	0.8405741683960729	3.0	3
DLBCL10514	0.028713401096874574	0.030428515803679355	0.8405887462320747	0.08701307437897518	0.013256262488396208	0.8405887462320747	2.0	2
DLBCL11458	0.09296877140860543	0.0143417013392596	0.8407411708278878	0.02550746990270137	0.026440886521545783	0.8407411708278878	2.0	2
DLBCL10515	0.8409245826129785	0.01623249427490267	0.012933720103113007	0.11250901001185698	0.01740019299714878	0.8409245826129785	0.0	0
DLBCL11671	0.8411001104274729	0.022141016934149976	0.021282662327811227	0.09450510495621205	0.020971105354353845	0.8411001104274729	0.0	0
DLBCL10497	0.08251022345238924	0.015014287131574423	0.023053781085810725	0.8439978196993467	0.03542388863087892	0.8439978196993467	3.0	3
DLBCL10512	0.019927309536432132	0.020549173546693923	0.8443936836778755	0.020095155406490223	0.09503467783250828	0.8443936836778755	2.0	2
DLBCL_RICOVER_299	0.012621657292620084	0.8456023075791647	0.10935820832913401	0.011610610261208467	0.02080721653787284	0.8456023075791647	1.0	1
DLBCL10888	0.01850160030126355	0.010385369804540518	0.04859960811070196	0.07645019294134779	0.8460632288421462	0.8460632288421462	4.0	4
DLBCL10968	0.8463534150995338	0.011542508804927076	0.009822756608012706	0.10839847734867904	0.023882842138847428	0.8463534150995338	0.0	0
DLBCL_RICOVER_408	0.02379789844076407	0.8466300866138172	0.0715938231357148	0.02046705612879845	0.037511135680905444	0.8466300866138172	2.0	1
DLBCL11003	0.025750474217176456	0.0753278563372997	0.013816644170504955	0.03594696979683264	0.8491580554781862	0.8491580554781862	1.0	4
DLBCL_RICOVER_338	0.8500687971296857	0.009186197592832313	0.053846747628288213	0.05819180615633149	0.028706451492862186	0.8500687971296857	0.0	0
DLBCL_LS1683	0.014527142145967417	0.8514246057346141	0.022301868059438703	0.017420852154794938	0.09432553190518483	0.8514246057346141	1.0	1
DLBCL_RICOVER_1210	0.02524700507233928	0.8516671223730166	0.0284559138936196	0.06792793958924297	0.0267020190717816	0.8516671223730166	1.0	1
DLBCL_MC_F089_HCZ	0.010951080782692378	0.8517235482195247	0.08568805922776467	0.019753579403633512	0.03188373236638471	0.8517235482195247	1.0	1
DLBCL11496	0.04738542526022667	0.8532701673931787	0.032524132628037244	0.023748329090131453	0.04307194562842589	0.8532701673931787	0.0	1
DLBCL11208	0.03568347303218022	0.8538395019045757	0.05318470805560083	0.034414067383158636	0.0228782496244846	0.8538395019045757	1.0	1
DLBCL10547	0.03599634864568086	0.019119518518671576	0.04398127912731308	0.8544960309906134	0.04640682271772101	0.8544960309906134	3.0	3
DLBCL10550	0.02814938503220185	0.01572005407966867	0.06645405119279085	0.03366198513337326	0.8560145245619654	0.8560145245619654	4.0	4
DLBCL_MC_F064AB	0.03850767842340716	0.016204017220090464	0.8569127186689769	0.07854883717841253	0.009826748509113005	0.8569127186689769	2.0	2
DLBCL11591	0.009475243489674242	0.059094363779868674	0.8572522231649209	0.016719802124295226	0.05745836744124099	0.8572522231649209	1.0	2
DLBCL10549	0.06110648626958008	0.8577538245603689	0.027267242927489242	0.023738744756082023	0.030133701486479772	0.8577538245603689	1.0	1
DLBCL_C_D_1131_NULLPAIR	0.06607901081252832	0.8586678323329993	0.02327545519401212	0.025175048783638337	0.02680265287682201	0.8586678323329993	1.0	1
DLBCL_LS4054	0.03147390132947784	0.86062143128359	0.020361165620187315	0.044847101163227515	0.04269640060351723	0.86062143128359	1.0	1
DLBCL10484	0.013342569837898789	0.8620538543390996	0.09385740652044937	0.01804688544549924	0.012699283857052964	0.8620538543390996	1.0	1
DLBCL10498	0.015006592412090018	0.03742229815087499	0.8623267186598815	0.07265251911955838	0.012591871657595127	0.8623267186598815	2.0	2
DLBCL_RICOVER_575	0.0565374842207777	0.028797182120199487	0.036711405739700075	0.8648634119987001	0.01309051592062261	0.8648634119987001	3.0	3
DLBCL_RICOVER_361	0.03570671520818283	0.018941797611705835	0.034329501595094736	0.8660814300467571	0.04494055553825952	0.8660814300467571	3.0	3
DLBCL10932	0.04705961767865259	0.020517882259215667	0.03283891478501471	0.8686947753047836	0.03088880997233345	0.8686947753047836	3.0	3
DLBCL11447	0.038212823421393385	0.023505144525056174	0.03458536492232093	0.8693819880207173	0.03431467911051216	0.8693819880207173	3.0	3
DLBCL10849	0.016130127978637523	0.8698430750347421	0.016945337325153003	0.011497318863851738	0.08558414079761563	0.8698430750347421	1.0	1
DLBCL11539	0.8708819879670546	0.008117561582149924	0.048892730253898634	0.06370386074002134	0.008403859456875442	0.8708819879670546	0.0	0
DLBCL_C_D_1149_NULLPAIR	0.019497481006822727	0.8713052037254867	0.04215429810108797	0.010943660667509797	0.056099356499092805	0.8713052037254867	1.0	1
DLBCL10906	0.017797502471017676	0.07924776256667306	0.017310106197445708	0.014118015303930411	0.8715266134609331	0.8715266134609331	1.0	4
DLBCL_RICOVER_826	0.8717953219394673	0.06238800308811024	0.019150030356530994	0.025819137167634162	0.02084750744825729	0.8717953219394673	0.0	0
DLBCL_C_D_1106_NULLPAIR	0.05746916658828297	0.8722271872350958	0.016097255671762453	0.012317395276325124	0.04188899522853358	0.8722271872350958	1.0	1
DLBCL_C_D_1151_NULLPAIR	0.06728607215350449	0.01852957477078574	0.02947000826430606	0.8722472005622036	0.012467144249200098	0.8722472005622036	3.0	3
DLBCL11595	0.024771678418136427	0.018813534308893032	0.04287353634979253	0.038208133637332796	0.8753331172858452	0.8753331172858452	4.0	4
DLBCL10535	0.024974623158288148	0.03255140733082366	0.05089371071397823	0.014962494083890466	0.8766177647130194	0.8766177647130194	4.0	4
DLBCL11664	0.06510703999385743	0.8769901234789577	0.026102790686294276	0.016843449350012377	0.014956596490878238	0.8769901234789577	1.0	1
DLBCL10961	0.008715710062927358	0.04575741386018486	0.022839687915882114	0.044886103888427044	0.8778010842725786	0.8778010842725786	4.0	4
DLBCL10917	0.04385294722491219	0.8778344878707428	0.03515481032065512	0.023107922064939185	0.020049832518750706	0.8778344878707428	1.0	1
DLBCL_RICOVER_950	0.0386678518031258	0.016497911339613414	0.04947729970539493	0.8788192510168491	0.016537686135016768	0.8788192510168491	3.0	3
DLBCL11655	0.05511807351323949	0.012219365544746324	0.023975532831112117	0.8799643500370081	0.028722678073893938	0.8799643500370081	3.0	3
DLBCL11440	0.024799801921035536	0.011179408043985161	0.050083181219577645	0.03143716747784672	0.8825004413375549	0.8825004413375549	4.0	4
DLBCL11658	0.0490577244674627	0.018001553796506108	0.032179305802572444	0.882688122958427	0.01807329297503174	0.882688122958427	3.0	3
DLBCL10935	0.8837563554086019	0.024739985937743222	0.011561564961831838	0.053034951119873934	0.026907142571949087	0.8837563554086019	0.0	0
DLBCL10518	0.016584659070367925	0.01355373806348561	0.8838231486335779	0.07319406640712665	0.01284438782544189	0.8838231486335779	2.0	2
DLBCL11527	0.04137303686430389	0.01626130774836086	0.028637766716876	0.8847325623715475	0.028995326298911724	0.8847325623715475	3.0	3
DLBCL11495	0.03027151444092316	0.012066949679697979	0.02638741306654624	0.046105562800683175	0.8851685600121495	0.8851685600121495	4.0	4
DLBCL_LS3204	0.017284362431440343	0.8870235040688448	0.052211473324840586	0.02433882397260164	0.019141836202272635	0.8870235040688448	1.0	1
DLBCL11001	0.03605319510991356	0.013703203270141353	0.02518496235016196	0.035753262816467984	0.8893053764533152	0.8893053764533152	4.0	4
DLBCL11459	0.052727857678398236	0.015561796668141517	0.022851662446656214	0.889488904137124	0.019369779069680005	0.889488904137124	3.0	3
DLBCL_C_D_1152_NULLPAIR	0.009180498512802088	0.8895473177260275	0.05847126408902113	0.023182551680563265	0.019618367991586012	0.8895473177260275	1.0	1
DLBCL10984	0.013251142803763626	0.03647893160955959	0.012935197168366604	0.047331202855517875	0.8900035255627923	0.8900035255627923	4.0	4
DLBCL_RICOVER_701	0.05013858257100302	0.015575452428771265	0.02271510371230295	0.8909957703680551	0.02057509091986764	0.8909957703680551	3.0	3
DLBCL10853	0.038948865619192995	0.011979313141833396	0.02379068411131433	0.03310270194841861	0.8921784351792407	0.8921784351792407	4.0	4
DLBCL_LS2325	0.03163608043677639	0.8935354370646678	0.03292317093862498	0.03095532104402818	0.010949990515902739	0.8935354370646678	2.0	1
DLBCL11472	0.8938486335042314	0.012011891165671643	0.018467859170882468	0.043427201079562744	0.032244415079651735	0.8938486335042314	0.0	0
DLBCL10469	0.04536266053820507	0.013247957671660943	0.023920738682159826	0.8949401377819073	0.02252850532606688	0.8949401377819073	3.0	3
DLBC_FF_A7CQ_TP_NB	0.034206428986118795	0.011949016738906545	0.018985394279167834	0.03987340447851809	0.8949857555172888	0.8949857555172888	4.0	4
DLBCL10956	0.04796094867070265	0.8960950472316266	0.01245584871951042	0.020777786701597637	0.022710368676562665	0.8960950472316266	1.0	1
DLBCL10465	0.007740401645975325	0.01880015752530019	0.8984867388906028	0.035854350994847246	0.03911835094327442	0.8984867388906028	2.0	2
DLBCL_RICOVER_473	0.898571912699652	0.016085825725737562	0.008252261607776838	0.06331336501588546	0.013776634950948153	0.898571912699652	0.0	0
DLBCL11488	0.8988960271159764	0.008037066767414381	0.01054786355913672	0.029629647781283654	0.05288939477618882	0.8988960271159764	0.0	0
DLBCL11203	0.011722980484888379	0.8998638099885469	0.029025828025417665	0.03956153679611119	0.019825844705035893	0.8998638099885469	1.0	1
DLBCL_RICOVER_1165	0.016602200064653905	0.900293965698703	0.039116926544476044	0.010772133692289078	0.033214773999877954	0.900293965698703	1.0	1
DLBCL11000	0.009319521941327846	0.01387511932664209	0.021766518705880554	0.05465274405507495	0.9003860959710746	0.9003860959710746	4.0	4
DLBCL11474	0.9006902681871756	0.006725221666243982	0.009417787787331579	0.05622254450010079	0.026944177859148013	0.9006902681871756	0.0	0
DLBCL11516	0.029178590958667424	0.9024812063036788	0.03218671126799068	0.008672273523453584	0.02748121794620953	0.9024812063036788	1.0	1
DLBCL_LS1395	0.036932576716150786	0.019513810439032688	0.9025093465123947	0.018356525267853203	0.022687741064568594	0.9025093465123947	2.0	2
DLBCL10921	0.014412570900567735	0.037184831336997425	0.0179163863701037	0.027761730186856855	0.9027244812054743	0.9027244812054743	4.0	4
DLBCL11353	0.008847316886033655	0.022065756318805533	0.052787378592360774	0.013557453567506126	0.9027420946352939	0.9027420946352939	4.0	4
DLBCL_LS1065	0.009227897004362938	0.9034409003983291	0.048573924759439994	0.012458669092532607	0.026298608745335333	0.9034409003983291	1.0	1
DLBCL_RICOVER_274	0.009395254817484265	0.02178655879337804	0.01634097665351182	0.04879496692754885	0.903682242808077	0.903682242808077	3.0	4
DFCIDL008_DT	0.016124696155716278	0.050722843479923854	0.019168134305407588	0.009343912033625616	0.9046404140253267	0.9046404140253267	4.0	4
DLBCL_RICOVER_496	0.03239966817166475	0.9056735618696311	0.026399963299351882	0.021465517774142177	0.01406128888521008	0.9056735618696311	1.0	1
DLBCL11443	0.9071091284794082	0.006819733254617264	0.028695410670598595	0.029047039572378593	0.028328688022997435	0.9071091284794082	0.0	0
DLBCL10927	0.0409537584806477	0.012801610610190738	0.02371840943558133	0.9073193960613956	0.015206825412184644	0.9073193960613956	3.0	3
DLBCL_DFCI_DLBCL_GOE05	0.006284143212905957	0.9089113332214181	0.03941201227157972	0.009701610734572682	0.035690900559523474	0.9089113332214181	1.0	1
DLBCL10913	0.9093929308156803	0.01340425353462098	0.008231359031610949	0.031500745512747015	0.03747071110534079	0.9093929308156803	0.0	0
DLBCL_RICOVER_1060	0.019637556398655238	0.9102952197990385	0.020650328640940706	0.013992449953917113	0.035424445207448425	0.9102952197990385	1.0	1
DLBCL11542	0.02115576552002395	0.9110137061169723	0.02556139464557986	0.023554567236084838	0.018714566481339023	0.9110137061169723	2.0	1
DLBCL_RICOVER_522	0.032113042076672295	0.02488620822797889	0.9122463705876697	0.024061713713852084	0.0066926653938270434	0.9122463705876697	2.0	2
DLBCL_RICOVER_1219	0.013274796460504857	0.04169729688999804	0.017134307023818383	0.01536315461219113	0.9125304450134876	0.9125304450134876	4.0	4
DLBCL10893	0.011694681078499488	0.00978947679279844	0.04338479700359783	0.020831651633510265	0.914299393491594	0.914299393491594	4.0	4
DLBCL10847	0.035205949142104724	0.02955820410692039	0.010291156802131888	0.010476271037127309	0.9144684189117157	0.9144684189117157	4.0	4
DLBCL10848	0.01680735002760953	0.008418372382361856	0.014505700434442843	0.044753494386338605	0.9155150827692472	0.9155150827692472	4.0	4
DLBCL_LS2357	0.03325566048758952	0.01203084150544596	0.023061504776888616	0.9158214542032125	0.015830539026863377	0.9158214542032125	3.0	3
DLBCL10967	0.013170575971912592	0.010865869547087523	0.03565504955702511	0.02309548752011462	0.9172130174038602	0.9172130174038602	4.0	4
DLBCL_RICOVER_288	0.04525863808990495	0.9188813524585032	0.012640500878274997	0.011354516712385347	0.011864991860931508	0.9188813524585032	1.0	1
DLBCL11004	0.0077238332920251795	0.019097944174087195	0.015764895630431815	0.038398172709162834	0.919015154194293	0.919015154194293	4.0	4
DLBCL_C_D_1135_NULLPAIR	0.019556921134549456	0.9190439218437395	0.01027359028894797	0.02909669331646113	0.022028873416301914	0.9190439218437395	1.0	1
DLBCL_RICOVER_1248	0.027559590277732464	0.03250702934740743	0.0062893053040955944	0.014127318845962045	0.9195167562248024	0.9195167562248024	4.0	4
DLBCL_MC_F132_MLM	0.9195517741492187	0.006931348051268454	0.007094741937031399	0.046256057724592924	0.020166078137888507	0.9195517741492187	0.0	0
DLBCL_DFCI_DLBCL_GOE16	0.014458668881963076	0.01287002897485357	0.9198403422699853	0.03801379871128761	0.014817161161910383	0.9198403422699853	2.0	2
DLBCL_RICOVER_839	0.012705435037819192	0.9199014961491241	0.01263176396177549	0.021778168269175727	0.03298313658210547	0.9199014961491241	1.0	1
DLBCL10896	0.9207587300615617	0.013406681676181467	0.006912897062372935	0.03587668116865437	0.023045010031229527	0.9207587300615617	0.0	0
DLBCL11565	0.01139651415270078	0.920913768252847	0.011589675035827297	0.01589859899787334	0.04020144356075156	0.920913768252847	1.0	1
DLBCL11681	0.9218213593644029	0.006717815636135049	0.015274362210607963	0.04225154360786993	0.013934919180984124	0.9218213593644029	0.0	0
DLBCL10837	0.021114888612310298	0.03057863382977975	0.007300787174127971	0.01792332947091052	0.9230823609128714	0.9230823609128714	4.0	4
DLBCL11679	0.02781592688284598	0.9241899119237251	0.025229050537580327	0.015332814155477721	0.007432296500370877	0.9241899119237251	1.0	1
DLBCL_C_D_1136_NULLPAIR	0.01719490716015822	0.9243464285381082	0.01793049393060506	0.03152051434662144	0.00900765602450701	0.9243464285381082	1.0	1
DLBCL_RICOVER_120	0.022106362643508962	0.01185390775870186	0.021424623178576345	0.019996029481221915	0.924619076937991	0.924619076937991	4.0	4
DLBCL10490	0.9257395616107051	0.012616856651103465	0.012205385889858863	0.0411024074104498	0.008335788437882744	0.9257395616107051	0.0	0
DLBCL10552	0.9261878432452858	0.007546028884774644	0.00896969282657156	0.04502061745930885	0.012275817584059129	0.9261878432452858	3.0	0
DLBCL10461	0.007192783937079569	0.926773222584676	0.040333096022437676	0.006653050027637926	0.019047847428168854	0.926773222584676	1.0	1
DLBCL10850	0.03488661852735704	0.9272832950650478	0.015216622981810738	0.0086770424865031	0.01393642093928129	0.9272832950650478	1.0	1
DLBCL10525	0.9281109033599955	0.005247161770001161	0.02485837425480979	0.02076646573548771	0.02101709487970584	0.9281109033599955	0.0	0
DLBCL10842	0.011519933677597852	0.009203569266530244	0.01403529945880687	0.0365442322066011	0.928696965390464	0.928696965390464	4.0	4
DLBCL_DFCI_DLBCL_GOE07	0.010808888663167036	0.9303495210728074	0.02877103166604466	0.013245720009698042	0.01682483858828278	0.9303495210728074	1.0	1
DLBCL10873	0.02562202531600841	0.9310548438366291	0.010499076156068148	0.022261562770955118	0.010562491920339305	0.9310548438366291	1.0	1
DLBCL11435	0.9312702566866315	0.004965489697743677	0.010172212877043653	0.03976469372893406	0.013827347009647042	0.9312702566866315	0.0	0
DLBCL10466	0.00804886773526876	0.010063293038796276	0.9326123898779044	0.01776973016981106	0.03150571917821954	0.9326123898779044	2.0	2
DLBCL10990	0.017952439416497965	0.030519836027652205	0.009217114578995003	0.00935975138826107	0.9329508585885937	0.9329508585885937	4.0	4
DLBCL_LS762	0.014581669314588949	0.017852246654007677	0.016360475323801905	0.017851305094202703	0.9333543036133988	0.9333543036133988	2.0	4
DLBCL11675	0.013568551179051572	0.005897166518222739	0.934822434270079	0.0268039903385252	0.018907857694121396	0.934822434270079	2.0	2
DLBCL_RICOVER_712	0.007937327485775985	0.012594801062195753	0.022155453785710665	0.02135424264187445	0.9359581750244431	0.9359581750244431	4.0	4
DLBCL_LS3809	0.9366411563258146	0.009566191827284751	0.011198541522389038	0.018532586882982337	0.024061523441529266	0.9366411563258146	0.0	0
DLBCL10889	0.010249187727290908	0.016965386690179985	0.01649493354759385	0.019501210796977888	0.9367892812379573	0.9367892812379573	4.0	4
DLBCL10911	0.023585685309236108	0.937354661221592	0.014960329135286785	0.011776572935751352	0.012322751398133772	0.937354661221592	1.0	1
DLBCL_RICOVER_451	0.9373711855209937	0.006597219060432008	0.021797389768209902	0.02302091648528176	0.011213289165082548	0.9373711855209937	0.0	0
DLBCL10996	0.9377132461393471	0.005876609222166661	0.009898896110682766	0.017040004645068677	0.029471243882734734	0.9377132461393471	0.0	0
DLBCL10992	0.0075688728754826975	0.008215319428566549	0.020526812567315197	0.025564424121786354	0.9381245710068492	0.9381245710068492	4.0	4
DLBCL10983	0.023101779721724905	0.9387119692066467	0.009177673835131284	0.00962108040794944	0.019387496828547634	0.9387119692066467	1.0	1
DLBCL11566	0.009381204498525178	0.029098426084757087	0.9409689033623236	0.012415185294173892	0.008136280760220218	0.9409689033623236	2.0	2
DLBCL_LS3820	0.008090170530266592	0.014426936746933952	0.9412908973084058	0.0216727779117387	0.014519217502654948	0.9412908973084058	2.0	2
DLBCL11669	0.01521849290112701	0.013438737793684515	0.9413611992479934	0.016760201375128812	0.013221368682066224	0.9413611992479934	2.0	2
DLBCL11486	0.017361922678931253	0.014092832793379731	0.010540312294220845	0.016605907454307664	0.9413990247791605	0.9413990247791605	0.0	4
DLBCL11541	0.01012084452731832	0.007603810873408273	0.9415017643884191	0.01619261620400552	0.024580964006848692	0.9415017643884191	2.0	2
DLBCL10930	0.9418444156139381	0.010888926325855208	0.007748807800618822	0.018556491823489483	0.020961358436098462	0.9418444156139381	4.0	0
DLBCL_MC_F815_BAT	0.012299831078028945	0.015999982639638158	0.9456484388887554	0.01926108809862526	0.006790659294952239	0.9456484388887554	2.0	2
DLBCL_C_D_1113_NULLPAIR	0.01076060478313844	0.013977343462199416	0.9459255193826244	0.016950467711909223	0.012386064660128608	0.9459255193826244	2.0	2
DLBCL_RICOVER_678	0.012370350888554442	0.9465235916955788	0.009423829124328213	0.007223980628309353	0.02445824766322918	0.9465235916955788	1.0	1
DLBCL10472	0.007488036432153635	0.00662848190518494	0.946830143487001	0.026297014430566878	0.012756323745093534	0.946830143487001	2.0	2
DLBCL10460	0.0111302840836719	0.947945010405968	0.02659933677553601	0.00685250824420884	0.007472860490615241	0.947945010405968	1.0	1
DLBCL10884	0.9483095522002946	0.00704134309154911	0.021598917630400075	0.013273260758433719	0.009776926319322568	0.9483095522002946	0.0	0
DLBCL_MC_F519_ALT	0.013624754394376359	0.02251671759745738	0.006795282964851493	0.008028420258237643	0.9490348247850772	0.9490348247850772	4.0	4
DLBCL10887	0.006964639962228873	0.007334830870330361	0.021912366066840026	0.014134759867762086	0.9496534032328386	0.9496534032328386	4.0	4
DLBCL10864	0.009822062459338005	0.00843418095071272	0.008471070912669972	0.02334447801087351	0.9499282076664057	0.9499282076664057	4.0	4
DLBCL10951	0.01756928277704007	0.009876019464523609	0.0096193993883457	0.0124083947603687	0.9505269036097219	0.9505269036097219	4.0	4
DLBCL_RICOVER_469	0.015608737098456955	0.005496895405509668	0.9509556215407142	0.018241143386298612	0.009697602569020556	0.9509556215407142	2.0	2
DLBCL10966	0.9522723211552483	0.007083959717607902	0.015204650593434035	0.0192213761326211	0.006217692401088626	0.9522723211552483	0.0	0
DLBCL_MC_F349_BJJ	0.007405374508281422	0.011859185177899323	0.9531929996135403	0.013692379876536626	0.01385006082374227	0.9531929996135403	2.0	2
DLBCL_C_D_1157_NULLPAIR	0.006826389372286284	0.009893950645756351	0.9540041744228761	0.02006039284402593	0.009215092715055283	0.9540041744228761	2.0	2
DLBCL10452	0.006039845125410456	0.9540918662506467	0.014438136912753414	0.0047980079731823055	0.020632143738007192	0.9540918662506467	1.0	1
DLBCL10857	0.010413244996788728	0.00786635843323763	0.00976048251548974	0.0175551682599462	0.9544047457945377	0.9544047457945377	4.0	4
DLBCL10554	0.012981081801832528	0.0064461639588678735	0.9544840630667274	0.012334416401661403	0.013754274770910803	0.9544840630667274	2.0	2
DLBCL10883	0.014107868517879192	0.008392980767061228	0.012017610736182979	0.010902354865201157	0.9545791851136755	0.9545791851136755	4.0	4
DLBCL_RICOVER_417	0.006311110584196848	0.016637154516432922	0.013079775667310166	0.00916649282641582	0.9548054664056442	0.9548054664056442	4.0	4
DLBCL11428	0.010632720901044394	0.017805389237917992	0.9557833740632017	0.009894022733014459	0.005884493064821447	0.9557833740632017	2.0	2
DLBCL11656	0.006255234368176076	0.005311188522606281	0.9565232816395182	0.013149522422060392	0.018760773047639078	0.9565232816395182	2.0	2
DLBCL11470	0.9565904330391622	0.003717573871855631	0.00798777392501789	0.024851610344737055	0.006852608819227152	0.9565904330391622	0.0	0
DLBCL10565	0.006734331712737402	0.008270286739806119	0.9567990100875214	0.021015047383838907	0.007181324076096159	0.9567990100875214	3.0	2
DLBCL10964	0.008142096873219984	0.017771452429153196	0.005627866455305574	0.011531097409420626	0.9569274868329006	0.9569274868329006	4.0	4
DLBCL_RICOVER_780	0.006049259754504695	0.9571738709956442	0.02160423662655645	0.004750687536155491	0.01042194508713915	0.9571738709956442	1.0	1
DLBCL10897	0.9574095454817887	0.006629948191168708	0.004095902994225856	0.022709282847131147	0.009155320485685585	0.9574095454817887	0.0	0
DLBCL_C_D_1126_NULLPAIR	0.008379235954113554	0.957971200194851	0.010986322489242686	0.006691286478444831	0.015971954883347895	0.957971200194851	1.0	1
DLBCL11482	0.9581035806630751	0.005585976261728588	0.004681152142893041	0.014670251557638304	0.016959039374664957	0.9581035806630751	0.0	0
DLBCL10912	0.9591651214705599	0.0030368571613634426	0.008893119332312415	0.022863601961998978	0.006041300073765299	0.9591651214705599	0.0	0
DLBCL11476	0.00743267324938903	0.012150840808591626	0.008910099920018606	0.01132327879968882	0.9601831072223119	0.9601831072223119	4.0	4
DLBCL11461	0.9608855531576828	0.0049360621413146845	0.017090798594345376	0.012377884978193116	0.004709701128464112	0.9608855531576828	0.0	0
DLBCL11188	0.005902347094928612	0.96094382131751	0.015156273597079831	0.007706814348926002	0.010290743641555529	0.96094382131751	1.0	1
DLBCL_RICOVER_134	0.00437424687839592	0.015999144456041847	0.010313735576283274	0.008132427233668131	0.9611804458556108	0.9611804458556108	4.0	4
DLBCL11526	0.010837615611262985	0.004989471327181621	0.9626386181134088	0.014334806023735219	0.007199488924411382	0.9626386181134088	2.0	2
DLBCL_LS4616	0.0041717754632930966	0.014779170216782099	0.9637838866949797	0.01087908854897635	0.006386079075968728	0.9637838866949797	2.0	2
DLBCL_C_D_1128_NULLPAIR	0.9639157578439063	0.005036188874026856	0.006563187322959477	0.016828373863857066	0.0076564920952503605	0.9639157578439063	0.0	0
DLBCL10852	0.005519929516851485	0.008601739264496422	0.007410646307907793	0.014551144671109257	0.963916540239635	0.963916540239635	4.0	4
DLBCL11670	0.004418462612906701	0.006644058915013833	0.9645990223826926	0.012167545907042743	0.01217091018234417	0.9645990223826926	2.0	2
DLBCL_LS1098	0.007859057978263969	0.005497769124715355	0.9656648269928746	0.016035597379865738	0.004942748524280323	0.9656648269928746	2.0	2
DLBCL11462	0.9662955179680186	0.004440831793302936	0.005903912352169506	0.011532361440885543	0.011827376445623466	0.9662955179680186	0.0	0
DLBCL_LS378	0.966377626335361	0.005449987434323733	0.007325067896653714	0.01659747799833094	0.0042498403353307115	0.966377626335361	0.0	0
DLBCL10898	0.010226381948751638	0.0070396119107905145	0.007005737644101087	0.009255107959154948	0.9664731605372018	0.9664731605372018	4.0	4
DLBCL10918	0.9667813501521505	0.0031702409178662057	0.004754414115853171	0.018388427990273584	0.006905566823856561	0.9667813501521505	0.0	0
DLBCL11242	0.006914324014989721	0.009575813889329139	0.008264577867170853	0.008430680352702082	0.9668146038758082	0.9668146038758082	4.0	4
DLBCL10495	0.9670343129166429	0.010777319770697496	0.00433210066481705	0.010800955706908245	0.007055310940934274	0.9670343129166429	0.0	0
DLBCL11666	0.0045550694680801295	0.008445264703669566	0.9671755213743358	0.015152806583467337	0.00467133787044709	0.9671755213743358	2.0	2
DLBCL10471	0.0068279609963823144	0.008068244101403891	0.008052447820685748	0.009243898267369672	0.9678074488141584	0.9678074488141584	4.0	4
DLBCL_RICOVER_221	0.005132566881556664	0.007149848113561387	0.006555074004366769	0.012566837863419169	0.968595673137096	0.968595673137096	4.0	4
DLBCL10854	0.004167623113841535	0.01099987554594897	0.00556308857505028	0.010419033619840682	0.9688503791453186	0.9688503791453186	4.0	4
DLBCL11512	0.9689410684632187	0.006320679195577011	0.005001508420262654	0.014766122631960067	0.004970621288981538	0.9689410684632187	0.0	0
DLBCL10988	0.004268113831843349	0.9699714347382928	0.009763215646167939	0.0077806471615437115	0.008216588622152216	0.9699714347382928	1.0	1
DLBCL11450	0.004543315424494849	0.013313406655890071	0.004090201643015764	0.007992444614856535	0.9700606316617427	0.9700606316617427	4.0	4
DLBCL10876	0.005377842656937606	0.01127307394675438	0.006657670297777202	0.0061518733278434976	0.9705395397706873	0.9705395397706873	4.0	4
DLBCL_RICOVER_1269	0.004243586086936205	0.009510953848801016	0.9705813357061532	0.009645130277763403	0.006018994080346133	0.9705813357061532	2.0	2
DLBCL10995	0.005907641241973435	0.007015855941344885	0.9708210047289325	0.009280312652743709	0.006975185435005443	0.9708210047289325	2.0	2
DLBCL10530	0.003959108393964732	0.01010774658489193	0.005474967583012364	0.009561415591599214	0.9708967618465317	0.9708967618465317	4.0	4
DLBCL10463	0.0033719396001380525	0.005765779374968404	0.008756943352793948	0.009323041493012238	0.9727822961790874	0.9727822961790874	4.0	4
DLBCL_RICOVER_977	0.9728415061350719	0.00258495253557662	0.004416509484379996	0.013527021199709208	0.006630010645262208	0.9728415061350719	0.0	0
DLBCL11661	0.0040744175756195055	0.9734160246532335	0.013556158682207482	0.004251154126041769	0.004702244962897703	0.9734160246532335	1.0	1
DLBCL_C_D_1125_NULLPAIR	0.0037290902818632897	0.00878940398340684	0.00606771659037434	0.007696058218701951	0.9737177309256536	0.9737177309256536	4.0	4
DLBCL_MC_F262_WLC	0.9743173686651271	0.0031920352562328086	0.003644371820856591	0.014994923626445278	0.003851300631338194	0.9743173686651271	0.0	0
DLBCL_MC_F729_MAN	0.004460352275646955	0.9743511844181841	0.0076913187365024675	0.00339764452518776	0.01009950004447866	0.9743511844181841	1.0	1
DLBCL_MAYO_DLBCL_5613	0.97474273029626	0.005163464223967034	0.005087857107157675	0.010384166341618782	0.004621782030996467	0.97474273029626	0.0	0
DLBCL_RICOVER_1018	0.006854549808820788	0.9749166914141124	0.005295778353352136	0.00785677199404453	0.005076208429670135	0.9749166914141124	3.0	1
DLBCL10924	0.008436415033013893	0.005046917958328942	0.005005604168550012	0.0064582942649645215	0.9750527685751427	0.9750527685751427	4.0	4
DLBCL11191	0.9761532450012409	0.003037126879637222	0.0036624696438664955	0.012517075265366223	0.004630083209889207	0.9761532450012409	0.0	0
DLBCL_RICOVER_1283	0.004971344054086038	0.005052344857116686	0.9761655010525149	0.007352611576643426	0.0064581984596389355	0.9761655010525149	2.0	2
DLBCL10890	0.00521580321707208	0.007628928674077069	0.006366447981021838	0.004465054136708973	0.97632376599112	0.97632376599112	4.0	4
DLBCL11569	0.003744829983600575	0.006596452437753321	0.9763454349234754	0.009725705080050131	0.0035875775751206427	0.9763454349234754	2.0	2
DLBCL10462	0.9766032997274405	0.0022773985704118657	0.005092952477816579	0.010916348075758166	0.005110001148572852	0.9766032997274405	0.0	0
DLBCL11573	0.004672847277488844	0.004700261088109095	0.9767461536293975	0.010356466938530358	0.003524271066474187	0.9767461536293975	2.0	2
DLBCL_C_D_1114_NULLPAIR	0.9775447631125241	0.0026142248688285213	0.0032170828821298653	0.012045968109346104	0.004577961027171335	0.9775447631125241	0.0	0
DLBCL_RICOVER_533	0.003909862892892622	0.9775724943416546	0.0057824492019098485	0.005746283582216424	0.0069889099813264495	0.9775724943416546	1.0	1
DLBCL_RICOVER_1293	0.005754246758788167	0.005184057886228834	0.003557372504082492	0.0076495278101085164	0.977854795040792	0.977854795040792	4.0	4
DLBCL10523	0.005886596470110916	0.003350427521042379	0.977941318355461	0.008985957493050313	0.0038357001603353726	0.977941318355461	2.0	2
DLBCL10874	0.00394918753653644	0.9779615711007423	0.007282256286479406	0.002995760912569232	0.007811224163672549	0.9779615711007423	1.0	1
DLBCL10899	0.005600324177109467	0.007912049489155647	0.0032263761752457736	0.004484631008516575	0.9787766191499725	0.9787766191499725	4.0	4
DLBCL10901	0.0036428013517353125	0.004189040741986592	0.00547446041834441	0.007703083580217026	0.9789906139077167	0.9789906139077167	4.0	4
DLBCL_LS3245	0.0037464702245813657	0.9793934194256233	0.008406599265270624	0.004510851514835302	0.003942659569689384	0.9793934194256233	1.0	1
DLBCL11662	0.9796225235658181	0.0026257154303632314	0.003948869536185179	0.010093496826800843	0.003709394640832656	0.9796225235658181	0.0	0
DLBCL10555	0.0059375106486616825	0.0028945698908148833	0.9796746849745674	0.006990880409837831	0.004502354076118115	0.9796746849745674	2.0	2
DLBCL11187	0.005706801519949435	0.003956924862689699	0.0040615336793625246	0.006443779037344049	0.9798309609006542	0.9798309609006542	4.0	4
DLBCL10459	0.0032342440856846996	0.004032000185791082	0.9804051231493321	0.009203534243351796	0.003125098335840277	0.9804051231493321	2.0	2
DLBCL10860	0.0027986760792463464	0.004155331539886318	0.007193783570980045	0.004634340979269999	0.9812178678306173	0.9812178678306173	4.0	4
DLBCL10997	0.9813368599329695	0.0024261836768196005	0.0027302506369627022	0.009757374843369209	0.0037493309098790596	0.9813368599329695	0.0	0
DLBCL10483	0.0029577106079752766	0.9814161111587665	0.005861285131693217	0.003155574578584748	0.006609318522980275	0.9814161111587665	1.0	1
DLBCL_RICOVER_506	0.0039172546518670874	0.006837658624576845	0.0034677038647994564	0.0038684354229258262	0.9819089474358308	0.9819089474358308	4.0	4
DLBCL_RICOVER_174	0.006270498454136761	0.9823572754298986	0.004553055530190865	0.003551498918786324	0.0032676716669874867	0.9823572754298986	1.0	1
DLBCL11434	0.9824154972302388	0.001957034740526398	0.003418991523142207	0.009239367617339936	0.0029691088887526763	0.9824154972302388	0.0	0
DLBCL10880	0.00484375937716762	0.003831875040060059	0.004037234351513908	0.004865959091740116	0.9824211721395183	0.9824211721395183	4.0	4
DLBCL11667	0.0038454227978438923	0.0034735516191570573	0.9825441403617226	0.005469581744664119	0.004667303476612331	0.9825441403617226	2.0	2
DLBCL_RICOVER_829	0.9833216448470776	0.002881903861891108	0.002693421454368788	0.007728710352628476	0.003374319484033997	0.9833216448470776	0.0	0
DLBCL10458	0.9834115574848022	0.0019049048956109958	0.004895096130022651	0.007241201751170347	0.0025472397383937816	0.9834115574848022	0.0	0
DLBCL10502	0.0026038790909340783	0.9846428902316009	0.0052887368489354285	0.0028435397971359805	0.004620954031393602	0.9846428902316009	1.0	1
DLBCL10541	0.0029165120398577534	0.9848277331277102	0.004616604054813596	0.003079771862762221	0.004559378914856232	0.9848277331277102	1.0	1
DLBCL_LS146	0.0029415755688172746	0.9858009000514077	0.005140352856346849	0.0025254432684066494	0.0035917282550214716	0.9858009000514077	1.0	1
DLBCL10851	0.003968208221598282	0.9862024875214184	0.0032954609831082437	0.002404257031113997	0.004129586242761104	0.9862024875214184	1.0	1
DLBCL10862	0.0020760245803691604	0.0036614068414315758	0.0037097392819978943	0.003511032472284457	0.9870417968239169	0.9870417968239169	4.0	4
DLBCL_RICOVER_685	0.00195674585222117	0.0039275504953319405	0.0029042201022442364	0.003806662728868046	0.9874048208213346	0.9874048208213346	4.0	4
DLBCL10836	0.002006310085943798	0.0027291819996176727	0.00378882501635958	0.003364814707787629	0.9881108681902914	0.9881108681902914	4.0	4
DLBCL_RICOVER_1299	0.002074253777564426	0.0025884036770206786	0.0019281673096375167	0.002801483500700503	0.9906076917350769	0.9906076917350769	4.0	4
DLBCL11685	0.0016844268414980786	0.0017532601048373985	0.9912496379046212	0.003078874490990113	0.002233800658053233	0.9912496379046212	2.0	2
DLBCL10931	0.9930966227359361	0.0008914814284967256	0.001293393941585586	0.0031853308474224296	0.001533171046559175	0.9930966227359361	0.0	0
DLBCL_MAYO_DLBCL_7359	0.0010068730402763594	0.9946193890008458	0.0017235009712111829	0.0008818507837121792	0.001768386203954538	0.9946193890008458	1.0	1
DLBCL10534	0.0010847357308889775	0.0015606075144946603	0.0012105386445420239	0.0014374094274784215	0.9947067086825959	0.9947067086825959	4.0	4
DLBCL_LS297	0.0009973669072924863	0.0010416190066034686	0.9947100611720863	0.002006683989709305	0.001244268924308421	0.9947100611720863	2.0	2
DLBCL10519	0.0010982396907002197	0.9950944321256949	0.0015725960872532245	0.0010460017221850088	0.001188730374166617	0.9950944321256949	1.0	1
DLBCL_RICOVER_253	0.0013227027553747539	0.9953280909267395	0.0012769784929284385	0.0008346390877994916	0.0012375887371578764	0.9953280909267395	1.0	1
DLBCL10922	0.0008733132412427301	0.9956287233102169	0.0015265575446177138	0.000888494313174523	0.0010829115907481205	0.9956287233102169	1.0	1
DLBCL_RICOVER_335	0.0005972008604680167	0.9967576631913184	0.0010796477791453127	0.0007114272106943697	0.0008540609583739331	0.9967576631913184	1.0	1
DLBCL10834	0.0007897406024682939	0.996980954613895	0.0007928785646213713	0.0006661162573275239	0.0007703099616877728	0.996980954613895	1.0	1
