	C1	C2	C3	C4	C5	Confidence	True Cluster	Predicted Cluster
DLBCL_LS2154	0.2131674258924389	0.18252732332979343	0.21522081135705012	0.15376017149622864	0.235324267924489	0.235324267924489	0.0	4
DLBCL10910	0.21492982585090034	0.17978084060314903	0.21543572863644367	0.1542237922873887	0.2356298126221183	0.2356298126221183	2.0	4
DLBCL11673	0.23590696152072324	0.18051559368995682	0.21550825426356096	0.1543626789841843	0.21370651154157463	0.23590696152072324	1.0	0
DLBCL10936	0.2095118236576144	0.18357500442691066	0.21541384787925227	0.1551361176173656	0.23636320641885722	0.23636320641885722	2.0	4
DLBCL10566	0.23716423098271963	0.18005398795711114	0.21624682723832422	0.15142981906511283	0.21510513475673226	0.23716423098271963	4.0	0
DLBCL_C_D_1157_NULLPAIR	0.21678769449936663	0.17729587564968965	0.2128222259985587	0.15589419480782188	0.23720000904456298	0.23720000904456298	2.0	4
DLBCL10513	0.21675095060725558	0.18061614155466754	0.23733894674439354	0.14980788168130363	0.21548607941237966	0.23733894674439354	3.0	2
DLBCL11680	0.23745853901893627	0.18167497511138803	0.21541034642094836	0.15554270508069595	0.20991343436803148	0.23745853901893627	2.0	0
DLBCL11525	0.2374757962525486	0.17905015023539667	0.21657218788379243	0.15334850015886908	0.21355336546939338	0.2374757962525486	2.0	0
DLBCL11541	0.212935383304565	0.18395482768705546	0.23750548541820815	0.15264800371663426	0.21295629987353717	0.23750548541820815	2.0	2
DLBCL11448	0.23771901949938604	0.17680128234258863	0.21577190148162267	0.15295239001446156	0.2167554066619412	0.23771901949938604	3.0	0
DLBCL_C_D_1114_NULLPAIR	0.23794483130474028	0.17973070973610666	0.21610485025719	0.15158891838044236	0.21463069032152063	0.23794483130474028	0.0	0
DLBCL11523	0.2379818335312395	0.1790742845853903	0.21656636717707337	0.15528199511773458	0.21109551958856224	0.2379818335312395	0.0	0
DLBCL_C_D_1141_NULLPAIR	0.2141486783678803	0.1777550628654978	0.21672379858469923	0.1531630999612166	0.23820936022070607	0.23820936022070607	2.0	4
DLBCL10842	0.21758031506021785	0.1771620505201571	0.21548031154913416	0.15136527300565247	0.23841204986483847	0.23841204986483847	4.0	4
DLBC_FF_A7CQ_TP_NB	0.21796466282074067	0.17645125163739334	0.23856761703176776	0.151184260054723	0.21583220845537515	0.23856761703176776	4.0	2
DLBCL_MC_F262_WLC	0.23867911043983497	0.17830172810349695	0.2140631106964878	0.1507216493069968	0.21823440145318335	0.23867911043983497	0.0	0
DLBCL10989	0.21770308082193268	0.17930106115313107	0.2390012798953165	0.14782191297371913	0.21617266515590058	0.2390012798953165	1.0	2
DLBCL_LS3204	0.2148711663568744	0.18160090287818992	0.23905210447886813	0.1531838964980832	0.21129192978798436	0.23905210447886813	1.0	2
DLBCL10482	0.23912567839498491	0.17770915011139382	0.21618793549915769	0.14931018948618843	0.21766704650827526	0.23912567839498491	0.0	0
DLBCL_LS1683	0.21149820510820203	0.1783531866161763	0.21812637286403475	0.15281802522165636	0.23920421018993057	0.23920421018993057	1.0	4
DLBCL_LS378	0.2169100086226373	0.17400234763270103	0.2392267674011991	0.1526105367803889	0.2172503395630735	0.2392267674011991	0.0	2
DLBCL_RICOVER_685	0.23937841886951156	0.18050039723552289	0.21308728896896167	0.149854317472272	0.21717957745373176	0.23937841886951156	4.0	0
DLBCL10945	0.2394542474771064	0.17830849859257367	0.2155714064713866	0.1513595669093646	0.2153062805495688	0.2394542474771064	0.0	0
DLBCL_RICOVER_1060	0.2395932135122341	0.17791434934381917	0.21610761202274104	0.1481589282282865	0.21822589689291913	0.2395932135122341	1.0	0
DLBCL11675	0.23974190645625018	0.17455062074376768	0.21631433204214584	0.15513071081273944	0.2142624299450968	0.23974190645625018	2.0	0
DLBCL_RICOVER_577	0.21534347379190602	0.17493132518465812	0.21684203866014046	0.15297079227575616	0.2399123700875393	0.2399123700875393	2.0	4
DLBCL11671	0.24009597219749707	0.1805179436866152	0.21611338471657707	0.152089226742554	0.21118347265675672	0.24009597219749707	0.0	0
DLBCL_MC_F132_MLM	0.21956965346921414	0.17545254671357827	0.24023319629029907	0.15479359452644584	0.20995100900046262	0.24023319629029907	0.0	2
DLBCL10994	0.21730867065318704	0.1753379558825199	0.2185389089272211	0.1485276608975851	0.24028680363948685	0.24028680363948685	0.0	4
DLBCL10854	0.24037703280383196	0.17304154172191727	0.2190586698811119	0.15043770531440062	0.21708505027873826	0.24037703280383196	4.0	0
DLBCL10856	0.20659090898690122	0.17831401213250025	0.21934673102691354	0.15520153888874585	0.24054680896493913	0.24054680896493913	2.0	4
DLBCL_RICOVER_1204	0.2407752982563324	0.18002813935064438	0.21417394960629604	0.14911431160803224	0.2159083011786949	0.2407752982563324	3.0	0
DLBCL11576	0.2154218205386539	0.17174340962263177	0.2408150021536454	0.15294419804146553	0.21907556964360347	0.2408150021536454	3.0	2
DLBCL10494	0.21566871865406273	0.1775095037961974	0.24088636280369047	0.15360761250648258	0.21232780223956663	0.24088636280369047	1.0	2
DLBCL11476	0.241024246111195	0.1740484163399635	0.2167086936403692	0.15292449859826293	0.21529414531020935	0.241024246111195	4.0	0
DLBCL10487	0.2410932258779174	0.18220521694977623	0.21349212848799867	0.14534783986560235	0.21786158881870515	0.2410932258779174	1.0	0
DLBCL_RICOVER_956	0.2410997889712859	0.18206043706631075	0.2190853877273897	0.1461374742563813	0.21161691197863233	0.2410997889712859	4.0	0
DLBCL11535	0.21866817212940215	0.17647646054820615	0.24110368687054706	0.14508125792097393	0.21867042253087074	0.24110368687054706	3.0	2
DLBCL_RICOVER_1150	0.21444888003542167	0.17600198535116746	0.22009909135794561	0.14831018985014138	0.24113985340532385	0.24113985340532385	0.0	4
DLBCL11431	0.24125916615814627	0.1807458461053994	0.22012109895217255	0.15294378005795226	0.2049301087263295	0.24125916615814627	4.0	0
DLBCL_C_D_1126_NULLPAIR	0.21938094447917714	0.17539647717747478	0.2414917485031714	0.148437259754286	0.2152935700858907	0.2414917485031714	1.0	2
DLBCL11468	0.21727768635315417	0.17802883723146667	0.24152121673333068	0.15023394154099637	0.21293831814105216	0.24152121673333068	2.0	2
DLBCL_RICOVER_1283	0.21913638704162172	0.1733037921508516	0.24203656538976312	0.1457078777283031	0.21981537768946063	0.24203656538976312	2.0	2
DLBCL11469	0.24211209787354795	0.17649782066042466	0.21694636606025375	0.15163925677730689	0.21280445862846673	0.24211209787354795	2.0	0
DLBCL10903	0.21266382808014958	0.17704404237710844	0.24226839664986866	0.15396939585998431	0.21405433703288887	0.24226839664986866	1.0	2
DLBCL10916	0.21228531170869996	0.17454630225151463	0.24231012831682908	0.15474533413447597	0.21611292358848044	0.24231012831682908	4.0	2
DLBCL11436	0.21395496574137832	0.17685471917964965	0.2424123772344196	0.15188626191996873	0.21489167592458386	0.2424123772344196	1.0	2
DLBCL10877	0.21498874514338365	0.17401122367431546	0.24241984913255896	0.15715176025137492	0.21142842179836707	0.24241984913255896	0.0	2
DLBCL11534	0.218364031925801	0.17661440672994294	0.20993576592395993	0.1524915971289363	0.24259419829135978	0.24259419829135978	2.0	4
DLBCL10457	0.2123017344527607	0.17311228128966735	0.21900716449871147	0.15294811666514796	0.24263070309371249	0.24263070309371249	4.0	4
DLBCL11533	0.2427554132018321	0.17294613382527468	0.21931968363829113	0.1501719770773321	0.21480679225726995	0.2427554132018321	1.0	0
DLBC_FF_8062_TP_NB	0.24280863151936224	0.18192878639113694	0.20937312019859616	0.14893756295102814	0.21695189893987646	0.24280863151936224	3.0	0
DLBCL10889	0.24283524794154154	0.17955808981683424	0.20885032857464048	0.15671758682229497	0.21203874684468865	0.24283524794154154	4.0	0
DLBCL_C_D_1156_NULLPAIR	0.2169613792509278	0.17894423360539555	0.24287176599363883	0.15187603307632125	0.20934658807371676	0.24287176599363883	0.0	2
DLBCL11667	0.21916190634924052	0.17448361555596056	0.24291915809516262	0.1525114138554196	0.21092390614421674	0.24291915809516262	2.0	2
DLBCL10918	0.21794211931922175	0.17296278965354414	0.21260428743226173	0.15353336595004077	0.24295743764493158	0.24295743764493158	0.0	4
DLBCL10554	0.24306891668580582	0.17724475860077682	0.21666919746933558	0.14979213779493705	0.2132249894491446	0.24306891668580582	2.0	0
DLBCL11478	0.2116430476264032	0.17822813279266536	0.24307951751911336	0.14745054182896267	0.21959876023285527	0.24307951751911336	0.0	2
DLBCL10466	0.22145220882714758	0.1733045587906771	0.24309060779479358	0.15337017287013552	0.20878245171724605	0.24309060779479358	2.0	2
DLBCL10454	0.21291932804220443	0.17811390686377052	0.24313834407040594	0.150942720080852	0.21488570094276718	0.24313834407040594	4.0	2
DLBCL11446	0.2157310690532822	0.17067858456559162	0.2193762695654991	0.15097660118922668	0.24323747562640038	0.24323747562640038	1.0	4
DLBCL_RICOVER_985	0.21548987546419587	0.17749433031703754	0.24332927648183492	0.15132265902187675	0.21236385871505487	0.24332927648183492	3.0	2
DLBCL11663	0.21025321032709843	0.17416535893655008	0.243342772304519	0.15369380485614886	0.21854485357568357	0.243342772304519	0.0	2
DLBCL_C_D_1166_NULLPAIR	0.2217114015334847	0.17432685020374952	0.24341085428131842	0.14968843295405967	0.21086246102738773	0.24341085428131842	4.0	2
DLBCL10862	0.21496768364847652	0.1745554797911066	0.2434181755633852	0.15708936144507107	0.20996929955196056	0.2434181755633852	4.0	2
DLBCL_C_D_1115_NULLPAIR	0.21209493930918172	0.17859719625849232	0.2436489208233403	0.1469131367099603	0.21874580689902537	0.2436489208233403	3.0	2
DLBCL_RICOVER_320	0.24371670061018164	0.18112509427176035	0.21220997708320646	0.1507249702054078	0.2122232578294438	0.24371670061018164	2.0	0
DLBCL10534	0.2437317720350243	0.17391054812750575	0.2155530742612267	0.15082162323896742	0.21598298233727584	0.2437317720350243	4.0	0
DLBCL11204	0.24382395226417009	0.17199596256778085	0.21908260260244297	0.14471075818736426	0.2203867243782418	0.24382395226417009	1.0	0
DLBCL11685	0.21625456702433477	0.17235257522214614	0.24385805008279965	0.14942668778434023	0.2181081198863793	0.24385805008279965	2.0	2
DLBCL11481	0.21470333022097438	0.17659974678324422	0.24390682470737254	0.15155742403965158	0.21323267424875736	0.24390682470737254	0.0	2
DLBCL11659	0.21714633974676892	0.1781852122158065	0.24405986356761616	0.15180254644804791	0.2088060380217605	0.24405986356761616	3.0	2
DLBCL10536	0.21308481331345178	0.17485725540974426	0.24422506832738441	0.14492023046405217	0.2229126324853675	0.24422506832738441	2.0	2
DLBC_FF_A7CX_TP_NB	0.21557142745237357	0.1745714395399022	0.24430613425571068	0.14774910278076944	0.2178018959712442	0.24430613425571068	4.0	2
DLBCL10951	0.24436747466667827	0.1744557368866315	0.21524538168967178	0.15191084717196504	0.21402055958505337	0.24436747466667827	4.0	0
DLBCL11435	0.216614713397796	0.17834514863827064	0.24443686333967518	0.14880840572736573	0.21179486889689245	0.24443686333967518	0.0	2
DLBCL_RICOVER_1190	0.24447787425245665	0.1797693854188215	0.2083089991281264	0.154785412788899	0.2126583284116964	0.24447787425245665	4.0	0
DLBCL10565	0.2139970868542268	0.17806232858001297	0.20896674576712918	0.154390473352227	0.24458336544640408	0.24458336544640408	3.0	4
DLBCL11511	0.21465365622298613	0.17622580219525444	0.2446966137272706	0.14924610646992323	0.2151778213845655	0.2446966137272706	0.0	2
DLBCL11202	0.21722704808412616	0.17197260377804943	0.2447265461773972	0.15074559957858102	0.21532820238184622	0.2447265461773972	0.0	2
DLBCL11467	0.24500467020931377	0.1700698851043645	0.21347314608001292	0.14778153043165526	0.22367076817465356	0.24500467020931377	3.0	0
DLBCL11188	0.21251144583264917	0.17466144394832933	0.24515290348297364	0.1516438119482498	0.21603039478779798	0.24515290348297364	1.0	2
DLBCL10451	0.2107632786854883	0.17740505891190855	0.24518938785198524	0.14999187864243663	0.2166503959081814	0.24518938785198524	0.0	2
DLBCL11496	0.21017783521622513	0.17306320583019286	0.24528455996924214	0.14801137405248163	0.22346302493185824	0.24528455996924214	0.0	2
DLBCL11656	0.2181867935691737	0.1775606006582134	0.24537187035852467	0.14581480506787695	0.2130659303462112	0.24537187035852467	2.0	2
DLBCL10539	0.245511122540245	0.174667913080636	0.21451171829416016	0.14939949558302734	0.21590975050193148	0.245511122540245	3.0	0
DLBCL_C_D_1144_NULLPAIR	0.21717783928318776	0.17406394825733587	0.2455525364527883	0.14916547078308895	0.21404020522359912	0.2455525364527883	4.0	2
DLBCL_LS4054	0.21362965179261814	0.1776523383558882	0.24556478240950472	0.1486405879903346	0.21451263945165436	0.24556478240950472	1.0	2
DLBCL11526	0.22279554707869656	0.17307183069706436	0.24585169756714312	0.14911604246257096	0.2091648821945249	0.24585169756714312	2.0	2
DLBCL_MC_F064AB	0.21238682655578342	0.1775612908906905	0.24590988749215317	0.15341719502282744	0.2107248000385456	0.24590988749215317	2.0	2
DLBCL_MC_F500_ECU	0.21981745160213745	0.17525936849433973	0.24646294069136615	0.14897192574089246	0.2094883134712641	0.24646294069136615	1.0	2
DLBCL_LS762	0.22002172853863067	0.17629120921163327	0.20789581951599717	0.1491611468563457	0.24663009587739315	0.24663009587739315	2.0	4
DLBCL10517	0.21600827275016588	0.17322290817300096	0.24673932397822312	0.14701254258505536	0.2170169525135548	0.24673932397822312	1.0	2
DLBCL11501	0.21151067421704825	0.17915622173023343	0.2472033217329361	0.14579426118590108	0.2163355211338811	0.2472033217329361	0.0	2
DLBCL10932	0.24736220428927078	0.17707271411478118	0.20970236369696318	0.15173874035901636	0.21412397753996865	0.24736220428927078	3.0	0
DLBCL_RICOVER_216	0.21860189493717416	0.17258463074159927	0.20349159295828312	0.1579441558758734	0.24737772548707007	0.24737772548707007	2.0	4
DLBCL_C_D_1149_NULLPAIR	0.20909260391485718	0.17539330845216325	0.2474322461108221	0.15374038639854376	0.2143414551236138	0.2474322461108221	1.0	2
DLBCL_RICOVER_950	0.24767536902676218	0.17347655414412552	0.21270577251164924	0.14979233778698983	0.2163499665304733	0.24767536902676218	3.0	0
DLBCL_LS2208	0.24788705540711084	0.17771592087432617	0.21786738491614557	0.14817770303348352	0.2083519357689339	0.24788705540711084	4.0	0
DLBCL11473	0.24797276944162275	0.17656855078247397	0.2133215440448432	0.14816834297325499	0.21396879275780523	0.24797276944162275	0.0	0
DLBCL10904	0.21482548781650349	0.17408380427282244	0.24799474430267096	0.15574023629883207	0.20735572730917107	0.24799474430267096	4.0	2
DLBCL_MC_F927_JHS	0.2158905026712509	0.1813791077881181	0.24853817443587345	0.1546240528973049	0.19956816220745266	0.24853817443587345	4.0	2
DLBCL_LS3200	0.24872771658193268	0.16909951800392323	0.21708924554740752	0.15063774505277394	0.21444577481396268	0.24872771658193268	4.0	0
DLBCL_C_D_PAIR13	0.21502273745786443	0.17564911194503532	0.24910964470025734	0.15794852485687755	0.2022699810399654	0.24910964470025734	4.0	2
DLBCL11651	0.21719143852660153	0.17217419786862173	0.24960488487382165	0.14907904946619763	0.21195042926475754	0.24960488487382165	2.0	2
DLBCL10460	0.2105301800053897	0.17613118042197534	0.24977879854704105	0.15065470743182227	0.2129051335937716	0.24977879854704105	1.0	2
DLBCL11437	0.20819422498265527	0.1763070951552344	0.2498151671803318	0.1522818354533191	0.2134016772284595	0.2498151671803318	3.0	2
DLBCL10857	0.21358954062277502	0.1792484924210609	0.24991065497674456	0.1473551789173109	0.20989613306210872	0.24991065497674456	4.0	2
DLBCL10908	0.21413953879090109	0.17663413551538001	0.25089713461936475	0.15264943356523633	0.20567975750911777	0.25089713461936475	4.0	2
DLBCL11002	0.21622142853689547	0.17452611918715058	0.25090623416082825	0.1468856806167025	0.2114605374984232	0.25090623416082825	3.0	2
DLBCL_C_D_1140_NULLPAIR	0.21816499550268553	0.175786349666916	0.2510563001295826	0.15361314752624478	0.20137920717457095	0.2510563001295826	4.0	2
DLBCL10514	0.21117114398681033	0.17177802758783547	0.2525975072282992	0.15820186657905017	0.20625145461800484	0.2525975072282992	2.0	2
DLBCL11483	0.2151057521458834	0.16268758221475182	0.21058847472525277	0.15468086824729693	0.2569373226668151	0.2569373226668151	1.0	4
DLBCL11669	0.18213323564244174	0.17920612424301757	0.11561591867603746	0.24890112208071216	0.2741435993577911	0.2741435993577911	2.0	4
DLBCL_LS2325	0.16241434319773415	0.280164352424451	0.23839645146479904	0.15306974201954718	0.16595511089346862	0.280164352424451	2.0	1
DLBCL_LS4593	0.1650886149994319	0.28584423266423037	0.24249199146242542	0.14575022143256244	0.1608249394413499	0.28584423266423037	2.0	1
DLBCL10550	0.16072864291310593	0.2870437765808195	0.22954945372315586	0.1543911942014257	0.1682869325814931	0.2870437765808195	4.0	1
DLBCL11491	0.16085770643020128	0.2922355462867111	0.2315483513985103	0.15425517966829327	0.16110321621628404	0.2922355462867111	3.0	1
DLBCL10893	0.16438823490737864	0.2926999043386958	0.23493422728226668	0.14860887145220625	0.15936876201945274	0.2926999043386958	4.0	1
DLBCL11486	0.15935184607844072	0.2939843778410625	0.23088856631022936	0.14946989385052087	0.16630531591974668	0.2939843778410625	0.0	1
DLBCL10535	0.15524088753388599	0.2949663981464487	0.23577997559443134	0.14878916936190353	0.16522356936333055	0.2949663981464487	4.0	1
DLBCL11574	0.15720153783220064	0.2965372498725268	0.22493676973385968	0.153480763359442	0.16784367920197096	0.2965372498725268	2.0	1
DLBCL_LS951	0.16134577309324866	0.29683662976730285	0.23297702609560428	0.14340076968191273	0.16543980136193148	0.29683662976730285	0.0	1
DLBCL11434	0.1587154375482986	0.29808141533590427	0.23109146370272754	0.14849839857096378	0.16361328484210583	0.29808141533590427	0.0	1
DLBCL11450	0.15485659170038849	0.2985221542016093	0.23400720141352746	0.14241442398425713	0.1701996287002177	0.2985221542016093	4.0	1
DLBCL10780	0.15315802345490467	0.32709782888516514	0.2889710320132827	0.11413627433644434	0.11663684131020303	0.32709782888516514	1.0	1
DLBCL10883	0.28294034541050145	0.07523496460849585	0.07336093287560809	0.23939048452805947	0.32907327257733504	0.32907327257733504	4.0	4
DLBCL_C_D_1117_NULLPAIR	0.12947928752725177	0.25321605378079265	0.1420459958020526	0.13620251104507664	0.33905615184482646	0.33905615184482646	1.0	4
DLBCL11676	0.3424127436457301	0.26077705190458966	0.17750765565813872	0.12349042116574636	0.09581212762579507	0.3424127436457301	0.0	0
DLBCL10962	0.34575590164233255	0.2540951519950699	0.17136748174389974	0.1344297150597909	0.09435174955890695	0.34575590164233255	1.0	0
DLBCL_C_D_1109_NULLPAIR	0.12931717062712644	0.07592775370874552	0.17667561770675702	0.34608586290544946	0.2719935950519216	0.34608586290544946	3.0	3
DLBCL11195	0.10917963105445448	0.34710353300557323	0.13970102352126793	0.3111239967708281	0.09289181564787627	0.34710353300557323	4.0	1
DLBCL_MC_F739_AMA3	0.24423071355750656	0.31069149902078935	0.35497839291354927	0.06402832287417425	0.026071071633980546	0.35497839291354927	1.0	2
DLBCL10927	0.1403562703993747	0.0505569353477813	0.3080589918552059	0.35577155167873264	0.1452562507189054	0.35577155167873264	3.0	3
DLBCL_RICOVER_712	0.08922016219333892	0.35609622310104616	0.16141101858661322	0.09156790912446587	0.3017046869945359	0.35609622310104616	4.0	1
DLBCL10995	0.0980562736229517	0.23586193258699295	0.0890700908018965	0.35744345250215565	0.21956825048600312	0.35744345250215565	2.0	3
DLBCL11479	0.36122872430482694	0.06963152457061551	0.11983106125914239	0.12633780437528017	0.3229708854901351	0.36122872430482694	1.0	0
DLBCL10542	0.28093254141969093	0.027982466104178646	0.36865390480256965	0.09611219612323618	0.2263188915503245	0.36865390480256965	0.0	2
DLBCL10515	0.3693436250465874	0.22522622978809514	0.27432249281506704	0.04030068024470187	0.09080697210554842	0.3693436250465874	0.0	0
DLBCL_C_D_1153_NULLPAIR	0.2665382454294363	0.11611557003242219	0.12531293855996178	0.36992329163490567	0.12210995434327404	0.36992329163490567	3.0	3
DLBCL11428	0.13270594465865174	0.37223027283089305	0.11321906555053238	0.07259058420709039	0.3092541327528325	0.37223027283089305	2.0	1
DLBCL10971	0.13074458303838646	0.37425448963109886	0.1154333904304353	0.0756988735934474	0.3038686633066321	0.37425448963109886	0.0	1
DLBCL11581	0.37442449087822866	0.17482401508057194	0.08458569109505051	0.11650342040305654	0.24966238254309242	0.37442449087822866	4.0	0
DLBCL10509	0.12274039365028501	0.3755919298654839	0.11608386296113	0.07531640317185369	0.31026741035124744	0.3755919298654839	0.0	1
DLBCL_C_D_1135_NULLPAIR	0.13466055957149894	0.161907824028093	0.37666089108384093	0.29398477387932265	0.03278595143724447	0.37666089108384093	1.0	2
DLBCL10529	0.27157024666814034	0.11103333925367086	0.12182963774693198	0.38055677167458335	0.11501000465667348	0.38055677167458335	4.0	3
DLBCL11512	0.2048616862140929	0.38083007830689086	0.0686293296153581	0.29500761947191423	0.05067128639174377	0.38083007830689086	0.0	1
DLBCL10836	0.1471099040767373	0.22121166122198138	0.12875538173907605	0.3832135593776541	0.11970949358455125	0.3832135593776541	4.0	3
DLBCL11206	0.13530932028315346	0.3835980822908407	0.11396509005137877	0.07508409304098657	0.29204341433364056	0.3835980822908407	4.0	1
DLBCL10846	0.11504259848725372	0.3926865598983346	0.23488762711740813	0.14025566746660342	0.11712754703040011	0.3926865598983346	1.0	1
DLBCL_RICOVER_174	0.32348595871098385	0.4004901883811843	0.12328570098192672	0.11812272091800075	0.034615431007904346	0.4004901883811843	1.0	1
DLBCL_RICOVER_473	0.40181328664503907	0.049842183415959834	0.08017856752436957	0.11010595509031972	0.35806000732431176	0.40181328664503907	0.0	0
DLBCL10456	0.31632665142277655	0.07589472659542025	0.08901114143253053	0.1157564744615116	0.40301100608776086	0.40301100608776086	3.0	4
DLBCL_RICOVER_575	0.0727426159568124	0.21523073108754728	0.40461185363924984	0.26564282953388346	0.04177196978250708	0.40461185363924984	3.0	2
DLBCL10552	0.40941132889802506	0.1374227877747267	0.15081211189830593	0.23313175757414262	0.06922201385479969	0.40941132889802506	3.0	0
DLBCL11500	0.3710334432269132	0.09404026441395126	0.06845737241623379	0.0487735429461531	0.4176953769967486	0.4176953769967486	4.0	4
DLBCL11187	0.0767712787376785	0.2980353239090663	0.08939552431136934	0.11703393750727113	0.4187639355346148	0.4187639355346148	4.0	4
DLBCL10888	0.09847914530099132	0.14167458955982598	0.18434824712257272	0.1538680153822989	0.421630002634311	0.421630002634311	4.0	4
DLBCL_C_D_1128_NULLPAIR	0.4226733355740918	0.03559416892638507	0.0669818771890433	0.10164633635845682	0.37310428195202294	0.4226733355740918	0.0	0
DLBCL11454	0.29139005126349654	0.42329135570322257	0.11807048545033912	0.09716212391872756	0.07008598366421417	0.42329135570322257	0.0	1
DLBCL10980	0.09906018516020135	0.14192991803232285	0.1826534238167478	0.15240113347509956	0.4239553395156284	0.4239553395156284	4.0	4
DLBCL_LS3820	0.1406218155289002	0.10289870611171585	0.1506855282660636	0.42702598235261857	0.17876796774070175	0.42702598235261857	2.0	3
DLBCL10988	0.13714800852748693	0.4273780831407783	0.10969960998936981	0.28767191350273486	0.03810238483963012	0.4273780831407783	1.0	1
DLBCL11194	0.4274735461138744	0.03670788312498859	0.06790205145509731	0.10070725729547854	0.36720926201056114	0.4274735461138744	4.0	0
DLBCL10548	0.4278607904926739	0.17183065018126584	0.1631084269302647	0.12353537657852581	0.11366475581726986	0.4278607904926739	0.0	0
DLBCL10925	0.1958701895177481	0.2259199948226438	0.0609236670684625	0.4288027012669999	0.08848344732414573	0.4288027012669999	4.0	3
DLBCL10837	0.11120604269705632	0.2176725252821649	0.15224585099337093	0.08873487345862127	0.43014070756878653	0.43014070756878653	4.0	4
DLBCL10849	0.1117406235981421	0.21226156915946487	0.1563082363993367	0.08776097131321335	0.43192859952984297	0.43192859952984297	1.0	4
DLBCL_RICOVER_850	0.4325095773639698	0.035160546287638816	0.07044789272460758	0.10053258499180152	0.36134939863198245	0.4325095773639698	4.0	0
DLBCL10884	0.17530526823147352	0.4325324454653299	0.15692875730232955	0.11338083469111672	0.12185269430975029	0.4325324454653299	0.0	1
DLBCL_LS2590	0.178221835185815	0.432916067076613	0.15501485901651835	0.11706115110786935	0.11678608761318439	0.432916067076613	3.0	1
DLBCL10897	0.43392165277112316	0.03696843214206668	0.06946827855372184	0.09960516767153958	0.36003646886154866	0.43392165277112316	0.0	0
DLBCL_RICOVER_1287	0.1131056658053224	0.21311698985342237	0.1499346620238143	0.08988233933428409	0.43396034298315683	0.43396034298315683	4.0	4
DLBCL10906	0.11428222282420683	0.20957244524686108	0.1539991143736052	0.08770895336777611	0.4344372641875508	0.4344372641875508	1.0	4
DLBCL11569	0.17735004843968868	0.4349434318884265	0.15306281232225072	0.11314275352304602	0.12150095382658818	0.4349434318884265	2.0	1
DLBCL10878	0.11085716986924417	0.21575712436631977	0.15224260818835678	0.08619690574988997	0.43494619182618943	0.43494619182618943	4.0	4
DLBCL_RICOVER_839	0.435059067358217	0.17106454205489363	0.15998776960380154	0.12154693073982606	0.11234169024326186	0.435059067358217	1.0	0
DLBCL11515	0.11233119268841713	0.20841207077722823	0.15656391661823368	0.08735445209233919	0.4353383678237818	0.4353383678237818	2.0	4
DLBCL_RICOVER_945	0.17815318119813783	0.43655128743735844	0.15380928960426782	0.11183757770950051	0.11964866405073538	0.43655128743735844	0.0	1
DLBCL_C_D_1123_NULLPAIR	0.17479160115003634	0.437375554367957	0.15473778519068065	0.11420200730760802	0.11889305198371805	0.437375554367957	0.0	1
DLBCL11542	0.11219750869767742	0.21044768128065686	0.15228809048581615	0.08762743389638496	0.43743928563946455	0.43743928563946455	2.0	4
DLBCL10450	0.17057260620916795	0.43763461433211415	0.15498008292095272	0.11830612996145833	0.11850656657630687	0.43763461433211415	0.0	1
DLBCL10921	0.1834278919261979	0.437646863800811	0.1513965668149733	0.10972151051610055	0.11780716694191719	0.437646863800811	4.0	1
DLBCL_RICOVER_417	0.12674390903389976	0.43780361354735436	0.10686057837047655	0.29362318058799824	0.034968718460271185	0.43780361354735436	4.0	1
DLBCL10999	0.11402613878553221	0.2107005264638293	0.14980273027010893	0.0871573941026167	0.4383132103779128	0.4383132103779128	4.0	4
DLBCL10564	0.17386827769001245	0.4387271723079663	0.15759565937118358	0.11174548254653767	0.11806340808430002	0.4387271723079663	3.0	1
DLBCL11205	0.17661962409428864	0.4387478316928658	0.1511823840743874	0.11603066945307607	0.11741949068538211	0.4387478316928658	0.0	1
DLBCL_RICOVER_583	0.17402177676396674	0.43918811432037735	0.15370467219252804	0.11150480672106806	0.12158063000205971	0.43918811432037735	1.0	1
DLBCL10465	0.1634293711467372	0.04143640997670408	0.3150993582807982	0.439636974321707	0.0403978862740535	0.439636974321707	2.0	3
DLBCL11595	0.10987037001427039	0.21044281864327993	0.1566377837048601	0.0834012102357386	0.43964781740185094	0.43964781740185094	4.0	4
DLBCL_LS1065	0.17358502629991157	0.4396974147078549	0.15291771450819416	0.11221366806536472	0.12158617641867467	0.4396974147078549	1.0	1
DLBCL10997	0.4398919956679299	0.03406124430441739	0.06967938429361144	0.09924473541476811	0.3571226403192731	0.4398919956679299	0.0	0
DLBCL10844	0.10932167380715263	0.20943035533142856	0.1549110546827639	0.08607003638764357	0.4402668797910114	0.4402668797910114	0.0	4
DLBCL11456	0.17413400200240453	0.4403752748341044	0.15652006802950774	0.1109004796257119	0.11807017550827148	0.4403752748341044	1.0	1
DLBCL_C_D_1113_NULLPAIR	0.17237226119223725	0.4406304214941768	0.15483711521332427	0.11008660533013045	0.12207359677013116	0.4406304214941768	2.0	1
DLBCL10549	0.17122840560833952	0.4406592650707143	0.15647261241126847	0.11446499549342024	0.11717472141625739	0.4406592650707143	1.0	1
DLBCL10898	0.4414218314527089	0.17698514668920343	0.15640169467723003	0.11878505155359316	0.10640627562726436	0.4414218314527089	4.0	0
DLBCL10523	0.17280189145616554	0.44148363257166334	0.16096845539569166	0.10740057084757822	0.11734544972890121	0.44148363257166334	2.0	1
DLBCL_C_D_1112_NULLPAIR	0.11550077280021745	0.20585646140078087	0.14927461308373374	0.08759940383833942	0.44176874887692846	0.44176874887692846	2.0	4
DLBCL_RICOVER_711	0.4419742511385312	0.03609500941147044	0.06763478972583208	0.09835244846803265	0.35594350125613367	0.4419742511385312	3.0	0
DLBCL11527	0.17324917084305527	0.4420392045792512	0.15465277657868057	0.11286673425289662	0.11719211374611632	0.4420392045792512	3.0	1
DLBCL_MC_F729_MAN	0.17257958571989	0.4424254719889311	0.15359177529335152	0.11224386092154341	0.11915930607628383	0.4424254719889311	1.0	1
DLBCL10954	0.17694445466264785	0.44261125831130377	0.15427518131277201	0.10971110217402073	0.11645800353925549	0.44261125831130377	1.0	1
DLBCL_RICOVER_1219	0.11211628399684337	0.20512468764685712	0.1541218451503909	0.08576894913123621	0.4428682340746724	0.4428682340746724	4.0	4
DLBCL_MC_F496DMP	0.17443654472486825	0.44301198230978645	0.14975440794694214	0.11313050395247475	0.11966656106592843	0.44301198230978645	1.0	1
DLBCL10875	0.18075054856457143	0.4432004575321348	0.15134484380900312	0.1076186503762205	0.11708549971807024	0.4432004575321348	0.0	1
DLBCL11683	0.2849283958475882	0.023024145552762755	0.4434061775365282	0.15267402919541803	0.09596725186770289	0.4434061775365282	2.0	2
DLBCL_RICOVER_780	0.17769110152894105	0.444309252032359	0.14866679393289317	0.11056916275396121	0.11876368975184552	0.444309252032359	1.0	1
DLBCL11004	0.4443928716494118	0.10767246658571464	0.07143577136443041	0.10627146152104466	0.2702274288793984	0.4443928716494118	4.0	0
DLBCL_RICOVER_829	0.2253587562522904	0.030850915620871642	0.08200383544859992	0.4453516688241369	0.21643482385410112	0.4453516688241369	0.0	3
DLBCL10917	0.17455577676149348	0.4464177378467383	0.15259740727998233	0.11146870451160111	0.11496037360018466	0.4464177378467383	1.0	1
DLBCL10530	0.1082071922491546	0.20371003428280118	0.1553506097587238	0.08622515993870547	0.44650700377061486	0.44650700377061486	4.0	4
DLBCL10911	0.4471032370094717	0.16821578281143104	0.1501853953242399	0.12258856360294379	0.1119070212519135	0.4471032370094717	1.0	0
DLBCL10467	0.1759069284220366	0.44723735938495435	0.1510897404320579	0.10760123040504577	0.11816474135590546	0.44723735938495435	4.0	1
DLBCL10970	0.17685462504158206	0.4482428144976442	0.15113103880539197	0.10859631667742288	0.1151752049779589	0.4482428144976442	3.0	1
DLBCL10502	0.11196805236057095	0.204141766616928	0.14931817607483586	0.08480469910137856	0.4497673058462867	0.4497673058462867	1.0	4
DLBCL10891	0.11791037751331945	0.02246467933473058	0.44976748112604054	0.08042947454253666	0.32942798748337276	0.44976748112604054	4.0	2
DLBCL_C_D_1139_NULLPAIR	0.08969100014287343	0.28076829679908466	0.10909301374174638	0.4503288820634378	0.0701188072528578	0.4503288820634378	3.0	3
DLBCL11528	0.16928618807691984	0.4516971036894164	0.14767202942884844	0.11096783210302369	0.1203768467017917	0.4516971036894164	2.0	1
DLBCL_RICOVER_826	0.45190036642491144	0.04628688374937015	0.13970057642418254	0.29562237402203095	0.06648979937950487	0.45190036642491144	0.0	0
DLBCL11203	0.060526845209783936	0.26927944904531415	0.12604897643901533	0.45214448371023813	0.09200024559564847	0.45214448371023813	1.0	3
DLBCL10972	0.09408951913797613	0.2926773484312178	0.0999614124978038	0.06055348396923572	0.4527182359637667	0.4527182359637667	0.0	4
DLBCL10488	0.15236523436424623	0.1992444832915077	0.13978490310421895	0.4557785502257554	0.05282682901427159	0.4557785502257554	0.0	3
DLBCL11449	0.1652110945364975	0.4558608103870856	0.15127801298807156	0.11154818817081166	0.1161018939175336	0.4558608103870856	1.0	1
DLBCL10863	0.457477930061658	0.03201809588864129	0.04353424763016599	0.3667013609725461	0.10026836544698865	0.457477930061658	3.0	0
DLBCL_LS297	0.1304707028681154	0.15443757636673305	0.21007437253655123	0.4581728159500781	0.046844532278522366	0.4581728159500781	2.0	3
DLBCL10987	0.45838019328999435	0.08043585713249625	0.08172960673575475	0.07025495404297134	0.30919938879878334	0.45838019328999435	4.0	0
DLBCL10519	0.09756941765470716	0.4588445682633396	0.08147324124026703	0.30175544374007307	0.06035732910161314	0.4588445682633396	1.0	1
DLBCL10928	0.03798186835308346	0.4604384632108961	0.06346443119560802	0.03211607566982325	0.40599916157058913	0.4604384632108961	0.0	1
DLBCL10527	0.0809600663666863	0.056396461339892144	0.29162687877901206	0.46101576001055733	0.1100008335038522	0.46101576001055733	3.0	3
DLBC_FF_A7CW_TP_NB	0.049402267494856565	0.055573134001873956	0.08765587865686579	0.4614609653172751	0.34590775452912853	0.4614609653172751	4.0	3
DLBCL10850	0.46368336365574103	0.2351416856697543	0.09916759186119577	0.07735732384594748	0.1246500349673615	0.46368336365574103	1.0	0
DLBCL10525	0.26129547000128556	0.023096282804251047	0.46473117724409196	0.1471864806284789	0.1036905893218926	0.46473117724409196	0.0	2
DLBCL_LS843	0.28552738264636657	0.14151125967656702	0.04239399682394017	0.06162542307741714	0.4689419377757091	0.4689419377757091	2.0	4
DLBCL11591	0.05630253230204657	0.46922673688528127	0.09653529411588892	0.10176299210443066	0.2761724445923526	0.46922673688528127	1.0	1
DLBCL10472	0.051554799448451184	0.18221516239157703	0.4715740567690562	0.25691870331228545	0.037737278078630206	0.4715740567690562	2.0	2
DLBCL10902	0.08342460477307607	0.2864876517698034	0.47362315108218966	0.08506255837429627	0.07140203400063459	0.47362315108218966	4.0	2
DLBCL_RICOVER_1293	0.06612723188938342	0.3711350296051526	0.05482805016592245	0.0330176207111313	0.47489206762841024	0.47489206762841024	4.0	4
DLBCL_RICOVER_173	0.12437442916253186	0.08918382443943319	0.16172265798408622	0.1390725945230193	0.4856464938909294	0.4856464938909294	4.0	4
DLBCL10983	0.03917368277153161	0.4879275028737052	0.31545725803944885	0.056599909145074984	0.10084164717023936	0.4879275028737052	1.0	1
DLBCL11462	0.49632789203102784	0.040515527834809	0.3433092255464606	0.06709047859078401	0.05275687599691854	0.49632789203102784	0.0	0
DLBCL_C_D_1130_NULLPAIR	0.05563746883326312	0.07939430035289048	0.2708626434158172	0.09496937512404867	0.49913621227398064	0.49913621227398064	0.0	4
DLBCL_RICOVER_701	0.08281647731917469	0.042248205863461834	0.11732784761656571	0.5000326390696401	0.25757483013115756	0.5000326390696401	3.0	3
DLBCL_LS1098	0.32116985563443456	0.07261435373982743	0.5012310977842561	0.05606907492714943	0.04891561791433241	0.5012310977842561	2.0	2
DLBCL10977	0.11556979974911724	0.08506007790513292	0.1618121452043939	0.13484601526689005	0.5027119618744659	0.5027119618744659	4.0	4
DLBCL_RICOVER_221	0.22746244779065866	0.15394622249202147	0.06622769922183457	0.5028237268224796	0.04953990367300575	0.5028237268224796	4.0	3
DLBCL_RICOVER_478	0.25504972664242653	0.07302345768082374	0.06392673261636024	0.10322703976499975	0.5047730432953896	0.5047730432953896	1.0	4
DLBCL_LS2245	0.3635921148326541	0.026377517782868117	0.5052322736962157	0.08822805768819883	0.01657003600006331	0.5052322736962157	1.0	2
DLBCL_RICOVER_1299	0.19625876049668164	0.10830495072383176	0.06853047976182215	0.5075847508435303	0.11932105817413416	0.5075847508435303	4.0	3
DLBCL10852	0.06044473885433683	0.14840091771343328	0.5089078323456601	0.07552763505813882	0.2067188760284311	0.5089078323456601	4.0	2
DLBCL10848	0.08319858356192615	0.04044067836391675	0.12062177779282368	0.5130338289931248	0.24270513128820867	0.5130338289931248	4.0	3
DLBC_FF_8046_TP_NB	0.13587381344693172	0.13463756564508128	0.13267152689783288	0.0828078057297504	0.5140092882804036	0.5140092882804036	2.0	4
DLBCL10859	0.09387431019334233	0.5162512826718564	0.11256755160052717	0.06840074865831801	0.2089061068759561	0.5162512826718564	1.0	1
DLBCL10503	0.09545979393785627	0.5166862733833033	0.1143334153216615	0.06973862469650766	0.20378189266067132	0.5166862733833033	1.0	1
DLBCL_RICOVER_948	0.09071860045132286	0.5168468305956101	0.11302529355639276	0.06828761691302149	0.21112165848365277	0.5168468305956101	1.0	1
DLBCL11664	0.037077675552374546	0.519363696845223	0.3272831300955517	0.08116728779586505	0.03510820971098566	0.519363696845223	1.0	1
DLBCL10993	0.15615429808776266	0.09071915871030597	0.16601681272326244	0.5197399878357638	0.06736974264290498	0.5197399878357638	0.0	3
DLBCL_LS2089	0.08927837599966652	0.5207457559936243	0.11243325915082125	0.06684716513700975	0.21069544371887816	0.5207457559936243	1.0	1
DLBCL10484	0.09460678225908349	0.5219376346935113	0.1125906599210193	0.06892827760301735	0.20193664552336849	0.5219376346935113	1.0	1
DLBCL11672	0.13327170295225785	0.12989193423211132	0.13153032794830033	0.08279414379145422	0.5225118910758764	0.5225118910758764	2.0	4
DLBCL10930	0.1332107404342103	0.13207694177413287	0.12882245544753573	0.08290676597174237	0.5229830963723787	0.5229830963723787	4.0	4
DLBCL10984	0.09191683249603777	0.5231583336631561	0.10971068490180287	0.06608571355215596	0.20912843538684717	0.5231583336631561	4.0	1
DLBCL10914	0.5237322490641423	0.10773244570946382	0.13391115333113782	0.10669578525102075	0.1279283666442354	0.5237322490641423	0.0	0
DLBCL11655	0.386611294583636	0.02678715711196234	0.026805744471730054	0.524218939800097	0.03557686403257453	0.524218939800097	3.0	3
DLBCL_RICOVER_338	0.5248331780051407	0.03192593067701898	0.09721655831181121	0.1792252084744423	0.1667991245315868	0.5248331780051407	0.0	0
DLBCL10969	0.5266557908420937	0.2896677068967477	0.06485137259546776	0.06564414894356868	0.05318098072212218	0.5266557908420937	0.0	0
DLBCL11001	0.13562981691499396	0.12800992167702033	0.12716606165199723	0.08128745598827261	0.5279067437677158	0.5279067437677158	4.0	4
DLBCL11652	0.13335515460999647	0.12827462481555205	0.126300435711783	0.08220797024200088	0.5298618146206676	0.5298618146206676	0.0	4
DLBCL10967	0.1359608018837049	0.03326586738760729	0.09809414953149957	0.20246011578823542	0.5302190654089529	0.5302190654089529	4.0	4
DLBCL11504	0.5306770966280752	0.028851106104004747	0.09171252975542324	0.1839271708425675	0.16483209666992932	0.5306770966280752	4.0	0
DLBCL11459	0.06693633755592066	0.04695030922426643	0.5315965008753966	0.29382207785562237	0.06069477448879396	0.5315965008753966	3.0	2
DLBCL_RICOVER_111	0.13549013713730496	0.130226952298611	0.12210288156984767	0.07990398591356858	0.5322760430806678	0.5322760430806678	4.0	4
DLBCL10986	0.5328033857890339	0.13039624367227073	0.11977714803713779	0.10558945750930843	0.11143376499224912	0.5328033857890339	0.0	0
DLBCL_RICOVER_773	0.09087668444230508	0.5344711341744275	0.10980873843912611	0.0646450842212471	0.2001983587228943	0.5344711341744275	4.0	1
DLBCL10919	0.04339152376078763	0.026767169923233643	0.534690063056735	0.0746736924144006	0.3204775508448432	0.534690063056735	3.0	2
DLBCL11346	0.05341347399497946	0.32064512360695274	0.04782102517168072	0.041213633654703555	0.5369067435716834	0.5369067435716834	1.0	4
DLBCL_LS2599	0.05743673824336929	0.032858896891907546	0.5381355296745963	0.09477765775469829	0.27679117743542847	0.5381355296745963	2.0	2
DLBCL11538	0.13466826958132133	0.10146733648595167	0.5400216207608257	0.10722790129622395	0.11661487187567733	0.5400216207608257	4.0	2
DLBCL_C_D_1148_NULLPAIR	0.5445321762394593	0.1243445203298381	0.11497365420363925	0.108916913131666	0.10723273609539734	0.5445321762394593	0.0	0
DLBCL10553	0.0978044789570908	0.13221570944007333	0.1267998065241359	0.5445959079898732	0.09858409708882675	0.5445959079898732	3.0	3
DLBCL10459	0.0662703769428433	0.048472590571341755	0.5456021804362057	0.28108522069720204	0.058569631352407114	0.5456021804362057	2.0	2
DLBCL11564	0.5460583688233809	0.05149448126553013	0.06003134458151277	0.2769750053704183	0.0654407999591579	0.5460583688233809	3.0	0
DLBCL10961	0.026192201863838336	0.07749532447804146	0.2693742539229419	0.08027104143042228	0.546667178304756	0.546667178304756	4.0	4
DLBCL_LS4616	0.04674967943308178	0.030726059444642195	0.5494611378998279	0.062375092760548985	0.31068803046189913	0.5494611378998279	2.0	2
DLBCL10512	0.23376452315592608	0.0428912374124534	0.5496551409794759	0.067199344094334	0.10648975435781065	0.5496551409794759	2.0	2
DLBCL_RICOVER_787	0.0969480610455858	0.1286717297379267	0.12517598719275064	0.5504442284014522	0.0987599936222846	0.5504442284014522	1.0	3
DLBCL10876	0.11375587045859122	0.5524972354599463	0.15409886270602988	0.09817884612501503	0.08146918525041766	0.5524972354599463	4.0	1
DLBCL10915	0.056254063613587126	0.11209207656036117	0.1396085051934929	0.138397847863467	0.5536475067690918	0.5536475067690918	4.0	4
DLBCL_LS3809	0.10182918497762346	0.14133213696286293	0.5541009522995	0.10935947191455911	0.09337825384545456	0.5541009522995	0.0	2
DLBCL_RICOVER_1263	0.03621727309602965	0.34145506806685294	0.04257621559629037	0.023167668872823455	0.5565837743680035	0.5565837743680035	2.0	4
DLBCL10965	0.23234037173250496	0.07484919837960852	0.0748303642198167	0.5580588521510762	0.05992121351699359	0.5580588521510762	3.0	3
DLBCL_RICOVER_978	0.23879213106942027	0.06851330321216761	0.07298545196581982	0.5591741770193961	0.06053493673319619	0.5591741770193961	2.0	3
DLBCL10860	0.044628872904959115	0.07782090975183709	0.5601773180562104	0.2192378825671825	0.09813501671981088	0.5601773180562104	4.0	2
DLBCL_LS3749	0.1894498372450476	0.10922148515454559	0.0879634598624918	0.5601919262987164	0.0531732914391986	0.5601919262987164	1.0	3
DLBCL_LS2357	0.12335213698332109	0.03425760081800345	0.060101144872453605	0.5607277836441581	0.22156133368206388	0.5607277836441581	3.0	3
DLBCL11430	0.23067835372237835	0.07072016409957813	0.07252876562060488	0.5649480159871711	0.06112470057026742	0.5649480159871711	0.0	3
DLBCL10966	0.2512461583317425	0.5656254878799404	0.06777867166701286	0.0647935221367497	0.050556159984554455	0.5656254878799404	0.0	1
DLBCL_C_D_1103_NULLPAIR	0.1053150167998009	0.0909940663456497	0.12236487516126604	0.5661007645196497	0.11522527717363368	0.5661007645196497	3.0	3
DLBCL10909	0.11533407058569105	0.09397660070279192	0.11801502590951146	0.5666350293415722	0.10603927346043342	0.5666350293415722	4.0	3
DLBCL11657	0.09698642799884857	0.13692087414838588	0.5673803386495899	0.10828728688464537	0.09042507231853027	0.5673803386495899	3.0	2
DLBCL_RICOVER_506	0.03235211495239454	0.5679307145223994	0.06891929821956451	0.030975446794497694	0.29982242551114396	0.5679307145223994	4.0	1
DLBCL_LS1757	0.5683266303003129	0.1833038187578628	0.0848401118342521	0.08530999211141214	0.07821944699615997	0.5683266303003129	0.0	0
DLBCL10510	0.11355949592548863	0.5706948340962859	0.1393352407599815	0.09599526865682904	0.080415160561415	0.5706948340962859	1.0	1
DLBCL_C_D_1105_NULLPAIR	0.28799210024989486	0.5707390842523501	0.05156727388274955	0.04480252795560543	0.04489901365940002	0.5707390842523501	1.0	1
DLBCL_RICOVER_910	0.10304736416444527	0.09042378175256632	0.12142133088649765	0.5710382444887099	0.11406927870778094	0.5710382444887099	0.0	3
DLBCL10497	0.10861999482161233	0.09442660076956019	0.10731594266476557	0.5712120715596829	0.11842539018437905	0.5712120715596829	3.0	3
DLBCL11460	0.5726830626745427	0.034284039625983316	0.03831910666992932	0.1580813839179427	0.19663240711160193	0.5726830626745427	3.0	0
DLBCL_RICOVER_408	0.09807438858166437	0.135794789819033	0.5727892569829489	0.10005991584401366	0.09328164877234012	0.5727892569829489	2.0	2
DLBCL10858	0.11723978724571617	0.03409028042863573	0.059286514281927036	0.5783028297809022	0.21108058826281892	0.5783028297809022	3.0	3
DLBC_FF_A7CR_TP_NB	0.203565750369976	0.03626825360588369	0.07638256321355477	0.10484782236580141	0.578935610444784	0.578935610444784	4.0	4
DLBCL_RICOVER_1081	0.2299617778104567	0.016667228195727878	0.12318814763511902	0.05109791336757474	0.5790849329911216	0.5790849329911216	4.0	4
DLBCL10492	0.5795444614313833	0.17554770975010356	0.08205843988580361	0.08446474440891025	0.07838464452379934	0.5795444614313833	0.0	0
DLBCL10871	0.5809254012158194	0.17110273125656986	0.08396530562985788	0.083525483979159	0.08048107791859382	0.5809254012158194	1.0	0
DLBCL_RICOVER_1032	0.06027876326044242	0.28055140080583113	0.047262012166993245	0.028258314332269163	0.583649509434464	0.583649509434464	4.0	4
DLBCL10835	0.11815406375326164	0.13752770796537633	0.12224099537620996	0.5861038530127661	0.03597337989238597	0.5861038530127661	4.0	3
DLBCL_MC_F139_LJF	0.194701549679386	0.08537541681743122	0.05263505111069227	0.5866751349072871	0.08061284748520343	0.5866751349072871	3.0	3
DLBCL11513	0.5877010540110525	0.04363847863505611	0.0430956388577871	0.2828345415269741	0.042730286969130095	0.5877010540110525	4.0	0
DLBCL_MC_F349_BJJ	0.10260013150482214	0.5877667839187329	0.1686665266937057	0.07752661343516978	0.06343994444756948	0.5877667839187329	2.0	1
DLBCL11480	0.2547300613215125	0.03207632392728611	0.5880270044328083	0.09172907622808914	0.033437534090303964	0.5880270044328083	0.0	2
DLBCL11466	0.11199402333539513	0.08117533987523243	0.1110092315679363	0.5883684353453168	0.10745296987611934	0.5883684353453168	1.0	3
DLBCL_MAYO_DLBCL_5613	0.14040621817862323	0.05669546457756966	0.096342011863656	0.11563091740130556	0.5909253879788456	0.5909253879788456	0.0	4
DLBCL10845	0.08332075366694378	0.20981291642449199	0.07263574080705369	0.04141225800285361	0.5928183310986569	0.5928183310986569	1.0	4
DLBCL_LS3499	0.5929135795216719	0.036780686490510126	0.04852727631915472	0.30083528260102393	0.020943175067639343	0.5929135795216719	3.0	0
DLBCL11439	0.09846325335183578	0.023152223999435787	0.15529431267689794	0.12993571976265966	0.5931544902091708	0.5931544902091708	2.0	4
DLBCL10924	0.0548185479198183	0.2026239076224669	0.09824687739179845	0.050622657851771974	0.5936880092141443	0.5936880092141443	4.0	4
DLBCL11558	0.12327135613996014	0.04424653780563389	0.5957275296289942	0.18729294081524714	0.049461635610164645	0.5957275296289942	2.0	2
DLBCL11658	0.12444239781162618	0.06534659936358109	0.054039821203870186	0.5983065534635819	0.15786462815734076	0.5983065534635819	3.0	3
DLBCL_RICOVER_1046	0.06328960843534615	0.599870681343366	0.06640013735247999	0.08003986037214408	0.19039971249666382	0.599870681343366	1.0	1
DLBCL10495	0.6012566277752691	0.12779634142024288	0.056897286916967105	0.05334167067672246	0.16070807321079844	0.6012566277752691	0.0	0
DLBCL10547	0.6035452553611877	0.0677290920890041	0.1368062986565775	0.14069713640543235	0.05122221748779829	0.6035452553611877	3.0	0
DLBCL_C_D_1118_NULLPAIR	0.07373547839916249	0.1134108506297623	0.09311087226398383	0.11304376059646919	0.6066990381106222	0.6066990381106222	1.0	4
DLBCL10518	0.10462500028673302	0.06828762555416988	0.6070437661342738	0.09800654648994833	0.12203706153487495	0.6070437661342738	2.0	2
DLBCL_RICOVER_1329	0.08373035903946335	0.19700384998150103	0.0696482267598427	0.04228838645402147	0.6073291777651715	0.6073291777651715	4.0	4
DLBCL_RICOVER_1289	0.032866205798154025	0.031121421146698774	0.6076155235828811	0.07379196214960818	0.254604887322658	0.6076155235828811	4.0	2
DLBCL10901	0.6091916965979515	0.1492819729491532	0.09985187476435947	0.08493884287748749	0.05673561281104836	0.6091916965979515	4.0	0
DLBCL11573	0.06412235091577999	0.1344669277164	0.6103176206234063	0.12065129974505234	0.07044180099936138	0.6103176206234063	2.0	2
DFCIDL009_DT	0.10359964823817795	0.06675498490407455	0.6106146013565977	0.0970470310245363	0.12198373447661354	0.6106146013565977	2.0	2
DLBCL_RICOVER_522	0.6119752945734781	0.06423857081879987	0.08164063687357427	0.0955060770237843	0.1466394207103634	0.6119752945734781	2.0	0
DLBCL10963	0.6123653769517888	0.07930123690368142	0.09836665312162725	0.09341908402791807	0.1165476489949844	0.6123653769517888	4.0	0
DLBCL10912	0.21696581199597642	0.023813273965157287	0.05853374396368908	0.08790589673062384	0.6127812733445535	0.6127812733445535	0.0	4
DLBCL10867	0.07160620178219151	0.11056139513960898	0.09153991421622017	0.11279372237201522	0.613498766489964	0.613498766489964	4.0	4
DLBCL10452	0.16443560334242976	0.10337412402997864	0.6145542583851262	0.06442420146236852	0.05321181278009691	0.6145542583851262	1.0	2
DLBCL_RICOVER_1248	0.6153783331146103	0.1793734583353489	0.04558524960339388	0.0472714233686317	0.11239153557801518	0.6153783331146103	4.0	0
DLBCL10866	0.06844814496473116	0.10908175765981383	0.09457863173537125	0.11199288912604326	0.6158985765140405	0.6158985765140405	4.0	4
DLBCL10959	0.06695400181753305	0.11137885724054915	0.09480505087381619	0.110043230034532	0.6168188600335696	0.6168188600335696	0.0	4
DLBCL11477	0.6174420531503345	0.025472571512423665	0.024556806440743515	0.1489156869848302	0.18361288191166816	0.6174420531503345	0.0	0
DLBCL11565	0.06150495512718524	0.6176959180971616	0.06799638265535599	0.0795377870167897	0.1732649571035075	0.6176959180971616	1.0	1
DLBCL10956	0.08017913692815268	0.6187998721304503	0.12269472052153593	0.07711486629503889	0.10121140412482217	0.6187998721304503	1.0	1
DLBCL10865	0.6188010403428714	0.22349642197848363	0.04824393486076969	0.06484308589563519	0.044615516922240014	0.6188010403428714	4.0	0
DLBCL_RICOVER_258	0.6197942450290516	0.08283193738742682	0.07155711625599978	0.09073668393097055	0.1350800173965513	0.6197942450290516	2.0	0
DLBCL10868	0.06759960510632718	0.11041896768114184	0.09086622722642376	0.10985923930195494	0.6212559606841522	0.6212559606841522	3.0	4
DLBCL_MC_F362_MJB1	0.0605246254125212	0.21345090622205476	0.6218141261297004	0.05406144341002371	0.050148898825699936	0.6218141261297004	2.0	2
DLBCL11510	0.08622192376050992	0.6244178015131978	0.11889677201523392	0.07789404392749821	0.09256945878356013	0.6244178015131978	4.0	1
DLBCL10869	0.6247560173671982	0.15691522281457382	0.0796632011422159	0.06966687445273878	0.06899868422327327	0.6247560173671982	0.0	0
DLBCL_RICOVER_617	0.07802300524222337	0.04324596971703834	0.6287631069754054	0.21549045661119767	0.03447746145413523	0.6287631069754054	3.0	2
DLBCL11353	0.05657227612387848	0.6345056139688265	0.06329839877426031	0.03358890297418346	0.21203480815885117	0.6345056139688265	4.0	1
DLBCL10879	0.2037538049432054	0.03688728016414174	0.6353004198528622	0.07326858035266291	0.050789914687127694	0.6353004198528622	2.0	2
DLBCL_RICOVER_299	0.07702194466952146	0.6382931185929156	0.13678775419050024	0.08884147968844766	0.05905570285861507	0.6382931185929156	1.0	1
DLBCL10847	0.6418969686667926	0.12833148410497433	0.05776051199693224	0.05243346493341426	0.11957757029788658	0.6418969686667926	4.0	0
DLBCL_RICOVER_120	0.17215030200796108	0.6469096861132759	0.08173626175193908	0.05948145380558779	0.03972229632123613	0.6469096861132759	4.0	1
DLBCL11242	0.09076402228036214	0.1110124884782445	0.09630632356828527	0.05469216118011972	0.6472250044929884	0.6472250044929884	4.0	4
DLBCL10501	0.029436854464016844	0.6522463792906636	0.06808598784755274	0.1627670804380551	0.08746369795971162	0.6522463792906636	2.0	1
DFCIDL003_DT	0.024366769584601666	0.027473922207911255	0.23125800458936968	0.06299802013965233	0.653903283478465	0.653903283478465	1.0	4
DLBCL_DFCI_DLBCL_GOE07	0.16917914730127906	0.6563500780546924	0.0755539892359818	0.05978295439399418	0.03913383101405259	0.6563500780546924	1.0	1
DLBCL_C_D_1131_NULLPAIR	0.08730434143577322	0.10726249036254842	0.09530331683156307	0.05369299578936284	0.6564368555807524	0.6564368555807524	1.0	4
DLBCL_MC_F089_HCZ	0.08914756732279391	0.6580361719087455	0.07539655855295911	0.04932267500153239	0.1280970272139691	0.6580361719087455	1.0	1
DLBCL11670	0.04707879086258883	0.023971019035689774	0.18671089124975904	0.6589475464915706	0.0832917523603918	0.6589475464915706	2.0	3
DLBCL10873	0.1650076468018549	0.6605841067341752	0.07475569530951642	0.06101249144375107	0.038640059710702404	0.6605841067341752	1.0	1
DLBCL_RICOVER_1269	0.05978309333621161	0.18416302637786747	0.6607381763606941	0.051594068184078336	0.043721635741148436	0.6607381763606941	2.0	2
DLBCL_C_D_1106_NULLPAIR	0.03573231100915285	0.19630018398999002	0.06283317505648862	0.04249690645887394	0.6626374234854946	0.6626374234854946	1.0	4
DLBCL_LS155	0.07256392277504489	0.054446511093503604	0.6633936046080423	0.055778112238278936	0.15381784928513026	0.6633936046080423	2.0	2
DLBCL10973	0.05319063527769127	0.062264405322516425	0.10844213249753569	0.11131426843051793	0.6647885584717387	0.6647885584717387	3.0	4
DLBCL11432	0.08537743775483565	0.0167517411183108	0.6648255092956143	0.1545596151839746	0.0784856966472646	0.6648255092956143	0.0	2
DLBCL11536	0.08564390959613584	0.6652930049829008	0.07116073455311357	0.04586697643620468	0.13203537443164512	0.6652930049829008	3.0	1
DLBCL_RICOVER_1210	0.05076059998093326	0.6658082256116806	0.05762226880626252	0.03530413723352619	0.19050476836759742	0.6658082256116806	1.0	1
DLBCL_MC_F815_BAT	0.04611337382392181	0.18844556436392973	0.6668923554728858	0.06318700925450628	0.0353616970847564	0.6668923554728858	2.0	2
DLBCL_LS4619	0.03176958365678565	0.6681574066056648	0.18654365820583507	0.0257641837946987	0.08776516773701576	0.6681574066056648	4.0	1
DLBCL_RICOVER_314	0.034168880749261096	0.04381776071913271	0.05349204235135646	0.20005614195293756	0.6684651742273122	0.6684651742273122	4.0	4
DLBCL_LS1304	0.07774759753672812	0.10147099040225083	0.6685327405815207	0.08657477808547664	0.06567389339402367	0.6685327405815207	2.0	2
DLBCL_LS2367	0.14673954772199838	0.060576817089553946	0.6738463118371398	0.07259342407375599	0.04624389927755188	0.6738463118371398	0.0	2
DLBCL11472	0.676057653662829	0.05342843422037867	0.05311746767603194	0.1857915034681252	0.031604940972635186	0.676057653662829	0.0	0
DLBCL11661	0.11510593926044353	0.6783111740549965	0.035735628598002965	0.14626027914471007	0.024586978941846846	0.6783111740549965	1.0	1
DLBCL_RICOVER_1106	0.02790335414926829	0.10437102946934154	0.14120561826836633	0.04489617591307196	0.6816238221999519	0.6816238221999519	4.0	4
DLBCL11678	0.10625556892339512	0.6821746163177113	0.08800560694326774	0.0676757538163141	0.055888453999311735	0.6821746163177113	3.0	1
DLBCL10453	0.0513921698529486	0.057139554956956995	0.10029071835218636	0.10604731392698166	0.6851302429109264	0.6851302429109264	1.0	4
DLBCL11484	0.030567571786643932	0.6853550808600528	0.12914770964502076	0.06062204109715932	0.09430759661112319	0.6853550808600528	1.0	1
DLBCL11520	0.6876759811521916	0.06355618288432666	0.1011997071785792	0.11925176145981468	0.028316367325087764	0.6876759811521916	0.0	0
DLBCL_LS2328	0.10756337455569043	0.6884466252489612	0.11296739539005701	0.057376616688310254	0.03364598811698114	0.6884466252489612	2.0	1
DLBCL10532	0.12778415868948179	0.033757799766880564	0.02933826479144109	0.11932944829017877	0.6897903284620178	0.6897903284620178	4.0	4
DLBCL10461	0.10353839172945233	0.6901487675767943	0.08486606041160911	0.06494351962561287	0.05650326065653137	0.6901487675767943	1.0	1
DLBCL_C_D_1125_NULLPAIR	0.058937463532514826	0.6909463488832341	0.14743635470191757	0.03658353898789131	0.06609629389444209	0.6909463488832341	4.0	1
DLBC_FF_8043_TP_NB	0.6920198020044627	0.09989774194033699	0.0802147681842647	0.10283728428905659	0.02503040358187909	0.6920198020044627	1.0	0
DLBCL11196	0.10338330365276269	0.048909750508002295	0.09782274167545288	0.6926144010549407	0.05726980310884148	0.6926144010549407	3.0	3
DLBCL_C_D_1138_NULLPAIR	0.061943834607002736	0.11619774045357888	0.08254434637537673	0.042306493536070966	0.6970075850279708	0.6970075850279708	1.0	4
DLBCL_BWH_DLBCL64	0.7012175279066744	0.08392283915127596	0.07959448783319947	0.07608158933130153	0.05918355577754873	0.7012175279066744	1.0	0
DLBCL10895	0.06147720970945391	0.04287205001730975	0.09098169333076053	0.1002443538635665	0.7044246930789093	0.7044246930789093	4.0	4
DLBCL11191	0.11623504905816172	0.10168390787978653	0.052194540358028445	0.7054380287565599	0.024448473947463426	0.7054380287565599	0.0	3
DLBCL10922	0.04737742562978783	0.706181651994669	0.11752468339784036	0.05926223579495886	0.06965400318274402	0.706181651994669	1.0	1
DLBCL10974	0.061047708543693374	0.042283899545246986	0.09073074212241869	0.09904477576864223	0.7068928740199987	0.7068928740199987	3.0	4
DLBCL11488	0.7080967863614176	0.08534098163627196	0.07659041539799075	0.07270747886396593	0.05726433774035377	0.7080967863614176	0.0	0
DLBCL11455	0.07098568428040186	0.09638892360730064	0.062356117810274454	0.7081885978326113	0.062080676469411726	0.7081885978326113	2.0	3
DLBCL_RICOVER_134	0.13314565177128815	0.10360506217109756	0.02304322763124451	0.031476987548133	0.7087290708782368	0.7087290708782368	4.0	4
DLBCL10968	0.0617205585887875	0.0429103613830064	0.08791339054212582	0.09759499272241895	0.7098606967636614	0.7098606967636614	0.0	4
DLBCL11447	0.06308050449270165	0.04331860176023787	0.0882048596038781	0.09462525839822769	0.7107707757449547	0.7107707757449547	3.0	4
DLBCL_C_D_1151_NULLPAIR	0.16633314430326437	0.03651537851453111	0.0426224738480537	0.7109375047840757	0.04359149855007516	0.7109375047840757	3.0	3
DLBCL10853	0.060550296926090055	0.042297709987982254	0.08595530026076191	0.10000516681113102	0.7111915260140348	0.7111915260140348	4.0	4
DLBCL11471	0.05930664146647777	0.04284467823398619	0.08658120345758268	0.0989978551877462	0.7122696216542072	0.7122696216542072	3.0	4
DLBCL_RICOVER_496	0.07055104339606234	0.08905383397087732	0.7128621278835808	0.08002457396093646	0.047508420788543	0.7128621278835808	1.0	2
DLBCL_MC_F210_GWC	0.047218454397081715	0.16758113633159102	0.045621231441002885	0.02663773665631982	0.7129414411740046	0.7129414411740046	1.0	4
DLBCL10894	0.039056794459579	0.13840875584644396	0.7130840681295277	0.047714596319601364	0.06173578524484797	0.7130840681295277	1.0	2
DLBCL10881	0.05838239448262762	0.04146803447283405	0.08792907242209398	0.09800533236237922	0.7142151662600651	0.7142151662600651	4.0	4
DLBCL10483	0.714456850541086	0.11383075244966005	0.06170950608219963	0.0608102891307078	0.0491926017963465	0.714456850541086	1.0	0
DLBCL10838	0.12958329339625427	0.058691331759515034	0.04305536451076617	0.054089445171093806	0.7145805651623707	0.7145805651623707	4.0	4
DLBCL11662	0.058576483344541026	0.04170980851956212	0.08690039506778562	0.0975959661382617	0.7152173469298495	0.7152173469298495	0.0	4
DLBCL10887	0.06013588013834126	0.04196502388444379	0.08511896994582199	0.09736402016176265	0.7154161058696303	0.7154161058696303	4.0	4
DLBCL10899	0.06029265800237949	0.04123080495185223	0.08548906369542118	0.09737502701841368	0.7156124463319334	0.7156124463319334	4.0	4
DLBCL_RICOVER_151	0.07539603903712687	0.09309940313412146	0.07185471207998408	0.7173983101242537	0.042251535624513815	0.7173983101242537	3.0	3
DLBCL11464	0.162676499929751	0.03750252646009244	0.03457980389504342	0.7185653517788066	0.04667581793630657	0.7185653517788066	3.0	3
DLBCL10843	0.0462833387185492	0.03958438972263683	0.7266828719791102	0.15433591030252244	0.03311348927718139	0.7266828719791102	0.0	2
DLBCL11519	0.7326974990343379	0.03292516535552453	0.15461992191070878	0.06250514553223492	0.017252268167193854	0.7326974990343379	0.0	0
DLBCL10491	0.03223740993520723	0.10864633791474129	0.7341927336698282	0.10605641606362305	0.018867102416600244	0.7341927336698282	3.0	2
DLBCL10486	0.735864061561524	0.049980974806647566	0.07949987046936807	0.1053872777685005	0.029267815393959933	0.735864061561524	0.0	0
DLBCL10985	0.14196513552434245	0.7368995980642405	0.04411123631271662	0.041812280539607186	0.035211749559093175	0.7368995980642405	1.0	1
DLBCL10544	0.026214848265247167	0.020404694256396707	0.7387927812758094	0.13280151416293565	0.08178616203961117	0.7387927812758094	3.0	2
DFCIDL010_DT	0.7428157201327212	0.04465504612337603	0.07877620123666679	0.10477899266909599	0.028974039838139957	0.7428157201327212	0.0	0
DLBCL11470	0.743551251448498	0.04539667923401254	0.0795941705938592	0.10486240944496851	0.026595489278661785	0.743551251448498	0.0	0
DLBCL10864	0.035285012186156865	0.02145335821522338	0.03603163061928335	0.16362578782278112	0.7436042111565553	0.7436042111565553	4.0	4
DLBCL10485	0.07194252183814025	0.07904937031992706	0.061478686895384355	0.03959551220764877	0.7479339087388995	0.7479339087388995	4.0	4
DLBCL_RICOVER_977	0.7479563969078243	0.07612629333072865	0.054158422325353006	0.05756480413850433	0.06419408329758969	0.7479563969078243	0.0	0
DFCIDL008_DT	0.07069643480410305	0.07457958929994556	0.06770155612914193	0.038212791986699524	0.74880962778011	0.74880962778011	4.0	4
DLBCL_C_D_1129_NULLPAIR	0.07193463440287691	0.047495673759002786	0.7510263652849238	0.06755738294584743	0.06198594360734908	0.7510263652849238	0.0	2
DLBCL11441	0.07125632437541925	0.050613795094662926	0.7514324622942935	0.06558329964851056	0.061114118587113755	0.7514324622942935	2.0	2
DLBCL10957	0.7530460717443607	0.06969021984078592	0.05313293191016684	0.06192816365317558	0.062202612851510984	0.7530460717443607	0.0	0
DLBCL11539	0.07225253185082837	0.046759321832346705	0.7557754128139434	0.06794576368559486	0.057266969817286614	0.7557754128139434	0.0	2
DLBCL_RICOVER_449	0.04611678819160541	0.10215819548702396	0.06058968436446631	0.034678403364286674	0.7564569285926176	0.7564569285926176	4.0	4
DLBCL10955	0.057099592795718815	0.7574418737392146	0.06348630143724684	0.04042186779299125	0.08155036423482852	0.7574418737392146	3.0	1
DLBCL_RICOVER_678	0.041543127251560626	0.14986176082989472	0.03072841691337223	0.020214274842550936	0.7576524201626215	0.7576524201626215	1.0	4
DLBCL10880	0.14227404240140487	0.03229412704033333	0.029757987347665056	0.03635716605010052	0.7593166771604962	0.7593166771604962	4.0	4
DLBCL10541	0.06626755727194378	0.759987186073027	0.07707645787975136	0.056550313534548965	0.0401184852407289	0.759987186073027	1.0	1
DLBCL10480	0.06834171218479038	0.7607931734644181	0.07825046819825424	0.05369117386309158	0.03892347228944571	0.7607931734644181	1.0	1
DLBCL11482	0.7612424537859588	0.0713552168482308	0.04941515944925742	0.05716302645656934	0.060824143459983625	0.7612424537859588	0.0	0
DLBCL11443	0.7612784509474945	0.041245456358552264	0.026496763457115154	0.05115939852139992	0.11981993071543826	0.7612784509474945	0.0	0
DLBCL11433	0.06772458544692692	0.048083248462113835	0.7614097000440254	0.06118926851535467	0.06159319753157913	0.7614097000440254	3.0	2
DLBCL_RICOVER_467	0.06760197366428691	0.07401084771270124	0.05853713369359047	0.03803454607509745	0.761815498854324	0.761815498854324	1.0	4
DLBCL_RICOVER_274	0.1186248798070988	0.06096630170202033	0.027896306058369066	0.7627169658209006	0.029795546611611153	0.7627169658209006	3.0	3
DLBCL10935	0.7628300014673118	0.049489656606765124	0.06343892532232774	0.06312102959749676	0.06112038700609851	0.7628300014673118	0.0	0
DLBCL10851	0.052195662976474703	0.07727315603031655	0.7632214602227059	0.05082716604819894	0.05648255472230397	0.7632214602227059	1.0	2
DLBCL_LS1395	0.7637377801013807	0.05365149586074286	0.0563067776045945	0.0634135687887251	0.06289037764455681	0.7637377801013807	2.0	0
DLBCL_RICOVER_533	0.7644698901096131	0.049548961802430576	0.0649496728755941	0.061484629745137014	0.05954684546722525	0.7644698901096131	1.0	0
DLBCL_LS146	0.0360393071275071	0.7646006567877324	0.10487860542400701	0.060478236155086414	0.03400319450566706	0.7646006567877324	1.0	1
DLBCL_C_D_1136_NULLPAIR	0.06746876924748614	0.7651509429454038	0.07370616205385865	0.05414960698259072	0.039524518770660697	0.7651509429454038	1.0	1
DLBCL11681	0.0669591779748182	0.046608314804773246	0.7653112939086743	0.06476442021195174	0.05635679309978256	0.7653112939086743	0.0	2
DLBCL11590	0.06687820433974109	0.046632311352727614	0.7656593800242213	0.06512683429478545	0.055703269988524574	0.7656593800242213	2.0	2
DLBCL11516	0.06541570142334265	0.04631661836232243	0.7701294613643651	0.06307694977874778	0.05506126907122201	0.7701294613643651	1.0	2
DLBCL_RICOVER_401	0.05118350857231884	0.07814104040962512	0.7712578249391805	0.046826809155683866	0.052590816923191674	0.7712578249391805	1.0	2
DLBCL11208	0.06512176864210642	0.771344355668793	0.0739068903002051	0.05212596655251022	0.03750101883638528	0.771344355668793	1.0	1
DLBC_FF_8042_TP_NB	0.051033523724821915	0.07493452956882819	0.7737387454298813	0.04825012660397027	0.052043074672498274	0.7737387454298813	4.0	2
DLBCL10464	0.0631238702168442	0.04422517732303941	0.7737827479913206	0.06319160631228565	0.055676598156510076	0.7737827479913206	2.0	2
DLBCL_LS1921	0.06288871459384361	0.7742774519493175	0.07245977209783021	0.051499574809894	0.038874486549114656	0.7742774519493175	1.0	1
DLBCL11518	0.7765878801541611	0.05163143348859821	0.051988714013851536	0.05965972176970992	0.06013225057367926	0.7765878801541611	2.0	0
DLBCL10521	0.051485194156329586	0.7770887521077207	0.05633761540972674	0.03853969572394599	0.07654874260227705	0.7770887521077207	4.0	1
DLBCL10890	0.02704372687990865	0.12624526877458597	0.036888025654338574	0.03232873395399263	0.7774942447371742	0.7774942447371742	4.0	4
DLBCL10874	0.03623140472094456	0.10688432630705677	0.050464055231361146	0.026547523633824132	0.7798726901068134	0.7798726901068134	1.0	4
DLBCL_RICOVER_744	0.7802468517197257	0.046982465092269915	0.05617527255436594	0.05933412207491247	0.05726128855872593	0.7802468517197257	2.0	0
DLBCL10471	0.032459096846219136	0.08355234963650764	0.05285590084758552	0.047071982013833925	0.7840606706558538	0.7840606706558538	4.0	4
DLBCL_RICOVER_361	0.06768551606824406	0.04291797340054806	0.0669975968560909	0.7857384861333374	0.03666042754177954	0.7857384861333374	3.0	3
DLBCL_RICOVER_440	0.021478458626233474	0.7871250750980358	0.15491752251141208	0.018959354626333046	0.017519589137985625	0.7871250750980358	2.0	1
DLBCL10975	0.7883937055774815	0.010118505441163453	0.021449896022664155	0.05008735206046166	0.12995054089822922	0.7883937055774815	0.0	0
DLBCL10870	0.025351699246164643	0.06257277913730139	0.7897739535017602	0.02146400937664742	0.10083755873812644	0.7897739535017602	4.0	2
DLBCL10931	0.09811698263263159	0.01655896309912889	0.038214029116410045	0.05675022541279858	0.7903597997390309	0.7903597997390309	0.0	4
DLBCL_LS4592	0.04716299743435961	0.03653226981760274	0.7928889342943269	0.05145820501502715	0.07195759343868356	0.7928889342943269	2.0	2
DLBCL11458	0.023199713248254848	0.08262934048528275	0.7938107573383968	0.04284816129077958	0.057512027637286085	0.7938107573383968	2.0	2
DLBCL10522	0.050481487113634906	0.03484127951899756	0.7950257250751441	0.05144269624890943	0.06820881204331401	0.7950257250751441	2.0	2
DLBCL_MC_F218_RAP	0.08821917551215191	0.032966477965046134	0.04558417242814338	0.7959529990322137	0.03727717506244488	0.7959529990322137	3.0	3
DLBCL_RICOVER_1061	0.07351319885663814	0.021998640219801104	0.7973090768681812	0.08870333892922838	0.018475745126151185	0.7973090768681812	3.0	2
DLBCL11461	0.7980484895609473	0.02134341758836483	0.11301530069520917	0.0424953187032824	0.02509747345219633	0.7980484895609473	0.0	0
DLBCL11495	0.06752482844177683	0.03801792270687946	0.04534023815148304	0.050070882098451404	0.7990461286014092	0.7990461286014092	4.0	4
DLBCL_RICOVER_1018	0.07384785952392339	0.022018643831505865	0.04573104623406651	0.7997347353879746	0.058667715022529654	0.7997347353879746	3.0	3
DLBCL11429	0.8010581473355418	0.01411871137515239	0.041411421971724344	0.07703569213091228	0.0663760271866692	0.8010581473355418	0.0	0
DLBCL10555	0.04915120250407056	0.03479787341784388	0.8011065558361481	0.04809411358186181	0.06685025466007559	0.8011065558361481	2.0	2
DLBCL10964	0.02663697286310991	0.053009268401870216	0.05796313326514217	0.05234598157610198	0.8100446438937757	0.8100446438937757	4.0	4
DLBCL_RICOVER_1045	0.02548479336237532	0.05155400409976872	0.05954894230004761	0.05281849839878239	0.810593761839026	0.810593761839026	3.0	4
DLBCL10992	0.02478677448172486	0.0327900917150846	0.08849876331951467	0.04001650717831141	0.8139078633053645	0.8139078633053645	4.0	4
DLBCL_MC_F519_ALT	0.0251337136457242	0.051701589476935275	0.0563158713581515	0.050724394880429347	0.8161244306387597	0.8161244306387597	4.0	4
DLBCL10885	0.014080569310399148	0.0876001154076733	0.03586795622021192	0.043091125603948885	0.8193602334577668	0.8193602334577668	1.0	4
DLBCL_C_D_1119_NULLPAIR	0.05444057996415442	0.8214701023539194	0.04247992795699504	0.029024443865480965	0.05258494585945023	0.8214701023539194	1.0	1
DLBCL11003	0.0507583458077794	0.8232947007369361	0.04282161031300083	0.028356112641166865	0.05476923050111682	0.8232947007369361	1.0	1
DLBCL10782	0.8235505517087333	0.02447390975159468	0.023176888864644148	0.11705840431091502	0.011740245364112945	0.8235505517087333	3.0	0
DLBCL_C_D_1108_NULLPAIR	0.03516355631976531	0.8245605404689718	0.054243607903246255	0.034970604102186414	0.05106169120583028	0.8245605404689718	1.0	1
DLBCL10978	0.03096403204932794	0.023589639122481926	0.053911891623057984	0.06671262837481366	0.8248218088303185	0.8248218088303185	3.0	4
DLBCL_RICOVER_1278	0.029875199226398582	0.023101299502943193	0.050921924767993745	0.06790212043092429	0.8281994560717402	0.8281994560717402	4.0	4
DLBCL10913	0.8308798564160361	0.021469539008316326	0.0903127619186954	0.04347128889470385	0.013866553762248261	0.8308798564160361	0.0	0
DLBCL11440	0.831485404225344	0.01901279970297274	0.029063243193747184	0.04401450241640008	0.076424050461536	0.831485404225344	4.0	0
DLBCL10469	0.8322017511880294	0.0152052290239597	0.028910618742097716	0.044363614367593875	0.07931878667831935	0.8322017511880294	3.0	0
DLBCL10939	0.05156728462770788	0.029275170672050533	0.051727087299066166	0.8330727836509043	0.03435767375027116	0.8330727836509043	3.0	3
DLBCL_RICOVER_866	0.023120707869600025	0.0775904851758358	0.8400585342938539	0.022406504801548332	0.03682376785916197	0.8400585342938539	2.0	2
DLBCL_MC_F606_DMJ	0.034539873016237996	0.030657787344445995	0.8483699937196146	0.045567825176335584	0.040864520743365794	0.8483699937196146	2.0	2
DLBCL_MAYO_DLBCL_7359	0.029526089952985887	0.8527921703687178	0.055837818265345736	0.029764891417473856	0.03207902999547672	0.8527921703687178	1.0	1
DLBCL11507	0.01591874464181578	0.04994525829467826	0.8559259884668489	0.06005426444176676	0.018155744154890373	0.8559259884668489	1.0	2
DLBCL_DFCI_DLBCL_GOE05	0.018330078822280747	0.860999554487395	0.04232928337564799	0.021783358073169588	0.05655772524150672	0.860999554487395	1.0	1
DLBCL10781	0.01773869341271304	0.020268970476811702	0.03926049607031808	0.05571794296795471	0.8670138970722024	0.8670138970722024	4.0	4
DLBCL10833	0.017894827888835462	0.019947447554190728	0.03948053441034025	0.054160599630910425	0.8685165905157232	0.8685165905157232	4.0	4
DLBCL10907	0.02782394289422463	0.024651363528482538	0.039673991813208125	0.03710024006779469	0.87075046169629	0.87075046169629	1.0	4
DLBCL_MAYO_DLBCL_234	0.018136627598175102	0.019215997419910445	0.038827204288502795	0.05124596689880391	0.8725742037946077	0.8725742037946077	2.0	4
DLBCL_RICOVER_288	0.031441607247215834	0.8744240986538615	0.0368171978830237	0.025041832519158307	0.03227526369674066	0.8744240986538615	1.0	1
DLBCL_RICOVER_451	0.8764327880304844	0.02450896941075289	0.033022332684655	0.05102839546119244	0.015007514412915294	0.8764327880304844	0.0	0
DLBCL10934	0.01417969557978155	0.046450155734473	0.03994983795283275	0.021022776502847316	0.8783975342300654	0.8783975342300654	1.0	4
DLBCL_RICOVER_335	0.027911308856998558	0.8784508282148117	0.036059231252830226	0.021284813716594148	0.03629381795876533	0.8784508282148117	1.0	1
DLBCL_RICOVER_1192	0.05012653124235581	0.019350047848885228	0.019700786600337344	0.031186616758753716	0.8796360175496679	0.8796360175496679	4.0	4
DLBCL_RICOVER_1165	0.030133467747162586	0.8830228368070597	0.03183770162502036	0.021783921026333725	0.033222072794423595	0.8830228368070597	1.0	1
DLBCL_RICOVER_469	0.017783639119210007	0.014000805894571249	0.8875017855786833	0.05917317623024974	0.021540593177285707	0.8875017855786833	2.0	2
DLBCL11509	0.8928533695533716	0.015207258385721258	0.03135658747823852	0.051129106343316064	0.009453678239352599	0.8928533695533716	0.0	0
DLBCL_MC_F502_RFK	0.027288597543940155	0.8945180789581882	0.03564781544001022	0.02590003166232158	0.016645476395539788	0.8945180789581882	1.0	1
DLBCL10834	0.04834992571412453	0.8947560118054981	0.0202324222027684	0.01706926101741807	0.019592379260190824	0.8947560118054981	1.0	1
DLBCL_C_D_1152_NULLPAIR	0.0272697760165244	0.8953032428594095	0.0326049506776484	0.023485046225900565	0.021336984220517156	0.8953032428594095	1.0	1
DLBCL_LS3245	0.021561949020497597	0.9026628163687891	0.03094364857144758	0.01982953399134012	0.025002052047925563	0.9026628163687891	1.0	1
DLBCL11537	0.9033316896562219	0.01855592135315155	0.02301541628294531	0.02999109517253936	0.025105877535141905	0.9033316896562219	0.0	0
DLBCL_DFCI_DLBCL_GOE16	0.02185561427703095	0.012741194906275597	0.907023876256228	0.029891385793311343	0.02848792876715411	0.907023876256228	2.0	2
DFCIDL004_DT	0.9070947773955523	0.010595166519475955	0.017803375032631234	0.03991734827541211	0.0245893327769284	0.9070947773955523	4.0	0
DLBCL_RICOVER_720	0.9105818260221143	0.020742875568006157	0.015786085555125756	0.025389392420926443	0.02749982043382726	0.9105818260221143	4.0	0
DLBCL10950	0.9130915683789278	0.025490526046517796	0.015314822059479762	0.030225770029570467	0.015877313485504134	0.9130915683789278	0.0	0
DLBCL11679	0.02016851183510769	0.9133124693979189	0.01844240196580988	0.02641843625344479	0.021658180547718772	0.9133124693979189	1.0	1
DLBCL10498	0.018060906634909835	0.012094067011619117	0.9174329669224698	0.026389934548924215	0.02602212488207703	0.9174329669224698	2.0	2
DLBCL10463	0.013063577859560287	0.03358847749901334	0.01868035449331784	0.015982484048786473	0.9186851060993221	0.9186851060993221	4.0	4
DLBCL_C_D_1133_NULLPAIR	0.021279462882453085	0.009319767275132385	0.9205002859891921	0.025465506654316815	0.023434977198905634	0.9205002859891921	2.0	2
DLBCL11498	0.9215873365410856	0.022720858706264287	0.016234532046383483	0.026252748091170383	0.013204524615096221	0.9215873365410856	1.0	0
DLBCL11566	0.01692702403573844	0.014363948951118932	0.9231321316067846	0.024521538744130836	0.02105535666222715	0.9231321316067846	2.0	2
DLBCL_RICOVER_1235	0.012339191892260954	0.9253480821086966	0.033340036235570185	0.015954847382104495	0.013017842381367741	0.9253480821086966	1.0	1
DLBCL_MC_F307_JPS	0.9306673762961685	0.016981448625717325	0.013245089719842054	0.025006849531267056	0.014099235827005117	0.9306673762961685	0.0	0
DLBCL10490	0.018431066887991357	0.931133186232817	0.01960012020956573	0.01426240401047732	0.016573222659148557	0.931133186232817	0.0	1
DLBCL11457	0.9313534793599115	0.01095828454136037	0.01485921514676288	0.028529678119698015	0.014299342832267265	0.9313534793599115	0.0	0
DLBCL11474	0.9313804935138819	0.015124235654687257	0.013944131839145495	0.024577240390460733	0.014973898601824609	0.9313804935138819	0.0	0
DLBCL10458	0.9317416368536399	0.006666169957822115	0.009299554727701435	0.024519127970117516	0.027773510490719088	0.9317416368536399	0.0	0
DLBCL_MAYO_DLBCL_3653	0.9322816479141945	0.013395757750644357	0.016550192599572532	0.02132592608049583	0.016446475655092725	0.9322816479141945	0.0	0
DLBCL10947	0.9327724075988242	0.016557531122052518	0.012624550291254954	0.02395697201166434	0.01408853897620401	0.9327724075988242	1.0	0
DLBCL10900	0.015742055875096552	0.026792095940255212	0.00786751494102349	0.009122699735613724	0.940475633508011	0.940475633508011	4.0	4
DLBCL11000	0.011164690801891636	0.010216072717342423	0.0167936255829624	0.02112640662708304	0.9406992042707205	0.9406992042707205	4.0	4
DLBCL10981	0.009041326059962579	0.9414929284647636	0.022123513604369083	0.010482177563394115	0.016860054307510586	0.9414929284647636	1.0	1
DLBCL_LS1668	0.0077996683243156395	0.00766174763228458	0.9511070408406544	0.021523876852886693	0.011907666349858636	0.9511070408406544	1.0	2
DLBCL_RICOVER_253	0.013475256280863296	0.9514916352705347	0.014195343705318	0.009817747607027206	0.011020017136256768	0.9514916352705347	1.0	1
DLBCL10896	0.9527818264367834	0.0062805431983222765	0.008093282125307206	0.016832770661502218	0.01601157757808481	0.9527818264367834	0.0	0
DLBCL11666	0.006657798095519711	0.008142537071396078	0.9598724837683812	0.01874633962637336	0.006580841438329635	0.9598724837683812	2.0	2
DLBCL_C_D_1159_NULLPAIR	0.9640232609502213	0.007020151616812003	0.004755199534331329	0.01897208706676184	0.005229300831873572	0.9640232609502213	3.0	0
DLBCL_RICOVER_267	0.006708766892155675	0.006812974382698603	0.96783930871688	0.011460650636342018	0.007178299371923714	0.96783930871688	2.0	2
DLBCL_C_D_1163_NULLPAIR	0.0043866588855076705	0.005508549190038784	0.0070287359637720166	0.007743886412119774	0.9753321695485617	0.9753321695485617	4.0	4
DLBCL11677	0.9758073213533279	0.0047020583870964585	0.005007325323124057	0.009529410735064508	0.00495388420138701	0.9758073213533279	0.0	0
DLBCL10996	0.9786704838855191	0.004162769959002101	0.005362103865241472	0.008678484482829632	0.003126157807407668	0.9786704838855191	0.0	0
DLBCL10990	0.003123429847159183	0.004197343013415769	0.004743190419159778	0.005227711367508594	0.9827083253527567	0.9827083253527567	4.0	4
DLBCL10462	0.9866629309666283	0.0024819982094383105	0.0027233533507425305	0.006058173395457385	0.0020735440777334855	0.9866629309666283	0.0	0
