	C1	C2	C3	C4	C5	Confidence	True Cluster	Predicted Cluster
DLBCL10847	0.21036796984799339	0.1880587892857669	0.21526002787128626	0.1515529282375063	0.23476028475744715	0.23476028475744715	4.0	4
DLBCL11205	0.21609041965003947	0.18103328554921605	0.2350358911942658	0.1526082735674553	0.2152321300390234	0.2350358911942658	0.0	2
DLBCL11523	0.21307403789790116	0.18523183810433902	0.23544645422615412	0.15350821816766308	0.21273945160394275	0.23544645422615412	0.0	2
DLBCL11525	0.21287522963071293	0.18430775846629344	0.21683192439132826	0.15033283105885448	0.23565225645281082	0.23565225645281082	2.0	4
DLBCL_LS2154	0.20639672795460492	0.1902570902816556	0.23640671519254747	0.14920240058224532	0.21773706598894654	0.23640671519254747	0.0	2
DLBCL10566	0.209504694361861	0.18783749057782761	0.21699344280442076	0.14835670790091726	0.23730766435497327	0.23730766435497327	4.0	4
DLBCL11468	0.20740421014062282	0.18921164398071064	0.23881558431164548	0.14695373043855542	0.21761483112846564	0.23881558431164548	2.0	2
DLBCL_RICOVER_744	0.21348066171079977	0.18260320116111708	0.211850516781467	0.15230668151621762	0.23975893883039864	0.23975893883039864	2.0	4
DLBCL10971	0.21234491127635519	0.17841681018087896	0.24045448013933943	0.1504432178696768	0.21834058053374955	0.24045448013933943	0.0	2
DLBCL11000	0.20953695375862672	0.18559900942836968	0.22035017058185472	0.1439967409295781	0.24051712530157074	0.24051712530157074	4.0	4
DLBCL_C_D_1138_NULLPAIR	0.2129819735667147	0.18516702977915886	0.24082944646766596	0.14463160873464304	0.21638994145181734	0.24082944646766596	1.0	2
DLBCL11661	0.20611249674376805	0.18192137628039023	0.24085143650297616	0.15774803592775302	0.21336665454511244	0.24085143650297616	1.0	2
DLBCL_MC_F815_BAT	0.21724775485002368	0.182669722076311	0.24101503238569308	0.14577317742657062	0.21329431326140175	0.24101503238569308	2.0	2
DLBCL_C_D_1117_NULLPAIR	0.2082186640273066	0.1858599536625416	0.24108284361420257	0.152532807151989	0.21230573154396026	0.24108284361420257	1.0	2
DLBCL_LS3820	0.2134470094236948	0.18089450956448658	0.21787299576005972	0.14654356064496465	0.2412419246067942	0.2412419246067942	2.0	4
DLBCL10488	0.20573765078093773	0.18263925546426169	0.21910526269718827	0.1508106894733006	0.24170714158431184	0.24170714158431184	0.0	4
DLBCL10527	0.20690302138073796	0.17954365422676705	0.2216422443838552	0.14985365058465444	0.24205742942398534	0.24205742942398534	3.0	4
DLBCL10547	0.20642823259516796	0.17836617138665786	0.22152477209662205	0.15135079674383617	0.2423300271777159	0.2423300271777159	3.0	4
DLBCL10903	0.2059544200700372	0.1842806761472934	0.24244652999787814	0.15004513755019872	0.21727323623459255	0.24244652999787814	1.0	2
DLBCL10925	0.2138150595782935	0.18339465714443617	0.21530344982954328	0.1446665581859604	0.24282027526176675	0.24282027526176675	4.0	4
DLBCL10860	0.21144204391804117	0.18144532210310255	0.2431168182463026	0.146729150284192	0.2172666654483616	0.2431168182463026	4.0	2
DLBCL10486	0.20633862574268075	0.1857361850831475	0.21759863161371182	0.14698720329719708	0.24333935426326286	0.24333935426326286	0.0	4
DLBCL_RICOVER_1283	0.21215270813154377	0.18029226379565266	0.24339032858336293	0.1436196994117091	0.22054500007773153	0.24339032858336293	2.0	2
DLBCL11471	0.2112421720490005	0.1802884732474603	0.24340126886665772	0.14653619750668845	0.218531888330193	0.24340126886665772	3.0	2
DLBCL10535	0.20593792608191275	0.18322011950685962	0.24357656520124685	0.14732012365073865	0.21994526555924204	0.24357656520124685	4.0	2
DLBCL10781	0.20881311211931677	0.17983655174794075	0.24371858113959663	0.1503211943294738	0.21731056066367208	0.24371858113959663	4.0	2
DLBCL10880	0.20943142461098138	0.18046500173729596	0.21863670171335067	0.14738996173140925	0.24407691020696276	0.24407691020696276	4.0	4
DLBCL10458	0.19907024996637632	0.1856114622160637	0.24416209123983615	0.152176324299933	0.21897987227779084	0.24416209123983615	0.0	2
DLBCL11481	0.20706809875975735	0.1839642153982525	0.24502758206271752	0.14876685882274587	0.2151732449565268	0.24502758206271752	0.0	2
DLBCL_RICOVER_401	0.21139471504183335	0.18267908797322088	0.24525596239160397	0.14379859649542898	0.21687163809791282	0.24525596239160397	1.0	2
DLBCL11511	0.20951654545103224	0.18237390625554972	0.24569566323439207	0.14629311729034475	0.21612076776868125	0.24569566323439207	0.0	2
DLBCL_RICOVER_839	0.20818790075589688	0.17855758975092537	0.24590025344623678	0.14743336888766156	0.21992088715927943	0.24590025344623678	1.0	2
DLBCL_LS1098	0.20830368319154297	0.18234164740369324	0.2459524135054806	0.14275236861762253	0.22064988728166063	0.2459524135054806	2.0	2
DLBCL10915	0.20533598991076704	0.1829549124122045	0.2459941843560186	0.14342006945333133	0.22229484386767856	0.2459941843560186	4.0	2
DLBCL10530	0.20402353227996442	0.177610876517562	0.2462427509074976	0.14770303966736942	0.22441980062760655	0.2462427509074976	4.0	2
DLBCL10472	0.21321816773019844	0.181947796140675	0.24635561673063164	0.13935224124421883	0.2191261781542761	0.24635561673063164	2.0	2
DLBCL11443	0.20316801735658163	0.18173629930252316	0.2465631340201658	0.14642186301009621	0.22211068631063313	0.2465631340201658	0.0	2
DLBCL11501	0.20687336898659292	0.18460527526644083	0.24696412548498858	0.14247664907005672	0.219080581191921	0.24696412548498858	0.0	2
DLBCL10857	0.20855037025131887	0.18434502403103908	0.24736638294484814	0.14470051731377975	0.21503770545901427	0.24736638294484814	4.0	2
DLBCL_C_D_1125_NULLPAIR	0.20173053163480817	0.18293683899211202	0.247917204144325	0.14711417698570706	0.22030124824304795	0.247917204144325	4.0	2
DLBCL_LS762	0.2127257266282284	0.18313064652299285	0.21103529961895412	0.144977724412326	0.24813060281749857	0.24813060281749857	2.0	4
DLBCL10459	0.206186141372677	0.18571505068061914	0.24834454248366036	0.1474153375992951	0.21233892786374858	0.24834454248366036	2.0	2
DLBCL11651	0.20962371900969887	0.18043172170255234	0.24860792097067483	0.1467751117647867	0.21456152655228727	0.24860792097067483	2.0	2
DLBCL_RICOVER_111	0.20993027193045938	0.18476815893875895	0.20604932749994304	0.15001154326994884	0.24924069836088977	0.24924069836088977	4.0	4
DLBCL10555	0.20706020801761912	0.1796907139121505	0.24979534588509505	0.1462658494987657	0.2171878826863696	0.24979534588509505	2.0	2
DLBCL10838	0.11281637674284747	0.2555446422165076	0.2077428022249289	0.2061750836554414	0.21772109516027463	0.2555446422165076	4.0	1
DLBCL_LS4593	0.21371401238677562	0.04520473515111216	0.28990070787272615	0.24456757519618313	0.20661296939320295	0.28990070787272615	2.0	2
DLBCL10849	0.29593184376926746	0.1742193789267952	0.11461678562041946	0.2656031453180622	0.1496288463654558	0.29593184376926746	1.0	0
DLBCL11466	0.1550089248016319	0.29970132478070816	0.23759345151027447	0.15065852530398743	0.157037773603398	0.29970132478070816	1.0	1
DLBCL11676	0.22890073112883863	0.09935824713787147	0.3020266140156594	0.13610554939560218	0.23360885832202832	0.3020266140156594	0.0	2
DLBCL11431	0.3028482599566304	0.20790015976894585	0.10905239137647618	0.12808647729757588	0.2521127116003717	0.3028482599566304	4.0	0
DLBCL11533	0.15460016037463442	0.3036916865213925	0.23541976649600915	0.1429841960438016	0.16330419056416234	0.3036916865213925	1.0	1
DLBCL10536	0.15041480938083862	0.3041534514635345	0.2374140444516247	0.14016542448949154	0.16785227021451052	0.3041534514635345	2.0	1
DLBCL11488	0.2406434519551531	0.097817043182399	0.09527984515143866	0.3042268539319751	0.262032805779034	0.3042268539319751	0.0	3
DLBCL11672	0.14803077403929427	0.3067639137012608	0.23791019336693003	0.1432858493669789	0.16400926952553602	0.3067639137012608	2.0	1
DLBCL_LS146	0.1507973005408173	0.307971942867485	0.24273213983981423	0.14318991571977072	0.1553087010321127	0.307971942867485	1.0	1
DLBCL11353	0.3083024807717946	0.2632235813277119	0.14585080970033024	0.16891424648428877	0.11370888171587455	0.3083024807717946	4.0	0
DLBCL_RICOVER_216	0.2643311588426068	0.04877227474695681	0.30865230843005176	0.12340799290528515	0.2548362650750995	0.30865230843005176	2.0	2
DLBCL10908	0.14795219332523057	0.3093380689985559	0.24206952752161454	0.1428397296249453	0.15780048052965384	0.3093380689985559	4.0	1
DLBCL_MC_F139_LJF	0.15732591010822922	0.3095138875124373	0.2234984898091854	0.14203249100284504	0.1676292215673031	0.3095138875124373	3.0	1
DLBCL11456	0.20170910879869847	0.31260411741480526	0.19203053189082103	0.20807120272129695	0.08558503917437828	0.31260411741480526	1.0	1
DLBCL11437	0.133260083525046	0.2680493114071365	0.1486654548972522	0.13398919312868116	0.31603595704188425	0.31603595704188425	3.0	4
DLBCL10993	0.31861097475265315	0.16459834607539886	0.0879796570591713	0.2667020557972784	0.16210896631549818	0.31861097475265315	0.0	0
DLBCL10460	0.31962715438958966	0.21229602165946934	0.22843895523200408	0.178015330925691	0.061622537793246036	0.31962715438958966	1.0	0
DLBCL10853	0.28596880168112854	0.0706374134057293	0.3199412508700191	0.23278761870013426	0.09066491534298882	0.3199412508700191	4.0	2
DLBCL_RICOVER_685	0.140346605679121	0.22106084243658344	0.14770438617622056	0.3211523448428887	0.16973582086518654	0.3211523448428887	4.0	3
DLBCL_RICOVER_338	0.11067021767991399	0.20912217662384536	0.11968625270633278	0.3242731454929767	0.2362482074969313	0.3242731454929767	0.0	3
DLBCL10867	0.09586466559764674	0.22977627823693578	0.32937068975009764	0.06556951376410333	0.27941885265121646	0.32937068975009764	4.0	2
DLBCL_RICOVER_910	0.11948219316451163	0.10255835342391714	0.276252075340829	0.32973343860713417	0.17197393946360812	0.32973343860713417	0.0	3
DLBCL10912	0.2303480448190064	0.33145471143317157	0.2037780713495807	0.20318697282147063	0.031232199576770696	0.33145471143317157	0.0	1
DLBCL10480	0.08656313588921209	0.3321585689514207	0.12993327008051267	0.26879564752669194	0.18254937755216252	0.3321585689514207	1.0	1
DLBCL11428	0.3371299598355438	0.0991817007272835	0.17819565543223706	0.20103143108946908	0.1844612529154666	0.3371299598355438	2.0	0
DLBCL_DFCI_DLBCL_GOE05	0.21784632565929468	0.1252042696021186	0.0938198330863044	0.22524231101816655	0.33788726063411584	0.33788726063411584	1.0	4
DLBCL11496	0.23190390407511693	0.340556421603345	0.10032756266114745	0.255267372151133	0.07194473950925753	0.340556421603345	0.0	1
DLBCL10519	0.2623829367153914	0.34121361940910877	0.1144805295839525	0.12139187464115288	0.1605310396503945	0.34121361940910877	1.0	1
DLBCL_RICOVER_221	0.16508254712979342	0.1464480025530918	0.17062038334205257	0.3428903304482209	0.17495873652684132	0.3428903304482209	4.0	3
DLBCL_RICOVER_956	0.23230665971633474	0.34428994527569273	0.09808869071821869	0.25247081132379184	0.07284389296596193	0.34428994527569273	4.0	1
DLBCL_C_D_1105_NULLPAIR	0.16498268177203101	0.1476394821700258	0.167521035745049	0.34462082944726785	0.17523597086562626	0.34462082944726785	1.0	3
DLBCL_DFCI_DLBCL_GOE07	0.13934169452652032	0.07786559966186969	0.18344149333371815	0.34522653138870085	0.254124681089191	0.34522653138870085	1.0	3
DLBCL10956	0.16573963771106065	0.14636593263562575	0.17181996274846698	0.3453307262413139	0.17074374066353276	0.3453307262413139	1.0	3
DLBCL_MAYO_DLBCL_3653	0.2283576055563832	0.34547961100450336	0.10191377358651749	0.25235132136020016	0.07189768849239586	0.34547961100450336	0.0	1
DLBCL_C_D_PAIR13	0.12423096362120035	0.21216449117285413	0.18682509613256001	0.34839540698575605	0.12838404208762946	0.34839540698575605	4.0	3
DLBCL11483	0.13249487868846793	0.24535489697441987	0.13873706350366233	0.13474837776079132	0.3486647830726586	0.3486647830726586	1.0	4
DLBCL11467	0.04070602702882648	0.34902698593559783	0.18968283893825047	0.23538942053771017	0.18519472755961505	0.34902698593559783	3.0	1
DLBCL11479	0.35047633607824535	0.12577593103390539	0.17259616245813403	0.3031350911563453	0.04801647927337004	0.35047633607824535	1.0	0
DLBCL11539	0.21760097166081327	0.3505702602404991	0.09486803543376576	0.2662108148667705	0.07074991779815146	0.3505702602404991	0.0	1
DLBCL10951	0.08599572244103637	0.05342250833994718	0.3511014494672797	0.2576057914504023	0.2518745283013345	0.3511014494672797	4.0	2
DLBCL_LS3200	0.06607364771458195	0.2039419958610867	0.1303531839388091	0.24713720928934235	0.35249396319617987	0.35249396319617987	4.0	4
DLBCL10897	0.35266625997668943	0.12005043607587813	0.14526707561826946	0.30259737835048617	0.07941884997867685	0.35266625997668943	0.0	0
DLBCL_C_D_1166_NULLPAIR	0.22013109239597087	0.35291632892483676	0.09837104400665504	0.2616485502986133	0.06693298437392409	0.35291632892483676	4.0	1
DLBCL10996	0.35394793944409214	0.04177035887690814	0.21237159027932623	0.11180938303639762	0.2801007283632758	0.35394793944409214	0.0	0
DLBCL11685	0.1659233505604624	0.14140262549056945	0.16881442088496648	0.3541878902753979	0.1696717127886037	0.3541878902753979	2.0	3
DLBCL10510	0.16766416811370383	0.1434288363242288	0.1689413676727418	0.3552856159327467	0.16468001195657886	0.3552856159327467	1.0	3
DLBCL_RICOVER_1299	0.08032800496086431	0.30078547369977693	0.3556282952597355	0.2010603468681506	0.06219787921147259	0.3556282952597355	4.0	2
DLBCL11473	0.3568974918795373	0.03153739542998765	0.2796226806364017	0.2709710813108356	0.06097135074323777	0.3568974918795373	0.0	0
DLBCL10453	0.25902479042344567	0.09396774071053299	0.10832459676541953	0.18017648430021344	0.3585063878003884	0.3585063878003884	1.0	4
DLBCL10884	0.14214212103150906	0.15232818101706133	0.09356341834282073	0.2532473133963157	0.35871896621229316	0.35871896621229316	0.0	4
DLBCL10900	0.18272703533563261	0.022420256025220978	0.2447711709641636	0.3600060397330411	0.19007549794194173	0.3600060397330411	4.0	3
DLBCL10955	0.16049664990346907	0.1391800926006832	0.17154761009705674	0.36306665497272944	0.16570899242606155	0.36306665497272944	3.0	3
DLBCL_MC_F729_MAN	0.18299773953407072	0.19271194319849846	0.09675826937947499	0.3649034403993348	0.16262860748862093	0.3649034403993348	1.0	3
DLBCL11461	0.36719348157947024	0.2532500986073575	0.06663061551796279	0.18853857503293625	0.12438722926227325	0.36719348157947024	0.0	0
DLBCL10959	0.25406433049297183	0.13002540943679783	0.13172400929409483	0.3690506138992196	0.11513563687691583	0.3690506138992196	0.0	3
DLBCL11673	0.12411374221384465	0.10145145317619075	0.3692565608405084	0.2085825102476564	0.19659573352179985	0.3692565608405084	1.0	2
DFCIDL008_DT	0.2689508957298747	0.1253585540579696	0.12467670686175418	0.37030906075416703	0.1107047825962345	0.37030906075416703	4.0	3
DLBCL_C_D_1129_NULLPAIR	0.11247922440693904	0.21482514615621287	0.3716289682229422	0.22050700358335465	0.0805596576305512	0.3716289682229422	0.0	2
DLBCL10970	0.266444203542533	0.12884150448473064	0.12309945372209614	0.3719925618704968	0.10962227638014341	0.3719925618704968	3.0	3
DLBCL_RICOVER_267	0.19346193628290673	0.08074948708932185	0.3725983644691725	0.3152283520274261	0.03796186013117277	0.3725983644691725	2.0	2
DLBCL11664	0.3736683779492349	0.07461261760680253	0.12074986794082056	0.12590038503491421	0.30506875146822776	0.3736683779492349	1.0	0
DLBCL10896	0.25790934332325666	0.1317818892714239	0.12562774765136206	0.3737507811438639	0.11093023861009337	0.3737507811438639	0.0	3
DLBCL_LS3749	0.16766231625991557	0.20807400801263176	0.1822895051773932	0.06442205926829928	0.3775521112817601	0.3775521112817601	1.0	4
DLBCL10939	0.28803332520295266	0.26290846046971117	0.03250995052936249	0.038753053843975635	0.3777952099539981	0.3777952099539981	3.0	4
DLBCL_RICOVER_1287	0.2536074856678263	0.12928913869494296	0.12752167509350495	0.37847083343319937	0.11111086711052635	0.37847083343319937	4.0	3
DLBCL_RICOVER_720	0.12040613138781178	0.37983214992624115	0.20364856930792002	0.15722531085991387	0.13888783851811315	0.37983214992624115	4.0	1
DLBCL11520	0.09866767147105727	0.22438667831021747	0.17176843711932172	0.38048142962685444	0.12469578347254923	0.38048142962685444	0.0	3
DLBCL11001	0.1899228979443743	0.2538343260679643	0.07803981333700942	0.09693318740411935	0.38126977524653255	0.38126977524653255	4.0	4
DLBCL11436	0.3819832342591189	0.2452615756958499	0.09055855292913867	0.21010200505309654	0.07209463206279608	0.3819832342591189	1.0	0
DLBCL_RICOVER_678	0.08510007751655548	0.07022501581237899	0.21332116406219595	0.3824721385531031	0.24888160405576648	0.3824721385531031	1.0	3
DLBCL_LS2367	0.07170918461657096	0.2883725812632604	0.3836283287630383	0.1303400903575636	0.12594981499956662	0.3836283287630383	0.0	2
DLBCL10502	0.0641464987429317	0.3840921559879155	0.3038760030607931	0.16439012335123374	0.083495218857126	0.3840921559879155	1.0	1
DLBCL11206	0.38480103517534153	0.08649441421457162	0.07467698638554535	0.24038718679770407	0.2136403774268375	0.38480103517534153	4.0	0
DLBCL10833	0.14386215457559512	0.38502865343046616	0.13434723382290098	0.24353284385832452	0.09322911431271316	0.38502865343046616	4.0	1
DLBCL11516	0.2028150495752165	0.11583539928896272	0.1522296844690225	0.14372696690435363	0.3853928997624446	0.3853928997624446	1.0	4
DLBCL11565	0.14530990272219438	0.38543653150184976	0.1298956692608432	0.23966282127338345	0.09969507524172928	0.38543653150184976	1.0	1
DLBCL10887	0.08754837242903342	0.3861211920645084	0.14726177541485552	0.0846122227643284	0.2944564373272743	0.3861211920645084	4.0	1
DLBCL10885	0.3263370588146075	0.04502545351271581	0.04221292892709484	0.386740334605619	0.1996842241399628	0.386740334605619	1.0	3
DLBCL_RICOVER_506	0.387446343553357	0.028798919786736328	0.16752969107888405	0.10171243835406465	0.31451260722695806	0.387446343553357	4.0	0
DLBCL11472	0.10916269687455266	0.07549126986373146	0.1307587131091088	0.2964833310751512	0.38810398907745586	0.38810398907745586	0.0	4
DLBCL10964	0.14267650284386307	0.3883415114337073	0.126942222746593	0.2420109866449823	0.10002877633085426	0.3883415114337073	4.0	1
DLBCL10919	0.0824041846509473	0.04714712264305691	0.21028699477627447	0.2714243904690623	0.388737307460659	0.388737307460659	3.0	4
DLBCL11460	0.22257390163220941	0.19102711717306717	0.11096393843548295	0.0843343145122182	0.3911007282470222	0.3911007282470222	3.0	4
DLBCL10877	0.07754372787155006	0.39361545862002567	0.29547062435386506	0.06649173494428144	0.16687845421027794	0.39361545862002567	0.0	1
DLBCL_LS1668	0.13625091400936565	0.3946103463923536	0.1291299198239518	0.24212211449900167	0.09788670527532731	0.3946103463923536	1.0	1
DLBCL_MC_F262_WLC	0.3950593173861579	0.061213189720053726	0.14211459452147487	0.1884654457477085	0.213147452624605	0.3950593173861579	0.0	0
DLBCL10962	0.3353909622201738	0.02718612344715738	0.030482215585497272	0.3951653221639552	0.21177537658321638	0.3951653221639552	1.0	3
DLBCL_RICOVER_1190	0.1837474281359088	0.07474192932164102	0.10468173223226956	0.39692194632167965	0.23990696398850103	0.39692194632167965	4.0	3
DLBCL11535	0.2628624212660183	0.20847994141241225	0.06718250550915741	0.06405473749300457	0.3974203943194074	0.3974203943194074	3.0	4
DLBCL10957	0.0625402219540357	0.07046365150457887	0.3082104202198911	0.1603313336561474	0.39845437266534695	0.39845437266534695	0.0	4
DLBCL11576	0.08268590500333457	0.3998131163656158	0.17382566605171607	0.29592639355492867	0.047748919024404826	0.3998131163656158	3.0	1
DLBCL10980	0.135279505100036	0.39983600382216317	0.12261694981050052	0.24324377207906184	0.0990237691882384	0.39983600382216317	4.0	1
DLBCL11195	0.27602400333751875	0.08042742015449657	0.4014083096445509	0.1084791514480655	0.13366111541536832	0.4014083096445509	4.0	2
DLBCL11495	0.40275909396067383	0.020125277884225332	0.2519947180969574	0.178524583908807	0.14659632614933638	0.40275909396067383	4.0	0
DLBCL_RICOVER_866	0.24053576786914632	0.20880651070925982	0.05175001943828063	0.40357173655582795	0.09533596542748532	0.40357173655582795	2.0	3
DLBCL_LS2208	0.4037375337997416	0.10787416559955923	0.09316233368540923	0.07412610531968487	0.321099861595605	0.4037375337997416	4.0	0
DLBCL10780	0.3509851691721046	0.050608968221547146	0.4041062123844717	0.05531980199730211	0.13897984822457438	0.4041062123844717	1.0	2
DLBCL_MC_F064AB	0.1309190267500711	0.40449528739714047	0.10594152450637943	0.07420159440590443	0.28444256694050457	0.40449528739714047	2.0	1
DLBCL_RICOVER_773	0.1605817584678248	0.07948450397585478	0.4045272589316939	0.2564668927594242	0.09893958586520235	0.4045272589316939	4.0	2
DLBCL_RICOVER_1293	0.40523699616654607	0.05921079098238302	0.14515673962761053	0.18717861894268986	0.2032168542807705	0.40523699616654607	4.0	0
DLBCL_MC_F502_RFK	0.3410725015320666	0.0949928333403864	0.05765068682214783	0.10100972816300746	0.4052742501423917	0.4052742501423917	1.0	4
DLBCL11681	0.1220749115087165	0.12926120646777095	0.13222090981734272	0.21076961419126988	0.4056733580148999	0.4056733580148999	0.0	4
DLBCL_C_D_1152_NULLPAIR	0.13299352135278522	0.40577280356032325	0.09869694753165537	0.07057891896695719	0.29195780858827897	0.40577280356032325	1.0	1
DLBCL10851	0.20994416487856654	0.40605540019810477	0.056764964668136526	0.06594222985720649	0.26129324039798585	0.40605540019810477	1.0	1
DLBCL10854	0.11966145537776786	0.03299166276745336	0.11811436523970216	0.3225665064029821	0.4066660102120945	0.4066660102120945	4.0	4
DLBCL10994	0.13291272992286682	0.40678279563461006	0.10099303028975043	0.07154789461158553	0.2877635495411872	0.40678279563461006	0.0	1
DLBCL_C_D_1153_NULLPAIR	0.35580135364621485	0.40743638121074294	0.08813831183422506	0.08956582960722798	0.059058123701589256	0.40743638121074294	3.0	1
DFCIDL004_DT	0.22895805957344573	0.40848112099079126	0.037429960910743354	0.29709112957500927	0.028039728950010424	0.40848112099079126	4.0	1
DLBCL_RICOVER_335	0.08745925021174039	0.3500925664887447	0.408725066041201	0.08669040877471769	0.06703270848359633	0.408725066041201	1.0	2
DLBCL_MC_F218_RAP	0.41152238781272893	0.30960475316277564	0.10538304148147629	0.09532834751578115	0.07816147002723822	0.41152238781272893	3.0	0
DLBCL_RICOVER_417	0.1304478084107278	0.237229028507731	0.056185250293470004	0.41165975525989706	0.16447815752817416	0.41165975525989706	4.0	3
DLBCL_C_D_1140_NULLPAIR	0.41209010704528154	0.16536589518847014	0.12377720338284039	0.16910225270135415	0.1296645416820537	0.41209010704528154	4.0	0
DLBCL_MAYO_DLBCL_234	0.4123809116937738	0.09324132588786942	0.06031497855925647	0.08281231067808012	0.3512504731810202	0.4123809116937738	2.0	0
DLBCL10965	0.12485975598397678	0.026426237866704103	0.06639092981418315	0.3694024941686741	0.4129205821664618	0.4129205821664618	3.0	4
DLBCL10452	0.08651333326803883	0.13508362214944789	0.11023623150988476	0.4138289631357188	0.2543378499369098	0.4138289631357188	1.0	3
DLBCL_RICOVER_1210	0.10503421205368373	0.14411552693044577	0.18929996406332059	0.1473067136153708	0.4142435833371792	0.4142435833371792	1.0	4
DLBCL11484	0.07377103989237707	0.3086570535855611	0.4143591288021782	0.1530457459403624	0.05016703177952127	0.4143591288021782	1.0	2
DLBCL_C_D_1157_NULLPAIR	0.08566754308048201	0.13622661764908323	0.4148645650163017	0.0764613452045898	0.28677992904954336	0.4148645650163017	2.0	2
DLBCL10482	0.41514967506860884	0.06360784940045429	0.2157457142590746	0.15950263311534424	0.1459941281565181	0.41514967506860884	0.0	0
DLBCL10969	0.12670800541121402	0.4152889165821696	0.10338696145546418	0.07030082517447324	0.2843152913766789	0.4152889165821696	0.0	1
DLBCL11574	0.12523838401767645	0.41588127016660315	0.09860067672816462	0.07335968776920178	0.2869199813183539	0.41588127016660315	2.0	1
DLBCL11458	0.1062524322058152	0.14268340511654642	0.1889019920484104	0.14613508018854995	0.41602709044067804	0.41602709044067804	2.0	4
DLBCL10850	0.4161483308193928	0.37406288225037987	0.08570108885356109	0.08208866913031715	0.041999028946349146	0.4161483308193928	1.0	0
DLBCL11194	0.08746879106029468	0.3415591469383049	0.4167947759231429	0.09077905918776391	0.06339822689049357	0.4167947759231429	4.0	2
DLBCL11659	0.12809297966736954	0.4176387029163419	0.10482247455178642	0.0734158124754631	0.276030030389039	0.4176387029163419	3.0	1
DLBCL_RICOVER_258	0.4180667902312963	0.053650155135588025	0.11690081915765567	0.3021173126045406	0.1092649228709195	0.4180667902312963	2.0	0
DLBCL_RICOVER_1060	0.1275341634311879	0.15797477172522273	0.15706025056094425	0.4192376582994145	0.13819315598323065	0.4192376582994145	1.0	3
DLBCL11462	0.08816501027488384	0.14320536761014105	0.41940420809116785	0.10132776806072274	0.24789764596308447	0.41940420809116785	0.0	2
DLBCL11478	0.04999513281614989	0.048063180385138196	0.25868993496229303	0.22277521467231037	0.4204765371641086	0.4204765371641086	0.0	4
DLBCL11528	0.37351206083982036	0.03559389635117351	0.42062108279043414	0.09550210520592162	0.07477085481265033	0.42062108279043414	2.0	2
DLBCL10911	0.42081921617356666	0.19406084741211596	0.15139839870688934	0.1251473298967656	0.10857420781066235	0.42081921617356666	1.0	0
DLBCL_RICOVER_948	0.1032467155789721	0.4230475655774998	0.2947580896773197	0.04277112402114939	0.1361765051450589	0.4230475655774998	1.0	1
DLBCL10518	0.24993184190240772	0.06830255382580376	0.12350101828086306	0.13219042795683303	0.42607415803409243	0.42607415803409243	2.0	4
DLBCL10529	0.12491990724675452	0.4266537764133742	0.21538125551077447	0.13372218495129987	0.09932287587779706	0.4266537764133742	4.0	1
DLBCL_RICOVER_533	0.42695611647713955	0.1223564806947635	0.1538641671338591	0.12169920902138597	0.1751240266728519	0.42695611647713955	1.0	0
DLBCL11512	0.4304424103230161	0.0210455333101846	0.21298853677819884	0.06924761203884713	0.2662759075497533	0.4304424103230161	0.0	0
DLBCL_LS2325	0.2473384608933656	0.06930913101824614	0.12112809020510748	0.13166187641796798	0.4305624414653128	0.4305624414653128	2.0	4
DLBCL10904	0.06607727945894896	0.2968511477230309	0.13858328991792793	0.06769667855139877	0.43079160434869335	0.43079160434869335	4.0	4
DLBCL10512	0.10319472081175982	0.43107929497327646	0.22483647930531106	0.12431260918945418	0.11657689572019861	0.43107929497327646	2.0	1
DLBCL10542	0.43126331276577323	0.30080974370330804	0.179949622091197	0.05151265803528496	0.03646466340443693	0.43126331276577323	0.0	0
DLBCL11450	0.06390096426193234	0.042590046599968304	0.08305966824502219	0.4325902781489403	0.3778590427441369	0.4325902781489403	4.0	3
DLBCL_RICOVER_787	0.09907388236462505	0.0587022771245791	0.43263465354532465	0.11476480506806733	0.2948243818974038	0.43263465354532465	1.0	2
DLBC_FF_A7CW_TP_NB	0.07804274037844684	0.3321011500975656	0.4331552005707871	0.08026788505763634	0.07643302389556417	0.4331552005707871	4.0	2
DLBCL10961	0.25881267240052314	0.4337374106359204	0.10155926008607236	0.09125944645974929	0.11463121041773479	0.4337374106359204	4.0	1
DLBCL11477	0.24013744009797955	0.06983241759929808	0.12730022502276087	0.12734726226561524	0.4353826550143463	0.4353826550143463	0.0	4
DLBCL_RICOVER_478	0.10835886112426202	0.22797249749898407	0.14190399176972088	0.08577997823048417	0.43598467137654884	0.43598467137654884	1.0	4
DLBCL_RICOVER_1289	0.07311103225120774	0.06431549289776084	0.14561027372984534	0.2804864890408272	0.4364767120803589	0.4364767120803589	4.0	4
DLBCL10517	0.07942183331896023	0.33031583790410346	0.4373121938673888	0.07804842111758427	0.07490171379196331	0.4373121938673888	1.0	2
DLBCL_RICOVER_1061	0.3263793322388639	0.11851249827365809	0.07395990513910439	0.4376333138101255	0.043514950538248165	0.4376333138101255	3.0	3
DLBCL_MC_F349_BJJ	0.12506599271752805	0.2540585316714005	0.4379176797291573	0.09677174657898613	0.08618604930292806	0.4379176797291573	2.0	2
DLBCL10870	0.10278251255843335	0.3373292788675292	0.4388815720564083	0.08881082999049017	0.03219580652713889	0.4388815720564083	4.0	2
DLBCL10989	0.14402942414033973	0.24662121500842724	0.05255197451850759	0.11785399532905576	0.4389433910036696	0.4389433910036696	1.0	4
DLBCL11677	0.09681495389503418	0.05743998535152162	0.4401680957726903	0.12104089444950218	0.2845360705312518	0.4401680957726903	0.0	2
DLBCL10950	0.44051340996971045	0.04301011677216724	0.36124219395275986	0.12424418355516069	0.030990095750201896	0.44051340996971045	0.0	0
DLBCL11498	0.4407878076464072	0.29448692591556785	0.09706577255578418	0.08966714081206548	0.07799235307017532	0.4407878076464072	1.0	0
DLBCL_C_D_1128_NULLPAIR	0.10714459834101586	0.22667630821418552	0.14110304569648888	0.08335630946575218	0.44171973828255756	0.44171973828255756	0.0	4
DLBCL10871	0.06728842648303852	0.44254348969044355	0.14486685326079018	0.035350577124092786	0.30995065344163497	0.44254348969044355	1.0	1
DLBCL10539	0.11055640159065357	0.2231066111759773	0.14231995778163412	0.0797056823187874	0.4443113471329476	0.4443113471329476	3.0	4
DLBCL10888	0.10850407042768576	0.21779154619327354	0.14470645899583648	0.08451554694107997	0.4444823774421243	0.4444823774421243	4.0	4
DLBCL_LS297	0.15417222174544612	0.22497849362773945	0.132436202984009	0.4448762354202405	0.04353684622256488	0.4448762354202405	2.0	3
DLBCL10843	0.11682876116014439	0.24328682953648675	0.44765002419523864	0.08810427041476183	0.10413011469336829	0.44765002419523864	0.0	2
DLBCL_C_D_1133_NULLPAIR	0.14858164803592558	0.44801686173677263	0.181736242721096	0.05833609554486079	0.16332915196134493	0.44801686173677263	2.0	1
DLBCL10469	0.4481915512701289	0.08463872015762247	0.07731885746596641	0.06990060276583306	0.31995026834044915	0.4481915512701289	3.0	0
DLBCL_MC_F519_ALT	0.11012081265922447	0.21994324931357956	0.13647725650951525	0.08490469765112647	0.44855398386655426	0.44855398386655426	4.0	4
DLBCL10995	0.113363065008889	0.08358303615711428	0.44906418304168905	0.23829514886748004	0.11569456692482749	0.44906418304168905	2.0	2
DLBCL11469	0.1214465076747687	0.24427751472831055	0.4516022354120495	0.09611727361242473	0.08655646857244652	0.4516022354120495	2.0	2
DLBCL_RICOVER_1081	0.055766454629912525	0.04544657113813712	0.36228946295225145	0.08367955753593402	0.45281795374376493	0.45281795374376493	4.0	4
DLBCL10509	0.453147458085535	0.06390757103204611	0.05471912321603069	0.383363505447146	0.04486234221924209	0.453147458085535	0.0	0
DLBCL_RICOVER_151	0.06499133840985949	0.454873501810852	0.07134094519810684	0.3551250328157692	0.05366918176541244	0.454873501810852	3.0	1
DLBCL10928	0.06752429087717098	0.4564302918114495	0.12606161625253162	0.09243562052910019	0.2575481805297477	0.4564302918114495	0.0	1
DLBCL11519	0.45692380554033507	0.13428226860285303	0.04881029207329891	0.32399555765611204	0.03598807612740094	0.45692380554033507	0.0	0
DLBCL10491	0.193053541723404	0.4574043906878516	0.04748603299248268	0.21294679614571124	0.08910923845055059	0.4574043906878516	3.0	1
DLBCL11669	0.10378381594091189	0.24601364658122596	0.11793961575408962	0.07473155271807584	0.45753136900569663	0.45753136900569663	2.0	4
DLBCL10977	0.031785189285734435	0.4583777173295084	0.09867792273675316	0.07931073712943279	0.3318484335185714	0.4583777173295084	4.0	1
DLBC_FF_A7CX_TP_NB	0.07281544580267288	0.03919921881213777	0.10109267479443658	0.4584122773746061	0.32848038321614675	0.4584122773746061	4.0	3
DLBCL10878	0.21854122132738873	0.03770064702059009	0.11513955774004547	0.16950040841007602	0.4591181655018997	0.4591181655018997	4.0	4
DLBCL10898	0.21632628581472316	0.4602850936486694	0.2099419609551846	0.06587410875420843	0.047572550827214496	0.4602850936486694	4.0	1
DLBCL11191	0.24364431934258554	0.11815125566799706	0.46107429850651394	0.08926271812331127	0.0878674083595922	0.46107429850651394	0.0	2
DLBCL11486	0.06240287736161929	0.030525434483953236	0.2457692460025529	0.20010955798234814	0.46119288416952636	0.46119288416952636	0.0	4
DLBCL_RICOVER_711	0.17367718210247135	0.46395633890678367	0.1433243432206904	0.10850432594394518	0.11053780982610945	0.46395633890678367	3.0	1
DLBCL10869	0.11381843362591083	0.4655424544583275	0.12442041535853311	0.07350828135039814	0.22271041520683038	0.4655424544583275	0.0	1
DLBCL10844	0.09779849900370895	0.17525165525141448	0.09610485754273736	0.16510794011392016	0.4657370480882191	0.4657370480882191	0.0	4
DLBCL11536	0.26775013641653034	0.4669861215946617	0.11157489271322159	0.0909222245944522	0.06276662468113417	0.4669861215946617	3.0	1
DFCIDL009_DT	0.1486350659759205	0.4672796917770824	0.099983825834455	0.23237211903963664	0.05172929737290542	0.4672796917770824	2.0	1
DLBCL10881	0.46954202443153487	0.20628386014854705	0.09171703217849266	0.2092626692697911	0.02319441397163434	0.46954202443153487	4.0	0
DLBCL_C_D_1106_NULLPAIR	0.1276480375570386	0.15173217638027356	0.16073381973282563	0.09028722789267801	0.4695987384371842	0.4695987384371842	1.0	4
DLBCL10893	0.05952520319198138	0.03349508516076222	0.22096850491737238	0.2156530214626615	0.4703581852672226	0.4703581852672226	4.0	4
DLBCL_LS4619	0.2611946322314915	0.4705578984451398	0.11055849658804882	0.09327808429004507	0.06441088844527477	0.4705578984451398	4.0	1
DLBCL10985	0.28447385031938527	0.03447923361242668	0.17292480234635157	0.4727373927290922	0.03538472099274417	0.4727373927290922	1.0	3
DLBCL_C_D_1119_NULLPAIR	0.16491767117928127	0.47283566833252577	0.14593666984518644	0.1048444170420721	0.1114655736009344	0.47283566833252577	1.0	1
DLBCL_RICOVER_173	0.05374440584955805	0.048731235171493296	0.3135039340105122	0.11074362674605388	0.47327679822238267	0.47327679822238267	4.0	4
DLBC_FF_8062_TP_NB	0.09490845827377259	0.08010064500230611	0.4749312216205041	0.0794462436511346	0.2706134314522826	0.4749312216205041	3.0	2
DLBCL11187	0.15805895761370012	0.47499543649591935	0.14841748422658643	0.109835655171992	0.10869246649180202	0.47499543649591935	4.0	1
DLBCL10916	0.15972479913629642	0.4750486171783252	0.14822093838411177	0.10813187756839023	0.10887376773287641	0.4750486171783252	4.0	1
DLBCL_RICOVER_469	0.14828291879985753	0.043035845862216704	0.4751202411571242	0.27574577032300157	0.05781522385780005	0.4751202411571242	2.0	2
DLBCL11527	0.15800565768984906	0.47537786225625095	0.14951701888169744	0.10710674670923374	0.10999271446296884	0.47537786225625095	3.0	1
DLBCL10874	0.25611737258083045	0.47673172630296373	0.07327043652225555	0.08709505850052522	0.106785406093425	0.47673172630296373	1.0	1
DLBCL11573	0.16092295279056193	0.4768694266811066	0.15041508013264834	0.10214543634328285	0.10964710405240032	0.4768694266811066	2.0	1
DLBCL_RICOVER_583	0.1583181787240095	0.47718330200137976	0.14493970971476947	0.10660721616146261	0.11295159339837867	0.47718330200137976	1.0	1
DLBCL11429	0.13461824132889105	0.08727054705255055	0.164090888675811	0.13610957454117945	0.4779107484015679	0.4779107484015679	0.0	4
DLBCL10503	0.12879893284844687	0.08750650785753786	0.1620308519537373	0.14352957765493568	0.4781341296853423	0.4781341296853423	1.0	4
DLBCL_LS3204	0.12974522557096219	0.0887202983997215	0.16196450070416288	0.14057280266135885	0.4789971726637946	0.4789971726637946	1.0	4
DLBCL11595	0.08973509539157201	0.22858303575706063	0.07392931993214369	0.12859213132355596	0.4791604175956677	0.4791604175956677	4.0	4
DLBCL_MC_F606_DMJ	0.1587045413931413	0.4815711899939857	0.14673820582389474	0.10725613017851601	0.10572993261046232	0.4815711899939857	2.0	1
DLBCL_C_D_1108_NULLPAIR	0.16329953475957004	0.48176916564372607	0.14284769381303242	0.10829578577654093	0.10378782000713056	0.48176916564372607	1.0	1
DLBCL10865	0.15609590460722342	0.48285387095332377	0.14309105682655962	0.10844326660693986	0.10951590100595328	0.48285387095332377	4.0	1
DLBCL_RICOVER_440	0.15975833006378887	0.4832114365974225	0.14234535439142093	0.10689399442018757	0.10779088452718007	0.4832114365974225	2.0	1
DLBCL_RICOVER_467	0.483220558937882	0.3561236879411377	0.056916282856723975	0.06523855834518955	0.038500911919066814	0.483220558937882	1.0	0
DLBCL_MAYO_DLBCL_5613	0.15759047523672998	0.48363482826788123	0.14638966863310948	0.10384975811806552	0.10853526974421383	0.48363482826788123	0.0	1
DLBCL10845	0.061249822081862616	0.07909201596650045	0.1347356904084825	0.24085598913758288	0.48406648240557154	0.48406648240557154	1.0	4
DLBCL11591	0.059510900457375046	0.038177380661625494	0.4844085684263837	0.06266296529030718	0.35524018516430855	0.4844085684263837	1.0	2
DLBCL_RICOVER_1269	0.13338708145167105	0.08632835603926234	0.15824815192194785	0.13683338867862155	0.48520302190849723	0.48520302190849723	2.0	4
DLBCL10999	0.1415314084511844	0.2661485068327236	0.07561075024073072	0.48754574905815473	0.029163585417206456	0.48754574905815473	4.0	3
DLBCL10848	0.1234564868904624	0.08516628938720908	0.16320414006543002	0.13986353204086058	0.48830955161603795	0.48830955161603795	4.0	4
DLBCL10852	0.04221951717096063	0.1760828816919106	0.17036973200796035	0.12150752263319183	0.48982034649597656	0.48982034649597656	4.0	4
DLBCL10858	0.1252204536669793	0.08746784804281318	0.15916982193161514	0.1382372465685105	0.489904629790082	0.489904629790082	3.0	4
DLBCL_LS3499	0.1245519491168893	0.08826778297195417	0.16262078537733657	0.13449912392310598	0.49006035861071395	0.49006035861071395	3.0	4
DLBCL10936	0.1246657422336236	0.08851392716082354	0.1548946494058012	0.14064505451819903	0.4912806266815527	0.4912806266815527	2.0	4
DLBCL11204	0.1371583402829791	0.492173559145535	0.08096250148556612	0.08887218304531004	0.20083341604060972	0.492173559145535	1.0	1
DLBCL_MC_F132_MLM	0.4924656780537356	0.03476797407637808	0.06776995896165548	0.10291969067427734	0.3020766982339535	0.4924656780537356	0.0	0
DLBCL_RICOVER_408	0.05630484462539433	0.49261899903881096	0.1946073115687548	0.13175643342264837	0.12471241134439148	0.49261899903881096	2.0	1
DLBCL_RICOVER_320	0.1303709024177913	0.08850867962199399	0.15272085545575265	0.1350414490811084	0.49335811342335373	0.49335811342335373	2.0	4
DLBCL11670	0.04408012973167779	0.08645540062357684	0.49500178237304243	0.29778376293968895	0.07667892433201397	0.49500178237304243	2.0	2
DLBCL_RICOVER_977	0.12463904069616244	0.08770071385421523	0.15798476969002562	0.13463056652101632	0.49504490923858036	0.49504490923858036	0.0	4
DLBCL10525	0.08649788514889627	0.495203633802923	0.11427980841831861	0.2422022676936872	0.0618164049361749	0.495203633802923	0.0	1
DLBCL_RICOVER_1045	0.17754542539567106	0.1704065117462121	0.4962988007976166	0.08841670490293832	0.06733255715756184	0.4962988007976166	3.0	2
DLBCL11457	0.12780138734020446	0.08766735413510297	0.1543840331642342	0.1336867903056172	0.49646043505484105	0.49646043505484105	0.0	4
DLBCL_RICOVER_496	0.08436549327026603	0.2093386579350106	0.11247461464130636	0.49727627153288395	0.09654496262053315	0.49727627153288395	1.0	3
DLBCL10894	0.10139197875191501	0.4979064379472552	0.1233142012240592	0.20565816697342268	0.07172921510334805	0.4979064379472552	1.0	1
DLBCL10471	0.07445480485940377	0.0460935776923319	0.1415613960727869	0.4979309773574467	0.23995924401803082	0.4979309773574467	4.0	3
DLBCL_C_D_1103_NULLPAIR	0.06973696890126148	0.06962985145345824	0.33563680113426736	0.5010484277407594	0.0239479507702535	0.5010484277407594	3.0	3
DLBCL_C_D_1135_NULLPAIR	0.5011945815808704	0.23659503740323143	0.10252206227189437	0.08678891522929584	0.07289940351470801	0.5011945815808704	1.0	0
DLBCL10891	0.12572155640908111	0.5030722989418143	0.13101939660473583	0.08650042689384796	0.15368632115052078	0.5030722989418143	4.0	1
DLBCL10513	0.5034053412110235	0.07514241995525685	0.20517156465524322	0.19578684560936732	0.020493828569109026	0.5034053412110235	3.0	0
DLBCL10451	0.5041098514136966	0.118343215641971	0.133081465816083	0.11524811738945359	0.12921734973879584	0.5041098514136966	0.0	0
DLBCL10910	0.1343172214919056	0.5048221903366185	0.1076323794612714	0.19668243605338934	0.05654577265681511	0.5048221903366185	2.0	1
DLBCL_C_D_1109_NULLPAIR	0.5051689543789706	0.031316355951651824	0.05174220500150295	0.08355792320513246	0.3282145614627422	0.5051689543789706	3.0	0
DLBCL_C_D_1163_NULLPAIR	0.062429323204970306	0.031311394207332637	0.2935447524030898	0.10668462853002944	0.5060299016545778	0.5060299016545778	4.0	4
DLBCL10913	0.506824556927473	0.09974998367275444	0.15347816381286306	0.15296209638111674	0.08698519920579273	0.506824556927473	0.0	0
DLBCL11446	0.22814469783713165	0.5068995789614228	0.11905911273043387	0.07888686167970063	0.06700974879131107	0.5068995789614228	1.0	1
DLBCL11003	0.05676095006108249	0.1139280796061426	0.23386181799640351	0.08822714599941432	0.507222006336957	0.507222006336957	1.0	4
DLBCL10990	0.5092404231538272	0.09624924944443332	0.1562622662015145	0.1540269008975727	0.08422116030265227	0.5092404231538272	4.0	0
DLBCL10457	0.5102407043444389	0.13912250468504286	0.11650733228777378	0.09847913329831834	0.1356503253844261	0.5102407043444389	4.0	0
DLBCL_RICOVER_575	0.060359404254833125	0.03794043235333456	0.5106587469715339	0.34786208586777434	0.04317933055252403	0.5106587469715339	3.0	2
DLBCL11188	0.10001160411806036	0.06422419469263234	0.5117449585675515	0.21979750572405785	0.10422173689769794	0.5117449585675515	1.0	2
DLBCL10992	0.09336443897419842	0.03752846150519642	0.12068753669360972	0.512108417264544	0.23631114556245147	0.512108417264544	4.0	3
DLBCL10932	0.512329898603171	0.05496044711039408	0.0418425237984401	0.08486166036530145	0.30600547012269336	0.512329898603171	3.0	0
DLBCL11680	0.10153023054647703	0.09596098297836483	0.07919343250210295	0.20983829827427217	0.513477055698783	0.513477055698783	2.0	4
DLBCL10954	0.5144888175306163	0.12393935781519552	0.12392473197404301	0.11110329051431062	0.12654380216583455	0.5144888175306163	1.0	0
DLBCL10464	0.515451759805911	0.13771686476874131	0.11815746004433061	0.09647036102430093	0.13220355435671624	0.515451759805911	2.0	0
DLBCL10868	0.2133235208887525	0.023177016039399544	0.06498144110276821	0.1824445625470565	0.5160734594220232	0.5160734594220232	3.0	4
DLBCL11203	0.14306708340272772	0.13345616044640193	0.1242845889200779	0.08267205447179292	0.5165201127589995	0.5165201127589995	1.0	4
DLBCL10988	0.12874614430973436	0.1829921654223143	0.12494598022952967	0.5171130647301014	0.04620264530832029	0.5171130647301014	1.0	3
DLBCL11002	0.5177610670045715	0.11185476468413064	0.039635202926155653	0.29805002825002785	0.03269893713511442	0.5177610670045715	3.0	0
DLBCL_RICOVER_174	0.5181807848444369	0.09391872457984254	0.15311931608601242	0.152004352010894	0.08277682247881418	0.5181807848444369	1.0	0
DLBCL11678	0.043399029081219995	0.3017708127590681	0.5198339720954105	0.028545809830607415	0.10645037623369401	0.5198339720954105	3.0	2
DLBCL11474	0.07960765739339098	0.13545669537910715	0.17377986511429597	0.5199345832961587	0.09122119881704722	0.5199345832961587	0.0	3
DLBCL11666	0.04347829591649764	0.04280092487956046	0.5213202791639019	0.2873653164004885	0.10503518363955149	0.5213202791639019	2.0	2
DFCIDL010_DT	0.10703963603267108	0.1933409758359641	0.5222747190774953	0.09345437493384884	0.08389029412002066	0.5222747190774953	0.0	2
DLBCL11434	0.5225191331207993	0.0931681307238069	0.15419654140070654	0.14931114468763124	0.0808050500670559	0.5225191331207993	0.0	0
DLBCL_C_D_1144_NULLPAIR	0.5229059530301946	0.09317164422577383	0.15156116733933606	0.1479996437985384	0.08436159160615715	0.5229059530301946	4.0	0
DLBCL10917	0.5229724725436778	0.026353231201277066	0.08995633052119316	0.1883362664828456	0.17238169925100624	0.5229724725436778	1.0	0
DLBCL11581	0.5241956444330798	0.11493646844565517	0.12648633912164275	0.10833217111265807	0.12604937688696424	0.5241956444330798	4.0	0
DLBCL11541	0.13210676796473417	0.13457078479110202	0.12567024003272415	0.08198371996558595	0.5256684872458538	0.5256684872458538	2.0	4
DLBCL_RICOVER_1106	0.22922233386416022	0.526289293171715	0.06492034605634318	0.13718132838788297	0.04238669851989865	0.526289293171715	4.0	1
DLBCL11526	0.5271391162343498	0.09191141204694699	0.15117687382810516	0.14973544390162652	0.08003715398897142	0.5271391162343498	2.0	0
DLBCL10483	0.05320888503493794	0.5275351932760012	0.14472216720348088	0.19900703880310755	0.0755267156824724	0.5275351932760012	1.0	1
DLBCL_RICOVER_449	0.06273106922537956	0.10766288211093317	0.14844861180450708	0.1534980781113419	0.5276593587478383	0.5276593587478383	4.0	4
DLBCL_MAYO_DLBCL_7359	0.5286999774552543	0.13529204137911105	0.10830018559337536	0.09533588835264875	0.13237190721961042	0.5286999774552543	1.0	0
DLBCL10899	0.529672256404254	0.0763784151723149	0.058391369864742027	0.095782587551694	0.23977537100699509	0.529672256404254	4.0	0
DLBCL10889	0.13781973312352036	0.13297364228803196	0.1183410167134887	0.08089921417839312	0.5299663936965658	0.5299663936965658	4.0	4
DLBCL_RICOVER_1248	0.13510237117675739	0.13468943237786518	0.12061386478352583	0.07856826868394773	0.531026062977904	0.531026062977904	4.0	4
DLBCL11432	0.047637500939135734	0.058296758427409875	0.5321202694421269	0.22891295620692712	0.13303251498440039	0.5321202694421269	0.0	2
DLBCL10454	0.2481120131981291	0.07656834802202542	0.07672449593597783	0.06531806638835459	0.533277076455513	0.533277076455513	4.0	4
DLBCL11509	0.1290582065017119	0.0954551508822362	0.5334903002486349	0.10488048444221809	0.13711585792519898	0.5334903002486349	0.0	2
DLBCL_RICOVER_1150	0.5336473031613372	0.20059791525328582	0.059037003678021456	0.0772709826623155	0.1294467952450399	0.5336473031613372	0.0	0
DLBCL11430	0.2324995999481895	0.06721911119595467	0.04440616392401503	0.5345537884721119	0.12132133645972895	0.5345537884721119	0.0	3
DLBCL_C_D_1148_NULLPAIR	0.13219620720820152	0.1327130698230223	0.11967989825901056	0.07925126235836272	0.5361595623514028	0.5361595623514028	0.0	4
DLBCL10922	0.13844269639965695	0.5363011715328823	0.16252380810887504	0.12986882176062772	0.03286350219795802	0.5363011715328823	1.0	1
DLBCL10534	0.13319004907171597	0.1293191736471551	0.11895855404633121	0.08014149815715778	0.53839072507764	0.53839072507764	4.0	4
DLBCL11658	0.15158638944560943	0.07591483545862594	0.0708427139847506	0.1631708409508606	0.5384852201601535	0.5384852201601535	3.0	4
DLBCL11441	0.12527585154955811	0.09707515963023176	0.5386245886860079	0.1056497927751805	0.1333746073590217	0.5386245886860079	2.0	2
DLBCL_C_D_1113_NULLPAIR	0.13276425383202878	0.13302216758905727	0.11603900804026582	0.07883180195186486	0.5393427685867832	0.5393427685867832	2.0	4
DLBCL_RICOVER_134	0.12900658816348248	0.09491650585918596	0.5394946949768745	0.10677441919305292	0.12980779180740404	0.5394946949768745	4.0	2
DLBCL10986	0.09138623757025635	0.056341061798034046	0.09225757178804482	0.5403221946763112	0.21969293416735367	0.5403221946763112	0.0	3
DLBCL11196	0.13156028676529602	0.1273598852918901	0.12252224154904792	0.07790748757181917	0.5406500988219468	0.5406500988219468	3.0	4
DLBCL_LS1304	0.2825011018348815	0.05913602193146586	0.07123641694289283	0.5427367577565326	0.04438970153422729	0.5427367577565326	2.0	3
DLBCL_RICOVER_1192	0.06458662539776423	0.036156827929869934	0.2504374683961206	0.10485797122634868	0.5439611070498966	0.5439611070498966	4.0	4
DLBCL11500	0.23646464420942215	0.04067851631865977	0.12437933846144562	0.053714446594372633	0.5447630544160998	0.5447630544160998	4.0	4
DLBCL11564	0.13021575930244583	0.09266467467619961	0.5455589131304771	0.10199703554610458	0.1295636173447729	0.5455589131304771	3.0	2
DLBCL_LS3809	0.12498848637718103	0.09446724070814597	0.5461676049413023	0.10877169601523386	0.12560497195813683	0.5461676049413023	0.0	2
DLBCL_RICOVER_274	0.12216201009538254	0.0955374847658692	0.5473393819411468	0.10379843193624952	0.13116269126135197	0.5473393819411468	3.0	2
DLBCL_RICOVER_253	0.5474714096327252	0.23905718514952534	0.11979459642443027	0.0599053125016034	0.033771496291715775	0.5474714096327252	1.0	0
DLBCL10914	0.1252716046837764	0.0930938794927188	0.5481186823803338	0.10639400454875647	0.1271218288944145	0.5481186823803338	0.0	2
DLBCL11679	0.12348021096462192	0.0926470440539902	0.5505175492813081	0.1056441215491251	0.12771107415095467	0.5505175492813081	1.0	2
DLBCL10963	0.07361481398948551	0.08109377393190469	0.1067240408513348	0.5527162095616044	0.18585116166567067	0.5527162095616044	4.0	3
DLBCL_LS843	0.12118822055047195	0.08940966015687574	0.5539037878433692	0.10878079635994416	0.1267175350893389	0.5539037878433692	2.0	2
DLBCL11538	0.11505650563098509	0.092700066637594	0.11655070079245552	0.5566829762285004	0.11900975071046505	0.5566829762285004	4.0	3
DLBCL10487	0.0758744367377983	0.14971734963046476	0.06891313881694001	0.14856685848678777	0.5569282163280092	0.5569282163280092	1.0	4
DLBCL10465	0.03697451657043182	0.0897269223893728	0.5585161456151061	0.05135682542736995	0.2634255899977195	0.5585161456151061	2.0	2
DLBCL11566	0.04768850539144693	0.024627384320584332	0.5595201219108702	0.12628368028423378	0.24188030809286476	0.5595201219108702	2.0	2
DLBCL10973	0.22829599870376596	0.08071894009839495	0.07240238722953382	0.5602783430722751	0.058304330896030175	0.5602783430722751	3.0	3
DLBCL10907	0.13486872728738877	0.560815039234577	0.1823350845675959	0.05070945327265493	0.07127169563778335	0.560815039234577	1.0	1
DLBCL11657	0.22790756781414417	0.07819595386537596	0.07499253363117998	0.561063805195357	0.05784013949394288	0.561063805195357	3.0	3
DLBCL10550	0.0872846112058428	0.5619514747461873	0.09597694791892607	0.06504202298884608	0.18974494314019774	0.5619514747461873	4.0	1
DLBCL10864	0.5621231928269339	0.04131741739719204	0.08272132421455404	0.16346776359282106	0.15037030196849885	0.5621231928269339	4.0	0
DLBCL10495	0.13250925470974007	0.20527552583581285	0.06613166345969455	0.5627168279654103	0.03336672802934227	0.5627168279654103	0.0	3
DLBCL10906	0.07809441715442984	0.5647232119551124	0.053172088301072	0.037952813423960195	0.26605746916542555	0.5647232119551124	1.0	1
DLBCL10966	0.1794560672096864	0.03221760139353713	0.1989060681142603	0.5652611245776565	0.024159138704859646	0.5652611245776565	0.0	3
DLBCL10875	0.5657680182578495	0.019508192958185126	0.21330883207130324	0.05377930574223833	0.1476356509704238	0.5657680182578495	0.0	0
DLBCL_LS1395	0.06001096265790986	0.5678839506683413	0.07049128940352263	0.04316482070044525	0.258448976569781	0.5678839506683413	2.0	1
DLBCL_RICOVER_1204	0.09108181824872967	0.13593068256408544	0.5706683767229312	0.1020933158500811	0.10022580661417257	0.5706683767229312	3.0	2
DLBCL10549	0.04271839081365624	0.5715545018042709	0.19756406887638728	0.07618413176451472	0.11197890674117082	0.5715545018042709	1.0	1
DLBCL10462	0.06421599439264315	0.0849492465993806	0.15596646006607012	0.11932970662894904	0.575538592312957	0.575538592312957	0.0	4
DLBCL_LS2599	0.18144344110270874	0.04147628815584475	0.08861244142786152	0.10947836442258269	0.5789894648910023	0.5789894648910023	2.0	4
DLBCL11449	0.08912777233330221	0.1321613419781421	0.5792858715754706	0.09995977215356967	0.09946524195951542	0.5792858715754706	1.0	2
DLBCL_LS2245	0.5822373394356863	0.1147030270217436	0.0970509111816682	0.15619634466142218	0.04981237769947962	0.5822373394356863	1.0	0
DLBCL11507	0.05466228023586657	0.582589849355437	0.22850694431347207	0.05117274790164071	0.08306817819358363	0.582589849355437	1.0	1
DLBCL10895	0.19545629401962808	0.04510986000358104	0.07858218115277571	0.09670718880487199	0.5841444760191432	0.5841444760191432	4.0	4
DLBCL_LS2590	0.17306653389958845	0.016443304005656238	0.07348670322691483	0.15153460470595154	0.585468854161889	0.585468854161889	3.0	4
DLBCL11464	0.08218230310113651	0.12264407716055227	0.5860679984586016	0.0912841165639541	0.11782150471575543	0.5860679984586016	3.0	2
DLBCL_RICOVER_1329	0.18282114339897085	0.5890390471690654	0.059229193039597575	0.04967880533207859	0.11923181106028755	0.5890390471690654	4.0	1
DLBCL11433	0.053141969411688646	0.032780835279245	0.2466157039422498	0.07740089987906229	0.5900605914877542	0.5900605914877542	3.0	4
DLBCL10862	0.061400545140568585	0.10407137800151449	0.19277169780474462	0.047790552956764966	0.5939658260964074	0.5939658260964074	4.0	4
DLBCL11004	0.07915459887410274	0.12233708030312786	0.595384843956916	0.08818874041298506	0.11493473645286828	0.595384843956916	4.0	2
DLBCL10931	0.25387157952116113	0.08097220145780921	0.04275805702391362	0.5955345825602494	0.026863579436866698	0.5955345825602494	0.0	3
DLBCL_C_D_1151_NULLPAIR	0.034732079323053826	0.26926161818412275	0.049255022203022504	0.05087372484539912	0.5958775554444018	0.5958775554444018	3.0	4
DLBCL_RICOVER_522	0.27567004064209527	0.07351373768314438	0.02720608247206706	0.596793644630994	0.02681649457169924	0.596793644630994	2.0	3
DLBCL_MC_F500_ECU	0.10018357262748753	0.5972580958831466	0.0924228140595076	0.08291797775571573	0.12721753967414262	0.5972580958831466	1.0	1
DLBCL11504	0.13860502177071085	0.04941511769039341	0.07598651663699708	0.13864830873882156	0.5973450351630771	0.5973450351630771	4.0	4
DLBCL_RICOVER_1263	0.05656668892564493	0.21260067327241128	0.082699651339473	0.047262343735181976	0.6008706427272887	0.6008706427272887	2.0	4
DLBCL10981	0.10183181770655585	0.601939396562929	0.134870503223645	0.08700564923398964	0.07435263327288044	0.601939396562929	1.0	1
DLBCL_MC_F210_GWC	0.2711216263483503	0.04582481078474866	0.0414696218494778	0.602898589594081	0.03868535142334219	0.602898589594081	1.0	3
DLBCL_RICOVER_120	0.0750863428644627	0.21959813929561073	0.06184037145406884	0.04031812519545121	0.6031570211904065	0.6031570211904065	4.0	4
DLBCL_LS1683	0.159937866083627	0.08309750079080284	0.07902436581223013	0.07259514342201476	0.6053451238913252	0.6053451238913252	1.0	4
DLBCL10492	0.10158848604457076	0.6056270940409684	0.13450358905910303	0.0862624967156378	0.07201833413972006	0.6056270940409684	0.0	1
DLBCL11656	0.05006672850637101	0.0995590412547124	0.07672325625269924	0.16791900208402682	0.6057319719021905	0.6057319719021905	2.0	4
DLBCL_RICOVER_1018	0.21910745074819477	0.04133340398712962	0.05687349015383193	0.6069599134207491	0.07572574169009462	0.6069599134207491	3.0	3
DLBCL11671	0.08298381570243789	0.16311611915266083	0.07365670218115358	0.06740688951299376	0.612836473450754	0.612836473450754	0.0	4
DLBCL_MC_F496DMP	0.05629245537063211	0.2495528298370315	0.04195575729871918	0.039357942400773685	0.6128410150928435	0.6128410150928435	1.0	4
DLBCL10909	0.0755016766253171	0.1109695872339518	0.0974618145295555	0.10245515527662954	0.6136117663345461	0.6136117663345461	4.0	4
DLBCL10532	0.6136885433608632	0.031043052111246958	0.03349216456997042	0.26935712386714344	0.05241911609077602	0.6136885433608632	4.0	0
DLBCL10927	0.6149513818246283	0.09215779963814574	0.09386985851549495	0.08541498708990103	0.11360597293182995	0.6149513818246283	3.0	0
DLBCL11439	0.6166606100748604	0.08028002413764626	0.08528327628002394	0.089449519725963	0.12832656978150642	0.6166606100748604	2.0	0
DLBCL11667	0.057236067906755984	0.04621369504138975	0.6174128737246323	0.05054899862473673	0.22858836470248525	0.6174128737246323	2.0	2
DLBCL_BWH_DLBCL64	0.13246884410267387	0.0862866295869981	0.11924892350043191	0.6215738685435449	0.04042173426635121	0.6215738685435449	1.0	3
DLBCL10987	0.13041661456890702	0.6249495165030321	0.047889899429656664	0.11208952780346938	0.0846544416949348	0.6249495165030321	4.0	1
DLBCL11513	0.07827328628196377	0.15307023855627497	0.07417752776260195	0.06535292025542425	0.629126027143735	0.629126027143735	4.0	4
DLBCL10782	0.10133769707600476	0.17924779903215932	0.056494370500763745	0.6339434891301923	0.028976644260879935	0.6339434891301923	3.0	3
DLBCL_RICOVER_950	0.1407839825321691	0.027862961463641124	0.6343756446489118	0.10454920876014075	0.09242820259513723	0.6343756446489118	3.0	2
DLBCL_RICOVER_1032	0.6366680555609157	0.030156334437132275	0.029122112883754794	0.09528817202835554	0.20876532508984172	0.6366680555609157	4.0	0
DLBCL_MC_F362_MJB1	0.14996312615178176	0.6373498902588063	0.06693007879960682	0.07373552048730597	0.07202138430249921	0.6373498902588063	2.0	1
DLBCL11242	0.12477404053695543	0.06943561827913444	0.13293154654626005	0.6375659896102559	0.035292805027394125	0.6375659896102559	4.0	3
DLBCL10873	0.04890480108167043	0.15689577387102652	0.638510398410429	0.06152780108939969	0.09416122554747441	0.638510398410429	1.0	2
DLBCL_RICOVER_473	0.12066599604021827	0.06704356015831449	0.13403748767246526	0.6391559676056491	0.03909698852335293	0.6391559676056491	0.0	3
DLBCL10859	0.13510580935556657	0.6414287817908683	0.03755466235786031	0.07005202040670117	0.11585872608900374	0.6414287817908683	1.0	1
DLBCL10565	0.6430968961616512	0.08615009648906624	0.07998768277631686	0.08156147825725993	0.1092038463157057	0.6430968961616512	3.0	0
DLBCL_C_D_1115_NULLPAIR	0.0964679157120643	0.022079816526256426	0.14406950712429828	0.09040054031422677	0.6469822203231542	0.6469822203231542	3.0	4
DLBCL11683	0.0720586385192756	0.021441644592886538	0.6501036426984196	0.19022457391142783	0.06617150027799043	0.6501036426984196	2.0	2
DLBCL10552	0.6519472020081751	0.06987698195528179	0.056328442268441255	0.05918329765347626	0.16266407611462558	0.6519472020081751	3.0	0
DLBCL10514	0.07209837198198282	0.6526845258369084	0.11168814950746235	0.07413768625600059	0.08939126641764579	0.6526845258369084	2.0	1
DLBCL_RICOVER_826	0.6540014872555329	0.187707143165784	0.0535517400268851	0.05589682615712619	0.04884280339467186	0.6540014872555329	0.0	0
DLBCL_RICOVER_1219	0.05632588646560443	0.04073943045646626	0.19320319153971965	0.055101149746533476	0.6546303417916761	0.6546303417916761	4.0	4
DLBCL_C_D_1136_NULLPAIR	0.08006707565064868	0.6546337031720272	0.056940119061607286	0.10009041728363079	0.10826868483208611	0.6546337031720272	1.0	1
DLBCL11455	0.6553506936026727	0.17877675833763731	0.0555372167597273	0.06232386581505185	0.04801146548491082	0.6553506936026727	2.0	0
DLBCL10883	0.07469736456695748	0.12075050983874577	0.09378126880660595	0.055027622483152246	0.6557432343045385	0.6557432343045385	4.0	4
DLBCL11435	0.660169226620296	0.0452099452786558	0.06362577381556864	0.08549830754802229	0.14549674673745724	0.660169226620296	0.0	0
DLBCL11652	0.6629379825331588	0.06335630425119093	0.05886382938822475	0.1514259100517872	0.0634159737756383	0.6629379825331588	0.0	0
DLBCL11448	0.07622421623717356	0.13399044742918698	0.06897663568871622	0.6640198891268664	0.05678881151805689	0.6640198891268664	3.0	3
DLBC_FF_A7CR_TP_NB	0.039318589968977816	0.016262257436942863	0.6642303761225911	0.0650843428569499	0.21510443361453835	0.6642303761225911	4.0	2
DLBCL11590	0.17838673390561463	0.6669152172357653	0.05365596447650386	0.05138782846692445	0.04965425591519177	0.6669152172357653	2.0	1
DLBCL_C_D_1118_NULLPAIR	0.6700388258101349	0.08228818539852996	0.05518878113750356	0.057396257858229174	0.13508794979560237	0.6700388258101349	1.0	0
DLBCL10935	0.1399573635387138	0.06415628849497826	0.08774411085348563	0.6710560393271416	0.037086197785680695	0.6710560393271416	0.0	3
DLBCL_LS2357	0.6714893474824258	0.030137008036865445	0.08753461309497607	0.13998207940054316	0.07085695198518956	0.6714893474824258	3.0	0
DLBCL10544	0.08771724221621403	0.10881122167522858	0.06100289167801408	0.6785622801254065	0.06390636430513677	0.6785622801254065	3.0	3
DLBCL10834	0.0502379308077336	0.08876598670834547	0.6786814529027463	0.07601548911954571	0.10629914046162885	0.6786814529027463	1.0	2
DLBCL10554	0.6821838912018839	0.0563331357021342	0.16475030095433296	0.04190668208312237	0.05482599005852652	0.6821838912018839	2.0	0
DLBCL_LS4592	0.06612555394123573	0.0241715592678878	0.6824799540005672	0.040696843129644805	0.18652608966066447	0.6824799540005672	2.0	2
DLBCL_RICOVER_451	0.683140952649218	0.10704714365399585	0.07414102049820036	0.10882593587911349	0.026844947319472276	0.683140952649218	0.0	0
DLBCL_RICOVER_712	0.05682919792515125	0.6854200361612509	0.0863799957630365	0.05280536033500433	0.11856540981555695	0.6854200361612509	4.0	1
DLBCL_LS2089	0.0632246093216691	0.15322928318943418	0.030650421548645	0.0666351360824277	0.6862605498578239	0.6862605498578239	1.0	4
DLBCL11655	0.6863276539453886	0.05450096741093326	0.05612076073404954	0.1447066074818763	0.05834401042775227	0.6863276539453886	3.0	0
DLBCL_RICOVER_299	0.15059436394135411	0.6863498468034551	0.06827614281132044	0.06058044960144222	0.034199196842428115	0.6863498468034551	1.0	1
DLBCL10902	0.0687420071718854	0.04220138007516729	0.09445619414502099	0.10546772641787551	0.6891326921900508	0.6891326921900508	4.0	4
DLBCL10997	0.06883687824170505	0.04105902341398642	0.09570183646415596	0.10337373624818613	0.6910285256319665	0.6910285256319665	0.0	4
DLBCL_MC_F927_JHS	0.692842729225356	0.14198355948961813	0.05074345866787082	0.06855650798364851	0.04587374463350662	0.692842729225356	4.0	0
DLBCL_RICOVER_1235	0.03488846193579361	0.058974240063807165	0.6939606082408664	0.044448980097612785	0.1677277096619201	0.6939606082408664	1.0	2
DLBCL10485	0.043660853595113534	0.023740769702131237	0.14628560499662335	0.09127990123254437	0.6950328704735875	0.6950328704735875	4.0	4
DLBCL11482	0.15153269347884554	0.056827831859511374	0.06168706462079833	0.6960192638224826	0.03393314621836218	0.6960192638224826	0.0	3
DLBCL_RICOVER_617	0.06630034160249833	0.041177642076340185	0.09539425632196724	0.09977960878001113	0.697348151219183	0.697348151219183	3.0	4
DLBCL_RICOVER_978	0.698447985598137	0.18322301522421713	0.03807410829639339	0.0615952633135935	0.018659627567658956	0.698447985598137	2.0	0
DLBCL_C_D_1156_NULLPAIR	0.061021332637456356	0.12633435210047	0.07181313918894253	0.042105042760327935	0.6987261333128032	0.6987261333128032	0.0	4
DLBCL10972	0.6989764466008503	0.07639953376813446	0.07314524440743587	0.0691816759345751	0.08229709928900418	0.6989764466008503	0.0	0
DLBCL11662	0.067928236707133	0.041241125012658725	0.09105456388543694	0.10022220767991136	0.69955386671486	0.69955386671486	0.0	4
DLBCL_RICOVER_577	0.06643183115313252	0.07847437715647357	0.6997987006925599	0.03728946757713543	0.11800562342069856	0.6997987006925599	2.0	2
DLBCL_RICOVER_314	0.03086990825043462	0.1654693278236913	0.04699191614477806	0.05317164626233109	0.7034972015187649	0.7034972015187649	4.0	4
DLBCL_LS951	0.09898194845186925	0.0772378091256589	0.05913855003516094	0.7045488534665982	0.0600928389207127	0.7045488534665982	0.0	3
DLBCL10921	0.08570265528040782	0.7047935851994017	0.05904340524499818	0.04308225925573957	0.10737809501945264	0.7047935851994017	4.0	1
DLBCL11440	0.05704474065216324	0.08464034215803724	0.08398050109104996	0.06644385807307626	0.7078905580256732	0.7078905580256732	4.0	4
DLBCL10837	0.06352131970534905	0.708843752266197	0.05532403991099478	0.0381750410380184	0.1341358470794408	0.708843752266197	4.0	1
DLBCL_RICOVER_701	0.08031406763943104	0.7089310278111751	0.060057172802213496	0.04571114510686009	0.10498658664032032	0.7089310278111751	3.0	1
DLBCL_C_D_1112_NULLPAIR	0.05948113733377725	0.0847679812892645	0.07974406561085778	0.06496976472605226	0.7110370510400483	0.7110370510400483	2.0	4
DLBCL11480	0.07123031863244222	0.0416790019907616	0.07568236702029801	0.7124554655921623	0.09895284676433586	0.7124554655921623	0.0	3
DLBC_FF_8043_TP_NB	0.09435333533930591	0.7150991750441663	0.08057933266243922	0.0615531644941024	0.04841499245998619	0.7150991750441663	1.0	1
DLBCL11569	0.09943226773846378	0.7157856783964401	0.07597387405783235	0.060597176295397986	0.048211003511865864	0.7157856783964401	2.0	1
DLBCL10930	0.07461324843443067	0.7160497153628144	0.05926534974446805	0.045245414787187056	0.10482627167109985	0.7160497153628144	4.0	1
DLBCL11537	0.09518305752745847	0.7185664811078234	0.0776793246566665	0.05985470195399466	0.04871643475405701	0.7185664811078234	0.0	1
DLBCL10876	0.06022357814088526	0.7185703940390595	0.12700897061761024	0.05456013326836558	0.03963692393407941	0.7185703940390595	4.0	1
DLBCL11510	0.09862104321785571	0.719870575387276	0.07605459989792128	0.05987497790375281	0.045578803593194266	0.719870575387276	4.0	1
DLBCL10450	0.09056258355371899	0.7200190356118739	0.07675449825224756	0.06347873171105833	0.0491851508711013	0.7200190356118739	0.0	1
DLBCL_MC_F307_JPS	0.06962144459763515	0.04130808005429131	0.07202756858886453	0.7222559964493154	0.09478691030989361	0.7222559964493154	0.0	3
DLBCL_C_D_1131_NULLPAIR	0.09444085489605976	0.7226641498198454	0.07655914916415799	0.05859549557736784	0.04774035054256902	0.7226641498198454	1.0	1
DLBCL11675	0.08659192244533773	0.027704833357380543	0.04346297370530577	0.7228984601939563	0.11934181029801964	0.7228984601939563	2.0	3
DLBCL11470	0.1279665251409617	0.7233222684647381	0.047430222454557476	0.03877646929129104	0.06250451464845165	0.7233222684647381	0.0	1
DLBCL11663	0.12311799892876081	0.7267602750149692	0.04998732770035796	0.07539775016166579	0.024736648194246248	0.7267602750149692	0.0	1
DLBCL_LS4054	0.092401291250816	0.7282326158116526	0.07472018572246665	0.05753771005998371	0.047108197155081084	0.7282326158116526	1.0	1
DLBC_FF_A7CQ_TP_NB	0.025734184542559102	0.02190556504866866	0.03270420097835795	0.19067864750024674	0.7289774019301676	0.7289774019301676	4.0	4
DLBCL10484	0.10844767204772895	0.06874663232686996	0.0569204238720017	0.7303042441114098	0.035581027641989595	0.7303042441114098	1.0	3
DLBCL10945	0.13278507440041154	0.01811306698917237	0.04181767903151044	0.07394039093225994	0.7333437886466457	0.7333437886466457	0.0	4
DLBCL10924	0.061356411898031475	0.030265081095998722	0.04656700919574463	0.12583244856934794	0.7359790492408772	0.7359790492408772	4.0	4
DLBCL11202	0.7361709724372951	0.09117444911948094	0.08677026612866791	0.06985062582529629	0.01603368648925969	0.7361709724372951	0.0	0
DLBCL10890	0.04147649295439242	0.02664231926531509	0.10914172476116805	0.08457943932477782	0.7381600236943466	0.7381600236943466	4.0	4
DLBCL11208	0.07059227176425917	0.7401888371025122	0.06434101030742839	0.04322691995947974	0.08165096086632052	0.7401888371025122	1.0	1
DLBCL_C_D_1149_NULLPAIR	0.04971351384786382	0.036851591819722036	0.7416196448791774	0.05096535316747084	0.12084989628576591	0.7416196448791774	1.0	2
DLBCL_RICOVER_850	0.07598990017640662	0.03019400242169082	0.06364530590720299	0.08641986381675258	0.7437509276779469	0.7437509276779469	4.0	4
DLBCL10553	0.04124671952439939	0.0241813465877816	0.7496238580141306	0.10718751093180581	0.07776056494188269	0.7496238580141306	3.0	2
DLBCL10974	0.03375331810452222	0.0324266562460494	0.05628978614040332	0.12486446881544376	0.7526657706935813	0.7526657706935813	3.0	4
DLBCL10863	0.03998287365999608	0.03998488110027327	0.7560798862313798	0.06684753165997778	0.09710482734837309	0.7560798862313798	3.0	2
DLBCL_C_D_1141_NULLPAIR	0.05803181854349487	0.09034091902859614	0.7618964932834823	0.06759432864277924	0.02213644050164745	0.7618964932834823	2.0	2
DLBCL10467	0.08628252655178881	0.021416808167518973	0.05307437778210847	0.07718814438968806	0.7620381431088957	0.7620381431088957	4.0	4
DLBCL10967	0.06113246433064608	0.05124686377863664	0.0690437734295033	0.0546725014859364	0.7639043969752776	0.7639043969752776	4.0	4
DFCIDL003_DT	0.7640434420960794	0.01718330797060351	0.15332114392163393	0.04501884707478801	0.020433258936895148	0.7640434420960794	1.0	0
DLBCL_LS4616	0.032480563428341845	0.7668180748677685	0.1179449299744959	0.03358550237995047	0.04917092934944322	0.7668180748677685	2.0	1
DLBCL_RICOVER_1046	0.0534833398367389	0.03719091946351324	0.7688556924505981	0.053185061100075835	0.08728498714907389	0.7688556924505981	1.0	2
DLBCL10947	0.7719974113903861	0.037643287718285165	0.11685204761618277	0.051393652351483535	0.022113600923662328	0.7719974113903861	1.0	0
DLBCL_C_D_1139_NULLPAIR	0.11817594519615555	0.040011858087835084	0.03859007642363019	0.7720272399100153	0.031194880382363906	0.7720272399100153	3.0	3
DLBCL10466	0.05428218296966625	0.037939268711406966	0.778287657128901	0.053221409810680353	0.07626948137934544	0.778287657128901	2.0	2
DLBCL11491	0.05843015592010446	0.039441326233676896	0.7798485232715319	0.061510950430714105	0.060769044143972654	0.7798485232715319	3.0	2
DLBCL_RICOVER_985	0.05358465503930589	0.05206399612992216	0.04981790150400521	0.7801041196359327	0.06442932769083401	0.7801041196359327	3.0	3
DLBCL11558	0.08937265573548536	0.058733113446605735	0.781830494863336	0.04709861902471828	0.02296511692985457	0.781830494863336	2.0	2
DLBCL_RICOVER_780	0.049106348859870134	0.036220290157815485	0.781983215715324	0.05187753874394827	0.08081260652304212	0.781983215715324	1.0	2
DLBCL10521	0.05142589613366424	0.7833127476994147	0.05728767858683024	0.03757220158677227	0.07040147599331852	0.7833127476994147	4.0	1
DLBCL_LS155	0.06006104012947982	0.038958715852405776	0.7837122359737424	0.05691907903434596	0.060348929010026094	0.7837122359737424	2.0	2
DLBCL10498	0.05470298583522426	0.038823034210210286	0.7860881441325194	0.05807689525618538	0.06230894056586063	0.7860881441325194	2.0	2
DLBCL10523	0.05627592111044822	0.03842147791720528	0.7870619051562204	0.05818622699067652	0.060054468825449445	0.7870619051562204	2.0	2
DLBCL10842	0.02836147133251531	0.026387648292009194	0.08807255902135026	0.0665292664144667	0.7906490549396585	0.7906490549396585	4.0	4
DLBCL10975	0.7957251571401336	0.05180330647704672	0.029692733087791325	0.08646379250617638	0.036315010788852	0.7957251571401336	0.0	0
DLBCL_RICOVER_1165	0.016496435556081903	0.7969221171849676	0.06414148384510018	0.02758585812272806	0.09485410529112216	0.7969221171849676	1.0	1
DLBCL11459	0.059034276398380464	0.023653697344645754	0.0872187396946095	0.7970329658941133	0.033060320668250924	0.7970329658941133	3.0	3
DLBCL_C_D_1126_NULLPAIR	0.04572130816845137	0.051583316918904554	0.7970767870406014	0.05777635876781121	0.04784222910423147	0.7970767870406014	1.0	2
DLBCL_C_D_1123_NULLPAIR	0.045654555048520985	0.05211231230163542	0.7975914897541376	0.05515739374086574	0.049484249154840204	0.7975914897541376	0.0	2
DLBCL10490	0.059436489893567555	0.800473757506413	0.07137730698788608	0.04004641477867107	0.028666030833462215	0.800473757506413	0.0	1
DLBCL_LS378	0.8036910659075727	0.025132860812760203	0.03047624470852692	0.11483172473967532	0.025868103831464907	0.8036910659075727	0.0	0
DLBCL11476	0.08913302871020978	0.035012855986546444	0.0342583730663331	0.03434575439309856	0.8072499878438121	0.8072499878438121	4.0	4
DLBCL10541	0.05416463769343342	0.8078442872565842	0.060356615176996704	0.04541344425553546	0.03222101561745022	0.8078442872565842	1.0	1
DLBCL10548	0.8080988465656075	0.04154967483777039	0.03292575962322206	0.059874551239505275	0.05755116773389476	0.8080988465656075	0.0	0
DLBCL_RICOVER_288	0.06414288176473505	0.8117749710009817	0.04537880771353429	0.059505756862199645	0.019197582658549307	0.8117749710009817	1.0	1
DLBCL10978	0.03768742841244349	0.06011032598991877	0.043148536144961336	0.04589073921600635	0.8131629702366701	0.8131629702366701	3.0	4
DLBCL10456	0.04793657709645342	0.02621499962003366	0.07186105034474301	0.8163773637056908	0.0376100092330791	0.8163773637056908	3.0	3
DLBCL10856	0.03740069143009949	0.057376484560878294	0.04107841726007682	0.0445801140775477	0.8195642926713977	0.8195642926713977	2.0	4
DLBCL11447	0.059460952290913055	0.021585639335845473	0.04134702510855753	0.8199548522990135	0.057651530965670376	0.8199548522990135	3.0	3
DLBCL10835	0.05142695434829337	0.8304395983819709	0.037149054913219286	0.04733107398332834	0.033653318373188155	0.8304395983819709	4.0	1
DLBCL10497	0.06447059421157073	0.014936104063534917	0.048982627398063486	0.8310491316492413	0.040561542677589574	0.8310491316492413	3.0	3
DLBCL10461	0.039964033718442295	0.8358184604218417	0.052618655168501886	0.03551097507007512	0.03608787562113898	0.8358184604218417	1.0	1
DLBCL_LS1921	0.07309964305744891	0.8438297335351365	0.02771053481312785	0.023978492203894107	0.03138159639039267	0.8438297335351365	1.0	1
DLBCL10879	0.017471997938520868	0.016714520125329486	0.8454638184546783	0.03443162935758252	0.08591803412388876	0.8454638184546783	2.0	2
DLBCL10501	0.04006708644291566	0.06098324035494459	0.8463248741670314	0.042395000041058895	0.010229798994049502	0.8463248741670314	2.0	2
DLBCL11534	0.8466750527761323	0.055723168949411664	0.022055573288340347	0.03278342103464552	0.04276278395147013	0.8466750527761323	2.0	0
DLBCL10918	0.8505676182260261	0.019082634945825017	0.020321127921421628	0.037494377012338424	0.07253424189438883	0.8505676182260261	0.0	0
DLBCL_MC_F089_HCZ	0.018582716675963232	0.038225186493500304	0.8548174197231165	0.034804519631800715	0.05357015747561918	0.8548174197231165	1.0	2
DLBCL11542	0.03757481985273058	0.015022005478931929	0.8553082193580526	0.06597717274909093	0.02611778256119402	0.8553082193580526	2.0	2
DLBCL10901	0.025335123878273906	0.025634591615968674	0.036327267685542515	0.05678663910297055	0.8559163777172444	0.8559163777172444	4.0	4
DLBCL_RICOVER_945	0.8573397244742509	0.015846100012989216	0.030098415101818026	0.07658427359645541	0.020131486814486458	0.8573397244742509	0.0	0
DLBCL_LS1757	0.04557311989001035	0.857945233992059	0.03221013387515339	0.024446298067655116	0.03982521417512211	0.857945233992059	0.0	1
DLBCL10934	0.024007942408336338	0.02584861979740301	0.0362774817964654	0.05546403279237849	0.8584019232054168	0.8584019232054168	1.0	4
DLBCL_C_D_1130_NULLPAIR	0.032972324984979755	0.02836859024610929	0.02933627802686697	0.04909699906621694	0.860225807675827	0.860225807675827	0.0	4
DLBCL_DFCI_DLBCL_GOE16	0.02724599841099915	0.05364412181411771	0.861572475841044	0.036087154404089154	0.02145024952974996	0.861572475841044	2.0	2
DLBCL11454	0.8656411285945854	0.057279877580103396	0.02135837403038933	0.03714012332363722	0.018580496471284652	0.8656411285945854	0.0	0
DLBCL10515	0.8685476436287769	0.03827199911611827	0.026127989266132128	0.03352867786703456	0.033523690121938114	0.8685476436287769	0.0	0
DLBCL_MC_F739_AMA3	0.026754376255648794	0.8755602457498125	0.047720351307285164	0.030657676071005995	0.0193073506162475	0.8755602457498125	1.0	1
DLBC_FF_8046_TP_NB	0.01836644199865506	0.015500204728428177	0.8783817870193172	0.024153537488125154	0.06359802876547434	0.8783817870193172	2.0	2
DLBCL_RICOVER_361	0.03054303665858432	0.015710399177529998	0.044774842568885705	0.8787194168138073	0.030252304781192677	0.8787194168138073	3.0	3
DLBCL_C_D_1159_NULLPAIR	0.8831973997067792	0.04100424744398408	0.01520797729398115	0.029249371451279812	0.031341004103975674	0.8831973997067792	3.0	0
DLBCL_LS3245	0.01790086782486367	0.8944661063099769	0.0419265806574423	0.026298098693614772	0.01940834651410239	0.8944661063099769	1.0	1
DLBCL_LS1065	0.017852299432267977	0.8983998199326391	0.04185872607697266	0.020443666267641752	0.021445488290478532	0.8983998199326391	1.0	1
DLBCL10984	0.020107125468173243	0.8984601882407416	0.022719381093501873	0.027859975521127078	0.03085332967645616	0.8984601882407416	4.0	1
DLBCL10564	0.02299779829002624	0.01324579184242601	0.899103111134824	0.04300721761610985	0.02164608111661387	0.899103111134824	3.0	2
DLBCL11346	0.017263477427283763	0.011615742035976864	0.028129469482092814	0.0429357004365451	0.9000556106181015	0.9000556106181015	1.0	4
DLBCL10866	0.017817318280895816	0.018252797022898483	0.028309243216615633	0.03059970052772167	0.9050209409518684	0.9050209409518684	4.0	4
DLBCL10836	0.01594041662521156	0.011404896148597868	0.026633610255102382	0.03782003269417269	0.9082010442769155	0.9082010442769155	4.0	4
DLBCL10463	0.013803149120424522	0.013726692775480458	0.040223902987493745	0.022630110355843506	0.9096161447607578	0.9096161447607578	4.0	4
DLBCL11518	0.9131298871540288	0.015277278110310422	0.012889441289788379	0.031094106876748455	0.02760928656912394	0.9131298871540288	2.0	0
DLBCL11515	0.020492109052826713	0.021160635820865973	0.9147239022351752	0.024819678527470683	0.018803674363661496	0.9147239022351752	2.0	2
DLBCL10494	0.021707465034142497	0.9190348404647447	0.015080474209631914	0.010741794932424473	0.0334354253590564	0.9190348404647447	1.0	1
DLBCL_C_D_1114_NULLPAIR	0.9208651136535247	0.010225736418360455	0.01802284629382286	0.03502558596584476	0.01586071766844714	0.9208651136535247	0.0	0
DLBCL10983	0.017617005310059695	0.925880513503565	0.025640521910532673	0.017001123146180425	0.013860836129662225	0.925880513503565	1.0	1
DLBCL10846	0.9277376167692523	0.007266842963271093	0.01190996234349455	0.029897349444936935	0.023188228479045198	0.9277376167692523	1.0	0
DLBCL_LS2328	0.015610554383672032	0.9359147253889141	0.015410427813445296	0.01022838124890044	0.02283591116506818	0.9359147253889141	2.0	1
DLBCL10522	0.014798612083954703	0.010250573251159254	0.9360851542948804	0.018691126836612768	0.020174533533392863	0.9360851542948804	2.0	2
DLBCL_RICOVER_1278	0.011679164581843817	0.009482689121828413	0.01641380261191533	0.021809239416619938	0.9406151042677925	0.9406151042677925	4.0	4
DLBC_FF_8042_TP_NB	0.011651580914858514	0.0179234600118786	0.010721110780441917	0.011232422734659285	0.9484714255581617	0.9484714255581617	4.0	4
DLBCL_RICOVER_829	0.9491776875778947	0.009387210088926583	0.011976572637886393	0.019730814677523197	0.009727715017769142	0.9491776875778947	0.0	0
DLBCL10968	0.963417045343077	0.010083592022641176	0.006559903909525576	0.013576915441744757	0.006362543283011462	0.963417045343077	0.0	0
