	C1	C2	C3	C4	C5	Confidence	True Cluster	Predicted Cluster
DLBCL11471	0.3269558242218519	0.21506978824669729	0.10737547338923688	0.20116977251582016	0.14942914162639379	0.3269558242218519	3.0	0
DLBCL_RICOVER_787	0.3516527817324731	0.30421875645918506	0.0517166477553413	0.2651392237755356	0.027272590277464932	0.3516527817324731	1.0	0
DLBCL_C_D_1138_NULLPAIR	0.03746280612841289	0.3707937347449463	0.2608965180591167	0.177937279009808	0.15290966205771608	0.3707937347449463	1.0	1
DLBCL_RICOVER_711	0.23888906134271212	0.37209307169955813	0.02248312114562139	0.3342800079445855	0.03225473786752277	0.37209307169955813	3.0	1
DLBCL10955	0.18904382779155007	0.10572199063512985	0.09675851856891639	0.3735870454285499	0.23488861757585366	0.3735870454285499	3.0	3
DLBCL_RICOVER_1150	0.3766066184316609	0.22652872132550042	0.023290816725312163	0.254356981984434	0.11921686153309255	0.3766066184316609	0.0	0
DLBCL10869	0.3785495710530341	0.2372089455549409	0.25856873440204264	0.06768310010236939	0.05798964888761292	0.3785495710530341	0.0	0
DLBCL_LS1668	0.0656869602475559	0.2333670366689095	0.26638898322536225	0.3796438237179789	0.05491319614019353	0.3796438237179789	1.0	3
DLBCL11483	0.13082982671867094	0.3822113164266461	0.09931977951432232	0.07314834611318295	0.3144907312271777	0.3822113164266461	1.0	1
DLBCL10915	0.06792667485854276	0.14449537012166516	0.05245665405435672	0.3433117944660693	0.3918095064993661	0.3918095064993661	4.0	4
DLBCL10539	0.062452669003286915	0.39559301653462614	0.07473556797646741	0.34272497424583775	0.12449377223978181	0.39559301653462614	3.0	1
DLBCL_MAYO_DLBCL_234	0.2049560141324371	0.014549253401341729	0.34609983144051637	0.39927030662532514	0.035124594400379745	0.39927030662532514	2.0	3
DLBCL_MC_F927_JHS	0.11311415085205172	0.2305220471240561	0.1544609095886648	0.08821823907988138	0.413684653355346	0.413684653355346	4.0	4
DLBCL11574	0.06474395632898701	0.20974691792345965	0.42380313916764384	0.07589289221756207	0.22581309436234745	0.42380313916764384	2.0	2
DLBCL11446	0.14243166250676553	0.18117109660589248	0.20334174609691646	0.42420583767769304	0.0488496571127324	0.42420583767769304	1.0	3
DLBCL11528	0.27898702978736023	0.2300296220022079	0.4263233564717323	0.03615338753555502	0.02850660420314459	0.4263233564717323	2.0	2
DLBCL_C_D_1153_NULLPAIR	0.06928151893218006	0.13258553476605833	0.02507842994722679	0.428485753789604	0.3445687625649309	0.428485753789604	3.0	3
DLBCL11681	0.4289075932110692	0.013031331239714998	0.3791726716774455	0.1088516151050996	0.07003678876667076	0.4289075932110692	0.0	0
DLBCL_RICOVER_522	0.1599333095389034	0.060123970392668265	0.42903159920309514	0.33938727441360667	0.011523846451726424	0.42903159920309514	2.0	2
DLBCL_MC_F496DMP	0.2771171298029548	0.4308302021146057	0.21204609912195063	0.0599734828184092	0.02003308614207982	0.4308302021146057	1.0	1
DLBCL11534	0.05028577894603917	0.02832458395989692	0.437767175559224	0.1740265169746621	0.30959594456017786	0.437767175559224	2.0	2
DLBCL10874	0.09583343248277719	0.4378477709720011	0.027916429721788687	0.16009473546014627	0.27830763136328684	0.4378477709720011	1.0	1
DLBCL_RICOVER_216	0.054284470014822846	0.07422360973546341	0.3622003286953445	0.046977524462044104	0.4623140670923249	0.4623140670923249	2.0	4
DLBCL11536	0.05885753846908759	0.3551672088221737	0.049050514544616196	0.46398903361758403	0.07293570454653857	0.46398903361758403	3.0	3
DLBCL10873	0.08166832185561111	0.3150527923706192	0.1035837792517172	0.4641696875688666	0.03552541895318604	0.4641696875688666	1.0	3
DLBCL_C_D_1112_NULLPAIR	0.03408125886363867	0.3701517045700245	0.47291192540226584	0.0462792738767811	0.0765758372872899	0.47291192540226584	2.0	2
DLBCL_RICOVER_773	0.01921588175438702	0.15026663007981916	0.3289065664297664	0.028350711716106747	0.4732602100199207	0.4732602100199207	4.0	4
DLBCL11441	0.12881190402103587	0.013469281476789136	0.06971196437333146	0.3092561749862647	0.4787506751425789	0.4787506751425789	2.0	4
DLBCL_BWH_DLBCL64	0.1693073556428535	0.2774244936911362	0.055450585875384276	0.48102487376179864	0.016792691028827383	0.48102487376179864	1.0	3
DLBCL10491	0.05262710294808857	0.35227023947633995	0.09178985727912944	0.48501519049250136	0.018297609803940698	0.48501519049250136	3.0	3
DLBCL_RICOVER_720	0.029860780635114492	0.4874192531885688	0.03694457062068297	0.01898351269753863	0.42679188285809505	0.4874192531885688	4.0	1
DLBCL10936	0.1542521016112587	0.4879723508055697	0.14223942895090788	0.10797007710700501	0.10756604152525862	0.4879723508055697	2.0	1
DLBCL11439	0.33900619534957227	0.015852449816696892	0.49477097531552083	0.08547478589822669	0.06489559361998332	0.49477097531552083	2.0	2
DLBCL_C_D_1148_NULLPAIR	0.49575782836953614	0.013125583838190897	0.11294114781391856	0.3543452116901894	0.023830228288165056	0.49575782836953614	0.0	0
DLBCL_RICOVER_151	0.06792447920536956	0.32916323003678055	0.051159405962052	0.4982345346752811	0.053518350120516804	0.4982345346752811	3.0	3
DLBCL_LS2328	0.03957876573621398	0.4162710150981398	0.49893393168054323	0.03116445720971289	0.01405183027539023	0.49893393168054323	2.0	2
DLBCL10492	0.37868773212408496	0.024117919958847156	0.01664911550967735	0.07939643089948933	0.5011488015079011	0.5011488015079011	0.0	4
DLBCL11590	0.21006227806965622	0.01524859937720022	0.5025299031028356	0.21859708926390767	0.05356213018640028	0.5025299031028356	2.0	2
DLBCL11431	0.14219903026207284	0.1424160885783867	0.12513696887315734	0.0829820387609816	0.5072658735254014	0.5072658735254014	4.0	4
DFCIDL004_DT	0.31570649338359325	0.013241502069464124	0.02741341666836388	0.13462382968956546	0.5090147581890133	0.5090147581890133	4.0	4
DLBCL11467	0.08629019155004966	0.055593889725134175	0.09900704731545233	0.510015139719337	0.24909373169002694	0.510015139719337	3.0	3
DLBCL10959	0.5115409639639812	0.030615525496917723	0.017730557080815192	0.3419524028245684	0.09816055063371751	0.5115409639639812	0.0	0
DLBCL11510	0.511748976760226	0.19683780080211402	0.034233340174685344	0.05816549513933591	0.1990143871236387	0.511748976760226	4.0	0
DLBCL10501	0.011103924616100635	0.5122294489461838	0.40075210583169446	0.03677033250907509	0.03914418809694597	0.5122294489461838	2.0	1
DLBCL_C_D_PAIR13	0.13724314268802054	0.13515750900359266	0.12749636757492863	0.08538618121626143	0.5147167995171967	0.5147167995171967	4.0	4
DLBCL10973	0.04929838676767406	0.021929442256441847	0.29874943240785345	0.5153857793008488	0.11463695926718186	0.5153857793008488	3.0	3
DLBCL10486	0.515439533046847	0.15366374412583114	0.017895032244950836	0.12705750138234362	0.1859441892000274	0.515439533046847	0.0	0
DLBCL11466	0.09600860441337689	0.27695636985943245	0.055811696462179525	0.5154659808961329	0.05575734836887812	0.5154659808961329	1.0	3
DLBC_FF_A7CX_TP_NB	0.5157433566935846	0.04431645372040234	0.09061645213808209	0.06229130036122919	0.28703243708670173	0.5157433566935846	4.0	0
DLBCL10934	0.04425633718681242	0.35603720508784925	0.02118125221896644	0.06001262851122585	0.5185125769951461	0.5185125769951461	1.0	4
DLBCL_LS2590	0.03049917990778433	0.02077132358568037	0.06526007682495616	0.3594173278768367	0.5240520918047424	0.5240520918047424	3.0	4
DLBCL10985	0.1013578534468082	0.5241515087723997	0.026886130762399433	0.3126935552266172	0.03491095179177551	0.5241515087723997	1.0	1
DLBCL10843	0.5280503036196174	0.018779323529705	0.04237576376149135	0.3650257236781057	0.04576888541108068	0.5280503036196174	0.0	0
DLBCL11448	0.03539609096977499	0.05994841502680758	0.1429107110688603	0.5290399409418745	0.23270484199268263	0.5290399409418745	3.0	3
DLBCL11473	0.5352204309120302	0.043893306909110516	0.02259990108178511	0.36126900653368005	0.03701735456339409	0.5352204309120302	0.0	0
DLBCL11433	0.0459312281339306	0.017405133032441573	0.07298486060801687	0.32835635564796606	0.535322422577645	0.535322422577645	3.0	4
DLBCL11003	0.060799287747524466	0.537500022632003	0.01892289442807417	0.030001405036780178	0.3527763901556182	0.537500022632003	1.0	1
DLBCL10969	0.5477878159904798	0.17363020654984462	0.13171927279240045	0.03583586895970551	0.11102683570756967	0.5477878159904798	0.0	0
DLBCL11206	0.026935825623041174	0.548299056507657	0.06811934015245877	0.014158049232949922	0.3424877284838932	0.548299056507657	4.0	1
DLBCL_LS4619	0.020976243566191124	0.14446311228097647	0.5494090536165206	0.0810361625408297	0.2041154279954821	0.5494090536165206	4.0	2
DLBCL10552	0.3438875797566366	0.02372532136984348	0.06563238030534971	0.5500085073469337	0.016746211221236564	0.5500085073469337	3.0	3
DLBCL_RICOVER_401	0.030838938635452902	0.551014367870074	0.37926588667722433	0.01951260084676238	0.01936820597048648	0.551014367870074	1.0	1
DLBCL10553	0.04325392451754802	0.033430596845622856	0.32142749100881085	0.5524706083502685	0.0494173792777498	0.5524706083502685	3.0	3
DLBCL11535	0.07269808686634634	0.030934983777902873	0.023746359367462323	0.3198983434574211	0.5527222265308673	0.5527222265308673	3.0	4
DLBCL_RICOVER_338	0.5552143460959754	0.01608673433281876	0.045705305642480265	0.35904371539587027	0.0239498985328552	0.5552143460959754	0.0	0
DLBCL11455	0.17374346877926786	0.016590136390896116	0.17548184550897472	0.557390718735281	0.07679383058558023	0.557390718735281	2.0	3
DLBCL11519	0.5582041958012043	0.03930978153892695	0.030397549550044197	0.3562822587696562	0.01580621434016839	0.5582041958012043	0.0	0
DLBCL11652	0.5582944391471886	0.30525705927588365	0.04168142335347691	0.04636583208089857	0.04840124614255229	0.5582944391471886	0.0	0
DLBCL10986	0.5649945695131783	0.05603125992102919	0.17850624218048797	0.15394933777026054	0.04651859061504396	0.5649945695131783	0.0	0
DLBCL10919	0.34959706097686183	0.01639912283894726	0.035457297557168845	0.5693344971080294	0.0292120215189926	0.5693344971080294	3.0	3
DLBCL11436	0.1419286814714362	0.5696567412683301	0.03105658067428725	0.2034287671344147	0.05392922945153168	0.5696567412683301	1.0	1
DLBCL_RICOVER_1081	0.0915873430264588	0.013535632920734769	0.09395842789635551	0.2289852892360438	0.5719333069204071	0.5719333069204071	4.0	4
DLBCL_C_D_1118_NULLPAIR	0.3323845654689633	0.5756429734767283	0.016115921662752976	0.04649393747912686	0.029362601912428607	0.5756429734767283	1.0	1
DLBCL_LS2154	0.2742909126072294	0.5756980752994579	0.05461114527247859	0.07406519695812996	0.021334669862704096	0.5756980752994579	0.0	1
DLBCL10974	0.060090766553975515	0.022229833648174536	0.05653452259783089	0.5770481921659778	0.2840966850340413	0.5770481921659778	3.0	3
DLBCL_RICOVER_258	0.22568844356846304	0.015555810946719257	0.12568632909982622	0.05489185328994061	0.5781775630950509	0.5781775630950509	2.0	4
DLBCL_LS2325	0.03816317137087278	0.33440662458920173	0.5810060544772633	0.025196876046767652	0.02122727351589463	0.5810060544772633	2.0	2
DLBCL11518	0.5816504716709802	0.15090175882285026	0.1972350500630394	0.05159706936354436	0.01861565007958583	0.5816504716709802	2.0	0
DLBCL11478	0.5824491016348392	0.034987841711261826	0.3161508117024298	0.0472620404232912	0.019150204528177922	0.5824491016348392	0.0	0
DLBCL10906	0.04488467267592346	0.5829322643380896	0.01828119430019586	0.022871631942704296	0.33103023674308674	0.5829322643380896	1.0	1
DLBCL11525	0.2247613031735167	0.019877352123840352	0.5866578714929406	0.15318575936597023	0.015517713843732238	0.5866578714929406	2.0	2
DLBCL11430	0.5921108423483701	0.01640456727885394	0.06776787755272877	0.30266413093404104	0.021052581886006127	0.5921108423483701	0.0	0
DLBCL10856	0.03664555621449782	0.05640904335876195	0.27620552899138573	0.0322858945164997	0.5984539769188548	0.5984539769188548	2.0	4
DLBCL11678	0.08790506418829284	0.030516799967572464	0.2641339697795827	0.5989787102298241	0.01846545583472793	0.5989787102298241	3.0	3
DLBCL_LS1304	0.02187710893863208	0.027482190078868072	0.6005616732568573	0.0352549704676512	0.3148240572579914	0.6005616732568573	2.0	2
DLBCL11449	0.04612771913909183	0.6016900041140107	0.034130252561121385	0.04023138906847667	0.27782063511729943	0.6016900041140107	1.0	1
DLBCL_C_D_1117_NULLPAIR	0.13466411276082285	0.6026354949001601	0.020061051141889396	0.2150023429962513	0.027636998200876332	0.6026354949001601	1.0	1
DLBCL_RICOVER_120	0.6030390123219725	0.04517831621699732	0.1532236255214955	0.050304710324675296	0.1482543356148593	0.6030390123219725	4.0	0
DLBCL11202	0.18904587949301696	0.07008828243918179	0.6034293923859583	0.1284728041755853	0.00896364150625766	0.6034293923859583	0.0	2
DLBCL_RICOVER_506	0.01578590714815198	0.32002147229932176	0.03331058646367732	0.019735674649492746	0.6111463594393561	0.6111463594393561	4.0	4
DLBCL_MC_F362_MJB1	0.018838987783054328	0.210075774181058	0.6141164788961265	0.020907001059232704	0.13606175808052837	0.6141164788961265	2.0	2
DLBCL10454	0.16118772607471454	0.16100031150685934	0.0458463928798773	0.016973466937520162	0.6149921026010287	0.6149921026010287	4.0	4
DLBCL11491	0.18037596124627103	0.016771606762935792	0.08360986381836404	0.6184473926666466	0.10079517550578256	0.6184473926666466	3.0	3
DLBCL_RICOVER_910	0.1345784810726669	0.17304722311719123	0.04435518399139753	0.6195113959249743	0.028507715893770116	0.6195113959249743	0.0	3
DLBCL11581	0.060085825202498826	0.023656082147791038	0.09270276587252256	0.2039473686446208	0.6196079581325669	0.6196079581325669	4.0	4
DLBCL10877	0.6216192814716028	0.1577507520704969	0.07578909011216807	0.09781995532524734	0.04702092102048478	0.6216192814716028	0.0	0
DLBCL11468	0.07123028460223227	0.027232350657319822	0.6218234524634959	0.2517375104129447	0.027976401864007353	0.6218234524634959	2.0	2
DLBCL10514	0.08020132496841113	0.16528684919636646	0.6244540444033442	0.11490195094734602	0.015155830484532227	0.6244540444033442	2.0	2
DLBCL_RICOVER_111	0.07313568939702723	0.02003448217251019	0.22396457310147283	0.05828682254723321	0.6245784327817566	0.6245784327817566	4.0	4
DLBCL10503	0.039203638508475594	0.626324052753126	0.1477517225941303	0.039353730165688834	0.1473668559785793	0.626324052753126	1.0	1
DLBCL11474	0.6263685276953955	0.01881474715344025	0.017450373159876433	0.2954149773065978	0.04195137468468997	0.6263685276953955	0.0	0
DLBCL11576	0.05687525611245623	0.21656630149347883	0.07253314101014842	0.6265718242076468	0.02745347717626972	0.6265718242076468	3.0	3
DLBCL10532	0.029084186724814883	0.020523071844167993	0.21531167676390917	0.1072414229550202	0.6278396417120877	0.6278396417120877	4.0	4
DLBCL10867	0.02740062964944395	0.27506164361888147	0.02376636719050943	0.042698426677182995	0.6310729328639821	0.6310729328639821	4.0	4
DLBCL_DFCI_DLBCL_GOE05	0.00999053420037711	0.6422302439701099	0.08578202396121158	0.02150158966165307	0.24049560820664834	0.6422302439701099	1.0	1
DLBCL10971	0.1281806847120956	0.1330308297956579	0.020882717926520404	0.07432559502482163	0.6435801725409045	0.6435801725409045	0.0	4
DLBCL10970	0.05255870409573915	0.20986313562149753	0.06397130386176232	0.6436412302082307	0.029965626212770238	0.6436412302082307	3.0	3
DLBCL11480	0.6450629264404815	0.021898257475716807	0.1451878038366991	0.07967177099160998	0.1081792412554926	0.6450629264404815	0.0	0
DLBCL_RICOVER_956	0.016163980087258032	0.28150967432883506	0.029703802518126723	0.02727798083551856	0.6453445622302616	0.6453445622302616	4.0	4
DLBCL_MC_F210_GWC	0.06857822551142277	0.6467525808261416	0.023136102267600607	0.19093308681645974	0.07060000457837526	0.6467525808261416	1.0	1
DLBCL11538	0.03224608931243152	0.013165200828120234	0.6510549400103378	0.15851552225588783	0.14501824759322263	0.6510549400103378	4.0	2
DLBCL_RICOVER_467	0.016290747637656058	0.6521092401644933	0.029344972370844713	0.01483625796103212	0.2874187818659738	0.6521092401644933	1.0	1
DLBCL10450	0.6523199064063174	0.07991067594046343	0.01366015078801424	0.1686313940675063	0.08547787279769865	0.6523199064063174	0.0	0
DLBCL11501	0.6533904018980341	0.21047835084685582	0.023516500394345084	0.043773433004432746	0.06884131385633221	0.6533904018980341	0.0	0
DLBCL10865	0.1581507159125077	0.09658675786148802	0.02472219028906804	0.0657278429571836	0.6548124929797526	0.6548124929797526	4.0	4
DLBCL11469	0.021014533529096074	0.057532356848637604	0.6584759546069824	0.028500074961377273	0.23447708005390663	0.6584759546069824	2.0	2
DLBCL11432	0.6586931522972411	0.007206147954025063	0.11449754097065003	0.13078577291092783	0.0888173858671559	0.6586931522972411	0.0	0
DLBCL_RICOVER_1278	0.054448291369838156	0.02601683254838151	0.025577919383742865	0.23490519725588974	0.6590517594421477	0.6590517594421477	4.0	4
DLBCL10964	0.04206443968344871	0.0637726168310954	0.018939251775178002	0.2126686207594738	0.6625550709508041	0.6625550709508041	4.0	4
DLBCL_RICOVER_1060	0.09474476400030894	0.662780936595042	0.026040115695293294	0.02576200984411644	0.19067217386523935	0.662780936595042	1.0	1
DLBCL10909	0.06734242473636234	0.015471608314055097	0.06838740769360675	0.6635608527263224	0.18523770652965343	0.6635608527263224	4.0	3
DLBCL10908	0.05449463246634697	0.10159737756137663	0.6643502554058142	0.044272795800241106	0.13528493876622114	0.6643502554058142	4.0	2
DLBCL10962	0.04047166155544199	0.6693926272689998	0.1370244776587675	0.04760100950590181	0.10551022401088891	0.6693926272689998	1.0	1
DLBCL10921	0.030251144797687098	0.2614629900773753	0.016846126682652302	0.020616607273532768	0.6708231311687525	0.6708231311687525	4.0	4
DLBCL_C_D_1140_NULLPAIR	0.07259789268903466	0.04126125657211743	0.09723672728416118	0.11017698677016623	0.6787271366845204	0.6787271366845204	4.0	4
DLBCL10512	0.0180142866222334	0.11781611042425828	0.6792877502143058	0.03511515725819109	0.1497666954810114	0.6792877502143058	2.0	2
DLBCL10907	0.07156043514006241	0.17304532046171217	0.01846197392496133	0.05758428229722206	0.679347988176042	0.679347988176042	1.0	4
DLBCL_LS3499	0.11635174497396304	0.1196373321058969	0.04480147110990002	0.6877679628766791	0.03144148893356092	0.6877679628766791	3.0	3
DLBCL_RICOVER_1018	0.06889839242708798	0.18188371666858813	0.02803337132746598	0.6894945171914165	0.03169000238544133	0.6894945171914165	3.0	3
DLBCL_MC_F739_AMA3	0.01612022224287473	0.6905724744966188	0.24498109970350895	0.029369015555560346	0.018957188001437045	0.6905724744966188	1.0	1
DLBCL11204	0.18871708937490234	0.6910155459281492	0.026322834985130075	0.04349424437327512	0.05045028533854334	0.6910155459281492	1.0	1
DLBCL10957	0.6936417495932524	0.021165844238469095	0.08981722118238637	0.18113015322108456	0.014245031764807597	0.6936417495932524	0.0	0
DLBCL_LS2208	0.0202510634314128	0.08068057285979567	0.16716393247012504	0.037729624702855485	0.694174806535811	0.694174806535811	4.0	4
DLBCL10513	0.12382173652999799	0.05140814275224379	0.11710652240900503	0.6954225724506906	0.012241025858062504	0.6954225724506906	3.0	3
DLBCL_C_D_1115_NULLPAIR	0.13023734439681509	0.10936002985065574	0.03545352462635574	0.6954226905721238	0.029526410554049604	0.6954226905721238	3.0	3
DLBCL10838	0.02761832999705214	0.22819311912613977	0.016495852183104575	0.028166390630019942	0.6995263080636835	0.6995263080636835	4.0	4
DLBCL10858	0.04547454494602039	0.012787983884703459	0.028357557679652232	0.2126129961775109	0.700766917312113	0.700766917312113	3.0	4
DLBCL11515	0.021058064663224428	0.06954026668075838	0.7024225495497392	0.03561014213113373	0.17136897697514433	0.7024225495497392	2.0	2
DLBCL11002	0.19871517336807337	0.030918663134008956	0.052111752903128215	0.7025676166409126	0.01568679395387681	0.7025676166409126	3.0	3
DLBCL_RICOVER_1046	0.011809956576043626	0.20737737096892164	0.7091653385028167	0.022330912374181718	0.049316421578036326	0.7091653385028167	1.0	2
DLBCL_C_D_1159_NULLPAIR	0.21792793287079582	0.01721659242789099	0.029911434176031027	0.7094117693425782	0.025532271182704017	0.7094117693425782	3.0	3
DLBCL10965	0.1928798325247145	0.01741077710440899	0.04334282899192035	0.7107922897768866	0.03557427160206961	0.7107922897768866	3.0	3
DLBCL11663	0.7126121962222602	0.046288316277029416	0.0885807305909697	0.11785103554545821	0.03466772136428249	0.7126121962222602	0.0	0
DLBCL_RICOVER_1204	0.03032519340169825	0.0371641972768076	0.06096513823764092	0.7128691158959954	0.15867635518785783	0.7128691158959954	3.0	3
DLBCL_RICOVER_1190	0.12239106816951958	0.05589046205654609	0.08092750532457532	0.02627517846194163	0.7145157859874174	0.7145157859874174	4.0	4
DLBCL_RICOVER_866	0.029637199605743347	0.022645600355682336	0.7162450797985631	0.212389939083933	0.019082181156078282	0.7162450797985631	2.0	2
DLBCL11495	0.07098399245995062	0.01190174183565454	0.028856500153449368	0.16835614327861387	0.7199016222723317	0.7199016222723317	4.0	4
DLBCL10914	0.7211772019743327	0.15775826253211148	0.0652749568604018	0.03411622843045152	0.021673350202702512	0.7211772019743327	0.0	0
DLBCL10968	0.7305326217412851	0.009983358813790073	0.019642970362521685	0.19448772700629574	0.04535332207610745	0.7305326217412851	0.0	0
DLBCL10488	0.7325904117341201	0.08002957520716358	0.0864337144766003	0.09320638638697708	0.007739912195138906	0.7325904117341201	0.0	0
DLBCL10910	0.016542615138311224	0.10532884641472177	0.7354543589156312	0.11171903859441859	0.03095514093691733	0.7354543589156312	2.0	2
DLBCL_RICOVER_1269	0.015453033807733526	0.125857328720039	0.7360106729205115	0.06985768998868133	0.05282127456303464	0.7360106729205115	2.0	2
DLBCL11657	0.029905537657335807	0.060045384606195275	0.7393566150859984	0.14530864436823476	0.025383818282235824	0.7393566150859984	3.0	2
DLBCL_RICOVER_978	0.744039803485995	0.016202428187101228	0.07306691565118585	0.15004742610459587	0.01664342657112211	0.744039803485995	2.0	0
DLBCL10487	0.06926315074673291	0.745357800689874	0.03192533791932578	0.12280748999814886	0.0306462206459184	0.745357800689874	1.0	1
DLBCL10878	0.1522240527054439	0.013515394553797841	0.020815693669660972	0.06562603817312469	0.7478188208979726	0.7478188208979726	4.0	4
DLBCL10863	0.10776216769838644	0.017701896653381486	0.028131214411882547	0.7517204613762464	0.09468425986010316	0.7517204613762464	3.0	3
DLBCL10984	0.016431047608703363	0.18347001493798867	0.014859120320141006	0.033384075439267566	0.7518557416938995	0.7518557416938995	4.0	4
DLBCL_RICOVER_314	0.015214224415657951	0.12742143961156194	0.06314781469892984	0.03929567429691733	0.754920846976933	0.754920846976933	4.0	4
DLBCL11504	0.09301630730984875	0.022867703355558735	0.026956312515389023	0.10170106995200943	0.755458606867194	0.755458606867194	4.0	4
DLBC_FF_8062_TP_NB	0.0914962075194241	0.020869960647720984	0.10936164776091631	0.7563111568837733	0.021961027188165366	0.7563111568837733	3.0	3
DLBCL_RICOVER_1045	0.7574803028239552	0.023604452184547178	0.014616628929608667	0.1742697769014202	0.030028839160468786	0.7574803028239552	3.0	0
DLBCL10846	0.08869731742606554	0.7582707752644902	0.023087118386991862	0.06433976064629703	0.06560502827615546	0.7582707752644902	1.0	1
DLBCL10980	0.009528339671275698	0.14655183970611144	0.04850295472994177	0.0366137929016076	0.7588030729910635	0.7588030729910635	4.0	4
DLBCL10548	0.7600590057964238	0.08452966110482908	0.012600815881012818	0.11616839825992852	0.02664211895780569	0.7600590057964238	0.0	0
DLBCL10868	0.0652059719032971	0.016862303387399816	0.026039842843556572	0.7611054345224467	0.13078644734329978	0.7611054345224467	3.0	3
DLBCL_LS155	0.038353178336975165	0.011460596331094777	0.7613013441584657	0.16117913531127423	0.027705745862190056	0.7613013441584657	2.0	2
DLBCL10527	0.028186522261888485	0.022287938332337876	0.0935569039919879	0.762150878903194	0.09381775651059171	0.762150878903194	3.0	3
DLBCL_MC_F218_RAP	0.15441244239907786	0.018370053430695955	0.04657871426611455	0.7622733540001684	0.01836543590394325	0.7622733540001684	3.0	3
DLBCL11683	0.037628447200199776	0.020322513261577215	0.7631252194204847	0.16297286832068608	0.01595095179705214	0.7631252194204847	2.0	2
DLBCL10566	0.06154338964131074	0.13375182768573315	0.019646601888302643	0.018576963794160305	0.7664812169904932	0.7664812169904932	4.0	4
DLBCL10981	0.03749647887095427	0.7668892087378796	0.04601462174720522	0.09236221822382686	0.05723747242013407	0.7668892087378796	1.0	1
DLBCL10517	0.010353615856796677	0.7683903571928821	0.16978855379849364	0.02504142298992261	0.02642605016190504	0.7683903571928821	1.0	1
DLBCL10536	0.02156654236763524	0.1284685366582554	0.7691271469349206	0.06076974724651616	0.0200680267926726	0.7691271469349206	2.0	2
DLBCL_RICOVER_478	0.0992419331274287	0.7732840278256424	0.02449113579665408	0.01797127877127657	0.08501162447899824	0.7732840278256424	1.0	1
DLBCL10894	0.12753789298231574	0.77480005831109	0.019985527447647228	0.061017723425980566	0.016658797832966473	0.77480005831109	1.0	1
DLBCL11496	0.776679779290966	0.017656975259177213	0.03138572218209874	0.04280983830784653	0.1314676849599116	0.776679779290966	0.0	0
DLBCL11488	0.7769820995090605	0.009976269980702666	0.013536187526801628	0.06625237913229061	0.1332530638511446	0.7769820995090605	0.0	0
DLBCL11447	0.05255045367714614	0.018151141495956966	0.02827496892484665	0.7839567619466301	0.11706667395542013	0.7839567619466301	3.0	3
DLBCL10451	0.7859585979436279	0.018607407042968857	0.1457945329314059	0.035928983211258245	0.013710478870739147	0.7859585979436279	0.0	0
DLBCL10999	0.01172649262569439	0.02317778541166952	0.05394695587527101	0.12445960771963993	0.7866891583677251	0.7866891583677251	4.0	4
DLBCL10453	0.012955247682614131	0.1432445633173825	0.02643765308221158	0.029425609730002522	0.7879369261877893	0.7879369261877893	1.0	4
DLBCL11464	0.14124370506183395	0.018685974658622963	0.023185054716461918	0.7891772955417492	0.02770797002133204	0.7891772955417492	3.0	3
DLBCL11664	0.11575137696566104	0.7933059123867687	0.030688171346224476	0.04752644706445713	0.012728092236888673	0.7933059123867687	1.0	1
DLBCL10544	0.03987598518353883	0.014353758882941266	0.04405369860313952	0.793845227860096	0.10787132947028438	0.793845227860096	3.0	3
DLBCL_C_D_1156_NULLPAIR	0.793915564093003	0.02348050027796508	0.01653147993014364	0.14860092785260703	0.017471527846281282	0.793915564093003	0.0	0
DLBCL_MC_F502_RFK	0.011718619113019857	0.7993989293078297	0.14538649328973166	0.011966290987772073	0.031529667301646726	0.7993989293078297	1.0	1
DLBCL_RICOVER_274	0.050256843588816755	0.07708621502503929	0.027282470530429107	0.7995669033836909	0.045807567472023934	0.7995669033836909	3.0	3
DLBCL_C_D_1103_NULLPAIR	0.03828364033184056	0.04196427868656274	0.09354360166551733	0.8022683430984587	0.0239401362176207	0.8022683430984587	3.0	3
DLBCL_RICOVER_320	0.03228413901523111	0.07297234986470405	0.8029030657613332	0.048721103966077386	0.04311934139265424	0.8029030657613332	2.0	2
DLBCL_MAYO_DLBCL_3653	0.8031976822075227	0.02132699370525334	0.02449542747273082	0.08392567549881141	0.0670542211156817	0.8031976822075227	0.0	0
DLBCL11479	0.034400688024042635	0.8037133991142237	0.08894731560170445	0.020679574522942997	0.05225902273708619	0.8037133991142237	1.0	1
DLBCL10509	0.12258826610129953	0.8055288213905707	0.011799225896644384	0.029249836070898507	0.030833850540586925	0.8055288213905707	0.0	1
DLBCL11437	0.069171025663643	0.011193719635896283	0.039616975782021266	0.8074829042580004	0.0725353746604391	0.8074829042580004	3.0	3
DLBC_FF_8042_TP_NB	0.013779930367062088	0.07606474801363995	0.057786656683601764	0.04438752129766039	0.8079811436380359	0.8079811436380359	4.0	4
DLBCL10837	0.0523048835311201	0.05774148015377244	0.019534994186953314	0.05658632297835369	0.8138323191498005	0.8138323191498005	4.0	4
DLBCL11675	0.022620089941923365	0.009236855819756128	0.8142362361840416	0.05936305060071171	0.09454376745356716	0.8142362361840416	2.0	2
DLBCL11486	0.8160545927619023	0.012526648312625527	0.02005408523099332	0.03102325743504852	0.12034141625943037	0.8160545927619023	0.0	0
DLBCL_MC_F606_DMJ	0.013796122217922962	0.13112506475778773	0.8165435199180993	0.021590496146409843	0.016944796959780184	0.8165435199180993	2.0	2
DLBCL_LS762	0.022704127158803333	0.021296182426939713	0.1089300788346653	0.030139634530960868	0.8169299770486308	0.8169299770486308	2.0	4
DLBCL10972	0.8176641947917233	0.020299483485555003	0.023607915178867418	0.06439132097851999	0.07403708556533434	0.8176641947917233	0.0	0
DLBCL11346	0.019065566049169026	0.818361198250312	0.024297251089438296	0.016876519649226356	0.1213994649618544	0.818361198250312	1.0	1
DLBCL10549	0.02337529394614759	0.8216442466270026	0.12423094264073724	0.017929310578275882	0.012820206207836651	0.8216442466270026	1.0	1
DLBCL10782	0.09445061915541697	0.033288042999758266	0.03127689845688594	0.8226790049871904	0.0183054344007484	0.8226790049871904	3.0	3
DLBCL11659	0.8230857110526344	0.009175629473530537	0.0650091481518609	0.08404344705085098	0.018686064271123157	0.8230857110526344	3.0	0
DLBCL10456	0.03995858801654587	0.016730536888534136	0.05521621624829922	0.8266370903638165	0.06145756848280426	0.8266370903638165	3.0	3
DLBCL_RICOVER_985	0.03184844037087975	0.02506158059258858	0.08390272399040744	0.8295147542379784	0.02967250080814595	0.8295147542379784	3.0	3
DLBCL11676	0.8321919923952558	0.01370572035984258	0.051359717151280807	0.09449527012429282	0.008247299969328091	0.8321919923952558	0.0	0
DLBCL11457	0.8337673814410714	0.006711699235024442	0.03080950059932819	0.1021839323978547	0.026527486326721226	0.8337673814410714	0.0	0
DLBCL10482	0.8344245214562417	0.018786604548263888	0.01386615120269445	0.031549057990878024	0.10137366480192199	0.8344245214562417	0.0	0
DLBCL_LS2245	0.041102380764126846	0.8367000613252822	0.0889546274340572	0.017670737629105693	0.015572192847428076	0.8367000613252822	1.0	1
DLBCL10780	0.019418135279176643	0.8378394486025965	0.09210050426123174	0.037388802932245314	0.0132531089247497	0.8378394486025965	1.0	1
DLBCL_RICOVER_575	0.060383329421304824	0.027055283559334998	0.06218306526916351	0.8381131604129076	0.012265161337289051	0.8381131604129076	3.0	3
DLBCL11591	0.012649020819039724	0.8390658256472283	0.1178998066672073	0.01138376587073279	0.019001580995791908	0.8390658256472283	1.0	1
DLBCL_LS4592	0.010519975684203686	0.015786313204652867	0.8413812264194412	0.06727197597143161	0.06504050872027056	0.8413812264194412	2.0	2
DLBCL_C_D_1139_NULLPAIR	0.07574961188150142	0.0388087220722315	0.027057845434101554	0.8415851919689494	0.016798628643216105	0.8415851919689494	3.0	3
DLBCL_RICOVER_617	0.08498926981250102	0.01973734316246559	0.038299713387205864	0.8426897721622549	0.014283901475572618	0.8426897721622549	3.0	3
DLBCL10885	0.0372020066592129	0.8443597199554964	0.012979243746938398	0.026134065164117586	0.07932496447423466	0.8443597199554964	1.0	1
DLBCL10564	0.04741780210862558	0.03548106527543008	0.051401936418740295	0.8455282879897423	0.0201709082074617	0.8455282879897423	3.0	3
DLBCL_LS951	0.8458711319564167	0.04000451174901104	0.034586988189635355	0.07030321149558819	0.009234156609348747	0.8458711319564167	0.0	0
DLBCL10871	0.051150474405821725	0.8461770121703364	0.029171685000202698	0.017262585009497032	0.05623824341414221	0.8461770121703364	1.0	1
DLBCL_LS4593	0.014762524261380042	0.06233327720019592	0.8472575025769699	0.059826856146937044	0.015819839814517078	0.8472575025769699	2.0	2
DLBCL_MC_F815_BAT	0.021802342130529357	0.03933285600280348	0.8479979350315898	0.0747330772323924	0.01613378960268491	0.8479979350315898	2.0	2
DLBCL_LS2367	0.848296155769142	0.04081814240089775	0.011039336444155053	0.07180344694417899	0.02804291844162621	0.848296155769142	0.0	0
DLBCL_MC_F307_JPS	0.8529154315829822	0.020368750913728237	0.015177214226232447	0.0915711348481297	0.019967468428927406	0.8529154315829822	0.0	0
DLBCL11527	0.05146384455327244	0.01694413599820755	0.041136964573006314	0.8536658100527859	0.03678924482272785	0.8536658100527859	3.0	3
DLBCL10835	0.013086402424759933	0.06751229888989838	0.015219059255835082	0.04891280200519213	0.8552694374243145	0.8552694374243145	4.0	4
DLBCL_RICOVER_299	0.012871654204503768	0.855757708244484	0.10163584835191655	0.010618017468777581	0.019116771730318033	0.855757708244484	1.0	1
DLBCL10565	0.040508862903843576	0.01776988294488133	0.8576990622573765	0.0734853206941644	0.010536871199734213	0.8576990622573765	3.0	2
DLBCL10993	0.85886981363295	0.007230151939704539	0.022338469648281907	0.08164003886077814	0.02992152591828542	0.85886981363295	0.0	0
DLBCL10994	0.8596124475281494	0.0306352596519747	0.01522316546103747	0.04518215461353896	0.04934697274529954	0.8596124475281494	0.0	0
DLBCL_RICOVER_583	0.011215191886691105	0.8602102397789964	0.037988240262622285	0.010921174502617006	0.07966515356907326	0.8602102397789964	1.0	1
DFCIDL009_DT	0.012633923015036172	0.09078070052565441	0.86027046583333	0.022865633092155384	0.013449277533824003	0.86027046583333	2.0	2
DLBCL_RICOVER_701	0.0732670648536334	0.019522680495987956	0.022858570261373137	0.8617578985482738	0.02259378584073171	0.8617578985482738	3.0	3
DLBCL10521	0.014141864743203161	0.0993861964301196	0.0109191697829632	0.01328414517187914	0.8622686238718349	0.8622686238718349	4.0	4
DLBCL_RICOVER_780	0.009920129796916193	0.864191203562544	0.09176788009284173	0.01976208374205401	0.014358702805644117	0.864191203562544	1.0	1
DLBCL_C_D_1105_NULLPAIR	0.08115788983256227	0.8651417013320737	0.016313495716026548	0.01877677452226554	0.01861013859707194	0.8651417013320737	1.0	1
DLBCL11470	0.8670660414131725	0.006582312401056761	0.021130445982458584	0.09063467756234468	0.014586522640967537	0.8670660414131725	0.0	0
DLBCL10879	0.01252401223169624	0.013439022554996847	0.8676695581080935	0.04664932529811387	0.05971808180709948	0.8676695581080935	2.0	2
DLBCL10485	0.01887946524534559	0.08433957849724438	0.013788561215646488	0.012395141329392238	0.8705972537123713	0.8705972537123713	4.0	4
DLBCL_C_D_1119_NULLPAIR	0.08381109112052505	0.871627629830898	0.01548614000124723	0.01438359497709988	0.01469154407022979	0.871627629830898	1.0	1
DLBCL10925	0.032294664366611506	0.03553096079264311	0.010442938395195637	0.04946510275143309	0.8722663336941167	0.8722663336941167	4.0	4
DLBCL11658	0.03683662072193546	0.011115053372750273	0.03520300769234527	0.8754896192938146	0.041355698919154395	0.8754896192938146	3.0	3
DLBCL10833	0.049302663407955354	0.012168395088209905	0.01281933599551776	0.04621033194147662	0.8794992735668403	0.8794992735668403	4.0	4
DLBCL_RICOVER_950	0.03593084772663728	0.015037311888134177	0.051863519763346556	0.8796978617333667	0.01747045888851525	0.8796978617333667	3.0	3
DLBCL_RICOVER_473	0.8797138427376824	0.03925182851051953	0.014226182072635749	0.054089532079739475	0.012718614599422804	0.8797138427376824	0.0	0
DLBCL_C_D_1109_NULLPAIR	0.06313037912756844	0.01227497809795674	0.023000409756028514	0.880701450006574	0.0208927830118724	0.880701450006574	3.0	3
DLBCL10490	0.881181294831184	0.013319715305443144	0.012377553906251117	0.06802074117946401	0.02510069477765774	0.881181294831184	0.0	0
DLBCL10469	0.046298410091762575	0.012089891802006612	0.028635497861166394	0.8817365297078646	0.03123967053719978	0.8817365297078646	3.0	3
DLBCL_LS4616	0.008247780275542894	0.07076231538520941	0.8819557211736028	0.024908589424335804	0.014125593741309119	0.8819557211736028	2.0	2
DLBCL_LS3809	0.8829052015746606	0.02023798429516272	0.023780815137620127	0.023970605183395353	0.0491053938091612	0.8829052015746606	0.0	0
DLBCL_RICOVER_1061	0.050654759447784685	0.011412994479502708	0.03882815666420861	0.8831045537201332	0.015999535688370856	0.8831045537201332	3.0	3
DLBCL10927	0.06168414160950475	0.013385407073968762	0.02447604163331257	0.8833142694337047	0.017140140249509214	0.8833142694337047	3.0	3
DLBCL_LS1683	0.008040788608753662	0.8833214253063281	0.024934153921848595	0.013234359614072436	0.07046927254899721	0.8833214253063281	1.0	1
DLBCL11516	0.01760692234172694	0.8853147594179207	0.027357688786901032	0.038139977347713454	0.03158065210573785	0.8853147594179207	1.0	1
DLBCL11542	0.014842430439798906	0.04582529148857378	0.8854934082420004	0.04594851284029015	0.007890356989336806	0.8854934082420004	2.0	2
DLBCL_RICOVER_440	0.01067741822378972	0.8870129791951328	0.07736869441330844	0.00833247695799747	0.016608431209771533	0.8870129791951328	2.0	1
DLBCL_C_D_1126_NULLPAIR	0.05065178824169389	0.8877135777366927	0.014865227084606025	0.01893210095098476	0.027837305986022572	0.8877135777366927	1.0	1
DLBCL_RICOVER_850	0.01084650934058637	0.04217221676793244	0.019571559472021945	0.03896520697042548	0.8884445074490338	0.8884445074490338	4.0	4
DLBCL10888	0.013498886903144115	0.009087046781995007	0.033911213561575754	0.0550580734979429	0.8884447792553423	0.8884447792553423	4.0	4
DLBCL11655	0.05289547998844128	0.012407337118756023	0.02255254730557991	0.8892879757690874	0.02285665981813543	0.8892879757690874	3.0	3
DLBCL_RICOVER_1106	0.009704792017663593	0.05221303129862026	0.012756398018820657	0.03470922191626595	0.8906165567486295	0.8906165567486295	4.0	4
DLBCL10891	0.011233426449852688	0.01015973202957954	0.043090903351586995	0.04475151942365633	0.8907644187453244	0.8907644187453244	4.0	4
DLBCL_LS3204	0.029499994384276307	0.8908560981240536	0.025496381795382394	0.04408939416830218	0.010058131527985494	0.8908560981240536	1.0	1
DLBCL10844	0.8909671068686894	0.021578614928137122	0.010099047341133682	0.024606499501162213	0.05274873136087763	0.8909671068686894	0.0	0
DLBCL_MC_F139_LJF	0.054148700401531434	0.013511200337543026	0.023444795266668882	0.8913189429882222	0.017576361006034418	0.8913189429882222	3.0	3
DLBCL_C_D_1151_NULLPAIR	0.052085592906964004	0.01753318416247335	0.025432592317544193	0.8918585305853888	0.013090100027629673	0.8918585305853888	3.0	3
DLBCL10547	0.041205533543538106	0.017596710698167626	0.026778072130404684	0.8933131401483502	0.02110654347953937	0.8933131401483502	3.0	3
DLBCL_C_D_1144_NULLPAIR	0.021313533003369776	0.05413239872619336	0.010000080131291549	0.020207991004642982	0.8943459971345024	0.8943459971345024	4.0	4
DLBCL_RICOVER_1289	0.01695611672155929	0.011080463209989762	0.01597062920070738	0.06139370522657817	0.8945990856411654	0.8945990856411654	4.0	4
DLBCL_RICOVER_496	0.024733542978148858	0.8950752356781536	0.05000001177031714	0.019728843498604175	0.010462366074776233	0.8950752356781536	1.0	1
DLBCL11196	0.03889896700343264	0.011386800541099057	0.02309254987058757	0.8963362873964781	0.03028539518840269	0.8963362873964781	3.0	3
DLBCL10472	0.01976924768279513	0.011984633868559531	0.8966010826262453	0.06269243106466876	0.008952604757731266	0.8966010826262453	2.0	2
DLBCL_LS1395	0.01569320757559756	0.04798927572385188	0.8973388703673811	0.014994534351335635	0.0239841119818338	0.8973388703673811	2.0	2
DLBCL_RICOVER_1235	0.010094452313916138	0.8977261416467148	0.06749555307089788	0.013021173532366004	0.011662679436105142	0.8977261416467148	1.0	1
DLBCL10950	0.8987319053229813	0.008607506583145425	0.015741560462347093	0.046329976180127366	0.030589051451398837	0.8987319053229813	0.0	0
DLBCL11194	0.015604118566985273	0.009541636024911723	0.018582321918590324	0.05699509573550161	0.8992768277540111	0.8992768277540111	4.0	4
DLBCL_C_D_1149_NULLPAIR	0.01951464006511007	0.8994410006694545	0.03128927882987238	0.008540930645085492	0.04121414979047755	0.8994410006694545	1.0	1
DLBCL10935	0.8999037750418002	0.04273910416007846	0.007113640229262667	0.030260654827145066	0.01998282574171363	0.8999037750418002	0.0	0
DLBCL11512	0.9000685506305768	0.015658517569433098	0.0158893953373424	0.05954907245034916	0.008834464012298511	0.9000685506305768	0.0	0
DLBCL11435	0.9006782547293823	0.0073824891800689215	0.009203745938497515	0.0645168679543735	0.018218642197677767	0.9006782547293823	0.0	0
DLBCL_RICOVER_945	0.900964767791238	0.02830758475984397	0.007833934028761506	0.048146078901153695	0.01474763451900285	0.900964767791238	0.0	0
DLBCL_RICOVER_1287	0.011674135633322119	0.05551215023835464	0.013707603801172757	0.017161487779893736	0.9019446225472567	0.9019446225472567	4.0	4
DLBCL10939	0.03813235791543087	0.011869362830824027	0.024160896185452186	0.9022138606670553	0.02362352240123758	0.9022138606670553	3.0	3
DLBCL10851	0.016288451955490984	0.9023693033924959	0.016594265758722065	0.009977189618134387	0.05477078927515673	0.9023693033924959	1.0	1
DLBCL_C_D_1166_NULLPAIR	0.009737943188820345	0.06462205323284764	0.011412747827008712	0.010481586179113005	0.9037456695722103	0.9037456695722103	4.0	4
DLBCL11541	0.007787985942565608	0.03353058776520152	0.9041085690975801	0.017914973940149667	0.03665788325450316	0.9041085690975801	2.0	2
DLBCL11460	0.03752589590462662	0.015069425359251879	0.025559392594035606	0.9054520111505389	0.016393274991547056	0.9054520111505389	3.0	3
DLBCL11456	0.016067548409562336	0.9062638305472648	0.0288649938013536	0.03943447612806944	0.009369151113749795	0.9062638305472648	1.0	1
DLBCL10978	0.03398449471981623	0.01386088021791568	0.0273718064620771	0.9076449622282363	0.017137856371954665	0.9076449622282363	3.0	3
DLBCL10930	0.04605293269134973	0.014267177295038404	0.016766481358817704	0.015045335996499674	0.9078680726582945	0.9078680726582945	4.0	4
DLBCL11459	0.03514151280486827	0.01246818291217597	0.02449170735834132	0.9083963980753844	0.01950219884923001	0.9083963980753844	3.0	3
DLBCL10932	0.04226012496513697	0.011976024385453789	0.02079439822644198	0.9093460080289818	0.015623444393985459	0.9093460080289818	3.0	3
DLBCL11533	0.034392405422694686	0.9096440747641278	0.03146609753594834	0.015572998764381155	0.008924423512847982	0.9096440747641278	1.0	1
DLBCL_RICOVER_1329	0.017027039261409645	0.05138194328169661	0.008669134096404681	0.012146056663078634	0.9107758266974104	0.9107758266974104	4.0	4
DLBCL11564	0.0345630869882716	0.014017703366920486	0.023305412480785038	0.9112703598587177	0.016843437305305183	0.9112703598587177	3.0	3
DLBCL10542	0.9127244639127504	0.005789392881095769	0.014612260961545585	0.024109682093712434	0.04276420015089576	0.9127244639127504	0.0	0
DLBCL_RICOVER_1032	0.008703436254339943	0.05346478298288884	0.010261484738140354	0.014479996697343176	0.9130902993272877	0.9130902993272877	4.0	4
DLBCL11001	0.02898694507280317	0.008900176570668949	0.021010765726622558	0.027892235673591923	0.9132098769563134	0.9132098769563134	4.0	4
DLBCL_RICOVER_361	0.027906606438848888	0.012486108884691302	0.025582442369871394	0.9137332577848122	0.02029158452177622	0.9137332577848122	3.0	3
DLBCL10961	0.006894117499780548	0.036412833473692105	0.015383951466573018	0.027305286443042986	0.9140038111169113	0.9140038111169113	4.0	4
DLBCL11454	0.9143804146337029	0.016276322349589666	0.007020782650932658	0.05265308936053314	0.009669391005241662	0.9143804146337029	0.0	0
DLBCL_RICOVER_1263	0.019187941607686172	0.03686874115703311	0.9148701902320213	0.013812898099401168	0.015260228903858218	0.9148701902320213	2.0	2
DLBCL_MC_F064AB	0.01558402194589423	0.010314102813437177	0.9153065241376707	0.04972919148104129	0.009066159621956681	0.9153065241376707	2.0	2
DLBCL_LS2357	0.03408013361039736	0.011721366009543233	0.02180465614852614	0.9156333712234925	0.01676047300804071	0.9156333712234925	3.0	3
DLBCL10497	0.032021118324220714	0.012655356203927645	0.021105449734486886	0.9172560834622625	0.016961992275102228	0.9172560834622625	3.0	3
DLBCL10854	0.00979982797461251	0.01264402871942084	0.014624779787638818	0.04542376396159741	0.9175075995567304	0.9175075995567304	4.0	4
DLBCL11520	0.9180511385063518	0.005745043403964649	0.010004064055056208	0.027660617781380396	0.038539136253246925	0.9180511385063518	0.0	0
DLBCL10963	0.012899520223104964	0.021124923117801352	0.013265980159586351	0.034438896608548424	0.9182706798909589	0.9182706798909589	4.0	4
DLBCL11662	0.9190542333367983	0.00882747272022063	0.007138642179177133	0.033085849671702125	0.03189380209210189	0.9190542333367983	0.0	0
DLBCL11472	0.9196135923026532	0.004840275264731861	0.011557237627578069	0.05022707899328317	0.013761815811753795	0.9196135923026532	0.0	0
DLBCL10523	0.01851758770164759	0.008115726598262936	0.9201703036972473	0.045414816343616604	0.0077815656592256244	0.9201703036972473	2.0	2
DLBCL10467	0.014595959710472164	0.009735101465499432	0.028094848249058585	0.024220660025025556	0.9233534305499442	0.9233534305499442	4.0	4
DFCIDL008_DT	0.010786604639495191	0.026072646916587477	0.031080056449880104	0.008547097036636656	0.9235135949574006	0.9235135949574006	4.0	4
DLBC_FF_A7CW_TP_NB	0.007371499539657276	0.025187519698733916	0.020187952271196522	0.023266735055103002	0.9239862934353092	0.9239862934353092	4.0	4
DLBCL10947	0.025064250166648715	0.9240373707941326	0.010901006490864196	0.00721238404679601	0.03278498850155845	0.9240373707941326	1.0	1
DLBCL11481	0.9250842346960266	0.006501027874103787	0.02894245117129595	0.02124730268495237	0.018224983573621314	0.9250842346960266	0.0	0
DLBCL10857	0.020788095561907412	0.01000039911020726	0.008543057428209504	0.03542743811924851	0.9252410097804273	0.9252410097804273	4.0	4
DLBCL_RICOVER_1283	0.010376801905625926	0.008228731282330834	0.9263157541508968	0.029750416875826455	0.025328295785319917	0.9263157541508968	2.0	2
DLBCL10866	0.013431434501833981	0.008956896521117051	0.013850786807434241	0.03737650168881397	0.9263843804808007	0.9263843804808007	4.0	4
DLBCL11679	0.0384283910477537	0.9264162284958986	0.01443118471551355	0.010745271348311143	0.009978924392523004	0.9264162284958986	1.0	1
DLBCL10904	0.010586572194912786	0.016999766647768835	0.020658682238222304	0.02471279383129867	0.9270421850877975	0.9270421850877975	4.0	4
DLBCL11458	0.02943608353197634	0.01844838401939844	0.9271215131560321	0.01311289386610023	0.011881125426492906	0.9271215131560321	2.0	2
DLBCL10916	0.00816786903934836	0.03949662404478872	0.011322025012429834	0.013389406503951583	0.9276240753994814	0.9276240753994814	4.0	4
DLBCL11537	0.9279255308226216	0.005515399733288239	0.010886858454531079	0.021524618470786648	0.03414759251877237	0.9279255308226216	0.0	0
DLBCL10845	0.008036223084812857	0.927979649490816	0.011985517380742201	0.01804100242606822	0.03395760761756076	0.927979649490816	1.0	1
DLBCL10881	0.030607908170204493	0.008398587454837562	0.010227277908678025	0.021762036119237552	0.9290041903470424	0.9290041903470424	4.0	4
DLBCL_RICOVER_1165	0.010020930967713886	0.929202025965729	0.03078148831679731	0.00824372864781485	0.021751826101944937	0.929202025965729	1.0	1
DLBCL10898	0.010604702518900168	0.03686839570125081	0.00773123476376687	0.014137059621532992	0.9306586073945492	0.9306586073945492	4.0	4
DLBCL11513	0.009712789035591779	0.008736528247693744	0.02752515688389619	0.02272104695379005	0.9313044788790282	0.9313044788790282	4.0	4
DLBCL11651	0.011470257339641228	0.008344293032228575	0.9317260574489953	0.028100902116375285	0.02035849006275966	0.9317260574489953	2.0	2
DLBCL11671	0.931907479904037	0.010232508034480692	0.011882849897637176	0.04031638224042745	0.0056607799234176664	0.931907479904037	0.0	0
DLBCL10463	0.006209542553825462	0.00975958445868391	0.017106973022209388	0.034970414938367195	0.931953485026914	0.931953485026914	4.0	4
DLBCL10848	0.013938381222913295	0.006568641456330731	0.01674901242915482	0.03042267258429115	0.93232129230731	0.93232129230731	4.0	4
DLBCL_LS1921	0.01396650031934237	0.9332733358164533	0.017493125105542157	0.027272004293396997	0.00799503446526518	0.9332733358164533	1.0	1
DLBCL10902	0.0061855425005599984	0.02570709387680623	0.017453281026366296	0.017044822125366198	0.9336092604709013	0.9336092604709013	4.0	4
DLBCL11573	0.009972712438780324	0.028278682205199766	0.9337137992092993	0.01680445339547968	0.011230352751240949	0.9337137992092993	2.0	2
DLBCL11661	0.010984784651784757	0.9340145439986566	0.022033070177014398	0.025473041664807745	0.007494559507736506	0.9340145439986566	1.0	1
DLBCL_C_D_1106_NULLPAIR	0.034324152432623295	0.9347310730571454	0.009100386556786962	0.011629789422933978	0.010214598530510308	0.9347310730571454	1.0	1
DLBCL10995	0.008764778886502253	0.016365680512233267	0.9348175411214669	0.026280422859649953	0.01377157662014772	0.9348175411214669	2.0	2
DLBCL11205	0.936175975705566	0.011717804727640635	0.026185210701497503	0.01986949647684992	0.006051512388445963	0.936175975705566	0.0	0
DLBCL11656	0.007990841032499725	0.006610321757252505	0.9367670769487845	0.017321991465374987	0.03130976879608835	0.9367670769487845	2.0	2
DLBCL10899	0.0182522463743331	0.01903664764929696	0.006079367016880102	0.019180951658768597	0.9374507873007213	0.9374507873007213	4.0	4
DLBCL_RICOVER_173	0.00893481716319254	0.00926510907868998	0.011218226064040425	0.03254197801054474	0.9380398696835324	0.9380398696835324	4.0	4
DLBCL10494	0.008140842209951031	0.9382564910555088	0.036213480586313504	0.00871893279162519	0.008670253356601532	0.9382564910555088	1.0	1
DLBC_FF_8046_TP_NB	0.02005891893817814	0.008478640535343931	0.9384747959754374	0.022514300911384667	0.010473343639655878	0.9384747959754374	2.0	2
DLBCL10466	0.006165749219376401	0.018569554744242704	0.9385879239201924	0.02515694249658818	0.011519829619600356	0.9385879239201924	2.0	2
DLBCL10870	0.0064379030339467335	0.011645226968603359	0.0276969071306008	0.015128342483425202	0.9390916203834239	0.9390916203834239	4.0	4
DLBCL11507	0.011324415493720234	0.9410153168297246	0.03019750240290633	0.0082006920053693	0.009262073268279488	0.9410153168297246	1.0	1
DLBCL11208	0.011452699094591387	0.9424443702490841	0.023541486575435516	0.013089696042631254	0.009471748038257765	0.9424443702490841	1.0	1
DLBC_FF_A7CR_TP_NB	0.015519898637563952	0.006149525997241913	0.013081483959900138	0.022612468997951406	0.9426366224073426	0.9426366224073426	4.0	4
DLBCL11484	0.00874405206335716	0.9428271071895351	0.02122680989270062	0.010162668177340463	0.017039362677066683	0.9428271071895351	1.0	1
DLBCL_RICOVER_1299	0.012873280190867047	0.009234262276895682	0.007726070724383971	0.025727937520074406	0.9444384492877789	0.9444384492877789	4.0	4
DLBCL10502	0.0071642896051095275	0.946048370118457	0.027832993542386074	0.009764952880693177	0.009189393853354195	0.946048370118457	1.0	1
DLBCL10555	0.021347121339166386	0.01290291474131506	0.9466464887908986	0.014154643156457565	0.004948831972162378	0.9466464887908986	2.0	2
DLBCL10895	0.007223864306081546	0.024754395919977336	0.012116374025098808	0.008588219024361986	0.9473171467244803	0.9473171467244803	4.0	4
DLBCL11429	0.947365620331284	0.0038602251759840395	0.007794634795725089	0.02931366017992389	0.011665859517082914	0.947365620331284	0.0	0
DLBCL11673	0.008748571562097912	0.947476896436798	0.02571191714108592	0.010900189906313838	0.007162424953704364	0.947476896436798	1.0	1
DLBCL10518	0.010606487509425364	0.005538962542486946	0.9479734668752952	0.027348700017682217	0.008532383055110344	0.9479734668752952	2.0	2
DLBCL10852	0.008084887676714019	0.01129242752444289	0.008285470854289597	0.0238761913283019	0.9484610226162515	0.9484610226162515	4.0	4
DLBCL11595	0.008665768041456641	0.022000866728187577	0.010020053327200379	0.009455655755494348	0.949857656147661	0.949857656147661	4.0	4
DLBCL_LS4054	0.013026838315458273	0.951104782873173	0.009342671011442585	0.014810565562443834	0.011715142237482268	0.951104782873173	1.0	1
DLBCL_LS2599	0.010786065952433714	0.01157845616835102	0.9524725414297479	0.020464974974569505	0.004697961474897887	0.9524725414297479	2.0	2
DLBCL10836	0.01173256836027499	0.005152380041735296	0.012326656299582779	0.018040528049626636	0.9527478672487804	0.9527478672487804	4.0	4
DLBCL10462	0.9533169096319019	0.0035754880000942037	0.008569887471296816	0.025399815189312124	0.009137899707395019	0.9533169096319019	0.0	0
DLBCL11004	0.005728947361979456	0.009340020325972191	0.008073335600680204	0.023215611475428513	0.9536420852359396	0.9536420852359396	4.0	4
DLBCL_RICOVER_134	0.006247743829169435	0.021746139359837074	0.006990979408799371	0.011321884628702783	0.9536932527734914	0.9536932527734914	4.0	4
DLBCL11462	0.9537565963445723	0.0042604959547970726	0.010716565202189637	0.01386892959700652	0.017397412901434418	0.9537565963445723	0.0	0
DLBCL11672	0.009026477536409285	0.0063998376016321116	0.9542274442533628	0.02090443447750886	0.009441806131086956	0.9542274442533628	2.0	2
DLBCL11669	0.009706360371952164	0.008036209619862374	0.9545556935549065	0.022542047059226942	0.005159689394051968	0.9545556935549065	2.0	2
DLBCL10975	0.9549658143458649	0.00420859196076287	0.005202448970039422	0.02658490563733177	0.009038239086001041	0.9549658143458649	0.0	0
DLBCL11526	0.014768344355543046	0.0075342250399534055	0.9553495184849319	0.017696586799806124	0.0046513253197655	0.9553495184849319	2.0	2
DLBCL10849	0.009312816946694027	0.9561094006496067	0.0074911551183959426	0.005646924044129799	0.02143970324117348	0.9561094006496067	1.0	1
DLBCL10945	0.9562430061514029	0.004809005612103968	0.005560842936447491	0.015557692409110731	0.017829452890934946	0.9562430061514029	0.0	0
DLBCL11523	0.008480181286067727	0.007251682580912189	0.009510084589032158	0.01808125967107687	0.9566767918729111	0.9566767918729111	0.0	4
DLBCL10928	0.9571509084430782	0.010141610328363132	0.008513863240205779	0.015538107038618887	0.008655510949734014	0.9571509084430782	0.0	0
DLBCL10522	0.011046253954200405	0.005629215193176078	0.9582853041372528	0.011284144978350178	0.013755081737020529	0.9582853041372528	2.0	2
DLBCL_RICOVER_288	0.01716189819394015	0.9586125684584593	0.007987389061708958	0.010125123014715342	0.00611302127117622	0.9586125684584593	1.0	1
DLBCL_C_D_1129_NULLPAIR	0.9586646314326812	0.003861066919825609	0.010212230648710857	0.01458450321614455	0.012677567782637745	0.9586646314326812	0.0	0
DLBCL10954	0.006698858031829356	0.9588287706898668	0.009795612167051888	0.007079077046666833	0.017597682064585132	0.9588287706898668	1.0	1
DLBCL10956	0.011407716280263247	0.9591936249344356	0.006811594464302841	0.0066334143098561865	0.015953650011142077	0.9591936249344356	1.0	1
DLBCL10896	0.9592096068913436	0.006459604536070784	0.0038822428164597723	0.020722675260800773	0.009725870495325098	0.9592096068913436	0.0	0
DLBCL_LS3820	0.005425269696778063	0.009667958884718907	0.9605938186204357	0.01680153995104355	0.007511412847023776	0.9605938186204357	2.0	2
DLBCL11509	0.9606856123102291	0.00485585863220068	0.006683025579300132	0.02267496388523343	0.0051005395930366825	0.9606856123102291	0.0	0
DLBCL10529	0.004361491399704008	0.01765932989038788	0.007449396316197335	0.009114129457196115	0.9614156529365147	0.9614156529365147	4.0	4
DLBCL10987	0.011576360231024837	0.012244171262314191	0.006376836244810245	0.008054841542422803	0.961747790719428	0.961747790719428	4.0	4
DLBCL_LS3200	0.005070334141802066	0.020252636164058722	0.005941362088837097	0.0060849623669697985	0.9626507052383323	0.9626507052383323	4.0	4
DLBCL10495	0.9635003927153437	0.010561672702836098	0.0036955347970747602	0.014573592618073561	0.007668807166671823	0.9635003927153437	0.0	0
DLBCL_RICOVER_744	0.014586872672558518	0.006888095847489743	0.9636515563966117	0.008863433161182986	0.0060100419221570545	0.9636515563966117	2.0	2
DLBCL10535	0.006711882694066808	0.010071767633251703	0.011737711356274863	0.00736956776159008	0.9641090705548165	0.9641090705548165	4.0	4
DLBCL10900	0.00832354724028204	0.005773410745440492	0.006707397891602668	0.014390829436160995	0.9648048146865138	0.9648048146865138	4.0	4
DFCIDL010_DT	0.9648583332216207	0.0051626270317210905	0.004377720895142052	0.021211653618970504	0.004389665232545616	0.9648583332216207	0.0	0
DLBCL_RICOVER_408	0.008078314330466291	0.9650870290172915	0.015150445185078652	0.005181513360773047	0.006502698106390512	0.9650870290172915	2.0	1
DLBCL10931	0.9651153883222139	0.0026085401124649864	0.0059450908096468375	0.017228269023575195	0.009102711732099061	0.9651153883222139	0.0	0
DLBCL10847	0.009410141753093007	0.014452210931111096	0.005127774699562788	0.005642002906119618	0.9653678697101135	0.9653678697101135	4.0	4
DLBCL11677	0.9654489441973856	0.002964453940780382	0.006796348268636057	0.015264533332999333	0.00952572026019863	0.9654489441973856	0.0	0
DLBCL11539	0.9667390410870182	0.0024831731437641113	0.008746610212185453	0.017961861356506435	0.00406931420052573	0.9667390410870182	0.0	0
DLBCL11242	0.0120295571610124	0.006188986467643587	0.0053090363586132255	0.009291087825961173	0.9671813321867696	0.9671813321867696	4.0	4
DLBC_FF_A7CQ_TP_NB	0.007229990891269877	0.00560038805925214	0.006098642642378421	0.013758453317051417	0.9673125250900482	0.9673125250900482	4.0	4
DLBCL10781	0.00551729908034259	0.007375890947241419	0.00576495968049293	0.013875628260410432	0.9674662220315127	0.9674662220315127	4.0	4
DLBCL10903	0.003783271773283518	0.9686951650420066	0.016515343827462923	0.004167271337099728	0.0068389480201472745	0.9686951650420066	1.0	1
DLBCL10457	0.004446709678203936	0.012238448149435808	0.006567569431733221	0.007370613711207481	0.9693766590294196	0.9693766590294196	4.0	4
DLBCL_LS2089	0.004699331175977213	0.9700606850069061	0.006710444248221163	0.0038362708578699215	0.014693268711025604	0.9700606850069061	1.0	1
DLBCL11566	0.0057472635301611405	0.010667102720707916	0.9703525916458109	0.009069867241595933	0.004163174861724096	0.9703525916458109	2.0	2
DLBCL10889	0.004310315418507881	0.005734699288755839	0.006788587725754221	0.012777184466547764	0.9703892131004342	0.9703892131004342	4.0	4
DLBCL10880	0.009117371548111111	0.005346117330029945	0.009404066864828968	0.0055235551389572765	0.9706088891180727	0.9706088891180727	4.0	4
DLBCL11500	0.005808317693808126	0.005297107743892375	0.008224850095867885	0.009577637399196969	0.9710920870672346	0.9710920870672346	4.0	4
DLBCL_C_D_1123_NULLPAIR	0.9711064566030748	0.006386604813917302	0.004633881129524908	0.013759725729660022	0.004113331723822914	0.9711064566030748	0.0	0
DLBCL10480	0.010597451571590942	0.9711799440109868	0.005859704240246477	0.0044503124991917805	0.007912587677983968	0.9711799440109868	1.0	1
DLBCL_C_D_1113_NULLPAIR	0.005826036105213021	0.008115893391422952	0.9716551344700967	0.009166278787105417	0.005236657246161955	0.9716551344700967	2.0	2
DLBCL10918	0.9718745183594597	0.0027812758219633036	0.004833171581005068	0.012202351787885193	0.008308682449686704	0.9718745183594597	0.0	0
DLBCL11450	0.004363901395889757	0.009316150680635493	0.0045578631128243485	0.009778149170594188	0.9719839356400563	0.9719839356400563	4.0	4
DLBCL11569	0.004485265317675651	0.010829778377813506	0.9720756328005065	0.00904872434055994	0.0035605991634444444	0.9720756328005065	2.0	2
DLBCL_C_D_1141_NULLPAIR	0.004223448542704797	0.008283223572489562	0.9720869000610747	0.006985920983006064	0.008420506840724895	0.9720869000610747	2.0	2
DLBCL_RICOVER_977	0.972181077136558	0.0028073453488351987	0.004070967198788771	0.013686855856726701	0.0072537544590912835	0.972181077136558	0.0	0
DLBCL_LS3245	0.0036861378653580265	0.9722606770111012	0.013695585416988988	0.004797699031343448	0.005559900675208392	0.9722606770111012	1.0	1
DLBCL10875	0.9725918583914435	0.004331046768780983	0.005578561242787081	0.013982382509464633	0.0035161510875238813	0.9725918583914435	0.0	0
DLBCL10541	0.006570224840425919	0.9729573045133006	0.005823048426771592	0.005437620407972057	0.009211801811529804	0.9729573045133006	1.0	1
DLBCL10483	0.004190790753775957	0.9730004950437507	0.013100244715482922	0.0033332653776527318	0.006375204109337691	0.9730004950437507	1.0	1
DLBCL_C_D_1133_NULLPAIR	0.0053773374362254605	0.009938829143377527	0.9732189269759729	0.00774439142853761	0.003720515015886536	0.9732189269759729	2.0	2
DLBCL11498	0.010515720853140759	0.973341180118964	0.005723680562775981	0.00435160434282323	0.006067814122296008	0.973341180118964	1.0	1
DLBCL_RICOVER_577	0.0055677254092597415	0.006251347584212771	0.9735697177843292	0.007980491648739065	0.006630717573459233	0.9735697177843292	2.0	2
DLBCL11477	0.9738010605161993	0.00275781306669038	0.004312212658621473	0.01347542580143499	0.005653487957053905	0.9738010605161993	0.0	0
DLBCL_RICOVER_826	0.97395112236582	0.0036462017496714932	0.0030299615139333207	0.01358170788976664	0.005791006480808492	0.97395112236582	0.0	0
DLBCL_RICOVER_829	0.9740934028072713	0.0043943891609556735	0.0031285415634599695	0.01285182490714174	0.005531841561171301	0.9740934028072713	0.0	0
DLBCL11353	0.0034301110136393635	0.008555949836870068	0.00809777477197215	0.005762476455196903	0.9741536879223215	0.9741536879223215	4.0	4
DLBCL10464	0.00908912533711005	0.004721433057676795	0.9741694768205432	0.008122604442360768	0.0038973603423092173	0.9741694768205432	2.0	2
DLBCL_RICOVER_1210	0.003913036133531122	0.9750276449084003	0.01113548496879846	0.005391658347636645	0.0045321756416334125	0.9750276449084003	1.0	1
DLBCL11685	0.0035196047949976996	0.003725324836795078	0.9753753321713619	0.007994421498025787	0.00938531669881963	0.9753753321713619	2.0	2
DLBC_FF_8043_TP_NB	0.007864834841492757	0.9755814153333355	0.006661415033147203	0.0037154493442792627	0.006176885447745294	0.9755814153333355	1.0	1
DLBCL_RICOVER_712	0.003978731092747515	0.008838522567512464	0.004598950303654579	0.006788880022828144	0.9757949160132573	0.9757949160132573	4.0	4
DLBCL_RICOVER_335	0.0054883294617472204	0.9758969545146552	0.005125560321410336	0.008637119028725583	0.00485203667346169	0.9758969545146552	1.0	1
DLBCL10887	0.0031684460576850934	0.004811294913155934	0.008704967884708174	0.006573189207220124	0.9767421019372307	0.9767421019372307	4.0	4
DLBCL11191	0.9769274649486824	0.00304891055311688	0.003752651199234451	0.012635780270941043	0.0036351930280251526	0.9769274649486824	0.0	0
DLBCL10460	0.0043331794459921524	0.9769541578523125	0.01103392667437824	0.0032606176934970375	0.004418118333820043	0.9769541578523125	1.0	1
DFCIDL003_DT	0.004714457578658898	0.9771228270029505	0.010739912530753456	0.003064832964479636	0.004357969923157486	0.9771228270029505	1.0	1
DLBCL_RICOVER_451	0.9772096297446656	0.003330348266246422	0.0058357563106510605	0.009960134042081986	0.003664131636354959	0.9772096297446656	0.0	0
DLBCL11476	0.005919813787214761	0.008074417708269124	0.0037836928213549705	0.004980363903246682	0.9772417117799145	0.9772417117799145	4.0	4
DLBCL_C_D_1157_NULLPAIR	0.006325487380532346	0.0036364753941496826	0.9773398668804345	0.009076130456625774	0.00362203988825773	0.9773398668804345	2.0	2
DLBCL10876	0.0032450078662989283	0.010103094562148052	0.004014593372230545	0.004965792343674033	0.9776715118556485	0.9776715118556485	4.0	4
DLBCL10510	0.0060151835405511545	0.977740549387853	0.004272528767963893	0.0039513534197486155	0.00802038488388327	0.977740549387853	1.0	1
DLBCL_MC_F500_ECU	0.0035727310895767575	0.9780934339938698	0.006577920181210567	0.005299497977575055	0.006456416757767754	0.9780934339938698	1.0	1
DLBCL11511	0.978334738934991	0.0020527901075353856	0.005230390742954886	0.009412410954030625	0.004969669260488084	0.978334738934991	0.0	0
DLBCL11195	0.002761889748428662	0.00794375841001619	0.004530587570702838	0.006288516080844658	0.9784752481900076	0.9784752481900076	4.0	4
DLBCL10989	0.004263702054909314	0.9786283068946967	0.0064109278228874095	0.0036488862465236995	0.0070481769809828745	0.9786283068946967	1.0	1
DLBCL11443	0.978950337674344	0.0018965566875719492	0.0054302021120316455	0.008421323727407686	0.005301579798644674	0.978950337674344	0.0	0
DLBCL11558	0.004812269542551347	0.004708933433188293	0.9790280285541137	0.009043511646571818	0.0024072568235747487	0.9790280285541137	2.0	2
DLBCL10498	0.004425187908840688	0.004077507376188272	0.9790702468054562	0.009904576563082112	0.00252248134643274	0.9790702468054562	2.0	2
DLBCL10913	0.979328107163991	0.0028224372542497646	0.0028644800981674004	0.009787048708924481	0.005197926774667376	0.979328107163991	0.0	0
DLBCL10983	0.004925097214482276	0.9793998843513692	0.0045355333512872124	0.004133427450821901	0.007006057632039408	0.9793998843513692	1.0	1
DLBCL_LS843	0.0030025826190269106	0.003124891160573943	0.979915865443641	0.008496255578496467	0.00546040519826173	0.979915865443641	2.0	2
DLBCL10515	0.9802051670604034	0.0033918618121894298	0.0025881770853990885	0.010077249490332053	0.003737544551676057	0.9802051670604034	0.0	0
DLBCL10893	0.002812123177125197	0.003740513935904874	0.005290714640445922	0.00780031496460677	0.9803563332819173	0.9803563332819173	4.0	4
DLBCL10554	0.006190659991944658	0.003433970579792578	0.9803984232508429	0.006486238755301459	0.00349070742211833	0.9803984232508429	2.0	2
DLBCL_RICOVER_948	0.003227849573014182	0.9810344862109462	0.009019573748949936	0.0026168361508114796	0.004101254316278158	0.9810344862109462	1.0	1
DLBCL10897	0.9811860626821685	0.003041063108239815	0.002085232164801481	0.00895748153698579	0.004730160507804425	0.9811860626821685	0.0	0
DLBCL10525	0.9811949808503659	0.0017911101264185335	0.0045474537179515445	0.007601404461106555	0.004865050844157422	0.9811949808503659	0.0	0
DLBCL_C_D_1108_NULLPAIR	0.003757740531168694	0.9815563384464912	0.004171885267756871	0.002847299819120725	0.007666735935462552	0.9815563384464912	1.0	1
DLBCL11670	0.0023659312128462436	0.0041447395648042075	0.9816552403792977	0.008226336266214981	0.00360775257683685	0.9816552403792977	2.0	2
DLBCL10859	0.0031688540835095526	0.9816569436141553	0.005518027486379766	0.0028209810720819673	0.0068351937438733525	0.9816569436141553	1.0	1
DLBCL_DFCI_DLBCL_GOE07	0.00365533954790494	0.9817266638374381	0.0056150903925582946	0.002845626586838523	0.006157279635260093	0.9817266638374381	1.0	1
DLBCL11203	0.0029988656160780864	0.9818829137260048	0.005188654741910652	0.005430921718625622	0.004498644197380898	0.9818829137260048	1.0	1
DLBCL11680	0.005866996753117086	0.0036466925507610878	0.9821047032282092	0.0055185311818470185	0.0028630762860656325	0.9821047032282092	2.0	2
DLBCL_RICOVER_1192	0.003152010337231004	0.006400272536651921	0.004244584354621381	0.003711520248989717	0.9824916125225059	0.9824916125225059	4.0	4
DLBCL_RICOVER_533	0.00486455129465674	0.9825052568181497	0.0056554609671899845	0.0038181632925154904	0.00315656762748813	0.9825052568181497	1.0	1
DLBCL10922	0.004227133664963568	0.9827395652870761	0.004952262595266885	0.003554969533296268	0.004526068919397269	0.9827395652870761	1.0	1
DLBCL_RICOVER_678	0.004525947590605672	0.9829153941207062	0.0034102844353015175	0.0031232877458700625	0.006025086107516593	0.9829153941207062	1.0	1
DLBCL11461	0.9829484179521123	0.0023281473024046716	0.0033693875022181986	0.009123888298430641	0.002230158944834152	0.9829484179521123	0.0	0
DLBCL10853	0.0039965500554489716	0.003567235338229357	0.004062298831557899	0.005206549585455604	0.9831673661893082	0.9831673661893082	4.0	4
DLBCL_LS1098	0.0038782865529189124	0.003065467995997204	0.9832024063408759	0.007292233187014622	0.002561605923193355	0.9832024063408759	2.0	2
DLBCL_LS297	0.0035383882300853726	0.002918604621989492	0.9834959622344135	0.00749192523462092	0.002555119678890731	0.9834959622344135	2.0	2
DLBCL_MC_F132_MLM	0.9835846904825001	0.0020929208273286542	0.002221312909672373	0.008321806523239515	0.003779269257259416	0.9835846904825001	0.0	0
DLBCL11440	0.003668095710385477	0.003389061956428548	0.004696980887732679	0.004349611711854458	0.9838962497335988	0.9838962497335988	4.0	4
DLBCL_MC_F262_WLC	0.9839507532490429	0.0021492541829426196	0.002125581396802099	0.008236436914652995	0.003537974256559393	0.9839507532490429	0.0	0
DLBCL10890	0.002547249523788817	0.004625738842972864	0.004693696955570288	0.003719950267076788	0.9844133644105912	0.9844133644105912	4.0	4
DLBCL_LS378	0.9844576599479959	0.0023101622307462755	0.0038648645747582223	0.007065636975909299	0.0023016762705902515	0.9844576599479959	0.0	0
DLBCL10997	0.9848188943421963	0.002075800678175664	0.0022279109699540915	0.007444716961853504	0.0034326770478204875	0.9848188943421963	0.0	0
DLBCL10884	0.985364081911389	0.0017697245488896944	0.002589586672183785	0.007880173665364166	0.0023964332021732867	0.985364081911389	0.0	0
DLBCL_MC_F089_HCZ	0.0019583146302975113	0.9853829692745139	0.005565550854501221	0.0031341823050628657	0.003958982935624546	0.9853829692745139	1.0	1
DLBCL10901	0.0022810091844704785	0.0038309912516194785	0.0031882387370019247	0.005300977886775429	0.9853987829401327	0.9853987829401327	4.0	4
DLBCL_RICOVER_469	0.003352640897718641	0.002354260481555694	0.9858396330854128	0.006165394567582274	0.0022880709677305998	0.9858396330854128	2.0	2
DLBCL_RICOVER_267	0.002478639311704754	0.0025450377683064298	0.9860749176438158	0.005327882545733511	0.003573522730439519	0.9860749176438158	2.0	2
DLBCL_RICOVER_839	0.0025751903121586984	0.9861766322638649	0.0031789683217674195	0.0033904641766481724	0.004678744925560791	0.9861766322638649	1.0	1
DLBCL_C_D_1114_NULLPAIR	0.9863318743098815	0.0017427146085280444	0.0021452421843178014	0.007423373602968448	0.0023567952943042395	0.9863318743098815	0.0	0
DLBCL11434	0.9863554611278706	0.001910157542478626	0.002657303357591417	0.00712639917769896	0.0019506787943602971	0.9863554611278706	0.0	0
DLBCL10992	0.0025488528689595054	0.0026623120998785347	0.003915811996687999	0.004476388966437526	0.9863966340680365	0.9863966340680365	4.0	4
DLBCL10842	0.002313724671165201	0.0030801549810285703	0.0034639885270012715	0.004543470728392095	0.9865986610924129	0.9865986610924129	4.0	4
DLBCL_C_D_1163_NULLPAIR	0.002138040377503742	0.002953509711619218	0.002927480641257325	0.005381161891256763	0.986599807378363	0.986599807378363	4.0	4
DLBCL10977	0.003112610502698032	0.0026764001692918715	0.003885534762592589	0.003605134112486199	0.9867203204529313	0.9867203204529313	4.0	4
DLBCL10917	0.0036034279570571043	0.986903907832518	0.0029514182334177733	0.002788068791907485	0.0037531771850995853	0.986903907832518	1.0	1
DLBCL11187	0.0029323223335345288	0.002777442740649661	0.002632880401465816	0.004494107275137606	0.9871632472492123	0.9871632472492123	4.0	4
DLBCL_RICOVER_1219	0.0018601890256391197	0.003650485708359008	0.00271234715527863	0.004503235881602967	0.9872737422291202	0.9872737422291202	4.0	4
DLBCL10484	0.00217375646391683	0.9875435239615357	0.0050641531975974124	0.002732676181364366	0.0024858901955857153	0.9875435239615357	1.0	1
DLBCL_C_D_1125_NULLPAIR	0.001888795676217515	0.004630614869365921	0.002533597188654474	0.003308247822750751	0.9876387444430114	0.9876387444430114	4.0	4
DLBCL_C_D_1152_NULLPAIR	0.0020631812933568127	0.9878178031992686	0.004514788840053193	0.002771271317602589	0.0028329553497188627	0.9878178031992686	1.0	1
DLBCL_RICOVER_221	0.0019455288677319841	0.003727581432405767	0.002959985165734746	0.003485742522302806	0.9878811620118247	0.9878811620118247	4.0	4
DLBCL10530	0.002015400133892765	0.004518073659732312	0.002556192572544395	0.0030149233829059358	0.9878954102509246	0.9878954102509246	4.0	4
DLBCL10461	0.001813865898613139	0.9879259789346948	0.004035494282960119	0.0019354746739020789	0.004289186209829833	0.9879259789346948	1.0	1
DLBCL10550	0.002222972217511067	0.0029440135373106427	0.003364312036127479	0.003447246228047233	0.9880214559810035	0.9880214559810035	4.0	4
DLBCL10452	0.00200572286711418	0.9880555943452864	0.004243043041870306	0.001966304634195143	0.0037293351115339295	0.9880555943452864	1.0	1
DLBCL11482	0.9882068418546682	0.0014848285135000778	0.0018729312885228503	0.006225150152654361	0.002210248190654519	0.9882068418546682	0.0	0
DLBCL_RICOVER_685	0.0018584763041820415	0.0033957897314789197	0.00244988741536381	0.003994118255163616	0.9883017282938116	0.9883017282938116	4.0	4
DLBCL10996	0.988344234227999	0.0014281424593258886	0.0026972256127973273	0.004729447441078583	0.0028009502587991596	0.988344234227999	0.0	0
DLBCL10966	0.9885634479208886	0.0013079929495219255	0.002290616471420056	0.005986085836243647	0.0018518568219258245	0.9885634479208886	0.0	0
DLBCL10924	0.00199432553279629	0.0027692112019091003	0.0023453111258465507	0.004188950273441059	0.988702201866007	0.988702201866007	4.0	4
DLBCL11667	0.002194322607966439	0.002805060666043609	0.9887853136304691	0.004102485434124979	0.0021128176613958625	0.9887853136304691	2.0	2
DLBCL_RICOVER_417	0.0016941552764131705	0.0030625774195120036	0.002809192392203697	0.0035568189872251035	0.988877255924646	0.988877255924646	4.0	4
DLBCL10459	0.0018574665476819641	0.00280024114582143	0.9888867500935952	0.004488321528524842	0.0019672206843766296	0.9888867500935952	2.0	2
DLBCL_RICOVER_1248	0.0024291316009433656	0.003686385668944018	0.001880270504659529	0.003117189690488047	0.9888870225349651	0.9888870225349651	4.0	4
DLBCL_C_D_1135_NULLPAIR	0.002915245227281743	0.9888971924093162	0.0028102451510107576	0.0026746743489789193	0.0027026428634123823	0.9888971924093162	1.0	1
DLBCL11428	0.0023929579177453596	0.0024615695546302955	0.9889067602453956	0.004386579678722234	0.0018521326035064831	0.9889067602453956	2.0	2
DLBCL_C_D_1128_NULLPAIR	0.9890190168858164	0.0015355516150113695	0.0017731921716219131	0.005152340250022946	0.0025198990775274245	0.9890190168858164	0.0	0
DLBCL10862	0.001770863516540123	0.0031670099546648126	0.002978947783115468	0.0029939920130609946	0.9890891867326186	0.9890891867326186	4.0	4
DLBCL_C_D_1131_NULLPAIR	0.0020742228719363106	0.9891395007475572	0.004441916370560719	0.0017180019714291798	0.002626358038516563	0.9891395007475572	1.0	1
DLBCL_LS1757	0.9893532789493407	0.0017077691022275674	0.0017423893037005127	0.00531022822197013	0.0018863344227610943	0.9893532789493407	0.0	0
DLBCL10860	0.0016220708229790228	0.0026422344072103985	0.003245873336513251	0.002968128628028805	0.9895216928052685	0.9895216928052685	4.0	4
DLBCL10912	0.9896810837078566	0.0014586346084247313	0.00205965454795814	0.0051684243501443706	0.0016322027856161443	0.9896810837078566	0.0	0
DLBCL_LS3749	0.0022873429736032253	0.9897867693672662	0.0032475495605945436	0.002784085670632744	0.0018942524279033284	0.9897867693672662	1.0	1
DLBCL_DFCI_DLBCL_GOE16	0.0018945421075286153	0.0020531724928080906	0.990048132089798	0.004282013044579649	0.001722140265285605	0.990048132089798	2.0	2
DLBCL10834	0.0031844433896930503	0.9900621256692491	0.002484340143283341	0.0019046819165461685	0.0023644088812283456	0.9900621256692491	1.0	1
DLBCL10883	0.0024915594895514076	0.002218981101626353	0.0022981582531977763	0.002898522974491313	0.9900927781811332	0.9900927781811332	4.0	4
DLBCL_MC_F519_ALT	0.0020206045251433035	0.003261813224374007	0.001844848765292594	0.0022944393805361873	0.9905782941046539	0.9905782941046539	4.0	4
DLBCL_MC_F349_BJJ	0.001698296963584204	0.00214931176580883	0.9905855484118048	0.0034355190644346336	0.002131323794367515	0.9905855484118048	2.0	2
DLBCL_RICOVER_1293	0.0023146441453476057	0.002458775939854417	0.0017092074727375764	0.002751248112150889	0.9907661243299095	0.9907661243299095	4.0	4
DLBCL10519	0.002170058206447074	0.9909971158727877	0.002814884636370476	0.002138024541162318	0.001879916743232412	0.9909971158727877	1.0	1
DLBCL10465	0.0014639680187347893	0.0021759049291160374	0.9912915995911303	0.0033891934960175903	0.0016793339650012131	0.9912915995911303	2.0	2
DLBCL10458	0.991331407784201	0.0010469649914601974	0.0019319859271215223	0.004184236733552447	0.0015054045636648374	0.991331407784201	0.0	0
DLBCL_MAYO_DLBCL_5613	0.9916448004577584	0.0012049503834903649	0.0015865696684558088	0.0034256391780582646	0.0021380403122372156	0.9916448004577584	0.0	0
DLBCL11000	0.0013719322170637211	0.0021800565866482886	0.001853885898624249	0.002825385608716201	0.9917687396889475	0.9917687396889475	4.0	4
DLBCL_RICOVER_449	0.0017138078405949497	0.0019425554005091752	0.0017493314912134163	0.0024841025532230956	0.9921102027144594	0.9921102027144594	4.0	4
DLBCL_LS1065	0.001968514132585316	0.9926640455364018	0.0021262672135360186	0.001387453979431601	0.0018537191380452844	0.9926640455364018	1.0	1
DLBCL10990	0.0013799089129201882	0.0027465697461295795	0.0015069269647448843	0.0015801623339041185	0.9927864320423012	0.9927864320423012	4.0	4
DLBCL10967	0.0012756444649006185	0.001695260747097941	0.001870861113541826	0.0019248587071527164	0.9932333749673069	0.9932333749673069	4.0	4
DLBCL10988	0.0012578301680773582	0.993492608328736	0.0019658362750706805	0.0016050951268898387	0.0016786301012261845	0.993492608328736	1.0	1
DLBCL10850	0.0016175203288576305	0.9936638678951026	0.0020941655125895284	0.0011140532296540892	0.0015103930337960947	0.9936638678951026	1.0	1
DLBCL10951	0.0012743958674993263	0.002206643024205674	0.0013066404772877078	0.0015163268814143594	0.9936959937495929	0.9936959937495929	4.0	4
DLBCL_C_D_1130_NULLPAIR	0.9938397875425229	0.0009474915764448385	0.001086666193471465	0.002651324409413536	0.0014747302781473145	0.9938397875425229	0.0	0
DLBCL11666	0.0011564637701621833	0.0014997816715747985	0.9938755757964999	0.002354330118394127	0.0011138486433689694	0.9938755757964999	2.0	2
DLBCL11565	0.0011677654153708916	0.9942628115123915	0.0016366938630508995	0.001311761565799443	0.0016209676433872463	0.9942628115123915	1.0	1
DLBCL10471	0.0013597382028054034	0.0018799802529705205	0.0011803358687459044	0.001231313226401446	0.9943486324490767	0.9943486324490767	4.0	4
DLBCL11188	0.0011023213033035306	0.9944251052809505	0.0019663450063492067	0.0010929551287354917	0.0014132732806612243	0.9944251052809505	1.0	1
DLBCL10864	0.0009525507874416267	0.0013181182980063957	0.0014593988277663685	0.0016792059502441473	0.9945907261365414	0.9945907261365414	4.0	4
DLBCL_C_D_1136_NULLPAIR	0.001307718732562136	0.994845681723921	0.0013917151022239656	0.001191222165010377	0.0012636622762825633	0.994845681723921	1.0	1
DLBCL_MC_F729_MAN	0.0010998205875403222	0.9948842953663699	0.0014997949094439703	0.0008845145470745832	0.001631574589571198	0.9948842953663699	1.0	1
DLBCL10534	0.0009048723440589092	0.001332351946985417	0.0011887090361700967	0.0014586368747071061	0.9951154297980784	0.9951154297980784	4.0	4
DLBCL_RICOVER_174	0.0013032448661917972	0.9954006600357684	0.0013018100253717546	0.0009495316530404015	0.0010447534196276552	0.9954006600357684	1.0	1
DLBCL_LS146	0.0005077666796469709	0.9975824041837371	0.0008521843483456256	0.0004585276695195772	0.0005991171187507158	0.9975824041837371	1.0	1
DLBCL_RICOVER_253	0.0005811935351494284	0.9978039009226047	0.0006614298763547466	0.00038312130615174067	0.0005703543597393318	0.9978039009226047	1.0	1
DLBCL10911	1.9272197580502934e-05	0.9999171784586288	2.579008662686507e-05	1.610301989049384e-05	2.1656237273276406e-05	0.9999171784586288	1.0	1
DLBCL_MAYO_DLBCL_7359	0.0	1.0	0.0	0.0	0.0	1.0	1.0	1
